200
44
229
226
66
283
145
97
88
74
242
176
127
154
131
142
133
59
206
162
19
5
252
112
15
196
151
288
241
234
158
96
34
0
287
286
251
228
208
157
148
143
136
129
73
52
271
263
262
257
216
182
172
163
156
94
86
81
13
4
290
279
276
273
250
222
137
126
95
92
79
62
37
36
23
8
3
293
253
243
239
236
214
204
197
195
189
180
173
171
168
166
134
119
103
100
91
30
29
282
277
230
220
207
194
178
170
161
155
125
122
109
108
89
297
296
280
261
246
245
238
223
217
213
198
193
192
187
179
177
169
152
149
105
87
75
70
40
32
289
272
264
256
240
232
190
188
175
174
165
140
124
117
115
111
107
78
71
58
55
53
51
43
39
38
22
9
294
285
281
274
268
265
260
258
249
247
237
233
219
215
191
186
141
132
110
106
102
98
93
83
80
77
65
61
49
42
41
26
11
299
END