300
295 7.569780E-01 4.773387E+00 
291 2.840270E-01 4.980272E+00 
290 9.844266E-01 4.732741E+00 
286 9.590850E-01 4.733325E+00 
281 2.817705E-01 4.902702E+00 
278 8.966553E-01 4.786060E+00 
276 6.967256E-01 4.790760E+00 
275 8.483919E-01 4.836867E+00 
274 2.820920E-01 4.935610E+00 
273 9.462250E-01 4.792646E+00 
271 7.159865E-01 4.811819E+00 
270 7.452704E-01 4.824405E+00 
269 8.327674E-01 4.696757E+00 
268 9.664023E-01 4.813322E+00 
265 8.390908E-01 4.761996E+00 
263 8.348595E-01 4.751602E+00 
260 2.843522E-01 4.919248E+00 
258 8.173436E-01 4.772908E+00 
254 9.996221E-01 4.792981E+00 
243 7.229377E-01 4.764419E+00 
238 2.823071E-01 4.815255E+00 
234 2.814187E-01 4.992824E+00 
233 2.884265E-01 4.984117E+00 
232 7.204826E-01 4.803848E+00 
231 2.833433E-01 4.944306E+00 
227 9.670913E-01 4.761100E+00 
226 2.836606E-01 4.823551E+00 
224 6.969752E-01 4.868348E+00 
223 7.700351E-01 4.778754E+00 
222 6.607575E-01 4.847592E+00 
213 2.807912E-01 4.990925E+00 
211 2.867801E-01 4.923008E+00 
210 5.004932E-01 4.837707E+00 
209 9.715732E-01 4.741862E+00 
207 2.827492E-01 4.826779E+00 
204 6.862282E-01 4.955779E+00 
199 2.818032E-01 4.970254E+00 
197 2.837450E-01 4.905964E+00 
193 8.889116E-01 4.706171E+00 
191 8.268956E-01 4.828017E+00 
190 2.821002E-01 4.934590E+00 
186 9.534034E-01 4.723386E+00 
183 2.819250E-01 4.811280E+00 
181 6.779556E-01 4.915262E+00 
173 8.388166E-01 4.778389E+00 
172 8.475654E-01 4.780448E+00 
168 8.818813E-01 4.758286E+00 
167 9.950985E-01 4.782858E+00 
155 2.848845E-01 4.878767E+00 
152 2.832064E-01 4.899697E+00 
146 1.000000E+00 4.697821E+00 
141 2.885489E-01 4.979493E+00 
139 6.853784E-01 4.782654E+00 
138 8.350768E-01 4.746057E+00 
133 2.807831E-01 4.868643E+00 
132 2.811726E-01 5.039062E+00 
131 2.808922E-01 4.901305E+00 
125 2.867054E-01 4.893456E+00 
123 2.818345E-01 4.874335E+00 
122 9.820340E-01 4.730802E+00 
118 2.808010E-01 4.845575E+00 
117 6.572348E-01 4.817506E+00 
115 9.681284E-01 4.688813E+00 
112 3.345474E-01 4.925199E+00 
111 6.391805E-01 4.961475E+00 
110 9.797338E-01 4.682425E+00 
103 2.830697E-01 4.979834E+00 
102 9.999999E-01 4.705657E+00 
100 9.919999E-01 4.757187E+00 
98 2.857070E-01 4.907868E+00 
93 2.866374E-01 4.878872E+00 
86 2.819805E-01 4.970762E+00 
82 9.323550E-01 4.725576E+00 
74 9.962527E-01 4.702219E+00 
73 9.880117E-01 4.661251E+00 
71 9.834219E-01 4.741104E+00 
70 7.575183E-01 4.793740E+00 
65 5.704148E-01 4.890680E+00 
63 5.788866E-01 4.942939E+00 
62 9.389514E-01 4.710204E+00 
60 9.343257E-01 4.813369E+00 
51 2.817259E-01 4.875015E+00 
50 7.228627E-01 4.804099E+00 
48 9.834025E-01 4.772259E+00 
43 9.952594E-01 4.690379E+00 
42 7.671898E-01 4.807245E+00 
36 2.884089E-01 4.927599E+00 
34 2.817095E-01 4.939208E+00 
32 2.807958E-01 4.935112E+00 
30 9.848221E-01 4.836345E+00 
29 2.825466E-01 4.938176E+00 
18 9.495626E-01 4.801955E+00 
15 9.410982E-01 4.789856E+00 
14 2.845993E-01 4.916997E+00 
9 2.850370E-01 4.933894E+00 
7 9.581586E-01 4.760734E+00 
6 8.580086E-01 4.874872E+00 
3 9.551098E-01 4.692903E+00 
1 2.808665E-01 4.930739E+00 
0 2.807841E-01 4.909474E+00 
END