300
294 3.736491E-01 8.415489E+00 
291 9.198728E-01 8.517759E+00 
287 3.019285E-01 8.407343E+00 
277 6.339099E-01 8.542213E+00 
276 6.905277E-01 8.296174E+00 
275 9.830325E-01 8.306436E+00 
274 9.509752E-01 8.145363E+00 
273 9.992554E-01 8.243887E+00 
270 7.068157E-01 8.591175E+00 
269 2.842090E-01 8.297557E+00 
264 9.946727E-01 8.238554E+00 
261 9.923301E-01 8.173613E+00 
259 4.355593E-01 8.395272E+00 
255 9.953202E-01 8.301204E+00 
249 5.532660E-01 8.504024E+00 
247 3.616816E-01 8.502065E+00 
244 9.993276E-01 8.199460E+00 
243 4.151567E-01 8.605154E+00 
238 2.872744E-01 8.512972E+00 
237 4.111895E-01 8.576329E+00 
232 6.675303E-01 8.445555E+00 
231 6.380660E-01 8.505444E+00 
230 9.997636E-01 8.326549E+00 
228 9.197467E-01 8.278966E+00 
227 9.999879E-01 8.424846E+00 
224 4.397120E-01 8.294928E+00 
223 3.085326E-01 8.318991E+00 
221 6.901755E-01 8.373759E+00 
220 9.969651E-01 8.343163E+00 
216 9.999963E-01 8.330963E+00 
214 9.452040E-01 8.446559E+00 
213 9.844982E-01 8.272099E+00 
210 7.636341E-01 8.638970E+00 
200 3.452229E-01 8.472954E+00 
198 3.642985E-01 8.383979E+00 
196 2.807815E-01 8.676874E+00 
193 3.121975E-01 8.185748E+00 
192 2.814447E-01 8.546163E+00 
190 9.999953E-01 8.216434E+00 
188 4.764743E-01 8.495755E+00 
187 8.606340E-01 8.304064E+00 
185 9.643570E-01 8.218911E+00 
183 2.871396E-01 8.579210E+00 
180 6.379603E-01 8.472058E+00 
178 3.461893E-01 8.466641E+00 
177 3.509026E-01 8.464975E+00 
175 9.944528E-01 8.366632E+00 
172 8.413886E-01 8.457652E+00 
168 6.434003E-01 8.560046E+00 
160 7.108063E-01 8.604145E+00 
158 9.999982E-01 8.321076E+00 
154 3.062435E-01 8.475374E+00 
153 9.989069E-01 8.297868E+00 
150 9.970886E-01 8.211764E+00 
145 9.773052E-01 8.277308E+00 
144 9.054576E-01 8.400693E+00 
139 9.986483E-01 8.266149E+00 
137 7.241014E-01 8.392046E+00 
133 6.682696E-01 8.500141E+00 
132 6.378681E-01 8.540222E+00 
128 8.788016E-01 8.427982E+00 
125 6.336265E-01 8.454868E+00 
124 3.840956E-01 8.575671E+00 
118 8.537306E-01 8.302404E+00 
117 3.305473E-01 8.441968E+00 
115 3.512899E-01 8.611618E+00 
113 9.138115E-01 8.328667E+00 
109 9.987709E-01 8.175693E+00 
107 2.882599E-01 8.473512E+00 
106 9.879009E-01 8.243514E+00 
105 6.834806E-01 8.440163E+00 
104 3.879496E-01 8.366302E+00 
98 6.998050E-01 8.158438E+00 
82 9.995439E-01 8.403366E+00 
80 5.836490E-01 8.568294E+00 
79 6.475851E-01 8.545219E+00 
72 3.813008E-01 8.661044E+00 
71 5.431999E-01 8.249441E+00 
68 3.399076E-01 8.513048E+00 
64 9.999658E-01 8.385425E+00 
57 8.092572E-01 8.333355E+00 
56 6.984781E-01 8.315085E+00 
55 6.571055E-01 8.490597E+00 
54 8.892575E-01 8.479421E+00 
48 9.891233E-01 8.291959E+00 
38 6.783591E-01 8.178551E+00 
36 1.000000E+00 8.234257E+00 
32 9.500430E-01 8.169941E+00 
26 9.998341E-01 8.151856E+00 
25 2.892846E-01 8.486101E+00 
22 9.822813E-01 8.259485E+00 
19 9.979225E-01 8.207998E+00 
18 9.747123E-01 8.271567E+00 
13 5.663965E-01 8.350676E+00 
12 3.623856E-01 8.544998E+00 
11 6.346923E-01 8.474696E+00 
9 9.994311E-01 8.167923E+00 
8 9.837807E-01 8.309417E+00 
4 9.994378E-01 8.405234E+00 
0 9.700562E-01 8.311056E+00 
END