1.205881000e+00 7.155335000e-01 2.124063000e-03 
7.218884000e-01 6.485729000e-01 7.821613000e-01 
7.687852000e-01 7.918100000e-01 5.606263000e-01 
9.000802000e-05 1.064843000e-02 1.296085000e+00 
8.628402000e-01 4.529597000e-02 9.189923000e-01 
9.112714000e-01 5.774870000e-01 7.192437000e-01 
2.861010000e-02 1.121069000e+00 5.689988000e-01 
1.353591000e+00 9.981881000e-01 2.853038000e-04 
6.695232000e-01 1.753148000e-02 1.055640000e+00 
5.867592000e-01 1.653169000e-02 1.100163000e+00 
9.878407000e-01 4.563224000e-01 6.726551000e-01 
7.550643000e-01 6.659539000e-01 7.592901000e-01 
7.163096000e-01 6.486234000e-01 7.993862000e-01 
1.075578000e+00 8.281743000e-01 3.748781000e-03 
1.191023000e+00 4.456264000e-02 4.391141000e-01 
1.157775000e+00 5.352454000e-01 1.614915000e-02 
9.549419000e-01 8.020876000e-03 8.212358000e-01 
1.054743000e+00 2.708868000e-02 7.092705000e-01 
7.124690000e-01 1.049895000e+00 1.993725000e-04 
4.856957000e-01 7.981135000e-01 7.806290000e-01 
5.457373000e-01 7.796675000e-01 7.575281000e-01 
3.218088000e-01 5.486449000e-01 1.075221000e+00 
1.153948000e+00 5.622171000e-05 5.447469000e-01 
8.313152000e-03 1.150111000e+00 5.301356000e-01 
9.488566000e-01 6.524013000e-01 5.406650000e-01 
9.419089000e-01 7.967932000e-01 1.365011000e-02 
1.392265000e-03 1.053394000e-02 1.250440000e+00 
7.402931000e-04 2.162183000e+00 3.947870000e-02 
1.105192000e+00 3.338417000e-01 5.497642000e-01 
7.789741000e-01 8.824213000e-01 5.158935000e-01 
8.691238000e-01 8.605233000e-01 3.300092000e-02 
5.605254000e-02 1.110361000e+00 5.424950000e-01 
1.060721000e+00 1.416021000e-02 7.166219000e-01 
1.154008000e-04 1.848653000e+00 6.101887000e-02 
1.915011000e+00 9.036560000e-02 4.198176000e-04 
5.567686000e-01 1.034833000e+00 5.242486000e-01 
5.633267000e-01 9.757655000e-01 5.568646000e-01 
1.222943000e+00 8.245243000e-02 6.454219000e-03 
3.529159000e-01 5.675156000e-01 1.028307000e+00 
1.445743000e-04 4.870564000e-02 1.266077000e+00 
9.636310000e-01 5.754948000e-01 5.893476000e-01 
9.867773000e-01 5.715997000e-01 5.666818000e-01 
4.816552000e-05 3.908182000e-04 2.046646000e+00 
1.038796000e-01 4.942421000e+00 4.928849000e-06 
8.916895000e-01 5.231314000e-03 9.476748000e-01 
9.623142000e-01 5.923053000e-01 5.741280000e-01 
1.905245000e-02 5.740593000e-03 1.265559000e+00 
6.405955000e-01 1.082059000e+00 5.379144000e-02 
8.785766000e-01 5.927736000e-02 8.686431000e-01 
3.934132000e-02 1.155042000e+00 5.098366000e-01 
3.721800000e-02 1.146999000e+00 5.103057000e-01 
9.830928000e-01 6.433559000e-01 5.212797000e-01 
9.911587000e-01 8.170260000e-01 4.891232000e-03 
8.861916000e-01 2.381269000e-02 8.769119000e-01 
1.018840000e+00 1.359794000e-01 6.902674000e-01 
1.681561000e-01 6.279458000e-01 1.076941000e+00 
3.422945000e-01 1.202445000e+00 5.575897000e-03 
1.012960000e+00 4.121801000e-03 7.919974000e-01 
1.921177000e-02 1.312612000e+00 1.977237000e-03 
2.627976000e-01 1.791963000e-03 1.238371000e+00 
1.256017000e-01 4.510314000e+00 6.052033000e-04 
9.988902000e-03 1.368958000e+00 2.342443000e-03 
7.542358000e-01 6.709987000e-01 7.578953000e-01 
1.080364000e+00 3.265647000e-01 5.551313000e-01 
2.211994000e-01 7.426390000e-01 1.009280000e+00 
1.099167000e-02 1.075157000e+00 5.768016000e-01 
5.135391000e-01 9.423738000e-01 6.633984000e-01 
8.601791000e-06 4.096035000e-04 4.025180000e+00 
7.859486000e-01 9.597388000e-01 6.683795000e-03 
5.539578000e-02 3.517046000e-01 1.143222000e+00 
6.680412000e-01 7.486824000e-02 1.036376000e+00 
1.194825000e+00 3.787839000e-01 3.285463000e-02 
1.075903000e+00 5.692182000e-02 5.906921000e-01 
4.536490000e-01 4.538695000e-03 1.186328000e+00 
1.002475000e+00 8.985335000e-01 2.352281000e-03 
9.471474000e-01 2.833699000e-01 7.977800000e-01 
6.440700000e-01 9.555434000e-01 5.422912000e-01 
5.789486000e-03 1.282138000e+00 5.518077000e-03 
6.553890000e-01 1.076442000e+00 3.179384000e-02 
7.507674000e-01 7.997613000e-01 5.507164000e-01 
3.164549000e-03 6.033367000e-01 1.113581000e+00 
1.124171000e+00 7.054016000e-02 5.470393000e-01 
5.667472000e-01 4.869615000e-01 9.666618000e-01 
5.878635000e-01 1.177739000e-02 1.133701000e+00 
1.069017000e+00 6.527254000e-02 6.160377000e-01 
2.667588000e-02 1.891393000e+00 6.542484000e-04 
1.157654000e+00 7.664332000e-01 2.114221000e-03 
2.078967000e-01 5.511858000e-01 1.095452000e+00 
5.257208000e-05 2.974460000e-03 1.822581000e+00 
1.124862000e+00 3.006097000e-02 5.363152000e-01 
9.761910000e-01 2.976970000e-02 7.312918000e-01 
5.090352000e-02 1.135421000e+00 5.490825000e-01 
1.134791000e+00 1.483699000e-02 5.314698000e-01 
2.821513000e+00 1.836126000e-01 2.272096000e-04 
9.816957000e-01 5.672555000e-01 5.918866000e-01 
5.542291000e-01 6.972821000e-01 9.254641000e-01 
3.698052000e-01 5.579778000e-01 1.069217000e+00 
2.844470000e-02 8.628902000e-01 8.829125000e-01 
1.170728000e+00 8.941441000e-04 4.465179000e-01 
1.191119000e+00 3.604363000e-01 3.291240000e-02 
8.747047000e-01 6.112398000e-02 8.668779000e-01 
5.987319000e-01 1.535841000e-02 1.122628000e+00 
1.458656000e-01 1.106301000e+00 5.671915000e-01 
1.411923000e-01 1.329974000e+00 1.387883000e-04 
1.140197000e+00 5.359663000e-05 5.605720000e-01 
4.269684000e-01 3.252167000e-03 1.195098000e+00 
8.929124000e-01 3.969697000e-03 9.438074000e-01 
2.534138000e-02 8.632337000e-01 9.083717000e-01 
1.094716000e+00 3.517356000e-01 4.578555000e-01 
4.599877000e-01 4.161499000e-02 1.158197000e+00 
2.712091000e-02 1.015892000e+00 8.078857000e-01 
7.103559000e-04 4.559082000e-01 1.170307000e+00 
1.024215000e+00 6.899000000e-01 2.783227000e-02 
4.023004000e-01 2.188542000e-01 1.146603000e+00 
1.435787000e-02 4.415178000e-01 1.166917000e+00 
2.243659000e-02 7.830537000e-01 9.686513000e-01 
1.395286000e-01 8.957934000e-02 1.216254000e+00 
7.645055000e-01 3.390475000e-01 9.156409000e-01 
4.452226000e-01 7.594143000e-01 8.808924000e-01 
1.113477000e+00 5.331365000e-01 3.389367000e-02 
7.384997000e-01 8.847861000e-01 4.479825000e-01 
1.109805000e+00 1.936233000e-01 5.608670000e-01 
1.971617000e-01 1.104350000e+00 4.757176000e-01 
8.635331000e-01 1.276533000e-01 8.914634000e-01 
2.147816000e+00 1.215821000e-04 2.013046000e-02 
1.271507000e+00 4.465921000e-04 1.320482000e-02 
8.719564000e-01 8.660918000e-01 2.113572000e-02 
5.550078000e-01 4.240656000e-01 1.048609000e+00 
6.393935000e-01 9.392787000e-01 6.174403000e-01 
7.349296000e-02 8.863000000e-01 8.738598000e-01 
6.252094000e-01 9.631700000e-01 6.225198000e-01 
9.143229000e-02 1.133335000e+00 5.340954000e-01 
5.304940000e-01 9.661697000e-02 1.101024000e+00 
1.022533000e+00 4.410045000e-01 6.871326000e-01 
9.738000000e-01 7.490296000e-01 7.506554000e-03 
1.135422000e+00 1.365303000e-02 4.960209000e-01 
3.142300000e-01 1.093053000e+00 5.443791000e-01 
8.287856000e-01 7.801998000e-01 5.436744000e-01 
9.938913000e-01 5.534431000e-01 5.593844000e-01 
3.008790000e-04 1.276728000e+00 4.854686000e-02 
8.497050000e-01 1.440478000e-02 9.261018000e-01 
5.753243000e-01 1.722743000e-02 1.081216000e+00 
8.553016000e-01 8.871067000e-01 1.095573000e-01 
9.177226000e-01 8.549901000e-01 1.684744000e-02 
1.243012000e+00 4.227590000e-01 4.280327000e-03 
1.054748000e+00 5.502978000e-01 5.086584000e-01 
1.140263000e+00 1.920179000e-01 4.557865000e-01 
9.291674000e-01 8.678947000e-01 2.358231000e-03 
2.765765000e-01 2.581105000e-01 1.152568000e+00 
7.178593000e-01 6.807364000e-01 7.176383000e-01 
9.093077000e-05 1.221078000e+00 9.445833000e-01 
5.676772000e-03 8.339485000e-01 1.011905000e+00 
5.133278000e-01 5.794518000e-01 1.012181000e+00 
1.143108000e+00 1.998475000e-03 5.439544000e-01 
1.987240000e+00 2.846005000e-02 5.018319000e-04 
3.131854000e-01 5.095463000e-01 1.103342000e+00 
2.987702000e-03 4.991347000e-01 1.136395000e+00 
2.118194000e-01 5.580786000e-01 1.081233000e+00 
6.862379000e-01 8.973235000e-01 5.597389000e-01 
8.246532000e-01 1.066019000e-01 8.989364000e-01 
8.593115000e-01 7.695274000e-02 9.018273000e-01 
2.750316000e-01 8.096070000e-01 9.168093000e-01 
3.782878000e-01 1.168003000e+00 1.199613000e-02 
5.997049000e-02 9.589085000e-01 7.375369000e-01 
7.380133000e-01 8.878999000e-01 5.808553000e-01 
1.037187000e-01 9.358406000e-01 8.426611000e-01 
9.529741000e-01 3.179512000e-02 8.597187000e-01 
9.178123000e-01 6.501239000e-01 6.076060000e-01 
6.307132000e-01 4.359821000e-01 9.501990000e-01 
9.083061000e-01 4.236420000e-01 8.006270000e-01 
1.019317000e+00 4.608123000e-01 5.096592000e-01 
1.077745000e-03 1.117342000e+00 6.051549000e-01 
2.058407000e-03 1.222799000e+00 6.327055000e-03 
7.567877000e-01 3.449475000e-01 8.908899000e-01 
8.369608000e-01 7.793981000e-01 4.984817000e-01 
3.526259000e-05 6.216273000e-01 1.096107000e+00 
5.652219000e-01 5.951278000e-01 8.854565000e-01 
3.765137000e-02 1.118682000e+00 5.545067000e-01 
1.417607000e-01 9.586497000e-01 7.656698000e-01 
5.663709000e-01 9.661323000e-01 6.570009000e-01 
5.112665000e-01 2.878856000e-01 1.118756000e+00 
4.462178000e-01 7.332721000e-02 1.148528000e+00 
1.935242000e-02 1.033833000e-03 1.262655000e+00 
9.163856000e-01 6.322110000e-02 8.327847000e-01 
5.868945000e-01 1.096192000e+00 8.578525000e-03 
5.597928000e-01 6.719475000e-01 9.246275000e-01 
6.185687000e-03 3.128382000e-04 1.285705000e+00 
3.891268000e-01 1.143237000e+00 2.897861000e-02 
1.030810000e+00 6.493613000e-01 2.033322000e-02 
6.049243000e-01 1.104008000e+00 6.401220000e-03 
1.682061000e-02 4.195625000e-01 1.177839000e+00 
1.134159000e+00 5.413111000e-01 9.117812000e-03 
1.402237000e-04 1.296933000e-03 1.280515000e+00 
7.209311000e-01 6.638739000e-01 7.811883000e-01 
1.058185000e+00 2.677539000e-02 7.109082000e-01 
8.814699000e-01 8.248311000e-01 4.567060000e-01 
2.178683000e-02 1.020658000e+00 8.240297000e-01 
1.021882000e+00 4.522520000e-01 5.626881000e-01 
7.868479000e-01 9.595001000e-01 5.298185000e-02 
1.911872000e-05 5.664998000e-03 1.399472000e+00 
8.922815000e-01 8.486557000e-01 6.145256000e-02 
8.654613000e-01 4.593667000e-02 9.085486000e-01 
9.954615000e-01 7.038367000e-01 6.992584000e-03 
9.599813000e-03 1.175196000e+00 4.466161000e-01 
5.142028000e-01 8.928122000e-01 7.264219000e-01 
8.739653000e-01 8.491709000e-01 1.314679000e-01 
6.583212000e-01 9.538456000e-01 4.920261000e-01 
1.692357000e-02 8.817869000e-01 9.386235000e-01 
1.101345000e+00 5.996759000e-01 4.596169000e-02 
2.197447000e-03 1.818302000e-02 1.244513000e+00 
1.260958000e+00 1.283449000e-03 4.444846000e-01 
1.203869000e+00 1.945490000e-02 4.428897000e-01 
4.548441000e-01 7.438877000e-02 1.139917000e+00 
5.056913000e-01 7.977868000e-01 7.868252000e-01 
1.338848000e-02 1.064091000e+00 6.650791000e-01 
5.823810000e-01 9.278387000e-01 6.562001000e-01 
3.895877000e-01 1.156056000e+00 2.030063000e-02 
6.005890000e-01 5.167676000e-02 1.066413000e+00 
8.274071000e-01 7.403713000e-01 6.903055000e-01 
4.937689000e-01 8.312035000e-01 7.411722000e-01 
1.084106000e+00 5.570706000e-01 1.280029000e-01 
6.230695000e-01 1.039917000e+00 5.503774000e-02 
9.626600000e-01 4.989053000e-03 7.758115000e-01 
2.412222000e-02 7.465851000e-01 1.007467000e+00 
9.478617000e-01 7.505158000e-01 1.292160000e-01 
1.000722000e+00 5.321064000e-01 5.757881000e-01 
7.051626000e-01 3.808773000e-01 9.647415000e-01 
5.118803000e-01 2.828100000e-01 1.090207000e+00 
6.097465000e-01 7.494131000e-03 1.079393000e+00 
1.498644000e-02 4.607805000e-01 1.145809000e+00 
2.498183000e-01 9.120006000e-01 7.687004000e-01 
8.876772000e-01 7.633841000e-03 8.754838000e-01 
2.867610000e-01 6.384985000e-01 1.029425000e+00 
8.304390000e-01 7.512850000e-01 5.670965000e-01 
1.104845000e-01 9.402645000e-01 7.741876000e-01 
9.688723000e-01 5.042890000e-01 6.608486000e-01 
1.222450000e-02 1.039330000e-01 1.201576000e+00 
4.449800000e-01 3.862306000e-01 1.073101000e+00 
1.025616000e+00 1.305011000e-01 6.758067000e-01 
4.898475000e-02 1.201158000e+00 3.169701000e-02 
9.069219000e-01 8.360193000e-01 3.004258000e-02 
4.914385000e-01 7.774558000e-01 8.142257000e-01 
1.156991000e+00 5.355269000e-01 8.456217000e-03 
8.972756000e-01 8.713618000e-04 1.097823000e+00 
5.011301000e-04 8.186162000e-05 1.289372000e+00 
3.742433000e-02 1.115256000e+00 5.695436000e-01 
7.049666000e-03 1.256670000e+00 3.489619000e-03 
6.158962000e-01 5.823172000e-01 9.130198000e-01 
3.912255000e-01 9.976495000e-02 1.170802000e+00 
7.476713000e-01 7.774383000e-01 7.110149000e-01 
5.923836000e-01 1.057105000e+00 8.588907000e-02 
6.034992000e-01 2.731127000e-03 1.145205000e+00 
1.097703000e-01 9.071969000e-03 1.227098000e+00 
1.059378000e+00 7.553284000e-01 4.303002000e-03 
8.477064000e-01 4.835786000e-02 9.094803000e-01 
1.268124000e+00 1.330852000e-02 5.169321000e-04 
7.027843000e-01 7.208693000e-03 1.052231000e+00 
1.019713000e+00 6.506289000e-02 7.259189000e-01 
7.283749000e-01 6.318731000e-01 7.904731000e-01 
1.130586000e+00 1.912664000e-01 4.587555000e-01 
1.072558000e+00 7.930464000e-02 5.925950000e-01 
6.681450000e-02 6.171787000e-01 1.101113000e+00 
6.875874000e-01 8.333081000e-01 7.086942000e-01 
8.575389000e-01 8.508780000e-01 3.414059000e-02 
2.576004000e-02 7.772499000e-01 9.942949000e-01 
5.932088000e-01 4.619029000e-01 9.914889000e-01 
1.094111000e+00 4.584453000e-04 7.275976000e-01 
8.484819000e-01 7.204514000e-01 6.928377000e-01 
7.311198000e-01 6.060012000e-01 8.463961000e-01 
8.645733000e-01 8.793191000e-01 1.273573000e-02 
3.253395000e-02 9.816924000e-01 7.732487000e-01 
1.719043000e-03 1.437688000e-05 1.494397000e+00 
7.429006000e-01 8.863166000e-01 4.349019000e-01 
4.652680000e-03 1.003895000e+00 8.441738000e-01 
8.796459000e-01 4.049827000e-01 8.017098000e-01 
1.103775000e+00 2.597652000e-02 6.712028000e-01 
3.393333000e-02 8.498852000e-01 8.983511000e-01 
4.442796000e-01 1.156227000e+00 6.909334000e-03 
5.305355000e-01 9.980817000e-01 5.348983000e-01 
8.617587000e-01 7.603943000e-01 5.078837000e-01 
3.312121000e-04 1.090875000e+00 9.021747000e-01 
8.160999000e-04 1.204187000e-02 1.255729000e+00 
4.488805000e-01 2.938278000e-01 1.105741000e+00 
9.145194000e-01 2.303740000e-03 9.099584000e-01 
1.315417000e-01 1.214044000e+00 1.624280000e-02 
8.470787000e-01 8.480012000e-01 1.575766000e-01 
5.961315000e-01 3.039496000e-03 1.189703000e+00 
1.127467000e+00 8.588423000e-02 5.143817000e-01 
3.164466000e-01 1.075750000e+00 5.506743000e-01 
1.150325000e+00 3.460258000e-01 4.415325000e-01 
1.110836000e+00 5.060015000e-01 1.279379000e-01 
1.195355000e+00 3.419192000e-01 6.595051000e-03 
4.007845000e-01 7.271576000e-01 9.910111000e-01 
3.056794000e-01 7.638150000e-01 9.935678000e-01 
3.261638000e-02 9.490806000e-02 1.206809000e+00 
1.212603000e+00 3.042735000e-01 6.460597000e-02 
6.046678000e-01 1.314321000e-02 1.130517000e+00 
6.318421000e-01 4.060431000e-02 1.078421000e+00 
5.536477000e-01 1.065915000e+00 1.319407000e-01 
1.077134000e+00 6.305177000e-01 1.115085000e-01 
8.656432000e-01 7.206099000e-01 5.184837000e-01 
5.637365000e-04 8.881747000e-01 9.246521000e-01 
5.817998000e-01 1.097032000e+00 2.319008000e-02 
1.077993000e+00 2.762721000e-02 6.074498000e-01 
7.932079000e-01 7.854098000e-01 5.101266000e-01 
1.164725000e+00 3.321859000e-01 2.992131000e-01 
6.634267000e-01 4.700813000e-02 1.054577000e+00 
1.070998000e+00 8.119870000e-02 6.159219000e-01 
6.394898000e-01 1.135266000e+00 1.409859000e-04 
6.850580000e-01 1.040762000e+00 1.770172000e-03 
3.492889000e-01 3.652266000e-01 1.125006000e+00 
1.907673000e-02 1.006947000e+00 8.295516000e-01 
1.278247000e-02 1.158237000e+00 4.499598000e-01 
4.298519000e-02 9.801505000e-01 8.012046000e-01 
2.303825000e-02 1.149128000e+00 5.696680000e-01 
1.112831000e+00 5.684901000e-01 9.598314000e-02 
7.062743000e-01 6.301737000e-03 1.063084000e+00 
5.818157000e-03 1.206403000e+00 4.555181000e-01 
1.149804000e+00 4.094202000e-01 2.096118000e-02 
1.039109000e-02 9.906078000e-02 1.219056000e+00 
3.823295000e-02 7.439362000e-01 9.970498000e-01 
5.754241000e-01 9.097607000e-01 6.667786000e-01 
4.138183000e-01 7.747336000e-01 8.888451000e-01 
1.217158000e+00 7.429650000e-03 7.715304000e-03 
5.361437000e-01 7.904253000e-01 7.581973000e-01 
1.264785000e-02 4.284487000e-01 1.194558000e+00 
7.120417000e-01 6.438773000e-01 8.256357000e-01 
2.487236000e-02 7.516786000e-01 1.006152000e+00 
1.197919000e-02 4.433750000e-01 1.177194000e+00 
4.236689000e-01 4.494488000e-01 1.072454000e+00 
5.570732000e-01 1.655203000e-02 1.085513000e+00 
6.794001000e-01 3.744534000e-01 9.801233000e-01 
2.892960000e-02 5.287087000e-01 1.116152000e+00 
3.577533000e-01 3.733446000e-01 1.112195000e+00 
2.535394000e-02 7.569842000e-01 1.000330000e+00 
9.708180000e-01 7.481692000e-01 8.645466000e-03 
2.841080000e-02 1.004171000e+00 7.576760000e-01 
2.241093000e-01 8.202480000e-01 8.798386000e-01 
7.857304000e-04 1.009625000e+00 8.549682000e-01 
9.271723000e-01 8.244564000e-01 2.992027000e-02 
9.511627000e-01 1.643509000e-01 7.861876000e-01 
1.187396000e-02 9.541207000e-03 1.254924000e+00 
8.030037000e-03 5.871981000e-01 1.133825000e+00 
1.069466000e+00 6.421301000e-01 1.036334000e-01 
7.237921000e-01 8.888885000e-01 5.298370000e-01 
1.142908000e+00 3.514142000e-01 1.574723000e-01 
5.945879000e-01 8.591328000e-01 6.257287000e-01 
9.724423000e-01 2.954785000e-02 7.358339000e-01 
7.926665000e-01 3.915368000e-01 8.753223000e-01 
6.601622000e-01 5.682959000e-01 8.913845000e-01 
1.041082000e+00 6.590418000e-01 7.427795000e-03 
9.500313000e-01 1.709570000e-01 7.820371000e-01 
1.035649000e+00 4.595624000e-01 5.197891000e-01 
1.153725000e+00 2.969565000e-02 4.409955000e-01 
7.191549000e-01 6.441122000e-01 7.883716000e-01 
8.925310000e-01 8.635756000e-01 1.756202000e-02 
1.029899000e+00 2.671834000e-02 7.173514000e-01 
1.127782000e-01 1.010359000e+00 6.847827000e-01 
6.840889000e-01 6.680492000e-01 7.695029000e-01 
1.102497000e+00 5.979600000e-01 4.708738000e-02 
1.283875000e+00 2.557644000e-03 1.218968000e-02 
1.000007000e+00 6.908991000e-01 2.815126000e-02 
1.120953000e+00 5.427500000e-01 1.212274000e-02 
1.245917000e+00 3.907470000e-03 1.632038000e-03 
4.524904000e-02 1.310443000e-01 1.194015000e+00 
5.651280000e-03 9.595359000e-01 8.573710000e-01 
1.035853000e+00 3.365991000e-01 5.927108000e-01 
5.040506000e-03 1.181669000e+00 4.678057000e-01 
2.445415000e-01 1.731012000e-03 1.253109000e+00 
5.607631000e-01 1.000639000e+00 4.894361000e-01 
3.966118000e-01 3.308609000e-02 1.175675000e+00 
9.100249000e-02 1.158964000e+00 4.370699000e-01 
2.286404000e-02 1.209487000e+00 1.741347000e-02 
6.506823000e-01 7.737870000e-01 7.122133000e-01 
1.242110000e-01 1.151059000e+00 4.223395000e-01 
7.234600000e-01 1.022201000e+00 2.015572000e-02 
6.749551000e-01 7.079582000e-02 1.041890000e+00 
3.690989000e-03 5.086764000e-01 1.135632000e+00 
1.409090000e-01 1.025622000e+00 6.763605000e-01 
3.726969000e-02 8.252456000e-01 8.739890000e-01 
7.527671000e-01 7.856017000e-01 5.611767000e-01 
1.097703000e-01 9.071969000e-03 1.227098000e+00 
6.771895000e-03 1.873922000e-02 1.233027000e+00 
3.580307000e-01 1.054475000e+00 5.050610000e-01 
2.762829000e-02 7.944172000e-01 9.582834000e-01 
1.424357000e-01 9.538134000e-01 7.222402000e-01 
1.931861000e-01 1.104797000e+00 4.514497000e-01 
1.015537000e+00 2.372852000e-01 6.992917000e-01 
4.986289000e-01 9.749866000e-01 5.986243000e-01 
6.619569000e-01 5.204448000e-01 8.741719000e-01 
1.077101000e+00 3.081026000e-02 6.292209000e-01 
4.471160000e-01 1.110799000e+00 1.754994000e-02 
1.163328000e-01 1.156677000e+00 4.206088000e-01 
6.227223000e-01 4.702642000e-01 9.130375000e-01 
7.340921000e-01 3.418637000e-02 9.792982000e-01 
1.013238000e-02 6.804804000e-01 1.038547000e+00 
4.264591000e-01 9.050108000e-01 7.603459000e-01 
1.146379000e+00 4.811469000e-01 4.701814000e-02 
5.184765000e-01 8.241692000e-01 7.587082000e-01 
6.862379000e-01 8.973235000e-01 5.597389000e-01 
8.191616000e-01 8.890851000e-01 7.066555000e-03 
6.422703000e-02 5.220917000e-02 1.227278000e+00 
7.972233000e-01 9.226679000e-01 9.268550000e-04 
9.292141000e-01 6.810754000e-01 4.544374000e-01 
8.490762000e-01 6.674191000e-01 5.318322000e-01 
1.185288000e-01 1.108665000e+00 4.865665000e-01 
9.967520000e-01 1.522431000e-02 7.406330000e-01 
5.108703000e-02 8.121619000e-01 9.293424000e-01 
7.243466000e-01 7.996895000e-01 5.935166000e-01 
3.144050000e-01 1.094224000e+00 5.238704000e-01 
7.415532000e-04 1.088594000e+00 6.202248000e-01 
6.443666000e-01 1.065486000e+00 4.946387000e-02 
2.017181000e-01 1.191877000e+00 2.816195000e-02 
8.307543000e-01 8.162113000e-01 4.605536000e-01 
7.145261000e-01 8.922459000e-01 4.337141000e-01 
3.568620000e-02 1.019554000e+00 7.307683000e-01 
1.032115000e+00 1.886307000e-01 6.104268000e-01 
7.836663000e-01 6.208815000e-01 7.052132000e-01 
1.038598000e+00 2.557513000e-02 7.180815000e-01 
4.409543000e-01 3.837559000e-01 1.073364000e+00 
1.121320000e+00 5.356147000e-01 3.294387000e-02 
4.158416000e-01 7.284795000e-01 8.863119000e-01 
1.088366000e+00 5.295072000e-01 1.440906000e-01 
3.227751000e-02 8.430736000e-01 9.057617000e-01 
2.637256000e-01 6.227259000e-01 1.040964000e+00 
9.003815000e-01 7.605514000e-01 3.359593000e-02 
1.113990000e+00 8.190913000e-02 5.686307000e-01 
1.214186000e+00 5.065604000e-02 7.468166000e-02 
7.440819000e-01 1.436557000e-03 9.644041000e-01 
4.443658000e-01 3.081569000e-01 1.130767000e+00 

5.971057000e-01 4.567512000e-01 9.271946000e-01 
7.113691000e-01 7.862792000e-01 6.342873000e-01 
3.523032000e-03 8.509549000e-01 9.028611000e-01 
1.510604000e+00 7.706486000e-03 7.552182000e-03 
5.441654000e-01 9.334518000e-01 6.139753000e-01 
2.486263000e-02 7.923982000e-01 8.835841000e-01 
4.551073000e-01 3.624785000e-02 1.124613000e+00 
7.913739000e-01 1.469950000e-02 9.127026000e-01 
2.132702000e-03 1.134711000e+00 7.381835000e-01 
9.112656000e-01 7.589860000e-01 1.423766000e-03 
2.947516000e-03 7.640273000e-01 9.932389000e-01 
2.490167000e-03 2.573941000e-01 1.196241000e+00 
1.886438000e-03 3.889293000e-06 1.945847000e+00 
6.935667000e-05 1.109121000e-03 1.794424000e+00 
9.686157000e-01 1.115548000e-01 7.345416000e-01 
4.783401000e-01 6.043038000e-01 9.193690000e-01 
1.715983000e-02 2.350865000e+00 1.021514000e-03 
4.412233000e-02 1.102898000e+00 5.335978000e-01 
7.736660000e-01 2.701952000e-02 9.052447000e-01 
2.142151000e+00 2.280233000e-01 6.034394000e-04 
1.059170000e+00 8.668483000e-01 1.147797000e-04 
9.150713000e-01 1.572056000e-02 8.288911000e-01 
8.730269000e-01 5.124656000e-02 8.073551000e-01 
4.817402000e-02 4.931913000e-01 1.056171000e+00 
1.866069000e-03 1.202909000e+00 1.398746000e-02 
9.432387000e-01 5.697314000e-01 5.691458000e-01 
1.770091000e-04 1.237265000e+00 9.346076000e-02 
4.805705000e-01 7.644113000e-01 8.014503000e-01 
1.012686000e-01 1.043407000e+00 6.072514000e-01 
2.792575000e-02 7.805461000e-01 8.861792000e-01 
6.142913000e-01 7.158110000e-01 7.734433000e-01 
3.430143000e-03 1.165692000e+00 5.500302000e-01 
7.390880000e-01 3.850671000e-02 9.238948000e-01 
3.043226000e-01 3.536894000e-01 1.104098000e+00 
6.664751000e-03 1.048656000e-02 1.215751000e+00 
5.589064000e-01 1.131926000e-02 1.080200000e+00 
2.489912000e+00 3.946161000e-03 7.222181000e-04 
6.515828000e-01 8.762887000e-01 4.897796000e-01 
5.490915000e-01 7.793251000e-01 7.469544000e-01 
4.022284000e-01 7.751151000e-01 8.906598000e-01 
5.299414000e-02 7.238898000e-01 9.416223000e-01 
1.108647000e+00 1.559910000e-02 3.283103000e-01 
6.538432000e-03 1.187446000e+00 1.530542000e-02 
1.059236000e+00 5.823757000e-01 1.959457000e-02 
1.219973000e+00 5.013110000e-02 3.448915000e-03 
8.709071000e-01 2.407232000e-02 8.289799000e-01 
1.153836000e+00 5.152502000e-01 9.208785000e-02 
1.077495000e+00 8.060829000e-01 1.094531000e-03 
6.027013000e-01 3.094243000e-03 1.097468000e+00 
1.230081000e+00 2.703475000e-01 5.137750000e-04 
7.024183000e-01 9.813821000e-01 3.112956000e-02 
1.187934000e+00 1.608452000e-01 2.487548000e-03 
5.764001000e-01 8.324676000e-01 6.187490000e-01 
1.049459000e-02 9.073645000e-01 8.784353000e-01 
8.739287000e-01 8.678571000e-01 1.142346000e-03 
1.007020000e+00 7.213736000e-01 3.165160000e-02 
8.213499000e-04 4.886947000e-01 1.108771000e+00 
6.013818000e-01 7.762722000e-01 7.519929000e-01 
3.534910000e-02 8.530227000e-01 8.120549000e-01 
6.823940000e-01 5.355906000e-01 8.581410000e-01 
4.452693000e-03 2.586217000e-03 1.239130000e+00 
1.035971000e+00 1.422468000e-01 6.013701000e-01 
5.923855000e-01 1.028239000e+00 1.218022000e-02 
4.659706000e-03 4.457874000e-01 1.124896000e+00 
5.286048000e-01 3.036634000e-01 1.023979000e+00 
1.729120000e-04 8.583354000e-01 1.415205000e+00 
1.056108000e-01 7.454722000e-06 1.581935000e+00 
1.037832000e+00 7.581576000e-01 1.470890000e-03 
9.056623000e-01 2.314786000e-02 7.990073000e-01 
4.155654000e-03 8.757838000e-01 8.940191000e-01 
2.131664000e-01 1.199570000e+00 5.014659000e-03 
1.201914000e+00 2.856910000e-04 3.914283000e-01 
1.308887000e-02 1.052365000e+00 5.460126000e-01 
5.970088000e-01 8.424887000e-01 5.444967000e-01 
4.281515000e-01 3.798738000e-01 1.021391000e+00 
1.227100000e+00 7.797334000e-03 1.650670000e-03 
1.055117000e+00 3.789518000e-01 5.138607000e-01 
1.536821000e-03 1.013870000e+00 8.804549000e-01 
9.942585000e-01 5.799791000e-01 5.160928000e-01 
4.489505000e-01 3.500156000e-01 1.046364000e+00 
4.124911000e-01 8.017986000e-01 8.736393000e-01 
1.011151000e+00 1.459888000e-02 6.069033000e-01 
1.092473000e-01 2.153673000e-05 1.411492000e+00 
2.431323000e-02 7.012049000e-01 1.045493000e+00 
9.099540000e-03 7.247342000e-01 9.420625000e-01 
3.081009000e-02 8.915747000e-01 8.350363000e-01 
4.377627000e-02 6.646900000e-01 1.011117000e+00 
4.844634000e-02 1.177720000e+00 7.252120000e-02 
9.407002000e-01 7.173325000e-01 3.969395000e-01 
1.141953000e+00 6.494880000e-01 2.863860000e-03 
8.026197000e-04 3.700691000e-03 1.241127000e+00 
1.086594000e+00 6.178304000e-01 4.769485000e-03 
8.563382000e-01 2.984841000e-02 8.547839000e-01 
1.164349000e+00 7.384319000e-03 1.185799000e-01 
7.119435000e-01 9.584305000e-01 7.261512000e-02 
5.170539000e-01 2.386907000e-03 1.140787000e+00 
2.713448000e+00 7.125943000e-04 2.569167000e-03 
5.845179000e-01 8.806047000e-01 6.142641000e-01 
4.353992000e-01 8.607902000e-01 7.544956000e-01 
5.839797000e-01 5.746897000e-01 8.772672000e-01 
1.014830000e+00 1.227627000e-02 6.952762000e-01 
1.333905000e+00 3.145105000e-04 1.306713000e-02 
3.890866000e-02 5.922376000e-01 1.046371000e+00 
6.336846000e-01 4.497473000e-01 9.112573000e-01 
1.052118000e+00 4.002604000e-03 6.385273000e-01 
1.000289000e+00 6.750948000e-01 5.446486000e-02 
4.020057000e-01 5.847652000e-01 9.629060000e-01 
8.663752000e-01 5.749292000e-01 6.508902000e-01 
3.753877000e-02 1.124340000e+00 3.400817000e-01 
1.202171000e+00 8.905189000e-03 7.504668000e-03 
2.384699000e+00 1.159148000e-01 7.330270000e-04 
5.040527000e-01 7.055622000e-01 8.258184000e-01 
6.943783000e-03 1.061981000e+00 5.500332000e-01 
3.607128000e-03 9.152040000e-01 8.893971000e-01 
1.312507000e+00 7.248838000e-04 1.373149000e-02 
5.870737000e-02 1.301563000e+00 2.373847000e-04 
4.267295000e-02 8.101492000e-01 8.824639000e-01 
4.616794000e-01 3.405779000e-01 1.064770000e+00 
1.065367000e-01 1.220178000e+00 1.315605000e-03 
4.197749000e-02 1.543798000e+00 3.533264000e-04 
1.225076000e+00 1.099397000e-02 1.837855000e-03 
4.193145000e-01 6.047591000e-01 9.321869000e-01 
5.581113000e-01 8.871971000e-02 1.072992000e+00 
7.625056000e-02 1.038102000e+00 6.263963000e-01 
7.348071000e-01 9.770312000e-01 1.578663000e-03 
1.058562000e+00 2.357874000e-01 5.257887000e-01 
3.892104000e-01 6.380559000e-01 9.800699000e-01 
7.648623000e-04 5.733906000e-04 1.332923000e+00 
9.388657000e-01 1.834133000e-03 8.955651000e-01 
1.065667000e+00 8.569438000e-04 5.052875000e-01 
1.088199000e-01 1.182163000e+00 2.795087000e-02 
6.051378000e-01 9.025612000e-03 9.926515000e-01 
1.144035000e+00 7.938096000e-01 9.068579000e-04 
8.817373000e-01 2.469542000e-02 8.157105000e-01 
1.178818000e+00 4.012906000e-01 3.276836000e-03 
9.846569000e-01 6.013966000e-01 3.720265000e-01 
5.115289000e-01 3.709762000e-01 1.043606000e+00 
7.848631000e-01 1.482161000e-02 8.980722000e-01 
8.803810000e-01 1.355707000e-02 8.626895000e-01 
3.686258000e-02 5.996252000e-01 1.029868000e+00 
5.101432000e-04 7.479508000e-05 1.934879000e+00 
5.358714000e-01 1.083727000e+00 5.290591000e-03 
7.542012000e-01 7.238872000e-01 6.451039000e-01 
4.526321000e-01 9.133377000e-01 6.217218000e-01 
1.175963000e+00 1.584010000e-02 5.798451000e-02 
3.141621000e-02 8.444988000e-01 8.634081000e-01 
1.083381000e-01 1.191899000e+00 1.331452000e-02 
3.591027000e-02 1.957621000e-05 1.592919000e+00 
6.100141000e-01 5.263847000e-01 8.850004000e-01 
9.903863000e-01 2.219642000e-02 6.249593000e-01 
7.562556000e-01 9.738950000e-01 1.487232000e-02 
7.483910000e-01 5.690670000e-01 7.094631000e-01 
2.233517000e-02 8.489852000e-01 8.474089000e-01 
4.279639000e-01 6.114493000e-01 9.122122000e-01 
1.082973000e+00 2.083185000e-05 6.122086000e-01 
6.856894000e-01 4.421689000e-01 9.294368000e-01 
2.705280000e-05 1.032185000e-02 1.979555000e+00 
1.145210000e+00 1.266907000e-02 3.404768000e-01 
4.496861000e-01 1.158908000e+00 2.269014000e-02 
7.622904000e-01 1.133528000e-02 9.135780000e-01 
2.585425000e-02 8.651917000e-01 8.431823000e-01 
4.465185000e-03 4.491577000e-01 1.104519000e+00 
2.100075000e-02 8.916420000e-01 8.261579000e-01 
2.244302000e-02 8.811766000e-01 8.381598000e-01 
7.259140000e-01 5.737361000e-02 9.139254000e-01 
8.177371000e-01 6.340025000e-02 8.847097000e-01 
3.488977000e-02 1.985953000e-02 1.184572000e+00 
8.080768000e-01 4.749447000e-01 8.423630000e-01 
9.427548000e-03 8.719773000e-01 8.816288000e-01 
1.009866000e+00 7.578086000e-01 2.261714000e-02 
7.705029000e-01 4.730305000e-01 8.916231000e-01 
9.512942000e-01 1.440016000e-01 7.474768000e-01 
3.544739000e-02 5.964090000e-01 1.036020000e+00 
1.017753000e+00 1.121199000e-03 7.050467000e-01 
7.187601000e-01 4.769413000e-01 7.978156000e-01 
4.822339000e-01 5.941517000e-02 1.124335000e+00 
5.296376000e-01 1.122523000e+00 1.689707000e-03 
6.818298000e-01 7.551177000e-01 6.646139000e-01 
1.046127000e+00 5.496506000e-01 8.555012000e-02 
9.817689000e-01 7.306509000e-01 4.824201000e-02 
3.507149000e-01 2.386680000e-01 1.092034000e+00 
6.079630000e-01 3.240461000e-02 9.910565000e-01 
9.072755000e-01 4.863958000e-01 6.076627000e-01 
1.875350000e-02 9.470305000e-01 7.429650000e-01 
4.725148000e-01 3.490018000e-01 1.060516000e+00 
8.436792000e-01 6.433342000e-01 6.369232000e-01 
1.279800000e-01 9.047084000e-01 7.467333000e-01 
5.805011000e-01 8.559413000e-03 1.031461000e+00 
4.182318000e-01 6.586163000e-01 9.275356000e-01 
9.165620000e-01 7.253906000e-01 7.020435000e-02 
5.828602000e-01 9.777911000e-01 3.721670000e-01 
7.246634000e-02 7.723024000e-01 8.990081000e-01 
7.531926000e-01 9.732149000e-01 3.712016000e-02 
4.487046000e-01 1.033411000e+00 3.610997000e-01 
1.029798000e-02 1.040701000e+00 6.317640000e-01 
5.161177000e-01 1.122102000e+00 4.288189000e-02 
1.266720000e-02 9.417474000e-01 8.521999000e-01 
1.039607000e+00 2.941501000e-02 5.940002000e-01 
5.971952000e-01 8.805562000e-03 9.980497000e-01 
5.739689000e-04 9.296361000e-01 9.229723000e-01 
4.902751000e-01 1.135396000e+00 7.644869000e-02 
7.696890000e-02 1.091560000e+00 4.995001000e-01 
6.986112000e-03 5.969222000e-01 1.053195000e+00 
9.476606000e-01 6.863525000e-01 4.009896000e-01 
7.693797000e-01 8.160392000e-01 3.525642000e-01 
6.487787000e-01 1.058099000e+00 8.961382000e-04 
1.128750000e+00 7.810734000e-01 1.200082000e-03 
5.856071000e-05 1.207467000e+00 5.672527000e-01 
5.868971000e-01 6.162604000e-01 8.100371000e-01 
1.028959000e+00 8.410856000e-03 6.139413000e-01 
2.604895000e-02 1.142010000e+00 3.232825000e-01 
5.828155000e-01 9.872765000e-01 3.263500000e-01 
8.630159000e-01 9.765753000e-01 2.280272000e-03 
4.160647000e-02 9.227539000e-01 7.285199000e-01 
6.345129000e-01 1.046112000e+00 1.652994000e-03 
4.939748000e-01 2.616272000e-02 1.094396000e+00 
4.076474000e-01 6.705462000e-01 8.931083000e-01 
4.611678000e-02 1.516582000e+00 6.838002000e-04 
7.474547000e-01 8.836427000e-01 3.766306000e-01 
9.127442000e-04 1.221345000e+00 7.114382000e-03 
3.665778000e-01 8.047688000e-01 8.545031000e-01 
5.172305000e-02 7.355063000e-01 9.268110000e-01 
4.781169000e-04 4.403856000e-04 1.460189000e+00 
4.719732000e-02 6.360522000e-01 1.025453000e+00 
2.263818000e-01 1.183478000e+00 1.350402000e-02 
4.151913000e-02 1.170436000e+00 1.763483000e-01 
5.923381000e-01 9.670242000e-01 3.798767000e-01 
1.265421000e-02 8.636908000e-03 1.198991000e+00 
4.784043000e-01 5.386161000e-01 9.914754000e-01 
8.297889000e-01 3.023486000e-02 8.329521000e-01 
6.873465000e-01 5.070514000e-01 8.426761000e-01 
6.999237000e-03 1.047479000e+00 5.676257000e-01 
7.296068000e-01 4.604576000e-02 9.230957000e-01 
1.064102000e+00 5.562334000e-01 4.567957000e-02 
7.116951000e-01 7.563243000e-01 5.452352000e-01 
8.751858000e-01 8.515733000e-01 1.165148000e-02 
1.057758000e+00 6.411196000e-01 6.325945000e-03 
5.581761000e-02 5.941658000e-01 1.038731000e+00 
6.015883000e-04 5.267518000e-01 1.090579000e+00 
2.902373000e-01 1.435506000e+00 8.881911000e-05 
8.360928000e-01 6.230065000e-01 6.819993000e-01 
1.621445000e-02 9.210463000e-01 8.112770000e-01 
1.035559000e+00 6.717631000e-01 2.546853000e-03 
7.618912000e-01 1.265518000e-02 9.185996000e-01 
1.067292000e-04 1.345157000e-02 1.431125000e+00 
1.087844000e+00 5.208129000e-02 3.630246000e-01 
9.999070000e-01 1.468285000e-02 6.304071000e-01 
1.246695000e+00 9.232946000e-03 1.400551000e-03 
2.647935000e-01 5.736023000e-01 1.045053000e+00 
8.156841000e-01 6.503081000e-01 6.228848000e-01 
7.682176000e-01 5.689501000e-01 7.881011000e-01 
1.096204000e+00 5.635689000e-01 2.927522000e-03 
4.193809000e-01 6.047139000e-03 1.125081000e+00 
2.155703000e-02 8.829914000e-01 8.511380000e-01 
8.555489000e-01 6.269879000e-01 6.746102000e-01 
1.209141000e+00 1.546723000e-02 4.384158000e-03 
8.366369000e-01 7.997863000e-01 1.179481000e-02 
7.992393000e-01 8.329232000e-01 3.296342000e-01 
5.080245000e-03 1.132938000e+00 7.080925000e-01 
8.043685000e-01 7.817087000e-01 3.649561000e-01 
9.837450000e-01 6.376131000e-01 3.790741000e-01 
5.236623000e-04 1.286314000e-01 1.345247000e+00 
6.342902000e-01 9.913193000e-01 3.216022000e-02 
4.934150000e-01 7.409059000e-01 7.820037000e-01 
8.058208000e-01 3.785036000e-01 8.637213000e-01 
5.711383000e-01 9.065365000e-01 6.152700000e-01 
8.911451000e-01 7.378840000e-01 3.834015000e-01 
1.201615000e+00 7.637384000e-03 7.767646000e-03 
5.673687000e-01 1.015843000e+00 3.601952000e-01 
6.338366000e-01 1.079981000e+00 3.536111000e-03 
5.921539000e-01 1.044875000e+00 7.877310000e-03 
1.216434000e+00 8.051483000e-04 7.945532000e-03 
7.896346000e-01 9.175348000e-01 3.275689000e-02 
1.510399000e-02 9.513830000e-05 1.317467000e+00 
6.766147000e-02 1.047882000e+00 5.462262000e-01 
4.470687000e-01 3.522762000e-01 1.057659000e+00 
5.512650000e-02 7.131305000e-01 9.416789000e-01 
7.833892000e-01 5.198214000e-01 7.723370000e-01 
9.463167000e-01 5.074014000e-01 5.544906000e-01 
1.042034000e+00 9.994210000e-03 5.996452000e-01 
9.717503000e-01 7.589407000e-01 3.664433000e-02 
3.994744000e-01 5.985744000e-01 9.480127000e-01 
2.337646000e-02 1.313621000e+00 9.573504000e-04 
1.179476000e+00 4.262778000e-03 4.007494000e-01 
1.223649000e+00 3.815041000e-01 2.901386000e-04 
1.198445000e+00 1.019317000e-02 1.478534000e-02 
1.156780000e+00 9.235991000e-02 7.555722000e-03 
1.049608000e+00 9.741914000e-03 6.094836000e-01 
1.035492000e+00 4.626285000e-01 5.169393000e-01 
1.015295000e+00 6.576680000e-01 7.647160000e-03 
3.629730000e-04 1.219366000e+00 3.997303000e-01 
1.013729000e+00 6.859680000e-01 8.216359000e-03 
1.513517000e-02 1.203298000e+00 1.498001000e-03 
1.062791000e+00 1.657950000e-02 5.201587000e-01 
5.852396000e-03 1.274218000e+00 1.974965000e-03 
1.026136000e+00 6.552224000e-01 3.706087000e-01 
7.966776000e-01 8.398193000e-01 3.443768000e-01 
6.998311000e-01 9.930255000e-01 2.377566000e-03 
6.433450000e-01 8.822776000e-01 4.937980000e-01 
7.793747000e-03 1.520888000e-04 1.212365000e+00 
4.344286000e-02 7.446133000e-01 9.167892000e-01 
5.710641000e-01 7.769429000e-01 7.566334000e-01 
5.789975000e-01 6.094438000e-01 8.779835000e-01 
1.081025000e-01 1.183139000e+00 3.635452000e-02 
5.651222000e-01 9.896439000e-01 3.685243000e-01 
5.739519000e-02 5.783930000e-01 1.028519000e+00 
3.739630000e-02 7.659010000e-01 9.187259000e-01 
5.152741000e-03 5.069460000e-01 1.076945000e+00 
3.071815000e-02 9.492278000e-01 7.213959000e-01 
6.436975000e-02 1.099731000e+00 4.883542000e-01 
6.352998000e-01 9.933308000e-01 7.905991000e-03 
4.747163000e-01 7.092986000e-01 8.137884000e-01 
7.746935000e-01 5.225764000e-01 7.670453000e-01 
8.668288000e-01 4.957891000e-01 7.103649000e-01 
6.090699000e-02 1.226673000e+00 5.620472000e-04 
9.603233000e-01 3.055192000e-02 7.517289000e-01 
4.540748000e-01 1.007419000e+00 5.191968000e-01 
3.889194000e-03 7.091988000e-01 9.443606000e-01 
1.173976000e+00 1.471526000e-02 8.768093000e-02 
6.473748000e-01 9.116890000e-01 3.537240000e-01 
5.391786000e-01 1.050778000e+00 8.258626000e-02 
6.396277000e-01 4.135987000e-01 9.556277000e-01 
3.923254000e-01 2.276204000e-01 1.132157000e+00 
6.182344000e-01 5.243252000e-03 1.026362000e+00 
2.889024000e-02 9.091504000e-01 7.939678000e-01 
6.800510000e-03 1.250636000e+00 5.338215000e-03 
1.860248000e-02 1.026691000e+00 7.000905000e-01 
1.652143000e-02 8.116667000e-01 8.791531000e-01 
7.008102000e-02 1.123473000e+00 3.466322000e-01 
1.189578000e+00 8.106297000e-02 2.649846000e-02 
6.646685000e-01 7.179882000e-01 7.731539000e-01 
4.738753000e-01 1.056078000e+00 3.366869000e-01 
2.758270000e-01 4.726718000e-01 1.041478000e+00 
5.280493000e-01 5.049402000e-01 9.155784000e-01 
1.892968000e-02 9.741075000e-01 6.385580000e-01 
3.376205000e-01 2.445973000e-01 1.128904000e+00 
1.002516000e+00 2.401245000e-02 6.115748000e-01 
4.587758000e-01 9.045737000e-01 6.394496000e-01 
7.143143000e-01 5.326571000e-04 9.294496000e-01 
3.272383000e-02 1.133869000e+00 3.532369000e-01 
5.445052000e-01 5.205039000e-01 9.136398000e-01 
8.525518000e-01 6.552606000e-01 5.224287000e-01 
5.484333000e-01 1.030162000e+00 3.733522000e-02 
5.853495000e-01 5.309179000e-01 8.732714000e-01 
1.065164000e+00 5.487982000e-01 1.422283000e-02 
9.483107000e-01 7.005231000e-01 5.169482000e-02 
3.119610000e-02 9.682941000e-01 7.076947000e-01 
5.214715000e-01 2.839071000e-01 1.050729000e+00 
7.658939000e-01 8.682063000e-01 3.864410000e-01 
8.764734000e-01 5.214939000e-01 6.514294000e-01 
1.001193000e+00 6.733297000e-01 3.327350000e-02 
1.753727000e-02 1.050844000e+00 5.368640000e-01 
4.418475000e-01 8.754959000e-01 7.026328000e-01 
5.909791000e-01 1.001024000e+00 3.491340000e-02 
4.190540000e-02 7.495711000e-01 9.231951000e-01 
6.951069000e-01 7.385486000e-01 6.364302000e-01 
1.049928000e+00 1.552185000e-02 5.540551000e-01 
7.273779000e-02 1.106524000e+00 3.231294000e-01 
4.457446000e-01 9.964813000e-01 5.671791000e-01 
8.877399000e-01 7.664708000e-01 1.246866000e-02 
5.813699000e-01 5.603717000e-01 8.894963000e-01 
8.417085000e-01 6.548155000e-01 5.235824000e-01 
4.574153000e-01 1.042644000e+00 3.608796000e-01 
5.643072000e-02 7.521690000e-01 9.137819000e-01 

5.995248000e-01 8.450054000e-01 7.487452000e-01 
5.247281000e-01 5.722561000e-01 9.052048000e-01 
4.515027000e-01 7.085069000e-01 8.694411000e-01 
1.213885000e+00 1.976168000e-01 6.258292000e-03 
5.480052000e-01 9.848662000e-01 4.784757000e-01 
4.460645000e-01 1.018638000e+00 6.115820000e-01 
2.892884000e-02 1.261096000e+00 8.107022000e-05 
6.038328000e-01 1.042057000e+00 1.753588000e-02 
4.673465000e-04 9.888532000e-04 1.262863000e+00 
4.250276000e-03 4.762420000e-03 1.198041000e+00 
4.475146000e-02 1.083956000e+00 5.630848000e-01 
9.516208000e-03 5.322265000e-01 1.179196000e+00 
7.546004000e-01 9.416974000e-01 4.269503000e-02 
6.728894000e-05 7.068979000e-06 9.406206000e+00 
6.025025000e-01 7.887717000e-01 7.176165000e-01 
9.633178000e-01 5.224522000e-01 5.934398000e-01 
1.133029000e+00 4.360579000e-02 5.465209000e-01 
2.607189000e-04 1.002302000e+00 9.216503000e-01 
5.554656000e-01 1.160384000e-02 1.136523000e+00 
1.801640000e+00 1.737339000e-03 2.074860000e-02 
3.608698000e-02 9.113756000e-01 8.010458000e-01 
5.973495000e-01 3.348589000e-02 1.103601000e+00 
6.028320000e-01 1.478714000e-01 1.019955000e+00 
4.405630000e-05 4.348140000e-04 6.880289000e+00 
5.543091000e-01 1.186381000e-01 1.099272000e+00 
1.197467000e-01 1.222216000e+00 5.603583000e-04 
1.332386000e-03 1.191116000e+00 5.169282000e-01 
2.642776000e+00 3.416526000e-04 1.745770000e-02 
2.047297000e-03 1.118900000e+00 4.887868000e-01 
2.263294000e-02 8.199499000e-01 8.797181000e-01 
9.579502000e-01 2.251379000e-01 6.595374000e-01 
2.343381000e-02 4.758474000e-01 1.157227000e+00 
7.192070000e-01 9.264714000e-01 1.686690000e-01 
6.851219000e-01 8.803656000e-01 4.760125000e-01 
4.663160000e-03 9.548941000e-01 7.546795000e-01 
3.439417000e-03 6.197852000e-01 1.033266000e+00 
9.455773000e-01 6.251591000e-01 4.710293000e-01 
1.898010000e-03 1.081496000e+00 6.792295000e-01 
2.861030000e-03 6.366761000e-01 1.045370000e+00 
4.286809000e-01 3.042787000e-01 1.103222000e+00 
7.730061000e-01 4.650017000e-01 8.588089000e-01 
7.297115000e-01 9.394499000e-01 6.046357000e-02 
1.901411000e+00 1.797434000e-03 9.222271000e-03 
6.748293000e-01 9.061712000e-01 5.203076000e-01 
9.650072000e-01 7.185285000e-01 3.638950000e-02 
4.961789000e-01 1.088267000e+00 1.502056000e-02 
4.078609000e-01 5.736767000e-01 9.718892000e-01 
3.644860000e-01 4.672568000e-01 1.062511000e+00 
3.584349000e-02 5.633443000e-01 1.091564000e+00 
6.528464000e-01 7.731474000e-03 9.813995000e-01 
7.385687000e-02 1.043795000e+00 6.023196000e-01 
2.206743000e-02 5.214385000e-01 1.108174000e+00 
5.335687000e-02 6.750489000e-01 9.796442000e-01 
9.946981000e-01 6.744804000e-01 4.760476000e-02 
1.110690000e+00 7.715975000e-02 6.024138000e-01 
6.686519000e-01 8.824750000e-01 5.735163000e-01 
5.391920000e-05 3.326057000e-05 1.308313000e+00 
3.581403000e-03 1.175612000e+00 4.416681000e-01 
9.701096000e-01 1.036958000e-02 7.963805000e-01 
5.493714000e-04 1.286465000e+00 6.234950000e-03 
8.755532000e-01 2.622104000e-01 7.833225000e-01 
7.329017000e-01 8.696989000e-01 4.696062000e-01 
2.189226000e-01 1.038335000e+00 6.388283000e-01 
3.106128000e-02 2.182659000e+00 2.093716000e-05 
9.848479000e-06 5.765023000e-03 1.394635000e+00 
6.466325000e-01 4.286013000e-01 9.350219000e-01 
1.150765000e+00 2.797007000e-01 3.397986000e-02 
6.150985000e-03 6.032748000e-01 1.101088000e+00 
1.068381000e+00 5.970272000e-01 1.102120000e-02 
1.241539000e+00 1.350020000e-02 1.123657000e-02 
8.391860000e-01 4.160833000e-01 7.956644000e-01 
5.484939000e-01 1.691258000e-01 1.090645000e+00 
6.079585000e-01 7.743271000e-01 7.114910000e-01 
1.235796000e+00 5.118518000e-02 2.273340000e-02 
1.972964000e-05 8.817257000e-04 2.096404000e+00 
9.497848000e-01 6.152180000e-01 4.626774000e-01 
8.606110000e-01 8.714332000e-01 1.790477000e-02 
9.248766000e-01 5.032145000e-01 5.998600000e-01 
6.563130000e-01 8.620877000e-01 5.866659000e-01 
7.861084000e-04 9.436665000e-01 8.203467000e-01 
6.150146000e-03 9.202887000e-01 8.013721000e-01 
4.431800000e-01 6.918905000e-01 9.086373000e-01 
8.221935000e-01 4.169485000e-01 7.793386000e-01 
1.052198000e+00 2.676159000e-01 4.936385000e-01 
2.124999000e+00 1.025881000e-03 9.803959000e-03 
1.540294000e-03 8.201678000e-01 9.219626000e-01 
8.279941000e-01 8.240337000e-01 4.940221000e-01 
8.111467000e-01 4.193459000e-01 7.679167000e-01 
7.054108000e-01 1.410761000e-03 1.061873000e+00 
9.373693000e-01 8.462757000e-02 7.958840000e-01 
4.539394000e-01 2.992536000e-01 1.081108000e+00 
2.924788000e-02 1.118276000e+00 4.827229000e-01 
3.898236000e-04 1.227950000e+00 1.126249000e-02 
1.776206000e-04 1.226416000e+00 5.167255000e-01 
1.041075000e+00 6.587461000e-01 2.478964000e-02 
8.801615000e-01 4.857531000e-01 7.097531000e-01 
1.852788000e-02 8.832362000e-01 8.215952000e-01 
5.752858000e-01 3.463288000e-01 1.035317000e+00 
8.970498000e-01 2.707549000e-01 7.707582000e-01 
2.711605000e-01 3.651018000e-01 1.161143000e+00 
1.291516000e+00 2.121459000e-02 7.880644000e-04 
2.224915000e-03 6.588517000e-01 1.037428000e+00 
7.471403000e-01 9.540608000e-01 4.500690000e-02 
8.182944000e-01 8.300799000e-01 4.884042000e-01 
7.332457000e-01 1.058018000e+00 1.385764000e-02 
1.090465000e+00 6.486379000e-01 2.442204000e-06 
3.524154000e-01 4.040286000e-01 1.118254000e+00 
9.367074000e-01 5.315778000e-02 8.299501000e-01 
5.121874000e-01 9.688791000e-01 6.665731000e-01 
1.569000000e-02 8.339160000e-01 8.892864000e-01 
1.218390000e+00 1.687573000e-02 4.807171000e-01 
1.325763000e-03 7.042113000e-01 1.012591000e+00 
4.005293000e-01 7.148973000e-01 9.241690000e-01 
9.771861000e-01 6.997252000e-01 2.113537000e-03 
7.120582000e-01 9.456331000e-01 5.404248000e-02 
2.341587000e-03 1.127231000e+00 4.814693000e-01 
1.405932000e-02 1.215016000e+00 1.088746000e-02 
8.144923000e-01 8.747276000e-01 8.218437000e-02 
4.364163000e-01 5.300255000e-01 1.033187000e+00 
1.956375000e+00 9.832746000e-04 7.176227000e-02 
2.981628000e-01 3.575133000e-01 1.128462000e+00 
8.882191000e-01 8.087895000e-01 5.178053000e-01 
9.971334000e-01 6.792060000e-01 8.363280000e-06 
1.036610000e+00 4.221732000e-04 7.222570000e-01 
9.823644000e-01 7.606946000e-01 1.796637000e-03 
3.915805000e-01 7.101882000e-01 9.273933000e-01 
1.104264000e+00 1.905203000e-01 4.402362000e-01 
1.006882000e-03 1.318085000e+00 8.380033000e-04 
7.505529000e-01 9.749589000e-01 1.488681000e-02 
7.032711000e-01 4.196123000e-03 1.034860000e+00 
4.291688000e-04 1.861656000e-05 1.681432000e+00 
1.064930000e+00 6.286704000e-01 9.980703000e-03 
5.343202000e-01 1.765636000e-02 1.127274000e+00 
1.142769000e+00 2.327397000e-01 3.592722000e-02 
5.279615000e-01 3.204623000e-02 1.161267000e+00 
9.632447000e-02 1.130672000e+00 4.152879000e-01 
6.271739000e-04 8.342905000e-01 1.198893000e+00 
1.074988000e+00 2.872200000e-01 4.607800000e-01 
9.959237000e-01 3.107673000e-01 5.978194000e-01 
6.112271000e-01 7.811362000e-01 7.047362000e-01 
6.896767000e-01 1.061432000e+00 1.303175000e-02 
1.281477000e+00 2.560353000e-02 1.191151000e-03 
4.138358000e-02 1.194753000e+00 1.397380000e-02 
5.682864000e-01 2.944786000e-01 1.038094000e+00 
8.248377000e-01 8.699702000e-01 1.772334000e-01 
4.826615000e-01 6.465316000e-01 9.133913000e-01 
1.113824000e+00 1.503187000e-01 4.899704000e-01 
5.577012000e-01 6.846316000e-01 8.269396000e-01 
7.424947000e-01 9.915183000e-01 2.563092000e-03 
7.839473000e-01 2.156064000e-01 9.119532000e-01 
7.072114000e-01 1.061636000e+00 9.318831000e-03 
4.662066000e-01 9.780404000e-01 7.302255000e-01 
2.056577000e-02 4.861291000e-01 1.144134000e+00 
3.517663000e-01 4.221249000e-01 1.101518000e+00 
3.597636000e-01 4.034340000e-01 1.122483000e+00 
1.059314000e+00 2.714206000e-03 6.254483000e-01 
7.938238000e-01 9.626128000e-01 3.189145000e-02 
1.015906000e+00 5.046304000e-01 5.232249000e-01 
3.352863000e-02 1.133933000e+00 4.727568000e-01 
6.537582000e-01 9.376986000e-01 4.834649000e-01 
4.205794000e-01 8.349237000e-01 8.163373000e-01 
7.047326000e-01 9.364602000e-01 1.623748000e-01 
2.441849000e-01 4.372594000e-01 1.063920000e+00 
4.870376000e-01 8.015440000e-01 7.691703000e-01 
1.370862000e-03 1.224775000e+00 4.748108000e-01 
7.648032000e-01 9.856222000e-01 4.305698000e-03 
1.265872000e+00 2.512020000e-03 1.347298000e-02 
9.844414000e-02 9.314235000e-01 7.949172000e-01 
1.289011000e+00 3.606418000e-02 2.284605000e-05 
8.262046000e-01 2.933907000e-02 9.496860000e-01 
8.069370000e-01 4.807537000e-01 7.926353000e-01 
3.306156000e-01 5.678417000e-01 9.961272000e-01 
4.175953000e-01 8.891677000e-01 7.307550000e-01 
5.818852000e-01 1.038597000e+00 1.784410000e-01 
1.223531000e+00 2.206458000e-03 2.520460000e-02 
1.600654000e+00 5.928945000e-04 1.409975000e-01 
6.600461000e-01 1.644607000e-01 9.758195000e-01 
1.057757000e+00 1.048304000e-01 6.468248000e-01 
4.743330000e-01 5.314825000e-01 9.928376000e-01 
9.182848000e-03 8.995095000e-01 8.637269000e-01 
8.049997000e-01 4.470682000e-01 8.742336000e-01 
7.282799000e-01 9.441906000e-01 7.221687000e-02 
2.219790000e-01 4.094668000e-01 1.130169000e+00 
1.030950000e+00 6.005137000e-02 6.826773000e-01 
4.870920000e-05 6.274631000e-02 1.358598000e+00 
2.320190000e-02 4.801207000e-01 1.167811000e+00 
1.005313000e+00 1.644915000e-02 6.859609000e-01 
8.553579000e-01 8.060011000e-01 5.501266000e-01 
1.033831000e+00 5.042622000e-01 4.793881000e-01 
5.473502000e-01 1.090200000e+00 1.379423000e-02 
1.188204000e+00 2.590192000e-02 3.170005000e-02 
5.244810000e-01 1.117521000e+00 1.245930000e-02 
1.085053000e-03 1.193790000e+00 5.174064000e-01 
1.129684000e+00 6.524365000e-02 4.327437000e-01 
4.843113000e-01 1.109855000e+00 7.398929000e-02 
1.480463000e-01 6.736290000e-01 1.015623000e+00 
1.047702000e+00 5.765313000e-01 1.254639000e-02 
6.858679000e-01 7.165521000e-01 6.609480000e-01 
2.956250000e-03 2.781287000e-02 1.207097000e+00 
7.181964000e-01 7.633341000e-01 6.488506000e-01 
7.006259000e-01 4.085852000e-01 9.184163000e-01 
4.559845000e-01 1.034587000e+00 6.103008000e-01 
1.262669000e+00 3.356596000e-03 1.705651000e-02 
1.286383000e+00 6.309435000e-02 5.145718000e-04 
5.269609000e-01 1.122917000e+00 1.237104000e-02 
1.078596000e+00 6.504019000e-01 5.657417000e-04 
1.231369000e+00 6.517833000e-02 1.649880000e-02 
1.261490000e+00 6.288391000e-02 5.801634000e-04 
1.032889000e+00 6.723287000e-01 1.898728000e-02 
5.819130000e-01 1.042672000e+00 1.691592000e-01 
7.621975000e-01 3.980112000e-01 9.197705000e-01 
8.981664000e-01 5.959067000e-01 5.843922000e-01 
9.452819000e-01 5.133645000e-02 7.397679000e-01 
1.733880000e-03 1.173524000e+00 4.562656000e-01 
4.493494000e-02 7.065906000e-01 9.754140000e-01 
1.018065000e+00 1.170228000e-03 7.095129000e-01 
1.828039000e-02 5.895483000e-01 1.056460000e+00 
3.847252000e-01 7.390928000e-01 9.012977000e-01 
1.070636000e+00 5.742979000e-01 3.630520000e-02 
9.586310000e-01 4.800627000e-02 7.698770000e-01 
1.390048000e-03 1.027130000e+00 7.658613000e-01 
4.002593000e-03 1.290374000e+00 2.427285000e-03 
9.839473000e-01 1.755779000e-02 7.494602000e-01 
1.042465000e+00 3.087746000e-01 5.921130000e-01 
8.440533000e-01 7.565540000e-02 8.892349000e-01 
1.196084000e+00 3.735525000e-01 1.840700000e-02 
1.100506000e+00 8.932269000e-03 6.237355000e-01 
7.352007000e-01 3.724620000e-01 9.312891000e-01 
2.975588000e-01 3.922631000e-01 1.150540000e+00 
6.355383000e-01 3.774406000e-02 1.050762000e+00 
9.742111000e-01 5.830444000e-01 4.730964000e-01 
1.020344000e+00 1.593760000e-02 6.960342000e-01 
5.397053000e-03 7.773700000e-01 9.801250000e-01 
1.034400000e+00 1.377343000e-02 7.044388000e-01 
5.217966000e-01 9.903886000e-01 4.759494000e-01 
4.835016000e-01 3.271511000e-01 1.068356000e+00 
6.837689000e-01 8.872054000e-01 5.309353000e-01 
5.032701000e-01 6.754849000e-01 9.109780000e-01 
1.122940000e+00 7.755402000e-02 4.670292000e-01 
9.498143000e-01 5.089215000e-02 7.199511000e-01 
8.746642000e-01 1.908118000e-01 8.250542000e-01 
1.278213000e-02 9.034422000e-01 8.410386000e-01 
6.029733000e-01 1.541240000e-01 9.981964000e-01 
1.306062000e-03 4.329043000e-05 1.293221000e+00 
4.812666000e-01 9.381839000e-01 7.101015000e-01 
7.035648000e-01 1.065401000e+00 4.900672000e-04 
9.770586000e-01 2.168503000e-01 7.178004000e-01 
9.643181000e-01 5.279960000e-01 5.860130000e-01 
1.106945000e-02 1.278100000e+00 1.695208000e-03 
1.079427000e+00 5.714005000e-01 3.058887000e-02 
9.523273000e-01 3.311690000e-01 6.938577000e-01 
7.141200000e-01 4.360358000e-01 9.112743000e-01 
1.112640000e+00 5.948852000e-02 5.899653000e-01 
9.479072000e-01 3.557205000e-02 7.891822000e-01 
2.879910000e-02 8.769980000e-01 8.762074000e-01 
1.237085000e+00 8.998251000e-02 5.690167000e-03 
6.040080000e-01 1.450580000e-01 1.046934000e+00 
4.805416000e-01 8.213557000e-01 7.753228000e-01 
1.216032000e+00 1.870480000e-01 1.370463000e-02 
1.061262000e+00 6.754990000e-01 3.667239000e-03 
7.836406000e-01 2.401599000e-01 9.324251000e-01 
5.060720000e-04 9.438432000e-01 8.261514000e-01 
3.511010000e-01 3.550123000e-01 1.142677000e+00 
4.656187000e-01 1.110186000e-01 1.133054000e+00 
1.280982000e-03 7.062214000e-01 1.012552000e+00 
1.862430000e-02 8.347442000e-01 8.871390000e-01 
7.840290000e-02 5.614308000e-01 1.097730000e+00 
3.601735000e-01 3.775825000e-01 1.127951000e+00 
5.174869000e-01 6.645538000e-01 8.616598000e-01 
1.278788000e+00 3.078958000e-03 1.554182000e-03 
6.765750000e-01 7.483689000e-01 7.118381000e-01 
2.860820000e-03 5.976449000e-01 1.139655000e+00 
7.351846000e-01 9.608759000e-01 4.519162000e-02 
1.560341000e-01 1.183141000e+00 2.940362000e-02 
6.131898000e-01 1.090684000e+00 2.294344000e-04 
1.290559000e+00 1.119713000e-02 8.764523000e-04 
1.095707000e+00 2.638625000e-01 4.610306000e-01 
7.048115000e-03 1.260454000e+00 1.803204000e-03 
6.798545000e-01 9.206436000e-01 4.770651000e-01 
8.722884000e-04 6.437216000e-01 1.056219000e+00 
5.114768000e-01 9.520773000e-01 6.913453000e-01 
4.196117000e-01 4.830816000e-01 1.037540000e+00 
4.329060000e-01 5.325564000e-01 9.824340000e-01 
2.496469000e-01 4.341166000e-01 1.093782000e+00 
2.450713000e-02 3.092505000e-04 1.217200000e+00 
8.448195000e-01 4.214986000e-01 7.175685000e-01 
6.039213000e-01 6.922031000e-01 7.909351000e-01 
8.710956000e-01 7.527253000e-01 5.514788000e-01 
8.281681000e-01 2.171297000e-02 9.333613000e-01 
5.561523000e-01 1.977202000e-01 1.067062000e+00 
1.119130000e+00 1.434838000e-01 4.476904000e-01 
7.881747000e-02 1.151793000e+00 3.971499000e-01 
9.385432000e-01 2.057043000e-02 8.086206000e-01 
9.277861000e-01 5.024869000e-01 6.171691000e-01 
8.882051000e-01 9.797018000e-03 8.972176000e-01 
1.882258000e-02 1.192090000e+00 4.061761000e-02 
4.143433000e-01 2.254712000e-01 1.117068000e+00 
8.332243000e-01 7.944179000e-01 6.126482000e-01 
3.627605000e-01 3.845688000e-01 1.106334000e+00 
6.953766000e-01 8.618006000e-01 5.663634000e-01 
9.510769000e-01 6.021074000e-01 5.563032000e-01 
6.508576000e-02 5.620098000e-01 1.100298000e+00 
5.360205000e-01 9.149498000e-01 6.098547000e-01 
8.893375000e-01 8.109182000e-01 5.138965000e-01 
8.857519000e-04 1.284492000e-01 1.216189000e+00 
6.736628000e-01 6.763587000e-01 8.229302000e-01 
5.214204000e-01 1.017553000e+00 5.531055000e-01 
7.530650000e-03 1.096209000e+00 5.722983000e-01 
6.492161000e-01 1.637153000e-01 9.968359000e-01 
9.003236000e-01 2.392775000e-01 7.854528000e-01 
7.106282000e-01 8.698006000e-01 4.805147000e-01 
9.806802000e-04 7.235041000e-05 1.249218000e+00 
6.494487000e-01 8.330197000e-01 6.420480000e-01 
1.820230000e-02 8.249877000e-01 8.912833000e-01 
6.985128000e-01 9.767368000e-01 1.631018000e-01 
9.411429000e-01 6.240894000e-02 7.423283000e-01 
5.752596000e-01 1.045270000e+00 1.925660000e-01 
1.347561000e-03 6.107926000e-01 1.071420000e+00 
3.483734000e-03 7.755455000e-01 1.003306000e+00 
9.949764000e-01 5.769832000e-01 5.087626000e-01 
9.667880000e-01 5.873107000e-01 4.702559000e-01 
7.669240000e-01 4.826052000e-03 9.699064000e-01 
1.001549000e+00 2.691778000e-02 7.163359000e-01 
5.008825000e-01 7.868412000e-01 7.632376000e-01 
6.990032000e-01 7.319544000e-03 1.061862000e+00 
1.186521000e+00 3.624188000e-01 1.888995000e-02 
7.436703000e-01 1.517893000e-01 9.790502000e-01 
4.421328000e-01 7.268426000e-01 8.823372000e-01 
9.313011000e-01 5.098739000e-01 5.938557000e-01 
1.011804000e+00 6.656844000e-01 3.810514000e-02 
2.807503000e-03 1.056417000e+00 6.068354000e-01 
8.920297000e-01 1.214838000e-01 8.495174000e-01 
2.761484000e-04 7.407112000e-03 1.219520000e+00 
1.592646000e-02 1.238071000e+00 4.475902000e-03 
1.088493000e+00 5.766969000e-01 7.012072000e-03 
4.962331000e-01 1.094061000e+00 1.404168000e-02 
1.181539000e-01 9.202326000e-01 7.968203000e-01 
5.864197000e-01 3.014429000e-01 1.036371000e+00 
8.503284000e-01 2.643065000e-02 8.850684000e-01 
1.224631000e-02 8.828587000e-01 8.815537000e-01 
5.750882000e-01 7.438725000e-01 8.242536000e-01 
1.022192000e+00 5.129009000e-01 4.775570000e-01 
8.062379000e-01 2.112389000e-01 9.128231000e-01 
5.041309000e-02 9.970679000e-01 6.627035000e-01 
1.183555000e-01 1.126812000e+00 4.408994000e-01 
7.796595000e-02 1.246247000e+00 4.520955000e-04 
1.147429000e+00 2.484165000e-03 5.609548000e-01 
7.957064000e-03 1.102039000e+00 5.220716000e-01 
7.540478000e-01 5.093258000e-01 8.319851000e-01 
5.024127000e-02 9.861858000e-01 7.094185000e-01 
1.009721000e+00 2.634243000e-01 6.396995000e-01 
8.235412000e-01 8.803409000e-01 7.966956000e-04 
8.997310000e-01 8.706893000e-03 8.427741000e-01 
4.786543000e-01 5.835496000e-01 9.542994000e-01 
2.098082000e-02 6.019118000e-01 1.055705000e+00 
7.506998000e-01 8.805972000e-01 3.922919000e-01 
1.681667000e-01 3.923577000e-02 1.171370000e+00 
1.003713000e+00 2.184235000e-01 6.489668000e-01 
8.626304000e-01 6.132051000e-01 6.059407000e-01 
7.772293000e-01 5.192471000e-01 8.226828000e-01 
1.199993000e+00 3.253240000e-01 4.855687000e-03 
6.902959000e-01 7.151666000e-01 7.683712000e-01 
1.024270000e+00 6.252033000e-01 4.125576000e-02 
9.555887000e-02 9.467302000e-01 7.368974000e-01 
5.106521000e-01 1.100831000e-01 1.110027000e+00 
5.324561000e-01 6.004705000e-01 8.995573000e-01 
3.776265000e-01 7.923312000e-01 8.319850000e-01 
5.028097000e-02 1.121077000e+00 4.510662000e-01 
5.169181000e-02 1.201868000e+00 1.014874000e-03 
1.690384000e-02 1.149783000e+00 4.659072000e-01 
8.120476000e-01 9.023116000e-01 6.959462000e-04 
4.590515000e-01 4.780739000e-01 1.002931000e+00 
5.659753000e-01 1.066215000e+00 3.957852000e-04 
9.998140000e-01 5.374489000e-01 4.576972000e-01 
8.983841000e-01 1.692992000e-01 8.013377000e-01 
1.103582000e+00 4.826260000e-01 2.256327000e-02 
1.247501000e+00 2.214469000e-02 3.064904000e-03 
6.014118000e-01 9.443620000e-01 4.853882000e-01 
5.445494000e-01 9.400521000e-01 5.937798000e-01 
6.104107000e-01 1.041595000e+00 4.381839000e-02 
9.823215000e-01 4.514185000e-02 6.908405000e-01 
2.040787000e-02 9.863574000e-01 7.370995000e-01 
1.730614000e-02 4.977448000e-01 1.135346000e+00 
3.446258000e-02 9.988508000e-01 6.948718000e-01 
1.798667000e-01 3.444119000e-02 1.192614000e+00 
7.807348000e-01 8.961640000e-01 6.728796000e-02 
9.275605000e-01 1.678537000e-01 7.327398000e-01 
1.501674000e-03 6.742132000e-01 1.013391000e+00 
1.587958000e-02 8.597475000e-01 8.797672000e-01 
3.549068000e-01 5.485502000e-01 1.005922000e+00 

