9.422434000e-01 1.990677000e-01 1.544963000e+00 
8.975901000e-03 2.475234000e+00 2.357114000e-02 
3.941262000e-04 7.815046000e-03 1.869778000e+00 
2.110512000e-01 2.073259000e+00 1.314003000e-03 
2.139267000e+00 4.859401000e-04 3.724379000e-02 
5.846874000e-01 1.208024000e+00 1.218289000e+00 
3.880953000e-03 1.783588000e+00 4.137617000e-01 
6.394810000e-01 9.484688000e-01 1.405058000e+00 
1.062803000e+00 1.842738000e-02 1.649467000e+00 
6.404550000e-01 5.773321000e-01 1.628147000e+00 
2.656077000e-02 1.835691000e+00 2.706054000e-02 
1.678522000e+00 2.051197000e-01 7.190113000e-01 
1.354618000e+00 1.186637000e+00 1.363174000e-02 
1.758268000e+00 3.875073000e-02 8.697284000e-01 
1.135082000e-02 1.678320000e-03 2.007778000e+00 
1.982382000e+00 5.387881000e-03 6.659107000e-03 
9.029893000e-01 2.866294000e-01 1.514472000e+00 
1.325006000e+00 1.310965000e-01 1.124639000e+00 
6.260990000e-02 3.429230000e-03 1.946791000e+00 
5.574966000e-02 1.812653000e+00 3.895570000e-02 
4.383787000e-04 1.134691000e+00 1.741063000e+00 
3.190603000e-03 1.856175000e+00 4.212940000e-01 
5.736711000e-01 6.011998000e-01 1.462728000e+00 
3.585117000e-02 1.964430000e-03 1.992884000e+00 
1.283922000e-02 1.330176000e+00 1.630460000e+00 
1.783598000e-01 1.842683000e+00 7.536669000e-03 
1.500240000e-02 2.470125000e+00 3.517924000e-03 
7.402931000e-04 2.162183000e+00 3.947870000e-02 
9.034518000e-01 1.581690000e+00 6.454230000e-02 
6.926490000e-01 1.636424000e+00 3.132082000e-02 
6.714862000e-02 5.962620000e-03 1.942785000e+00 
1.328168000e+00 1.293226000e-01 1.126352000e+00 
6.540034000e-01 5.974107000e-01 1.626715000e+00 
6.549717000e-02 2.014363000e+00 9.750781000e-03 
1.915011000e+00 9.036560000e-02 4.198176000e-04 
1.338644000e+00 1.202875000e+00 2.114939000e-02 
1.174394000e+00 1.066448000e+00 8.014574000e-01 
7.762762000e-02 2.318696000e+00 5.397774000e-03 
1.046398000e-02 2.597583000e+00 2.093876000e-02 
5.922915000e-01 1.191171000e+00 1.188224000e+00 
1.137292000e+00 8.155901000e-01 1.264453000e+00 
1.377266000e+00 9.037435000e-01 8.283532000e-01 
4.816552000e-05 3.908182000e-04 2.046646000e+00 
1.038796000e-01 4.942421000e+00 4.928849000e-06 
2.371853000e-02 1.680085000e+00 6.937786000e-01 
9.087510000e-01 1.365266000e-01 1.631171000e+00 
1.028681000e-01 1.298403000e+00 1.175332000e+00 
4.798081000e-02 1.974826000e+00 1.055949000e-02 
5.389643000e-02 2.303874000e-01 1.645279000e+00 
1.025919000e-02 6.923903000e-05 2.733046000e+00 
6.053257000e-03 2.715435000e-04 7.494658000e+00 
2.743166000e-02 3.006341000e+00 1.470656000e-03 
1.550816000e+00 8.344801000e-02 1.137675000e+00 
3.510985000e-02 3.301218000e-01 1.841512000e+00 
1.907204000e-01 9.426505000e-01 1.443121000e+00 
7.084821000e-03 1.352042000e+00 1.647982000e+00 
2.931517000e-02 2.262517000e+00 1.003029000e-02 
6.917952000e-01 1.335002000e+00 1.112655000e+00 
8.260034000e-01 1.631772000e+00 2.846055000e-02 
9.518717000e-01 1.754738000e-01 1.546849000e+00 
1.256017000e-01 4.510314000e+00 6.052033000e-04 
1.014216000e+00 9.648278000e-01 1.274711000e+00 
9.213938000e-01 4.695292000e-03 1.741223000e+00 
1.479234000e-01 8.759519000e-01 1.527506000e+00 
9.309783000e-01 1.857174000e-01 1.578469000e+00 
1.859474000e+00 2.330302000e-01 9.354811000e-03 
2.525519000e-02 1.056317000e+00 1.455139000e+00 
8.601791000e-06 4.096035000e-04 4.025180000e+00 
3.630161000e-02 9.482646000e-01 1.573893000e+00 
1.821249000e+00 2.376219000e-02 2.758324000e-02 
1.081563000e+00 1.744609000e+00 1.017109000e-02 
1.098685000e-01 9.741415000e-01 1.539018000e+00 
9.324742000e-03 1.308170000e+00 1.666359000e+00 
1.272149000e+00 2.013823000e-01 1.149271000e+00 
2.509037000e-01 2.439753000e-02 1.728471000e+00 
1.573974000e+00 1.034163000e+00 6.498883000e-03 
1.402373000e+00 3.834543000e-03 1.263866000e+00 
1.268355000e+00 1.211192000e+00 1.794105000e-02 
1.110499000e+00 9.101628000e-01 1.257970000e+00 
1.301941000e+00 6.457459000e-03 1.182773000e+00 
1.253893000e-02 2.937532000e+00 8.180541000e-03 
8.421108000e-02 1.444527000e+00 1.069022000e+00 
1.043261000e+00 9.420262000e-01 1.257063000e+00 
1.484604000e+00 1.258261000e+00 8.234536000e-03 
2.232855000e-02 2.156165000e+00 1.192404000e-01 
9.233512000e-01 9.946153000e-01 1.141448000e+00 
1.213485000e+00 1.300296000e+00 7.457924000e-03 
1.390242000e+00 1.845308000e-01 1.077073000e+00 
2.478696000e-01 3.227074000e-02 1.817319000e+00 
8.217174000e-01 7.440162000e-01 1.418241000e+00 
7.588016000e-03 1.305545000e+00 1.673208000e+00 
8.919262000e-01 3.031046000e-02 1.728405000e+00 
1.887326000e-02 3.596492000e-03 1.969985000e+00 
2.821513000e+00 1.836126000e-01 2.272096000e-04 
1.422200000e+00 1.213454000e+00 8.865693000e-03 
1.948356000e-02 2.166908000e+00 1.863226000e-02 
8.379747000e-02 1.386073000e+00 1.210365000e+00 
1.818224000e+00 1.034324000e-01 2.352221000e-02 
7.832918000e-02 2.179811000e+00 3.513521000e-03 
2.685890000e-01 1.403420000e+00 1.096357000e+00 
1.632749000e+00 2.132409000e-01 6.582377000e-01 
2.653523000e-02 1.451477000e+00 1.065491000e+00 
3.386955000e-01 1.730847000e+00 6.018069000e-02 
1.992386000e-02 1.087397000e+00 1.424203000e+00 
1.024255000e+00 9.293396000e-01 1.341103000e+00 
1.311417000e+00 1.171326000e+00 2.285968000e-02 
6.268678000e-02 1.398745000e+00 1.207762000e+00 
6.697623000e-03 6.876628000e-01 1.797576000e+00 
9.691668000e-01 1.429065000e+00 2.432035000e-02 
1.214591000e+00 1.023309000e+00 1.027095000e+00 
2.485462000e-02 1.912019000e+00 1.239584000e-02 
2.428711000e-01 1.644797000e+00 7.750469000e-01 
1.084258000e+00 4.442463000e-03 1.398254000e+00 
1.254911000e+00 1.118658000e+00 3.632164000e-02 
1.823378000e+00 7.002304000e-02 2.637326000e-02 
1.306231000e+00 1.485077000e-01 1.092672000e+00 
5.944259000e-01 1.857144000e+00 1.537108000e-04 
1.183947000e+00 1.046180000e+00 1.091602000e+00 
1.102626000e-01 9.478302000e-01 1.486034000e+00 
1.203872000e+00 1.085827000e+00 6.812528000e-01 
1.007276000e+00 4.528863000e-02 1.343254000e+00 
2.008652000e+00 8.904737000e-04 1.895086000e-01 
2.128684000e-01 6.586712000e-02 1.842429000e+00 
2.228033000e-01 1.319395000e+00 1.117675000e+00 
2.147816000e+00 1.215821000e-04 2.013046000e-02 
3.576216000e-03 1.810762000e+00 4.301897000e-01 
1.035863000e+00 1.530675000e+00 1.299265000e-02 
1.522607000e-01 1.349237000e+00 1.138964000e+00 
9.025935000e-01 1.770115000e-01 1.607653000e+00 
1.293170000e+00 1.431990000e-01 1.178383000e+00 
1.468361000e-01 2.020915000e-01 1.821828000e+00 
1.448769000e+00 1.079042000e+00 2.277690000e-02 
7.019884000e-01 1.757294000e+00 4.538403000e-04 
8.956324000e-01 1.757157000e-02 1.673326000e+00 
4.149969000e-02 1.208816000e+00 1.284878000e+00 
1.878146000e+00 6.586958000e-02 2.700405000e-02 
1.900624000e+00 2.126537000e-02 9.456348000e-02 
1.407043000e-02 1.062681000e+00 1.488647000e+00 
7.869491000e-02 3.159205000e-03 1.873494000e+00 
4.220139000e-02 8.462525000e-01 1.660218000e+00 
1.730950000e+00 4.944379000e-02 3.519394000e-02 
3.166134000e-03 3.348866000e-02 1.848469000e+00 
6.197243000e-02 1.745359000e+00 4.102494000e-01 
1.157455000e+00 1.207428000e+00 7.338712000e-02 
3.488269000e-02 9.344934000e-01 1.636044000e+00 
9.463461000e-01 4.000317000e-02 1.565634000e+00 
1.537049000e-02 3.632817000e-01 1.795242000e+00 
8.572393000e-02 1.863152000e+00 9.346465000e-03 
1.781448000e+00 3.276332000e-01 1.936095000e-02 
6.842467000e-01 1.607300000e+00 4.972608000e-02 
1.069442000e-01 8.277604000e-01 1.641383000e+00 
7.457060000e-01 1.037005000e+00 1.134050000e+00 
1.887463000e-01 9.676510000e-01 1.437205000e+00 
2.846543000e-01 1.628486000e+00 7.354331000e-01 

6.924328000e-02 1.222371000e+00 1.291752000e+00 
1.511641000e+00 2.335459000e-01 1.088667000e+00 
6.924328000e-02 1.222371000e+00 1.291752000e+00 
2.335012000e-03 1.131282000e+00 1.527648000e+00 
1.892637000e+00 4.229412000e-01 2.609735000e-02 
1.872673000e+00 1.284319000e-01 4.629706000e-02 
1.916107000e+00 1.207861000e-02 8.916068000e-03 
1.331954000e+00 1.305424000e-03 1.342233000e+00 
1.143089000e+00 1.114247000e+00 1.855374000e-01 
1.018949000e+00 1.611330000e+00 3.584654000e-02 
1.615757000e+00 6.631175000e-02 6.985933000e-01 
1.538355000e+00 1.655933000e-01 1.160105000e+00 
1.886438000e-03 3.889293000e-06 1.945847000e+00 
1.869793000e+00 1.934288000e-01 7.762729000e-02 
1.352380000e+00 2.701862000e-01 1.176906000e+00 
3.098821000e-02 1.477612000e+00 1.157954000e+00 
1.715983000e-02 2.350865000e+00 1.021514000e-03 
6.703635000e-02 1.647833000e+00 6.505384000e-01 
7.143076000e-02 2.380718000e+00 8.170179000e-04 
2.142151000e+00 2.280233000e-01 6.034394000e-04 
8.080985000e-01 1.058587000e+00 1.345580000e+00 
1.638505000e+00 9.990579000e-04 1.591271000e+00 
3.189889000e-02 1.491813000e+00 1.150394000e+00 
1.147526000e+00 5.639098000e-01 1.080077000e+00 
1.739184000e+00 9.310667000e-02 9.933008000e-02 
6.424947000e-02 1.744927000e+00 1.132359000e-01 
1.642562000e+00 7.657765000e-01 2.341875000e-01 
1.063904000e+00 1.645216000e+00 1.857125000e-02 
1.898833000e+00 1.143563000e-01 4.064651000e-02 
1.188206000e+00 2.553510000e-01 1.309607000e+00 
2.000158000e+00 3.586539000e-01 3.855329000e-03 
4.032646000e-01 2.098462000e+00 3.848015000e-04 
7.113743000e-02 1.778148000e+00 1.204724000e-02 
1.394933000e+00 3.085625000e-02 1.186906000e+00 
5.260591000e-02 1.278352000e+00 1.134314000e+00 
3.194519000e-04 1.458578000e-01 1.818607000e+00 
2.489912000e+00 3.946161000e-03 7.222181000e-04 
2.177298000e+00 3.953373000e-02 4.656459000e-03 
2.341504000e+00 1.444646000e-02 2.566954000e-03 
1.116119000e+00 1.647967000e-02 1.679930000e+00 
2.246097000e+00 1.692076000e-01 3.298267000e-03 
1.684251000e-03 1.746104000e+00 4.077154000e-02 
1.919489000e-02 1.612661000e+00 7.448051000e-01 
1.880236000e+00 3.109833000e-02 8.012942000e-02 
1.908168000e+00 4.767921000e-01 1.397197000e-02 
1.104397000e+00 1.685910000e+00 3.438499000e-03 
1.165254000e+00 1.665321000e-02 1.667737000e+00 
1.022061000e+00 9.824189000e-01 1.184577000e+00 
1.513235000e-03 7.261963000e-01 1.690891000e+00 
1.017996000e-04 5.627434000e-02 4.926456000e+00 
1.657596000e+00 2.650635000e-01 2.236353000e-01 
7.670433000e-05 5.809128000e-02 6.517648000e+00 
2.059764000e+00 3.850490000e-03 1.258109000e-02 
3.207538000e-03 1.511012000e+00 1.210663000e+00 
2.043919000e+00 3.580449000e-01 5.930087000e-03 
1.129649000e+00 1.582572000e+00 2.023288000e-02 
1.350124000e+00 1.182866000e+00 9.156182000e-02 
8.311331000e-01 8.175002000e-01 1.194878000e+00 
1.303010000e+00 1.985373000e-03 1.237987000e+00 
1.674486000e+00 6.889607000e-01 2.651210000e-02 
1.156112000e-02 1.444597000e-01 1.749155000e+00 
6.502645000e-02 1.851093000e+00 3.523785000e-02 
1.919489000e-02 1.612661000e+00 7.448051000e-01 
1.574775000e-01 7.595089000e+00 5.467950000e-04 
3.289406000e-02 1.465671000e+00 1.074191000e+00 
3.450014000e-02 1.449465000e+00 1.154030000e+00 
1.911512000e+00 1.476280000e-02 1.129971000e-01 
4.291163000e-03 1.454329000e+00 1.205918000e+00 
1.676008000e-03 6.127741000e+00 1.067854000e-01 
6.920362000e-02 1.242342000e+00 1.267078000e+00 
6.476816000e-02 1.533423000e+00 8.003254000e-01 
1.518100000e+00 1.232690000e+00 4.943606000e-02 
1.570577000e-01 9.301219000e-01 1.451194000e+00 
6.653941000e-02 7.164708000e-02 1.726527000e+00 
1.488698000e-03 3.649573000e+00 4.039208000e-01 
6.533672000e-02 1.585082000e+00 7.567176000e-01 
1.046931000e+00 1.588325000e+00 1.255271000e-01 
3.926768000e-01 2.352085000e-03 1.737025000e+00 
9.740258000e-01 1.054176000e-01 1.499929000e+00 
7.822973000e-01 1.287870000e-01 1.722901000e+00 
1.102379000e-03 7.456286000e-03 1.807948000e+00 
3.899263000e-02 1.219726000e+00 1.312837000e+00 
1.901964000e+00 7.394037000e-02 2.303555000e-02 
1.633878000e+00 1.051043000e-01 6.523171000e-01 
1.869624000e+00 8.623779000e-01 1.101459000e-02 
3.911717000e-01 2.059308000e+00 4.166888000e-04 
2.037707000e+00 3.572422000e-03 7.111219000e-02 
1.731058000e-02 2.326691000e+00 1.365424000e-02 
3.046537000e-01 1.825210000e+00 8.705403000e-03 
1.169460000e+00 9.642572000e-02 1.441998000e+00 
1.247433000e+00 1.102016000e+00 1.172546000e-01 
1.114214000e+00 1.087366000e+00 6.716717000e-01 
1.761212000e+00 7.168667000e-02 2.029079000e-01 
1.016536000e-02 6.026738000e-02 1.793684000e+00 
1.158672000e+00 1.006842000e+00 8.127006000e-01 
1.360249000e+00 6.005876000e-02 1.185766000e+00 
2.713448000e+00 7.125943000e-04 2.569167000e-03 
2.620147000e+00 1.714216000e-03 2.656550000e-02 
1.946438000e+00 8.327809000e-03 6.814957000e-01 
1.256710000e-01 2.399369000e-02 1.795449000e+00 
1.658889000e+00 6.693574000e-01 2.123302000e-01 
1.694174000e+00 4.684925000e-02 6.900916000e-01 
1.154882000e-01 1.596339000e+00 6.162820000e-01 
1.892869000e+00 1.315413000e-01 4.055535000e-02 
2.221769000e-02 2.253330000e+00 1.147826000e-02 
9.022590000e-01 7.722218000e-01 1.533505000e+00 
8.279141000e-01 7.804614000e-01 1.295711000e+00 
1.817071000e+00 8.098690000e-03 1.074152000e+00 
1.189846000e+00 1.278971000e+00 2.885402000e-03 
1.469088000e-02 3.540879000e-01 1.655918000e+00 
2.384699000e+00 1.159148000e-01 7.330270000e-04 
9.862281000e-01 1.927535000e-02 1.529052000e+00 
1.358008000e-02 2.421997000e+00 7.378438000e-03 
2.277416000e+00 1.868631000e-01 1.866354000e-03 
1.376832000e-01 1.241176000e+00 1.077761000e+00 
1.825495000e+00 3.641626000e-02 7.574212000e-01 
1.716552000e+00 1.496897000e+00 6.798252000e-04 
3.956753000e-02 1.383731000e+00 1.013518000e+00 
1.342240000e+00 1.240489000e+00 9.728831000e-02 
1.157033000e+00 1.069285000e+00 8.349097000e-01 
1.550492000e+00 2.655275000e-01 6.853476000e-01 
2.583875000e-02 2.114078000e+00 3.609520000e-02 
7.406624000e-01 8.254276000e-01 1.472820000e+00 
1.504781000e+00 1.499520000e+00 1.714949000e-03 
2.927040000e-02 2.015271000e+00 1.722249000e-02 
2.409042000e-01 1.142719000e+00 1.278187000e+00 
1.687868000e+00 6.557461000e-01 2.229557000e-02 
1.336671000e-01 1.626823000e+00 6.071730000e-01 
4.530888000e-03 9.644181000e-02 1.776850000e+00 
1.166140000e+00 1.137912000e+00 1.854604000e-01 
2.229055000e-02 1.584208000e+00 1.166392000e+00 
2.133033000e+00 1.183304000e-03 4.849526000e-02 
1.116143000e+00 1.664957000e+00 3.262956000e-03 
5.426776000e-03 1.077757000e-01 1.770453000e+00 
1.108605000e+00 1.302694000e+00 7.916418000e-01 
2.136655000e+00 1.187572000e-02 9.920069000e-03 
1.837868000e+00 1.967581000e-01 8.659142000e-02 
4.106012000e-02 5.471855000e-03 1.899297000e+00 
2.602762000e-01 1.958440000e+00 1.105289000e-02 
1.584749000e+00 8.141146000e-01 3.929359000e-02 
5.101432000e-04 7.479508000e-05 1.934879000e+00 
3.349844000e-04 2.192214000e-03 1.919607000e+00 
9.123835000e-02 1.649641000e+00 2.198210000e-02 
6.924328000e-02 1.222371000e+00 1.291752000e+00 
9.308777000e-03 1.023509000e+00 1.353216000e+00 
1.192177000e+00 3.856660000e-03 1.190886000e+00 
1.835020000e+00 6.482409000e-02 2.129059000e-01 
1.189304000e+00 1.049024000e-02 1.512677000e+00 
7.744470000e-02 2.040718000e+00 6.917437000e-03 
1.540069000e+00 3.242377000e-02 1.131658000e+00 
1.301300000e+00 1.218344000e-01 1.177160000e+00 
9.871759000e-01 2.336583000e-02 1.466671000e+00 
2.071614000e+00 8.940051000e-02 4.957510000e-03 

5.296693000e-02 1.889795000e+00 3.656916000e-03 
1.734200000e-03 4.327260000e+00 1.105321000e+00 
1.387871000e-01 1.858576000e+00 8.866917000e-03 
1.842047000e+00 1.093166000e+00 2.557182000e-02 
3.297577000e-02 1.557807000e+00 1.337404000e+00 
1.046320000e+00 8.164439000e-01 1.277077000e+00 
1.838868000e+00 2.659167000e-01 3.700505000e-02 
1.381239000e+00 1.022277000e+00 9.066062000e-01 
8.849747000e-04 3.010764000e-02 1.852675000e+00 
1.674838000e+00 1.224282000e-03 1.481624000e+00 
9.793537000e-02 1.792209000e+00 4.229905000e-01 
1.709249000e+00 2.074856000e-01 1.063969000e-01 
3.291405000e-03 2.054782000e+00 1.122505000e-01 
6.728894000e-05 7.068979000e-06 9.406206000e+00 
1.422842000e+00 9.652223000e-01 9.022493000e-01 
1.970682000e+00 2.731536000e-02 1.998855000e-02 
9.725419000e-01 3.236536000e-02 1.538360000e+00 
6.545736000e-02 1.660246000e+00 9.123196000e-01 
8.690373000e-04 6.723563000e+00 1.404192000e+00 
1.024556000e+00 9.441270000e-01 1.335897000e+00 
6.926961000e-02 1.683610000e+00 8.211792000e-01 
1.117963000e-02 1.321252000e+00 1.465345000e+00 
3.037059000e+00 5.065535000e-02 8.913780000e-03 
4.405630000e-05 4.348140000e-04 6.880289000e+00 
1.047603000e+00 1.493177000e-02 1.668275000e+00 
1.313760000e+00 8.975435000e-03 1.747143000e+00 
3.283314000e-02 1.585217000e+00 9.168358000e-01 
2.642776000e+00 3.416526000e-04 1.745770000e-02 
1.450119000e+00 2.053136000e-03 1.262573000e+00 
1.530680000e+00 1.162621000e+00 7.866415000e-02 
1.041566000e-02 2.316106000e-04 3.172374000e+00 
4.721610000e-03 1.697505000e+00 9.743036000e-01 
1.101096000e+00 1.376045000e-01 1.421813000e+00 
1.465281000e+00 1.172343000e+00 4.857833000e-02 
1.162236000e+00 7.307159000e-02 1.471649000e+00 
3.713919000e+00 1.557168000e-01 4.159014000e-03 
1.516262000e+00 1.227103000e+00 2.341217000e-03 
1.400001000e+00 1.214799000e+00 1.264333000e-01 
1.609104000e-02 1.357343000e-03 1.919744000e+00 
1.730412000e+00 2.895599000e-02 9.194204000e-01 
2.701072000e-02 1.277964000e+00 1.506735000e+00 
1.928092000e+00 8.724795000e-03 1.195663000e+00 
5.962630000e-02 1.446457000e+00 1.183738000e+00 
3.227920000e+00 4.560939000e-02 7.926703000e-03 
9.910127000e-03 7.267896000e-04 5.347439000e+00 
1.462595000e+00 7.561160000e-02 1.122581000e+00 
1.059061000e-02 2.171027000e+00 2.553769000e-02 
1.784967000e+00 1.313616000e-02 9.088710000e-01 
1.582663000e+00 1.161357000e+00 1.404480000e-01 
2.660243000e-02 9.619227000e-04 2.028294000e+00 
2.592971000e+00 3.579506000e-01 1.556154000e-03 
1.647410000e+00 1.132356000e+00 1.549071000e-01 
1.966768000e+00 6.517772000e-02 1.753515000e-02 
6.835656000e-02 1.652240000e+00 8.697796000e-01 
1.258666000e+00 1.800431000e+00 3.265459000e-03 
1.351191000e+00 8.939233000e-01 9.269079000e-01 
9.744580000e-01 1.506518000e+00 9.212234000e-01 
3.685493000e+00 6.360931000e-01 1.481823000e-03 
1.551096000e+00 8.495061000e-01 9.383317000e-01 
1.170990000e+00 1.051052000e-02 1.464875000e+00 
3.649618000e-02 1.302259000e+00 1.257793000e+00 
5.125150000e+00 1.453113000e-01 1.721991000e-03 
1.807760000e-02 1.884721000e+00 9.070249000e-01 
1.109351000e-02 8.065557000e-03 2.068218000e+00 
1.966387000e+00 8.988122000e-03 9.937732000e-01 
3.831836000e+00 5.706684000e-01 1.492431000e-03 
2.097342000e-01 2.293486000e+00 7.940680000e-04 
3.251169000e+00 2.424561000e-01 6.446477000e-03 
1.390061000e-01 1.153763000e+00 1.444245000e+00 
1.262858000e+00 9.684166000e-01 9.153410000e-01 
1.246096000e-01 1.621768000e+00 9.035449000e-01 
9.793159000e-04 2.188255000e-02 1.888596000e+00 
1.792068000e+00 1.762077000e+00 2.171771000e-03 
2.429105000e-03 3.038817000e+00 1.668011000e+00 
1.972964000e-05 8.817257000e-04 2.096404000e+00 
4.822974000e-02 1.206206000e+00 1.500334000e+00 
1.522738000e-01 2.040974000e+00 2.476275000e-03 
5.891039000e-02 1.692842000e+00 8.867983000e-01 
2.460386000e-02 2.022482000e+00 1.357905000e-01 
6.626943000e-02 1.622189000e+00 8.914285000e-01 
1.416655000e-02 1.024815000e-02 1.949560000e+00 
1.886229000e-01 1.809639000e+00 3.658610000e-01 
3.373330000e+00 1.458618000e-01 6.438418000e-03 
1.213757000e+00 1.296866000e+00 9.010278000e-01 
2.124999000e+00 1.025881000e-03 9.803959000e-03 
1.436836000e-01 1.150608000e+00 1.546756000e+00 
7.920564000e-01 7.053902000e-01 1.596632000e+00 
3.226826000e-02 1.916841000e+00 4.740887000e-02 
1.072977000e-01 1.274928000e+00 1.484587000e+00 
1.604755000e+00 8.844494000e-02 8.705918000e-01 
1.336870000e+00 5.158481000e-03 1.877269000e+00 
1.606494000e+00 5.088190000e-02 8.930720000e-01 
1.657851000e+00 1.034115000e+00 1.448829000e-01 
1.629089000e+00 5.388340000e-02 8.744694000e-01 
1.239147000e+00 1.268636000e+00 8.769387000e-01 
2.555254000e-02 2.795424000e-03 1.909907000e+00 
5.190467000e-02 1.818707000e+00 1.309354000e-01 
2.582638000e+00 3.557591000e-01 2.742161000e-03 
1.741270000e-02 1.858671000e+00 9.443800000e-01 
1.108860000e-01 1.882976000e+00 7.858135000e-02 
1.884966000e-01 2.114541000e+00 1.708224000e-03 
1.228445000e+00 1.422130000e+00 3.622659000e-02 
1.550011000e+00 1.155222000e+00 1.407666000e-01 
8.113820000e-01 5.304152000e-01 1.597068000e+00 
1.245411000e+00 7.627293000e-01 1.257538000e+00 
7.546063000e-01 8.693273000e-01 1.380724000e+00 
1.417400000e-01 1.698823000e+00 8.062388000e-01 
4.700488000e-02 1.274702000e+00 1.551740000e+00 
1.320123000e+00 1.605598000e-01 1.279104000e+00 
3.972272000e-02 2.195443000e+00 2.528520000e-02 
2.667930000e-02 1.633705000e-04 2.256569000e+00 
1.648026000e+00 1.222395000e+00 7.168573000e-03 
1.233179000e+00 7.866773000e-01 1.379845000e+00 
1.534595000e+00 1.213076000e+00 4.065552000e-02 
2.066415000e+00 9.358434000e-02 9.580999000e-03 
1.661964000e+00 1.014253000e+00 8.307332000e-02 
2.745225000e-02 9.957754000e-01 1.612895000e+00 
1.390616000e+00 4.607823000e-02 1.204250000e+00 
1.453984000e+00 1.782371000e-03 1.265771000e+00 
1.231964000e+00 1.062827000e+00 9.458378000e-01 
7.064146000e-03 1.680033000e+00 9.642491000e-01 
1.722355000e+00 3.181741000e-02 4.815851000e-02 
1.610186000e+00 2.962856000e-02 9.082132000e-01 
1.070317000e-01 9.888836000e-01 1.625797000e+00 
1.938356000e+00 1.124684000e-02 8.168324000e-01 
8.463864000e-01 9.674470000e-01 1.233194000e+00 
4.290283000e-03 2.309483000e+00 4.442636000e-03 
1.359783000e+00 2.715627000e-02 1.312839000e+00 
2.091397000e+00 6.694331000e-03 7.315710000e-02 
1.667136000e-01 1.400862000e+00 1.069156000e+00 
8.065599000e-01 7.476182000e-01 1.432058000e+00 
6.437270000e-01 7.277499000e-01 1.441084000e+00 
1.552035000e+00 6.749647000e-02 9.143282000e-01 
1.219288000e+00 1.319774000e+00 4.959829000e-02 
1.819002000e+00 3.203612000e-01 4.741484000e-02 
1.179818000e-01 1.407800000e+00 1.252860000e+00 
1.883295000e+00 1.098863000e-02 8.673440000e-01 
1.317487000e+00 1.446852000e+00 1.888909000e-02 
8.529385000e-01 9.782422000e-01 1.177035000e+00 
1.167100000e+00 5.263843000e-02 1.494119000e+00 
7.804781000e-01 8.388904000e-01 1.429829000e+00 
1.164763000e+00 1.413409000e+00 1.317861000e-01 
1.953761000e+00 2.125025000e-01 2.144780000e-02 
1.011475000e+00 5.925243000e-01 1.477932000e+00 
2.026587000e+00 6.467259000e-02 1.444474000e-02 

