1.039418000e+00 2.901729000e-02 1.385264000e+00 
8.975901000e-03 2.475234000e+00 2.357114000e-02 
1.294332000e+00 1.186036000e+00 1.396886000e-02 
7.395478000e-01 1.502463000e+00 1.323421000e-01 
2.139267000e+00 4.859401000e-04 3.724379000e-02 
1.027335000e+00 1.524084000e+00 1.804360000e-03 
3.880953000e-03 1.783588000e+00 4.137617000e-01 
1.226798000e+00 1.093631000e+00 2.054121000e-02 
1.003909000e+00 6.925462000e-01 1.097623000e+00 
7.253391000e-01 7.785072000e-01 1.192234000e+00 
7.457060000e-01 1.037005000e+00 1.134050000e+00 
7.948145000e-01 9.384739000e-01 1.093641000e+00 
1.085341000e-01 5.167780000e-03 1.612704000e+00 
3.448736000e-02 9.273420000e-01 1.503705000e+00 
1.531261000e+00 1.231950000e-01 6.709176000e-01 
1.982382000e+00 5.387881000e-03 6.659107000e-03 
7.732654000e-01 9.655963000e-03 1.408978000e+00 
1.334094000e+00 4.070437000e-03 1.211999000e+00 
1.095819000e+00 3.539366000e-03 1.459653000e+00 
1.785711000e+00 3.628949000e-02 6.151289000e-03 
4.383787000e-04 1.134691000e+00 1.741063000e+00 
6.719076000e-01 1.730333000e+00 2.295185000e-04 
5.529493000e-01 1.077812000e+00 1.057346000e+00 
5.459539000e-01 1.516889000e+00 1.073949000e-02 
1.418653000e+00 2.255109000e-01 5.699026000e-01 
1.783598000e-01 1.842683000e+00 7.536669000e-03 
1.500240000e-02 2.470125000e+00 3.517924000e-03 
7.402931000e-04 2.162183000e+00 3.947870000e-02 
1.755438000e+00 6.984134000e-02 3.583366000e-03 
1.035183000e+00 1.212686000e+00 4.959862000e-01 
1.172485000e+00 1.782434000e-01 1.055531000e+00 
9.057125000e-01 8.661722000e-01 1.049312000e+00 
5.822531000e-02 8.817830000e-01 1.463694000e+00 
1.154008000e-04 1.848653000e+00 6.101887000e-02 
1.915011000e+00 9.036560000e-02 4.198176000e-04 
7.575765000e-03 8.641695000e-03 1.623708000e+00 
7.702806000e-01 1.056814000e-01 1.456100000e+00 
3.310904000e-02 1.295254000e+00 1.124049000e+00 
1.046398000e-02 2.597583000e+00 2.093876000e-02 
1.203192000e+00 1.235765000e+00 7.982314000e-03 
3.621706000e-04 8.567244000e-03 1.774076000e+00 
1.569470000e+00 6.248354000e-02 7.026833000e-01 
4.816552000e-05 3.908182000e-04 2.046646000e+00 
1.038796000e-01 4.942421000e+00 4.928849000e-06 
1.617424000e+00 8.127198000e-03 1.249090000e-01 
9.592036000e-01 8.886503000e-01 9.849151000e-01 
1.875099000e-04 1.538132000e-03 1.809666000e+00 
1.178736000e+00 1.419660000e+00 1.448237000e-02 
7.521927000e-01 9.783533000e-01 1.070457000e+00 
9.346698000e-01 8.145105000e-01 1.047102000e+00 
9.948933000e-01 4.487141000e-02 1.322190000e+00 
7.239453000e-01 1.130730000e+00 9.621786000e-01 
1.360652000e+00 1.358104000e-02 9.832294000e-01 
1.405753000e+00 5.921559000e-03 1.014786000e+00 
8.641167000e-01 5.447111000e-02 1.377716000e+00 
7.084821000e-03 1.352042000e+00 1.647982000e+00 
9.318207000e-01 1.362215000e+00 3.426765000e-02 
8.684038000e-01 8.940978000e-01 1.049075000e+00 
4.487350000e-02 1.449031000e+00 5.675236000e-01 
2.545672000e-01 3.978675000e-02 1.559627000e+00 
1.256017000e-01 4.510314000e+00 6.052033000e-04 
4.043463000e-02 1.209305000e+00 1.305915000e+00 
9.972885000e-02 8.704181000e-01 1.462280000e+00 
1.500870000e+00 5.854993000e-03 9.255940000e-01 
1.517622000e-01 1.307510000e+00 1.062565000e+00 
1.809526000e-02 1.089371000e+00 1.486530000e+00 
7.910741000e-01 1.411873000e+00 1.561320000e-01 
8.601791000e-06 4.096035000e-04 4.025180000e+00 
9.396864000e-02 1.019348000e-02 1.614647000e+00 
6.366314000e-02 8.724001000e-01 1.450020000e+00 
1.367656000e+00 4.526945000e-02 9.459828000e-01 
1.381675000e-03 3.303484000e-02 1.649341000e+00 
1.602318000e+00 1.128433000e-02 7.104721000e-01 
2.681138000e-03 1.839710000e+00 5.864320000e-02 
7.350651000e-02 1.366329000e+00 9.843988000e-01 
9.971443000e-01 1.234397000e+00 3.141072000e-02 
1.402373000e+00 3.834543000e-03 1.263866000e+00 
1.268355000e+00 1.211192000e+00 1.794105000e-02 
9.992160000e-01 9.107059000e-03 1.554158000e+00 
1.301941000e+00 6.457459000e-03 1.182773000e+00 
1.253893000e-02 2.937532000e+00 8.180541000e-03 
1.961936000e-03 4.172293000e-05 1.933539000e+00 
3.994291000e-02 7.975622000e-01 1.526273000e+00 
7.718624000e-02 1.307722000e+00 1.089793000e+00 
1.043528000e+00 1.223825000e+00 2.375796000e-02 
6.419274000e-01 5.839616000e-01 1.443238000e+00 
1.213485000e+00 1.300296000e+00 7.457924000e-03 
1.644664000e+00 1.224814000e-01 3.820827000e-03 
5.257208000e-05 2.974460000e-03 1.822581000e+00 
1.212873000e+00 3.630290000e-02 1.052352000e+00 
2.585174000e-01 1.341608000e+00 7.527206000e-01 
7.964411000e-01 1.477327000e+00 1.366150000e-01 
1.576909000e-02 1.242121000e+00 1.141669000e+00 
2.821513000e+00 1.836126000e-01 2.272096000e-04 
7.727675000e-02 1.380400000e+00 9.156398000e-01 
1.948356000e-02 2.166908000e+00 1.863226000e-02 
5.800964000e-02 1.664078000e+00 1.290441000e-01 
1.103897000e+00 1.401720000e+00 1.785533000e-02 
1.187005000e+00 1.115311000e-01 1.033698000e+00 
1.565220000e-01 8.974299000e-01 1.294183000e+00 
1.037542000e+00 1.225073000e+00 1.449001000e-01 
2.653523000e-02 1.451477000e+00 1.065491000e+00 
1.601539000e+00 1.381060000e-02 6.848921000e-01 
1.992386000e-02 1.087397000e+00 1.424203000e+00 
6.806802000e-02 1.617931000e+00 1.030281000e-01 
1.222191000e+00 1.305290000e+00 7.108959000e-03 
1.550189000e+00 3.796471000e-01 1.763803000e-03 
1.416518000e-02 8.374061000e-01 1.560609000e+00 
9.691668000e-01 1.429065000e+00 2.432035000e-02 
1.783446000e+00 1.424034000e-02 8.237021000e-02 
2.485462000e-02 1.912019000e+00 1.239584000e-02 
1.450508000e+00 1.479765000e-01 1.832501000e-02 
1.084258000e+00 4.442463000e-03 1.398254000e+00 
9.065357000e-02 1.206386000e+00 1.098704000e+00 
1.827199000e-02 1.888405000e+00 2.236174000e-02 
1.021132000e+00 1.497994000e+00 7.411119000e-03 
5.944259000e-01 1.857144000e+00 1.537108000e-04 
2.521259000e-02 1.796490000e+00 9.250514000e-03 
7.632896000e-01 1.444522000e+00 1.380289000e-01 
1.203872000e+00 1.085827000e+00 6.812528000e-01 
2.906423000e-01 1.573508000e+00 3.721216000e-02 
2.008652000e+00 8.904737000e-04 1.895086000e-01 
1.019285000e+00 6.423678000e-01 1.081773000e+00 
8.859947000e-02 1.164143000e+00 1.099998000e+00 
2.147816000e+00 1.215821000e-04 2.013046000e-02 
3.576216000e-03 1.810762000e+00 4.301897000e-01 
1.401775000e+00 8.501212000e-04 1.269759000e+00 
4.631806000e-03 1.715603000e+00 7.905202000e-02 
5.488122000e-01 5.798850000e-01 1.462917000e+00 
1.376943000e-03 1.843612000e+00 1.579793000e-01 
1.707927000e+00 9.058011000e-02 5.000239000e-03 
2.037965000e-01 9.106897000e-03 1.575196000e+00 
8.706477000e-01 3.261375000e-02 1.403624000e+00 
1.398055000e+00 9.834756000e-02 9.246154000e-01 
4.149969000e-02 1.208816000e+00 1.284878000e+00 
3.451682000e-02 8.995616000e-01 1.481712000e+00 
4.307123000e-03 3.593999000e-04 1.700982000e+00 
1.407043000e-02 1.062681000e+00 1.488647000e+00 
2.625664000e-01 1.130195000e+00 1.220094000e+00 
1.765866000e-02 2.047267000e-04 1.729022000e+00 
1.730950000e+00 4.944379000e-02 3.519394000e-02 
9.593293000e-01 3.020909000e-01 1.305775000e+00 
1.491006000e+00 9.968636000e-01 4.027241000e-03 
1.231688000e+00 4.548441000e-02 1.039171000e+00 
1.008044000e-02 1.386473000e+00 1.317338000e+00 
1.851134000e+00 2.823482000e-03 4.826604000e-02 
1.279718000e-01 1.808220000e+00 9.223149000e-03 
6.338025000e-02 1.218955000e+00 1.131507000e+00 
1.504183000e+00 1.414803000e-01 4.798282000e-02 
2.876723000e-01 1.478112000e+00 4.948751000e-01 
1.149511000e+00 1.099493000e+00 3.139496000e-02 
1.787280000e+00 7.227026000e-02 1.922450000e-03 
1.211563000e+00 4.762150000e-02 1.028010000e+00 
2.007141000e-01 8.726663000e-01 1.436107000e+00 
1.987240000e+00 2.846005000e-02 5.018319000e-04 
1.502510000e+00 1.822073000e-02 7.148966000e-01 
7.366611000e-02 1.624782000e+00 1.553718000e-02 
5.459296000e-01 5.862688000e-01 1.446663000e+00 
3.510115000e-01 1.544001000e+00 3.257988000e-02 
1.537121000e+00 9.244171000e-02 1.705485000e-02 
3.279505000e-01 1.601028000e+00 3.362214000e-02 
4.595126000e-01 1.243814000e+00 9.466073000e-01 
1.487743000e+00 1.959983000e-02 7.788991000e-01 
1.737528000e+00 2.271430000e-02 1.133336000e-02 
1.048497000e+00 1.126023000e+00 2.189748000e-01 
7.026754000e-01 7.568913000e-01 1.276148000e+00 
5.333050000e-01 7.835633000e-01 1.442884000e+00 
4.024426000e-03 1.823200000e+00 2.909652000e-02 
3.058733000e-02 1.351239000e+00 9.909015000e-01 
1.005147000e-01 1.560707000e+00 4.918581000e-01 
7.038425000e-01 1.590287000e-02 1.522721000e+00 
8.573930000e-03 1.091739000e+00 1.517299000e+00 
2.171405000e-02 1.598590000e+00 6.973721000e-01 
9.536315000e-01 4.436408000e-02 1.391496000e+00 
2.667588000e-02 1.891393000e+00 6.542484000e-04 
1.211805000e+00 3.299703000e-03 1.436036000e+00 
1.226974000e+00 1.084596000e+00 3.275164000e-02 
4.371979000e-02 9.367128000e-01 1.362217000e+00 
9.750743000e-01 1.152029000e+00 7.373763000e-01 
1.226974000e+00 1.084596000e+00 3.275164000e-02 
8.434450000e-01 6.239233000e-01 1.351563000e+00 
2.502212000e-01 1.316872000e+00 9.145916000e-01 
7.642750000e-01 8.947746000e-01 1.119652000e+00 
1.298879000e+00 1.157428000e+00 1.160065000e-02 
2.598023000e-03 9.710204000e-03 1.732821000e+00 
1.142165000e+00 7.269796000e-01 7.575427000e-01 
2.173048000e-01 1.152283000e+00 1.260402000e+00 
1.208388000e+00 8.388319000e-01 7.412133000e-01 
1.547756000e+00 6.980771000e-02 6.089480000e-01 
6.743000000e-01 4.263477000e-01 1.383661000e+00 
2.643465000e-02 1.570495000e+00 4.608742000e-01 
2.740016000e-01 1.567451000e+00 1.227276000e-01 
2.492692000e-02 9.919027000e-01 1.336720000e+00 
1.684272000e+00 3.169941000e-02 4.495669000e-02 
3.943334000e-02 9.519735000e-01 1.324546000e+00 
1.489497000e-02 1.675546000e+00 4.918029000e-01 
1.004154000e-03 1.606504000e-04 1.770605000e+00 
1.587248000e+00 5.674210000e-02 1.287514000e-02 
2.714502000e-02 1.697734000e+00 1.224249000e-02 
5.326420000e-02 2.252414000e-01 1.561743000e+00 
4.889167000e-02 2.388970000e-01 1.563396000e+00 
1.353591000e+00 9.981881000e-01 2.853038000e-04 
7.019624000e-01 1.731211000e-01 1.485508000e+00 
1.398915000e+00 1.032144000e-01 7.937005000e-01 
7.210269000e-02 8.387058000e-02 1.499467000e+00 
2.693151000e-01 1.509260000e+00 1.337862000e-01 

1.555855000e-01 5.834674000e-01 1.470574000e+00 
1.662363000e+00 5.418659000e-02 8.925829000e-03 
1.158892000e-02 1.013948000e+00 1.272399000e+00 
1.410057000e+00 5.956619000e-01 7.012008000e-03 
1.301420000e-02 3.598178000e-01 1.667258000e+00 
1.481205000e+00 6.230811000e-01 4.856179000e-03 
1.916107000e+00 1.207861000e-02 8.916068000e-03 
1.331954000e+00 1.305424000e-03 1.342233000e+00 
6.924234000e-01 8.892556000e-01 1.279059000e+00 
9.254988000e-01 1.905142000e-02 1.364958000e+00 
3.393821000e-02 1.181130000e+00 1.135223000e+00 
1.763343000e+00 5.156615000e-02 8.222482000e-03 
1.886438000e-03 3.889293000e-06 1.945847000e+00 
8.890834000e-01 1.884002000e-01 1.324059000e+00 
1.283504000e-01 1.192135000e+00 1.077575000e+00 
1.229178000e+00 1.079071000e+00 4.244402000e-03 
1.715983000e-02 2.350865000e+00 1.021514000e-03 
8.203698000e-01 1.500345000e-01 1.392860000e+00 
7.143076000e-02 2.380718000e+00 8.170179000e-04 
2.142151000e+00 2.280233000e-01 6.034394000e-04 
6.514241000e-01 6.914563000e-01 1.347020000e+00 
1.638505000e+00 9.990579000e-04 1.591271000e+00 
1.177813000e+00 6.295267000e-01 9.155140000e-01 
7.413490000e-01 3.674106000e-01 1.470424000e+00 
1.608860000e+00 1.033319000e-01 1.537792000e-02 
1.552434000e+00 5.210363000e-02 6.312829000e-01 
1.315086000e-01 1.199770000e+00 1.047884000e+00 
1.236538000e+00 1.891139000e-02 1.092216000e+00 
1.254162000e-01 1.201198000e+00 1.039796000e+00 
1.300149000e+00 3.150462000e-01 9.472192000e-01 
1.445852000e-02 1.006420000e+00 1.145432000e+00 
4.032646000e-01 2.098462000e+00 3.848015000e-04 
7.863704000e-01 2.062875000e-01 1.354665000e+00 
1.925266000e-02 1.548419000e+00 7.381987000e-01 
1.672184000e-03 1.686294000e-02 1.752663000e+00 
3.194519000e-04 1.458578000e-01 1.818607000e+00 
2.489912000e+00 3.946161000e-03 7.222181000e-04 
2.177298000e+00 3.953373000e-02 4.656459000e-03 
2.341504000e+00 1.444646000e-02 2.566954000e-03 
9.499238000e-01 5.060370000e-01 1.234718000e+00 
9.224335000e-01 4.595001000e-03 1.381752000e+00 
1.684251000e-03 1.746104000e+00 4.077154000e-02 
1.919489000e-02 1.612661000e+00 7.448051000e-01 
9.914186000e-03 1.289508000e-01 1.684874000e+00 
1.296029000e+00 5.364963000e-01 9.402242000e-01 
1.685296000e+00 6.322986000e-02 5.898110000e-03 
7.551474000e-01 1.608909000e-01 1.381013000e+00 
3.441847000e-02 1.170380000e+00 1.137632000e+00 
1.513235000e-03 7.261963000e-01 1.690891000e+00 
6.335248000e-01 5.793070000e-01 1.360365000e+00 
1.625104000e-02 1.920303000e+00 5.564949000e-03 
4.281878000e-01 3.942786000e-01 1.523681000e+00 
2.059764000e+00 3.850490000e-03 1.258109000e-02 
1.344585000e+00 2.047894000e-02 9.957364000e-01 
4.178263000e-02 1.467763000e+00 6.826685000e-01 
2.518365000e-02 2.673819000e-01 1.643536000e+00 
2.193955000e-02 5.451144000e-04 1.900758000e+00 
8.311331000e-01 8.175002000e-01 1.194878000e+00 
1.372074000e+00 3.197486000e-01 5.853277000e-01 
8.760868000e-02 8.617186000e-01 1.393916000e+00 
9.110142000e-02 1.492401000e+00 5.511509000e-01 
5.053430000e-02 1.235681000e+00 1.036874000e+00 
1.919489000e-02 1.612661000e+00 7.448051000e-01 
1.574775000e-01 7.595089000e+00 5.467950000e-04 
1.340842000e-03 1.050150000e+00 1.202781000e+00 
1.606166000e-01 1.708463000e-03 1.633210000e+00 
1.570266000e+00 3.371360000e-02 7.226881000e-01 
7.911728000e-01 8.527500000e-01 1.224631000e+00 
1.676008000e-03 6.127741000e+00 1.067854000e-01 
1.648738000e+00 3.305115000e-02 7.519101000e-01 
1.842480000e-03 1.732028000e+00 1.093926000e-02 
4.087305000e-03 8.064342000e-01 1.398104000e+00 
1.294414000e+00 2.012742000e-01 9.624344000e-01 
5.848541000e-01 5.451040000e-01 1.453711000e+00 
1.488698000e-03 3.649573000e+00 4.039208000e-01 
4.409463000e-02 1.579686000e+00 1.023080000e-03 
1.540200000e-02 3.918335000e-01 1.636397000e+00 
1.113878000e+00 1.064230000e+00 6.534676000e-02 
8.030773000e-01 7.524556000e-01 1.253388000e+00 
2.120121000e-01 1.538695000e+00 2.033026000e-03 
1.102379000e-03 7.456286000e-03 1.807948000e+00 
3.301647000e-01 1.485989000e+00 3.066683000e-02 
1.530140000e+00 1.533160000e-01 3.710853000e-02 
1.821444000e-01 1.323207000e+00 9.845691000e-01 
1.655746000e+00 1.016460000e-01 1.598730000e-02 
3.911717000e-01 2.059308000e+00 4.166888000e-04 
1.072248000e-01 8.038594000e-01 1.379487000e+00 
8.546390000e-01 2.196779000e-02 1.393451000e+00 
1.036263000e+00 1.128391000e+00 8.104583000e-01 
1.632486000e+00 8.847708000e-02 3.499072000e-02 
1.871212000e+00 5.483606000e-02 2.429322000e-03 
3.000740000e-02 1.648121000e+00 4.655142000e-02 
9.303529000e-01 4.805914000e-01 1.312201000e+00 
7.295391000e-02 6.925415000e-03 1.627902000e+00 
4.239639000e-03 1.006939000e+00 1.279316000e+00 
1.558257000e+00 3.767724000e-02 8.234726000e-01 
2.713448000e+00 7.125943000e-04 2.569167000e-03 
2.620147000e+00 1.714216000e-03 2.656550000e-02 
1.079161000e+00 9.510665000e-03 1.318500000e+00 
1.736057000e+00 2.848741000e-03 3.793906000e-02 
8.845798000e-01 7.623889000e-01 1.158569000e+00 
1.407962000e+00 9.065081000e-01 1.402126000e-01 
1.118757000e+00 1.634362000e-03 1.118825000e+00 
8.958916000e-01 1.685538000e-01 1.338502000e+00 
5.709103000e-04 9.779691000e-02 1.791794000e+00 
1.535113000e+00 5.612669000e-01 1.124835000e-02 
8.753121000e-01 3.054916000e-02 1.345633000e+00 
8.204285000e-01 8.509141000e-01 1.208092000e+00 
1.189846000e+00 1.278971000e+00 2.885402000e-03 
1.469088000e-02 3.540879000e-01 1.655918000e+00 
2.384699000e+00 1.159148000e-01 7.330270000e-04 
6.416069000e-02 1.421551000e+00 6.252342000e-01 
1.358008000e-02 2.421997000e+00 7.378438000e-03 
2.277416000e+00 1.868631000e-01 1.866354000e-03 
2.094714000e-01 1.555026000e+00 1.026270000e-02 
2.289402000e-03 9.284040000e-01 1.454744000e+00 
1.716552000e+00 1.496897000e+00 6.798252000e-04 
3.956753000e-02 1.383731000e+00 1.013518000e+00 
1.161984000e-02 1.617893000e+00 7.037443000e-01 
9.835879000e-01 7.472426000e-02 1.237879000e+00 
1.101478000e+00 6.083123000e-02 1.043260000e+00 
1.535148000e+00 1.122273000e-01 1.408542000e-01 
1.647631000e+00 2.141973000e-02 8.549252000e-01 
1.504781000e+00 1.499520000e+00 1.714949000e-03 
8.139119000e-01 7.641433000e-01 1.241624000e+00 
1.622771000e+00 3.333620000e-02 6.154438000e-01 
8.393009000e-02 1.155732000e+00 1.135135000e+00 
3.236109000e-02 9.259564000e-01 1.217598000e+00 
1.605116000e+00 4.398238000e-02 6.620209000e-01 
4.671282000e-01 5.998141000e-01 1.372936000e+00 
1.301203000e+00 5.110314000e-02 1.078701000e+00 
2.133033000e+00 1.183304000e-03 4.849526000e-02 
9.630024000e-01 9.585159000e-02 1.222607000e+00 
1.599159000e-01 1.110530000e+00 1.121951000e+00 
1.660665000e+00 1.557637000e-02 1.241827000e-02 
2.136655000e+00 1.187572000e-02 9.920069000e-03 
1.670946000e+00 9.724248000e-03 7.202614000e-01 
4.106012000e-02 5.471855000e-03 1.899297000e+00 
6.278911000e-01 7.250352000e-01 1.348260000e+00 
1.410473000e+00 9.530095000e-02 6.440234000e-01 
5.101432000e-04 7.479508000e-05 1.934879000e+00 
3.349844000e-04 2.192214000e-03 1.919607000e+00 
1.568440000e+00 7.037809000e-01 4.652685000e-03 
1.826610000e+00 1.797162000e-02 1.230837000e-02 
1.043966000e+00 1.161535000e+00 1.059948000e-02 
1.191800000e+00 1.056098000e+00 6.281236000e-03 
7.801200000e-01 8.691237000e-01 1.184826000e+00 
7.877802000e-04 7.531824000e-03 1.817697000e+00 
1.525688000e+00 5.222259000e-02 6.384223000e-01 
5.947877000e-02 1.511836000e+00 5.121236000e-01 
1.408594000e+00 1.467126000e-01 5.486452000e-01 
9.135446000e-01 1.032440000e+00 1.081956000e+00 
9.337164000e-04 3.332063000e-02 1.694322000e+00 
9.473970000e-02 8.111027000e-01 1.393927000e+00 
7.654704000e-01 1.784524000e-01 1.379916000e+00 
1.073236000e+00 9.195064000e-01 1.021778000e+00 
2.705280000e-05 1.032185000e-02 1.979555000e+00 
1.671351000e-02 1.210365000e+00 1.049758000e+00 
6.451665000e-02 1.155425000e+00 1.140890000e+00 
1.512229000e+00 5.500539000e-01 1.375178000e-02 
9.093078000e-01 2.415355000e-02 1.316664000e+00 
1.265149000e-01 6.984894000e-02 1.571053000e+00 
1.179828000e-02 1.704574000e+00 1.022224000e-01 
1.045984000e+00 9.216716000e-01 6.655596000e-01 
1.397067000e-01 1.228492000e-03 1.649041000e+00 
2.292692000e-02 4.852388000e-01 1.583328000e+00 
9.830942000e-01 4.951899000e-01 1.068389000e+00 
1.148628000e+00 1.031563000e+00 1.366174000e-01 

5.296693000e-02 1.889795000e+00 3.656916000e-03 
1.734200000e-03 4.327260000e+00 1.105321000e+00 
1.086701000e-02 3.992011000e-04 1.711683000e+00 
1.713665000e+00 7.444675000e-02 1.088756000e-01 
7.979764000e-03 1.318341000e+00 1.167823000e+00 
9.333498000e-01 7.863145000e-01 1.207604000e+00 
2.630969000e-03 9.564547000e-05 1.852569000e+00 
1.091492000e-01 1.027250000e+00 1.335142000e+00 
8.849747000e-04 3.010764000e-02 1.852675000e+00 
8.520090000e-02 1.149166000e+00 1.153454000e+00 
8.073989000e-01 6.214443000e-01 1.262488000e+00 
1.857452000e-02 1.878593000e-02 1.700984000e+00 
1.491514000e+00 1.037195000e-02 8.639349000e-01 
6.728894000e-05 7.068979000e-06 9.406206000e+00 
8.891500000e-04 2.925799000e-02 1.789219000e+00 
1.458891000e-01 1.254626000e+00 1.103028000e+00 
7.132598000e-01 4.592090000e-01 1.518394000e+00 
5.385001000e-03 1.716547000e+00 3.468166000e-02 
8.690373000e-04 6.723563000e+00 1.404192000e+00 
1.801640000e+00 1.737339000e-03 2.074860000e-02 
3.246310000e-02 1.205689000e+00 1.186643000e+00 
5.298273000e-04 3.958318000e-02 1.725863000e+00 
4.709574000e-04 4.415913000e-02 1.832533000e+00 
4.405630000e-05 4.348140000e-04 6.880289000e+00 
8.893976000e-03 1.056746000e+00 1.281695000e+00 
7.392653000e-01 6.946624000e-01 1.312139000e+00 
1.652514000e+00 1.969289000e-01 1.033921000e-01 
2.642776000e+00 3.416526000e-04 1.745770000e-02 
8.462330000e-01 8.898892000e-01 1.155454000e+00 
2.223708000e+00 4.734031000e-03 6.204004000e-03 
1.455395000e+00 7.017994000e-02 7.881543000e-01 
1.711421000e+00 7.958568000e-02 3.360423000e-02 
1.406216000e+00 1.126819000e+00 2.664091000e-02 
8.361394000e-04 4.334320000e-02 1.639222000e+00 
3.875659000e-02 9.890143000e-01 1.461580000e+00 
1.022023000e+00 9.944940000e-03 1.640740000e+00 
9.079161000e-02 1.708944000e+00 5.891686000e-02 
9.314460000e-01 1.284029000e+00 8.585406000e-01 
2.158668000e-01 1.276342000e+00 1.014044000e+00 
3.965207000e-02 1.199917000e+00 1.199567000e+00 
8.371411000e-01 9.607869000e-01 1.110293000e+00 
1.715103000e+00 3.291696000e-02 7.016061000e-02 
1.901411000e+00 1.797434000e-03 9.222271000e-03 
1.295573000e+00 1.207837000e+00 2.548182000e-04 
3.126008000e-02 2.086487000e+00 9.263039000e-04 
4.393473000e-02 1.548110000e+00 7.216903000e-01 
5.621956000e-02 9.462480000e-01 1.446312000e+00 
2.522893000e-01 1.634836000e+00 4.085374000e-01 
2.200660000e-01 1.712094000e+00 5.034935000e-02 
5.912130000e-02 1.207733000e+00 1.185199000e+00 
1.264469000e+00 7.932380000e-01 7.945325000e-01 
9.040037000e-01 1.305507000e-01 1.460753000e+00 
2.177551000e-01 1.709594000e+00 5.294670000e-02 
5.337624000e-02 9.288666000e-01 1.450536000e+00 
1.258666000e+00 1.800431000e+00 3.265459000e-03 
1.098324000e+00 1.176335000e+00 2.248821000e-01 
2.144918000e-01 1.701248000e+00 5.600588000e-02 
1.489241000e+00 2.282758000e-02 7.292403000e-01 
8.695691000e-01 9.243238000e-01 1.134664000e+00 
1.170990000e+00 1.051052000e-02 1.464875000e+00 
1.225401000e+00 6.087706000e-03 1.294119000e+00 
2.585742000e-02 1.004374000e+00 1.463614000e+00 
1.003332000e+00 1.314391000e+00 1.019518000e-02 
3.106128000e-02 2.182659000e+00 2.093716000e-05 
1.069902000e+00 7.595183000e-01 1.165174000e+00 
4.870750000e-02 8.784217000e-01 1.489542000e+00 
8.046804000e-01 8.549238000e-01 1.207741000e+00 
1.777585000e+00 3.355351000e-02 3.775320000e-02 
2.987039000e-02 9.018129000e-01 1.508850000e+00 
9.114688000e-01 3.808151000e-02 1.467783000e+00 
9.987514000e-01 1.308315000e-02 1.568520000e+00 
9.793159000e-04 2.188255000e-02 1.888596000e+00 
4.465412000e-02 9.107642000e-01 1.492126000e+00 
1.708263000e+00 7.819154000e-02 5.628829000e-02 
1.972964000e-05 8.817257000e-04 2.096404000e+00 
4.812946000e-02 2.770445000e-04 1.784157000e+00 
1.522738000e-01 2.040974000e+00 2.476275000e-03 
8.723071000e-01 1.127254000e+00 1.042835000e+00 
1.735431000e+00 4.523530000e-04 9.637471000e-01 
1.814558000e+00 1.004273000e-01 7.411699000e-04 
5.220276000e-01 5.955229000e-01 1.356089000e+00 
1.239593000e+00 3.271554000e-03 1.178321000e+00 
1.269463000e+00 1.170287000e+00 1.780785000e-01 
2.810368000e-03 9.263294000e-01 1.509857000e+00 
2.124999000e+00 1.025881000e-03 9.803959000e-03 
2.197288000e-03 1.501256000e+00 7.470787000e-01 
1.720895000e+00 7.795239000e-02 4.674593000e-02 
1.560377000e+00 5.079478000e-02 7.018532000e-01 
2.102937000e-04 4.482849000e-03 2.030016000e+00 
3.039638000e-03 1.252356000e+00 1.168767000e+00 
1.420525000e+00 8.191315000e-04 1.229394000e+00 
6.513839000e-03 1.719173000e+00 5.054995000e-03 
8.510705000e-02 1.034647000e+00 1.409968000e+00 
9.681822000e-01 2.721687000e-02 1.476509000e+00 
1.151721000e+00 7.288146000e-01 9.988750000e-01 
1.017320000e-01 9.303138000e-01 1.363328000e+00 
1.007672000e-02 1.467896000e+00 8.013032000e-01 
1.270647000e+00 1.114913000e+00 7.361018000e-02 
1.099992000e-01 1.909790000e+00 3.454339000e-03 
9.144939000e-01 8.285844000e-01 1.107708000e+00 
1.469773000e+00 1.024415000e+00 1.256888000e-02 
1.137870000e+00 1.625100000e-02 1.081694000e+00 
9.260734000e-01 8.604233000e-02 1.434514000e+00 
1.774895000e+00 7.703528000e-02 4.151158000e-03 
9.404864000e-01 1.147978000e+00 7.994587000e-01 
1.786618000e+00 2.553269000e-02 5.025761000e-01 
9.457391000e-01 1.296798000e+00 3.157744000e-01 
6.837377000e-01 5.191623000e-01 1.345974000e+00 
2.388433000e-03 1.716623000e+00 5.952338000e-02 
3.627610000e-01 1.613441000e+00 1.568899000e-02 
1.150299000e+00 1.206259000e+00 4.621378000e-02 
9.589178000e-02 1.715695000e+00 5.261694000e-03 
2.785216000e-02 1.640465000e+00 2.316766000e-01 
1.235290000e+00 4.510455000e-03 1.278684000e+00 
1.456891000e+00 2.846044000e-02 7.603177000e-01 
3.611454000e-03 1.541976000e+00 7.290373000e-01 
6.283192000e-02 1.423402000e+00 1.160242000e+00 
1.119983000e+00 1.089111000e+00 3.115116000e-01 
9.348533000e-01 2.813073000e-02 1.436439000e+00 
1.956375000e+00 9.832746000e-04 7.176227000e-02 
5.406899000e-01 5.868490000e-01 1.336024000e+00 
1.722355000e+00 3.181741000e-02 4.815851000e-02 
1.564954000e+00 1.528860000e-02 8.441716000e-01 
1.128373000e+00 1.224513000e+00 4.595886000e-02 
1.757355000e-03 1.539503000e+00 7.654160000e-01 
9.263236000e-01 1.350872000e+00 2.889449000e-02 
4.290283000e-03 2.309483000e+00 4.442636000e-03 
1.225757000e+00 9.055463000e-01 7.156377000e-01 
4.773735000e-02 1.713875000e+00 1.211519000e-01 
9.325063000e-01 2.864619000e-02 1.414715000e+00 
8.709497000e-01 7.965546000e-01 1.215465000e+00 
6.493000000e-04 1.387708000e-02 1.888750000e+00 
6.653988000e-02 1.308447000e+00 1.030204000e+00 
1.338138000e+00 8.621454000e-01 4.491504000e-02 
8.761976000e-01 6.089171000e-02 1.508523000e+00 
1.667004000e+00 1.007277000e+00 2.566191000e-02 
1.012524000e+00 1.310575000e+00 2.913904000e-02 
1.625450000e+00 4.648821000e-02 1.190154000e-01 
1.852564000e+00 1.721629000e-02 7.631727000e-03 
9.942368000e-01 1.085722000e+00 6.806176000e-01 
1.141611000e+00 7.374109000e-01 1.070564000e+00 
1.130140000e+00 9.346194000e-01 7.583706000e-01 
2.997153000e-03 1.232105000e+00 1.193059000e+00 

