1.804938000e-01 2.281673000e-02 2.489446000e+00 
6.111618000e+00 8.736856000e-03 5.188545000e-02 
2.934412000e+00 4.272487000e-02 1.321993000e-01 
1.193486000e-01 1.096777000e-02 2.788177000e+00 
3.598171000e+00 1.092871000e-02 3.744728000e-01 
2.053581000e+00 1.802514000e+00 9.282573000e-02 
2.340396000e+00 1.271002000e-02 1.970302000e+00 
8.698247000e-03 2.331937000e+00 9.279037000e-01 
1.324345000e-01 1.538513000e-01 2.569890000e+00 
5.511374000e-01 2.435561000e+00 1.849965000e-02 
2.583814000e+00 4.718730000e-02 1.043707000e+00 
4.692851000e+00 3.957313000e-02 1.698895000e-02 
2.814785000e+00 2.141156000e-01 8.475178000e-03 
1.268023000e+00 2.148229000e+00 3.134313000e-02 
4.249685000e+00 1.231292000e-02 3.323610000e-02 
3.029395000e+00 2.048490000e-02 3.464369000e-02 
1.026171000e-01 1.236223000e+00 2.329942000e+00 
2.256661000e+00 1.960629000e+00 6.994589000e-03 
1.535808000e+00 1.091488000e+00 1.942090000e+00 
3.827920000e+00 1.077188000e-02 3.818366000e-01 
8.626308000e-04 3.540698000e-01 3.249177000e+00 
2.018579000e+00 8.021802000e-02 1.865947000e+00 
6.691511000e+00 5.921347000e-03 1.166074000e-01 
2.875482000e+00 8.547552000e-02 8.749975000e-03 
2.727213000e+00 3.920675000e-03 8.098503000e-01 
7.731343000e-02 1.390762000e-02 2.775587000e+00 
5.881397000e+00 5.104998000e-03 1.265972000e-01 
5.392381000e-03 3.710346000e-02 2.722467000e+00 
2.482760000e+00 9.380789000e-02 4.314854000e-02 
1.315759000e+00 1.630038000e+00 1.796620000e+00 
2.745265000e+00 5.651628000e-02 1.823046000e-01 
4.149255000e+00 7.576763000e-03 5.393103000e-01 
3.751033000e-03 2.883311000e-02 2.815815000e+00 
2.623810000e+00 6.235603000e-02 8.373880000e-02 
3.029119000e+00 2.275353000e-02 1.431730000e-01 
1.162831000e-02 3.011909000e+00 6.234349000e-02 
1.391292000e+00 3.669042000e-03 2.361458000e+00 
9.835792000e-02 4.874207000e-04 3.364255000e+00 
6.449573000e-03 5.662431000e-02 2.616170000e+00 
1.445968000e+00 2.819476000e+00 7.081718000e-04 
2.242318000e+00 7.538856000e-01 2.086628000e-01 
1.631132000e+00 1.028414000e-03 2.182356000e+00 
2.307663000e-02 2.809472000e+00 5.789809000e-02 
1.038796000e-01 4.942421000e+00 4.928849000e-06 
2.207999000e+00 1.579999000e+00 6.735915000e-02 
2.537210000e+00 4.439486000e-01 2.355899000e-02 
3.703568000e+00 1.113963000e-02 2.323199000e-01 
6.204741000e-03 1.760967000e+00 2.350446000e+00 
3.440289000e+00 1.127001000e-01 2.908069000e-03 
2.022239000e+00 1.809132000e+00 1.160645000e-02 
6.053257000e-03 2.715435000e-04 7.494658000e+00 
2.743166000e-02 3.006341000e+00 1.470656000e-03 
6.695975000e-02 4.738592000e-03 3.390382000e+00 
2.101234000e+00 9.383837000e-02 1.790397000e+00 
2.148456000e-03 4.756885000e+00 8.498217000e-02 
2.536397000e-01 2.355764000e+00 4.435279000e-01 
2.135668000e+00 1.491258000e+00 2.112988000e-01 
4.507595000e+00 1.110547000e-02 1.683091000e-01 
3.677405000e-01 2.482299000e+00 3.376238000e-02 
9.214207000e-02 1.331999000e+00 2.229477000e+00 
1.256017000e-01 4.510314000e+00 6.052033000e-04 
2.218131000e-02 2.356934000e-01 2.417805000e+00 
9.795887000e-03 1.476095000e-02 3.500604000e+00 
8.168037000e-03 6.114816000e+00 5.116005000e-02 
1.922727000e-01 1.707458000e-01 2.484256000e+00 
1.049353000e-01 7.060784000e-03 2.790581000e+00 
1.121989000e+00 1.195041000e-01 2.260040000e+00 
8.601791000e-06 4.096035000e-04 4.025180000e+00 
1.869979000e+00 2.108556000e+00 1.136507000e+00 
2.212692000e-01 1.037824000e-02 2.570826000e+00 
3.673959000e-03 2.464360000e-01 2.708335000e+00 
1.338335000e+00 1.083456000e+00 2.047403000e+00 
5.111549000e+00 4.437047000e-03 2.552760000e-01 
3.604252000e+00 1.901653000e-02 7.932898000e-02 
1.078777000e-01 3.162074000e-03 3.226397000e+00 
4.340624000e+00 4.051451000e-03 4.536814000e-01 
2.171408000e+00 1.649045000e-01 9.051142000e-01 
1.801283000e-02 1.883385000e+00 1.820181000e+00 
2.729574000e+00 4.411641000e-02 7.661577000e-01 
3.750170000e-02 1.776275000e+00 1.742983000e+00 
1.253893000e-02 2.937532000e+00 8.180541000e-03 
4.864520000e-02 1.086704000e-02 2.948825000e+00 
2.083980000e+00 1.750839000e+00 1.323193000e-01 
1.679901000e-02 2.898355000e+00 7.657599000e-02 
2.454911000e+00 3.583369000e-02 1.936071000e+00 
2.312042000e+00 4.033419000e-02 1.780814000e+00 
9.494898000e-02 3.955793000e-04 3.441126000e+00 
5.292731000e-03 1.276856000e+00 2.686006000e+00 
2.579490000e-03 2.622931000e-01 3.957865000e+00 
2.329009000e-01 1.262875000e+00 2.122754000e+00 
2.146211000e+00 6.252404000e-02 1.796562000e+00 
6.675901000e-02 2.001550000e-02 2.923829000e+00 
1.667712000e+00 4.952103000e-01 1.985349000e+00 
2.821513000e+00 1.836126000e-01 2.272096000e-04 
4.137811000e-02 2.623987000e+00 5.620692000e-02 
2.469761000e+00 1.445150000e-01 1.893331000e-01 
1.317863000e+00 2.869218000e+00 1.606038000e-03 
6.540927000e-03 2.155313000e+00 1.957921000e+00 
5.323714000e+00 9.740572000e-03 1.482875000e-01 
2.186965000e-01 1.292721000e-02 2.608619000e+00 
2.938272000e+00 4.224215000e-02 6.099271000e-02 
9.450947000e-01 8.318912000e-01 2.100112000e+00 
5.178665000e+00 3.398445000e-02 3.304176000e-02 
1.698587000e+00 2.470876000e-01 1.906856000e+00 
1.688364000e+00 3.397004000e-01 1.862030000e+00 
2.761220000e+00 8.051340000e-02 5.353053000e-02 
2.378816000e+00 5.202334000e-01 6.872573000e-01 
2.402505000e-01 2.171781000e+00 1.531173000e+00 
3.127303000e-03 2.403402000e-02 2.958119000e+00 
1.620101000e+00 1.662275000e+00 1.358571000e+00 
1.231507000e+00 2.683286000e+00 1.115910000e-02 
2.293397000e+00 4.415699000e-02 1.882531000e+00 
2.201094000e-02 2.776400000e+00 2.141137000e-01 
2.868453000e+00 1.276911000e-01 2.201467000e-02 
2.186965000e-01 1.292721000e-02 2.608619000e+00 
2.186965000e-01 1.292721000e-02 2.608619000e+00 
1.887840000e+00 1.758280000e+00 1.477191000e-01 
1.697602000e+00 9.891591000e-02 1.947181000e+00 
6.177436000e-02 2.585988000e+00 3.151918000e-02 
2.842788000e-01 2.081753000e+00 1.255590000e+00 
2.038319000e+00 1.578555000e+00 2.041143000e-01 
1.077643000e+00 2.419761000e+00 2.272506000e-01 
2.034589000e+00 6.739414000e-02 1.909563000e+00 
2.004222000e+00 1.845812000e+00 1.433837000e-01 
1.093612000e+00 2.372097000e-01 2.376064000e+00 
2.922904000e-02 1.596229000e+00 1.867969000e+00 
5.440694000e-03 2.773265000e-01 2.577565000e+00 
3.266730000e-01 2.256773000e+00 8.630810000e-01 
4.097664000e-02 1.920317000e+00 1.713028000e+00 
1.830514000e-02 2.648751000e+00 3.991965000e-01 
2.578170000e+00 1.691126000e-01 9.544433000e-03 

4.456280000e-01 2.947893000e+00 2.187359000e-02 
7.551394000e-02 2.270220000e+00 1.153329000e+00 
2.260895000e-01 5.067178000e+00 5.246726000e-03 
2.512494000e+00 2.123549000e-01 1.187766000e-01 
1.207998000e-02 1.561259000e+00 2.031232000e+00 
1.075449000e-01 4.426701000e-03 2.410232000e+00 
1.486325000e+00 2.082137000e-01 2.275561000e+00 
2.863670000e+00 5.292421000e-02 5.194330000e-02 
1.212172000e-02 5.165299000e+00 9.188977000e-02 
3.113140000e-03 1.013154000e-04 6.991614000e+00 
5.128660000e-02 3.367164000e+00 6.647888000e-03 
1.777665000e+00 3.401821000e-01 1.481005000e+00 
1.270519000e+00 1.996711000e+00 1.361047000e+00 
2.415000000e-02 2.800561000e+00 1.433536000e-01 
8.519537000e-02 3.293369000e+00 9.535077000e-03 
2.981916000e+00 4.571519000e-03 2.971734000e-01 
3.203772000e+00 9.975574000e-02 1.044638000e-02 
1.185196000e-02 3.174135000e+00 1.818722000e-01 
1.588366000e-02 3.344044000e+00 6.529846000e-02 
3.666266000e-01 3.082096000e+00 1.136160000e-02 
1.403901000e-01 2.030118000e+00 1.633317000e+00 
1.443959000e+00 4.900687000e-01 1.672273000e+00 
3.109438000e-02 2.457182000e-03 3.293295000e+00 
3.101788000e+00 4.549107000e-02 6.075292000e-02 
2.400119000e+00 2.006947000e-01 1.601314000e-01 
1.078295000e-03 2.476439000e-02 2.960965000e+00 
1.808738000e-03 6.032433000e+00 2.075215000e-01 
1.979053000e+00 7.574348000e-03 2.166039000e+00 
3.075376000e-03 3.476964000e-02 2.681090000e+00 
3.220637000e-03 5.546060000e+00 8.871765000e-02 
3.040115000e-01 3.077338000e+00 1.419588000e-02 
2.755796000e+00 4.467249000e-01 1.581122000e-03 
5.770043000e+00 2.744917000e-03 6.506082000e-01 
2.444121000e+00 3.111255000e-01 6.595757000e-02 
1.963638000e+00 2.650803000e-01 1.629387000e+00 
1.390280000e+00 2.990436000e-01 2.341103000e+00 
1.703663000e+00 6.402518000e-02 2.010791000e+00 
5.352780000e-02 2.853322000e+00 1.134573000e-01 
1.310188000e-02 1.921926000e+00 1.941355000e+00 
1.716430000e+00 1.412713000e+00 8.216844000e-01 
1.333808000e+00 2.118298000e+00 9.590045000e-02 
4.183356000e-02 1.331641000e+00 2.166832000e+00 
1.703528000e-01 1.530838000e+00 1.837605000e+00 
2.862047000e+00 9.574005000e-02 6.644003000e-02 
2.226521000e-03 1.967495000e+00 2.722463000e+00 
1.059508000e-01 1.994850000e-05 2.995915000e+00 
6.986812000e-02 1.586483000e-03 2.625528000e+00 
9.923677000e-02 3.595748000e-02 2.375686000e+00 
1.823721000e+00 3.000571000e-01 1.512930000e+00 
1.017996000e-04 5.627434000e-02 4.926456000e+00 
7.266265000e-03 5.502069000e-01 2.569269000e+00 
7.670433000e-05 5.809128000e-02 6.517648000e+00 
9.660421000e-04 9.179667000e-04 5.645097000e+00 
1.802118000e-01 2.507632000e+00 1.503733000e-01 
1.850528000e+00 1.041430000e-02 1.842166000e+00 
2.069712000e-02 3.100425000e-03 3.203752000e+00 
1.600276000e-02 1.845262000e+00 2.008420000e+00 
7.947653000e-03 8.793843000e-01 2.386018000e+00 
2.758944000e+00 1.404645000e-02 1.503682000e-01 
2.057494000e-02 2.236901000e+00 1.217740000e+00 
1.565059000e-03 2.100030000e-02 3.812441000e+00 
3.422014000e-02 3.730111000e+00 2.711691000e-02 
1.639522000e-01 1.937344000e+00 1.591016000e+00 
1.574775000e-01 7.595089000e+00 5.467950000e-04 
2.121236000e+00 2.946257000e-01 6.812979000e-01 
1.727999000e+00 1.904670000e+00 4.567994000e-03 
3.077303000e-01 3.103354000e+00 1.225033000e-02 
3.370631000e+00 1.048217000e-01 6.700688000e-03 
1.676008000e-03 6.127741000e+00 1.067854000e-01 
2.571471000e+00 2.822330000e+00 1.292631000e-03 
7.763803000e-02 1.350655000e-04 2.691940000e+00 
5.652266000e-02 2.697105000e+00 4.416916000e-02 
5.061540000e-02 2.494398000e+00 1.014689000e+00 
4.924804000e-02 2.942739000e+00 2.191814000e-02 
1.488698000e-03 3.649573000e+00 4.039208000e-01 
2.531790000e-01 2.177569000e+00 1.072285000e+00 
4.765419000e-01 2.942230000e+00 2.242909000e-02 
8.111145000e-03 4.265976000e+00 2.261610000e-01 
3.296478000e-02 5.295315000e-03 2.596468000e+00 
3.328967000e-01 3.083643000e+00 1.080451000e-03 
3.463113000e-02 3.177206000e-05 2.930280000e+00 
1.326480000e-02 3.790092000e-04 6.963523000e+00 
2.465915000e+00 8.269220000e-02 1.854380000e-01 
7.274344000e-02 1.579278000e+00 1.912822000e+00 
3.102926000e+00 1.483317000e-02 3.423355000e-02 
2.291687000e-01 3.264122000e+00 1.599408000e-02 
2.611232000e+00 3.044272000e-01 4.206828000e-02 
1.833496000e-01 2.468117000e+00 9.236569000e-02 
2.961541000e-02 1.035724000e-03 4.655670000e+00 
4.599679000e-02 1.819805000e+00 1.849559000e+00 
2.687969000e+00 7.084395000e-02 1.763584000e-01 
6.973617000e-03 5.258292000e+00 6.359635000e-02 
7.038171000e+00 2.157698000e-03 7.846820000e-02 
3.693869000e-02 3.484340000e+00 6.428011000e-02 
1.227443000e+00 2.237396000e+00 1.723932000e-01 
1.437898000e+00 5.564294000e-01 1.578484000e+00 
1.165784000e+00 2.573003000e+00 4.663725000e-02 
3.580878000e+00 2.942597000e-03 9.815645000e-02 
3.085120000e+00 4.307485000e-02 1.289575000e-01 
3.098032000e+00 5.719320000e-03 1.774776000e-01 
1.706126000e-02 3.148249000e-03 3.598776000e+00 
2.583551000e+00 1.457532000e-02 1.949474000e-01 
1.180998000e+00 1.361659000e+00 2.054449000e+00 
2.636894000e+00 3.104396000e-01 2.888625000e-03 
3.185174000e+00 8.343130000e-03 1.008462000e-01 
3.429230000e+00 4.972465000e-03 4.176825000e-02 
1.214884000e+00 2.810140000e+00 2.682548000e-02 
3.836071000e-01 3.393084000e+00 9.092289000e-04 
1.534254000e+00 1.762492000e-01 1.956345000e+00 
2.747397000e-01 2.248165000e-03 2.596695000e+00 
3.797898000e-02 1.411045000e+00 1.998437000e+00 
2.334088000e+00 5.672091000e-01 8.484580000e-02 
1.657932000e+00 4.361340000e-01 1.792825000e+00 
8.622960000e-01 3.535012000e-01 2.280592000e+00 
2.037414000e+00 7.051959000e-02 1.630169000e+00 
2.558893000e+00 8.440034000e-02 1.387788000e-01 
2.885449000e+00 4.508486000e-03 3.111961000e-01 
1.246800000e+00 2.134948000e+00 2.657492000e-02 
1.359588000e-01 1.724057000e+00 1.757088000e+00 
2.071905000e+00 1.628417000e-02 8.109905000e-01 
1.217902000e+00 1.518974000e+00 1.918197000e+00 
1.998797000e+00 1.701838000e+00 1.064340000e-01 
6.888913000e-02 3.426472000e-01 2.318607000e+00 

2.697017000e+00 6.698879000e-03 2.411556000e+00 
1.734200000e-03 4.327260000e+00 1.105321000e+00 
3.685946000e-01 2.418862000e+00 8.373585000e-02 
3.501896000e+00 3.292827000e-02 3.420684000e-02 
1.319073000e-01 3.026578000e+00 4.557559000e-03 
2.844382000e+00 7.230950000e-02 1.246090000e-01 
1.666483000e-01 2.123583000e+00 1.163403000e+00 
2.359720000e+00 3.086973000e-01 2.978869000e-01 
2.857710000e-02 1.293640000e-01 2.604809000e+00 
3.996346000e+00 5.089868000e-03 1.515998000e-01 
1.767970000e+00 2.082705000e+00 1.002364000e-01 
5.838854000e-02 2.391162000e+00 1.276491000e+00 
1.862195000e+00 1.135259000e-01 2.322517000e+00 
6.728894000e-05 7.068979000e-06 9.406206000e+00 
1.403635000e+00 1.546310000e+00 1.256016000e+00 
1.181493000e-03 4.757125000e-02 4.237633000e+00 
2.256745000e+00 1.645598000e+00 3.601087000e-03 
2.939616000e+00 7.267901000e-03 9.561885000e-02 
8.690373000e-04 6.723563000e+00 1.404192000e+00 
2.665664000e+00 4.444274000e-01 4.779114000e-02 
7.303804000e-02 2.924641000e+00 1.310103000e-02 
1.679615000e+00 1.842000000e+00 3.039729000e-01 
3.037059000e+00 5.065535000e-02 8.913780000e-03 
4.405630000e-05 4.348140000e-04 6.880289000e+00 
2.932660000e+00 4.709153000e-03 2.362043000e-01 
5.805229000e-03 2.172271000e+00 2.215239000e+00 
1.737047000e+00 2.213893000e+00 8.105125000e-02 
2.088634000e+00 4.432784000e-01 1.628623000e+00 
1.579577000e+00 2.088103000e+00 2.010367000e-01 
2.092462000e+00 3.468397000e-01 1.916387000e+00 
1.041566000e-02 2.316106000e-04 3.172374000e+00 
1.007423000e-01 2.842337000e+00 1.310386000e-01 
4.950591000e-02 2.867041000e+00 5.132445000e-02 
2.740591000e+00 5.170405000e-04 2.860212000e+00 
1.956430000e+00 1.110408000e+00 1.204143000e+00 
3.713919000e+00 1.557168000e-01 4.159014000e-03 
1.261618000e-03 8.068647000e-02 3.015346000e+00 
3.227948000e+00 4.272164000e-02 4.572155000e-02 
4.499369000e+00 4.367279000e-02 2.357154000e-02 
4.200991000e-01 2.834342000e+00 7.814911000e-03 
2.938902000e+00 1.770786000e-02 4.968204000e-02 
5.198558000e+00 2.953683000e-03 2.314288000e-01 
1.926647000e-01 1.778268000e-01 2.416147000e+00 
2.183720000e+00 1.772980000e+00 6.772883000e-02 
9.910127000e-03 7.267896000e-04 5.347439000e+00 
6.817031000e-02 3.632440000e+00 7.246823000e-03 
1.277955000e+00 1.276229000e+00 2.190013000e+00 
1.172438000e-01 2.039690000e+00 1.573682000e+00 
1.259001000e-03 1.251684000e-02 6.689770000e+00 
4.002629000e-01 2.575901000e+00 6.988896000e-02 
7.514086000e-01 1.555162000e+00 2.346032000e+00 
1.372991000e-02 4.937250000e-03 3.003204000e+00 
1.288515000e+00 1.567285000e+00 1.787625000e+00 
6.296822000e-03 2.176692000e+00 2.013833000e+00 
1.836356000e+00 1.797647000e+00 2.084358000e-01 
2.534438000e+00 1.080464000e-01 1.487468000e+00 
3.920796000e-01 2.686520000e+00 1.132065000e-02 
3.685493000e+00 6.360931000e-01 1.481823000e-03 
1.638053000e+00 1.300768000e+00 1.351653000e+00 
1.580300000e+00 1.131699000e+00 1.715145000e+00 
1.175218000e-02 3.287053000e+00 3.722902000e-01 
5.125150000e+00 1.453113000e-01 1.721991000e-03 
4.046704000e+00 4.703816000e-03 1.770397000e-01 
1.341603000e-03 5.994762000e-03 3.576756000e+00 
7.015713000e-01 3.692152000e+00 1.943611000e-03 
3.831836000e+00 5.706684000e-01 1.492431000e-03 
2.099447000e-03 9.674342000e-03 2.657439000e+00 
3.251169000e+00 2.424561000e-01 6.446477000e-03 
2.941139000e+00 5.178858000e-01 2.473686000e-03 
1.245673000e+00 1.725999000e+00 2.033714000e+00 
4.513218000e-03 4.957178000e+00 9.272922000e-01 
1.887324000e+00 1.906096000e+00 7.797413000e-02 
1.118037000e-01 2.239066000e+00 1.323514000e+00 
2.429105000e-03 3.038817000e+00 1.668011000e+00 
2.174536000e-02 3.029539000e+00 3.030139000e-02 
1.780779000e-02 1.993998000e+00 1.935001000e+00 
1.397699000e-02 2.731768000e+00 1.866324000e-01 
1.706146000e+00 1.930432000e+00 1.317554000e-01 
2.507030000e+00 2.400741000e-01 1.113969000e+00 
2.633574000e+00 1.145288000e-02 2.295778000e+00 
3.517980000e+00 7.010040000e-02 8.751473000e-03 
4.500713000e-01 1.746668000e+00 1.790261000e+00 
3.373330000e+00 1.458618000e-01 6.438418000e-03 
1.559993000e-02 2.324798000e+00 1.521271000e+00 
5.581748000e-03 2.596228000e-01 2.553183000e+00 
2.996953000e+00 3.307621000e-01 1.722200000e-02 
1.824004000e+00 1.877559000e+00 1.747579000e-01 
2.966431000e-01 1.053768000e-01 2.581853000e+00 
2.421574000e+00 1.392220000e-02 2.312939000e+00 
1.354681000e-02 2.073437000e+00 1.941719000e+00 
2.847687000e+00 7.048736000e-02 3.745564000e-02 
1.254255000e-01 4.109151000e+00 7.099892000e-03 
5.759351000e-03 2.362008000e+00 2.172421000e+00 
2.771132000e+00 3.403594000e-03 1.925301000e+00 
2.666245000e+00 7.671213000e-02 2.024965000e-02 
1.544008000e-01 1.804263000e+00 2.142938000e+00 
8.549549000e-01 2.938923000e+00 3.450112000e-03 
2.068492000e+00 2.167144000e+00 3.367580000e-02 
2.731755000e-01 1.716419000e+00 2.144802000e+00 
1.903061000e-02 3.256699000e+00 9.366391000e-03 
2.067831000e+00 1.214828000e-01 1.924168000e+00 
1.498659000e+00 2.361834000e+00 6.857926000e-02 
1.788648000e+00 2.714844000e-01 2.244738000e+00 
1.631321000e-01 2.200363000e+00 1.223594000e+00 
2.982394000e-04 5.044173000e-02 3.020853000e+00 
1.728944000e+00 1.131740000e+00 1.593936000e+00 
1.886448000e+00 1.477223000e+00 8.535413000e-02 
1.455135000e+00 1.946371000e+00 2.094849000e-01 
2.193004000e+00 1.721965000e+00 1.275515000e-02 
2.120039000e+00 2.422640000e-02 1.662285000e+00 
1.415137000e+00 1.254067000e+00 1.674510000e+00 
2.057531000e+00 9.377398000e-02 2.371939000e+00 
2.936725000e-02 1.889585000e+00 1.665264000e+00 
4.618706000e-01 2.565285000e+00 6.082170000e-03 
1.475499000e-01 1.833083000e+00 2.171297000e+00 
2.557277000e+00 9.156693000e-02 5.420089000e-02 
1.678822000e+00 2.219305000e+00 6.875620000e-02 
1.951634000e+00 1.003546000e-01 2.002169000e+00 
1.132703000e-01 2.207740000e+00 1.360052000e+00 
7.294801000e-03 3.289344000e+00 6.462675000e-02 
1.559639000e-02 2.324460000e+00 1.530806000e+00 
5.221647000e-02 3.339835000e-01 2.534801000e+00 
2.163887000e+00 2.723506000e-01 1.207260000e+00 
4.373427000e-02 2.480792000e+00 1.625660000e-01 
2.549669000e+00 7.964982000e-02 1.809742000e-01 
1.784563000e+00 1.345711000e+00 1.334172000e+00 
2.722944000e+00 2.904621000e-02 3.205176000e-01 

