4.237016000e+00 1.068727000e+00 7.687917000e-04 
6.111618000e+00 8.736856000e-03 5.188545000e-02 
2.236848000e+00 3.031377000e+00 2.475445000e-02 
2.221690000e-02 3.559250000e+00 2.239255000e-01 
1.620397000e-01 4.039756000e+00 9.594376000e-03 
2.243557000e+00 2.692287000e+00 1.538762000e-01 
2.301720000e+00 1.651476000e+00 2.162072000e+00 
6.611723000e-02 4.899652000e+00 1.103390000e-01 
2.572464000e+00 2.631025000e-03 3.201699000e+00 
3.975200000e-01 2.444794000e-02 3.194413000e+00 
1.818340000e-01 6.717253000e-03 5.698005000e+00 
4.692851000e+00 3.957313000e-02 1.698895000e-02 
1.485272000e-02 1.456137000e-02 4.927089000e+00 
2.075659000e+00 1.669365000e+00 2.174855000e+00 
4.249685000e+00 1.231292000e-02 3.323610000e-02 
1.094734000e-03 5.051736000e-02 4.186590000e+00 
2.575302000e-01 1.852312000e+00 2.620519000e+00 
3.519538000e+00 2.081072000e-01 2.219587000e-02 
1.321183000e+00 1.825609000e+00 2.623003000e+00 
3.827920000e+00 1.077188000e-02 3.818366000e-01 
2.849299000e-03 5.500013000e+00 7.568020000e-01 
3.619682000e+00 1.056640000e-02 9.554288000e-01 
6.691511000e+00 5.921347000e-03 1.166074000e-01 
2.467096000e-02 2.598035000e+00 2.374042000e+00 
9.372690000e-03 1.671357000e+00 3.637988000e+00 
1.955436000e-02 5.204953000e+00 1.447895000e-01 
5.881397000e+00 5.104998000e-03 1.265972000e-01 
9.269197000e-03 5.359060000e+00 2.012437000e-01 
1.941410000e-02 3.773721000e+00 2.946845000e+00 
1.418300000e-01 2.468421000e-02 3.387095000e+00 
1.300479000e+00 2.835231000e+00 2.493921000e-01 
4.149255000e+00 7.576763000e-03 5.393103000e-01 
1.705563000e+00 3.510345000e+00 1.438774000e-03 
5.253945000e+00 3.367161000e-01 8.357507000e-04 
6.779551000e-04 3.313048000e-02 5.120948000e+00 
1.825872000e+00 3.330976000e-03 3.443984000e+00 
2.184418000e+00 2.959530000e+00 2.557373000e-02 
1.086059000e-02 4.860208000e+00 2.924426000e+00 
3.266663000e+00 1.966490000e+00 3.708297000e-03 
2.015690000e+00 3.349883000e+00 5.477010000e-03 
2.929830000e-04 6.700734000e-03 6.461768000e+00 
3.668163000e-01 2.992632000e+00 1.261375000e+00 
3.950088000e+00 5.410540000e-02 1.329720000e-01 
1.038796000e-01 4.942421000e+00 4.928849000e-06 
8.332379000e-02 3.955378000e+00 7.789977000e-02 
1.608359000e-01 2.665047000e+00 2.345139000e+00 
3.546898000e+00 4.378240000e-03 2.396634000e+00 
2.980601000e+00 1.814470000e+00 3.385518000e-02 
2.763233000e-03 7.712508000e+00 2.415907000e+00 
2.255708000e-04 1.893037000e-01 4.137804000e+00 
6.053257000e-03 2.715435000e-04 7.494658000e+00 
2.470325000e+00 1.031346000e-01 2.683294000e+00 
1.727540000e-01 3.396383000e+00 2.923939000e-01 
1.347746000e-02 4.036850000e+00 3.978697000e-01 
3.531085000e-02 2.526688000e+00 2.694526000e+00 
1.818020000e+00 3.432064000e+00 2.729436000e-03 
5.596127000e-03 5.289817000e+00 3.339769000e+00 
3.093888000e-03 1.886417000e+00 3.631155000e+00 
1.341445000e+00 2.199104000e+00 2.242659000e+00 
1.976094000e+00 7.204047000e-02 3.149442000e+00 
1.282371000e-01 1.406469000e+00 3.044178000e+00 
1.868798000e+00 3.281460000e+00 7.843833000e-02 
1.449370000e+00 1.191112000e+00 2.837410000e+00 
8.168037000e-03 6.114816000e+00 5.116005000e-02 
1.388949000e-01 1.212098000e-02 4.265080000e+00 
2.117717000e-01 2.086643000e-02 3.460141000e+00 
2.554079000e-01 2.755546000e+00 2.214105000e+00 
2.053061000e+00 2.455922000e+00 8.426924000e-01 
4.085708000e+00 3.697111000e-02 4.028733000e-02 
3.628488000e+00 5.091970000e-01 1.205276000e-02 
2.483553000e+00 4.249388000e-03 2.966177000e+00 
2.477729000e+00 6.963264000e-02 2.171708000e+00 
5.111549000e+00 4.437047000e-03 2.552760000e-01 
1.888370000e+00 3.165960000e+00 1.245152000e-02 
4.646827000e+00 1.295937000e-01 6.796118000e-03 
4.340624000e+00 4.051451000e-03 4.536814000e-01 
4.729943000e-01 1.836245000e-02 3.461614000e+00 
3.659685000e+00 2.135254000e+00 8.304575000e-04 
2.568549000e+00 2.242884000e+00 3.790428000e-02 
3.914060000e+00 6.924676000e-01 1.200508000e-02 
9.081513000e-03 5.715356000e+00 5.856100000e-01 
2.387339000e+00 1.448774000e+00 2.350971000e+00 
4.045354000e+00 3.785746000e-02 5.579583000e-02 
6.488989000e-02 5.203095000e+00 4.587813000e-02 
1.103483000e-01 1.883722000e+00 3.324143000e+00 
2.627467000e+00 1.272508000e-02 2.463781000e+00 
2.225135000e+00 3.733605000e-01 2.649865000e+00 
2.259189000e+00 2.101356000e+00 1.114249000e-01 
2.579490000e-03 2.622931000e-01 3.957865000e+00 
6.931542000e-02 5.129593000e+00 4.550128000e-02 
2.510612000e+00 1.495194000e+00 2.136988000e+00 
1.517827000e-02 3.242854000e+00 2.997639000e+00 
3.152656000e+00 4.886612000e-01 9.481155000e-01 
5.289593000e-02 6.135831000e+00 2.355093000e-03 
3.274185000e-01 3.331336000e+00 1.436442000e+00 
5.085898000e-02 8.813024000e-04 6.132412000e+00 
1.848225000e+00 2.194083000e+00 2.342784000e+00 
9.487897000e-01 3.456473000e+00 1.706050000e-01 
5.323714000e+00 9.740572000e-03 1.482875000e-01 
3.997567000e+00 3.557518000e-01 1.315836000e-02 
6.196301000e-02 4.975821000e+00 1.117901000e-01 
9.861510000e-04 6.993836000e-02 4.888906000e+00 
5.178665000e+00 3.398445000e-02 3.304176000e-02 
2.811043000e+00 5.665100000e-01 8.604212000e-01 
1.071477000e-01 1.514086000e-01 3.384109000e+00 
2.520304000e-01 5.401539000e-04 3.593716000e+00 
3.598171000e+00 1.092871000e-02 3.744728000e-01 
2.617888000e+00 2.635447000e-02 2.450810000e+00 
3.457073000e+00 1.480534000e-02 2.422960000e+00 
1.906942000e-01 4.792941000e-03 4.467679000e+00 
1.501039000e-01 3.660747000e+00 1.128059000e-01 
6.593814000e-03 1.835276000e+00 3.498117000e+00 
3.097869000e+00 1.037887000e-02 2.793053000e+00 
3.652222000e-01 3.760086000e+00 3.981058000e-02 
5.185785000e-01 3.058144000e+00 1.829518000e-01 
3.487637000e+00 3.564576000e-02 1.436519000e-01 
2.565394000e+00 2.000115000e-01 2.133172000e+00 
1.718257000e+00 2.991864000e+00 2.177676000e-01 
2.445819000e+00 2.250218000e+00 3.645185000e-02 
2.373386000e+00 1.324622000e-02 2.846052000e+00 
1.187963000e+00 2.313740000e+00 2.204725000e+00 
1.315112000e+00 2.652374000e+00 2.139169000e+00 
1.904830000e+00 2.440317000e+00 1.826926000e+00 
4.735667000e-01 3.617012000e+00 3.196679000e-02 
1.502411000e-01 3.504073000e+00 5.816345000e-02 
3.333995000e+00 3.444729000e-01 1.637086000e-02 
4.507595000e+00 1.110547000e-02 1.683091000e-01 
2.724001000e+00 2.462267000e+00 2.360943000e-02 
9.795887000e-03 1.476095000e-02 3.500604000e+00 
1.715536000e+00 3.364012000e+00 1.579968000e-01 
3.568021000e+00 7.825668000e-01 8.376635000e-03 
2.299224000e-01 1.485764000e-03 3.979396000e+00 
1.477198000e-01 3.580418000e+00 1.144202000e-01 
3.567131000e+00 1.177251000e-01 2.246238000e-02 
3.560078000e+00 1.429922000e-01 7.316257000e-02 
3.753767000e+00 7.869756000e-02 4.353415000e-02 
8.784723000e-02 3.862575000e+00 1.225928000e-02 
3.177881000e+00 2.429719000e-02 1.499858000e-01 
2.125220000e-01 1.332084000e-02 4.109889000e+00 
2.204913000e+00 4.002826000e-01 2.633071000e+00 
3.120154000e+00 3.549359000e-01 1.754407000e+00 

9.559888000e+00 1.634357000e+00 1.619164000e-03 
3.674248000e+00 3.548780000e-02 4.222578000e-02 
2.260895000e-01 5.067178000e+00 5.246726000e-03 
2.422193000e-02 3.764176000e-01 3.089147000e+00 
3.940335000e+00 1.180256000e+00 5.093162000e-03 
3.356454000e+00 9.300371000e-02 1.759270000e+00 
2.141665000e+00 7.408965000e-02 2.188850000e+00 
2.988401000e+00 5.497317000e-04 3.399417000e+00 
1.212172000e-02 5.165299000e+00 9.188977000e-02 
3.113140000e-03 1.013154000e-04 6.991614000e+00 
2.856532000e+00 4.261321000e-01 3.373374000e-01 
2.211318000e+00 2.503970000e+00 2.529068000e-01 
4.451869000e-01 1.264385000e-01 3.226471000e+00 
3.501921000e+00 9.685746000e-02 8.647412000e-02 
4.219765000e-02 4.170330000e+00 4.903656000e-02 
4.758364000e-02 3.880997000e+00 2.251409000e-01 
1.763351000e-01 7.079112000e+00 9.975047000e-03 
1.959464000e-02 3.412792000e+00 3.025469000e+00 
4.785953000e-01 8.362825000e-02 3.198377000e+00 
1.822395000e+00 1.005731000e-02 2.709908000e+00 
4.200156000e+00 2.041645000e-01 9.023034000e-03 
7.717546000e-02 2.081249000e+00 2.440396000e+00 
1.412866000e+00 3.077630000e+00 9.238737000e-02 
1.793448000e-03 1.452680000e-01 4.268830000e+00 
2.905998000e-02 5.093114000e+00 2.093221000e-01 
2.722342000e-01 3.331945000e+00 5.349880000e-02 
1.808738000e-03 6.032433000e+00 2.075215000e-01 
1.573989000e+00 2.037808000e+00 2.221262000e+00 
3.101795000e+00 4.691515000e-01 9.840563000e-02 
3.220637000e-03 5.546060000e+00 8.871765000e-02 
3.449593000e+00 4.625247000e-02 4.367241000e-01 
3.892594000e+00 5.007927000e-03 1.730639000e-01 
5.770043000e+00 2.744917000e-03 6.506082000e-01 
1.010440000e-01 7.559837000e-04 5.630420000e+00 
1.511331000e-02 3.950684000e+00 2.830707000e-01 
1.070692000e-01 4.077161000e+00 1.645728000e-02 
1.908585000e-03 3.329454000e-02 3.993837000e+00 
5.549491000e+00 6.719219000e-03 5.092412000e-02 
1.555929000e+00 2.797373000e-01 2.502120000e+00 
2.851678000e+00 1.123169000e-01 1.498568000e+00 
1.941390000e+00 3.469351000e-01 2.247590000e+00 
2.421735000e+00 2.011226000e+00 1.323216000e-01 
4.338835000e-01 3.727836000e+00 6.443064000e-03 
6.327947000e-01 1.476493000e+00 2.554915000e+00 
2.920238000e-01 2.065549000e+00 2.384808000e+00 
1.941283000e+00 8.045440000e-02 2.628964000e+00 
2.450730000e+00 3.704248000e-03 2.902321000e+00 
1.986235000e-02 2.453282000e+00 2.718429000e+00 
3.158442000e+00 1.311249000e-01 1.142602000e+00 
1.017996000e-04 5.627434000e-02 4.926456000e+00 
2.567682000e+00 2.769092000e+00 9.304862000e-02 
7.670433000e-05 5.809128000e-02 6.517648000e+00 
9.660421000e-04 9.179667000e-04 5.645097000e+00 
5.814439000e+00 9.588318000e-03 4.303845000e-02 
3.560853000e+00 2.666007000e-01 8.264102000e-02 
1.475265000e-01 2.115792000e+00 2.370590000e+00 
3.278861000e-01 4.525488000e+00 1.080953000e-02 
3.585831000e+00 1.653023000e-01 4.214460000e-02 
5.228383000e-03 1.182367000e-01 3.602914000e+00 
2.844624000e+00 4.259789000e-01 1.069525000e+00 
3.635966000e+00 1.088814000e+00 5.461079000e-03 
2.911685000e-03 2.136641000e-02 4.394878000e+00 
5.679854000e-01 5.001389000e+00 1.424926000e-03 
1.574775000e-01 7.595089000e+00 5.467950000e-04 
2.938519000e+00 9.269933000e-01 2.576241000e-01 
1.979283000e-03 3.313775000e-02 5.038400000e+00 
1.334101000e-03 4.399448000e-01 4.355877000e+00 
7.027083000e-01 3.263197000e+00 5.189618000e-02 
1.676008000e-03 6.127741000e+00 1.067854000e-01 
2.571471000e+00 2.822330000e+00 1.292631000e-03 
5.393640000e+00 1.865893000e-01 1.519833000e-02 
1.519201000e-01 2.052833000e+00 2.485045000e+00 
2.137622000e+00 2.612365000e+00 2.196258000e-01 
4.537675000e-03 2.310094000e-01 3.474317000e+00 
1.488698000e-03 3.649573000e+00 4.039208000e-01 
4.834876000e-02 3.714573000e+00 8.518619000e-02 
4.020826000e+00 1.971472000e-02 5.855631000e-02 
8.111145000e-03 4.265976000e+00 2.261610000e-01 
3.329405000e+00 2.853689000e-01 1.007072000e+00 
3.592475000e+00 2.515790000e-02 1.623277000e-01 
4.228654000e+00 3.478035000e-01 7.596086000e-03 
1.326480000e-02 3.790092000e-04 6.963523000e+00 
1.399996000e+00 3.154960000e+00 7.158417000e-02 
6.774790000e-02 3.516845000e+00 1.942034000e-02 
3.847470000e-02 5.813912000e+00 4.881986000e-02 
2.123161000e+00 2.709449000e+00 1.347866000e-01 
3.874123000e+00 2.461124000e-02 5.617293000e-02 
2.300828000e+00 6.530858000e-02 2.671224000e+00 
2.961541000e-02 1.035724000e-03 4.655670000e+00 
6.778318000e-01 1.077168000e-01 3.184403000e+00 
7.200626000e-02 4.487082000e+00 1.433000000e-02 
6.973617000e-03 5.258292000e+00 6.359635000e-02 
7.038171000e+00 2.157698000e-03 7.846820000e-02 
9.085277000e-02 1.635335000e-03 3.843851000e+00 
3.110051000e+00 1.950520000e+00 5.465536000e-02 
1.191466000e-01 1.735018000e+00 2.694584000e+00 
1.288146000e+00 2.874044000e+00 9.427518000e-02 
7.136924000e-01 2.691906000e-02 3.238640000e+00 
3.451795000e+00 4.231484000e-02 1.023773000e-01 
2.049489000e-03 2.967515000e-02 3.659058000e+00 
1.706126000e-02 3.148249000e-03 3.598776000e+00 
3.423746000e-01 2.550090000e+00 2.254952000e+00 
6.294204000e-02 7.952417000e-03 3.265115000e+00 
9.575003000e-02 2.619861000e+00 1.390925000e+00 
2.596457000e+00 5.729374000e-02 2.216322000e+00 
2.291900000e-02 1.065517000e+00 3.132684000e+00 
5.615918000e-02 3.188640000e+00 1.223945000e-01 
6.215057000e-03 1.317462000e-01 3.337061000e+00 

6.671432000e-03 4.189146000e+00 3.704527000e+00 
1.734200000e-03 4.327260000e+00 1.105321000e+00 
2.106623000e+00 2.722578000e+00 1.529853000e-01 
2.430346000e+00 2.234699000e+00 2.558755000e-01 
1.684610000e-01 2.889445000e+00 1.944391000e+00 
1.729792000e-03 1.394727000e-02 5.442628000e+00 
1.567408000e-01 6.826244000e-03 4.034585000e+00 
2.024377000e-01 3.576700000e+00 1.609325000e-01 
2.980405000e-01 3.168438000e+00 1.593764000e+00 
3.996346000e+00 5.089868000e-03 1.515998000e-01 
3.251217000e+00 2.306078000e+00 7.826189000e-02 
6.054643000e-02 1.187589000e-02 3.804209000e+00 
1.141625000e+00 3.150562000e+00 8.550167000e-02 
6.728894000e-05 7.068979000e-06 9.406206000e+00 
2.707102000e+00 4.642723000e-02 2.463412000e+00 
1.181493000e-03 4.757125000e-02 4.237633000e+00 
2.976996000e+00 2.706587000e+00 4.631675000e-02 
2.435287000e+00 2.199482000e+00 2.022895000e-01 
8.690373000e-04 6.723563000e+00 1.404192000e+00 
3.681976000e-02 6.826184000e-01 3.218221000e+00 
2.494858000e+00 1.118640000e-01 2.506714000e+00 
3.169664000e+00 4.926019000e-01 2.128325000e-01 
5.190111000e-02 3.256674000e+00 2.725370000e+00 
4.405630000e-05 4.348140000e-04 6.880289000e+00 
3.419713000e+00 7.302526000e-03 1.577859000e+00 
3.144926000e+00 4.579725000e-01 1.646467000e+00 
2.509385000e+00 1.197683000e+00 2.328303000e+00 
2.580486000e+00 2.503785000e+00 8.817453000e-02 
7.988894000e-02 3.590038000e+00 1.930752000e-01 
1.382540000e-01 2.700345000e-03 4.609916000e+00 
5.840072000e-01 3.885870000e+00 2.252823000e-02 
1.687729000e-01 1.642900000e-02 3.252493000e+00 
2.232659000e-03 1.197842000e-01 3.835033000e+00 
2.557410000e-02 6.109553000e-02 3.828098000e+00 
2.742234000e-02 5.709671000e+00 3.674224000e-02 
3.713919000e+00 1.557168000e-01 4.159014000e-03 
1.924989000e+00 2.668643000e+00 1.735521000e+00 
3.028905000e-02 3.133968000e-03 4.359864000e+00 
4.499369000e+00 4.367279000e-02 2.357154000e-02 
4.503906000e-01 1.181547000e-02 3.892451000e+00 
2.199704000e+00 2.572140000e+00 2.829916000e-01 
5.198558000e+00 2.953683000e-03 2.314288000e-01 
3.196459000e+00 1.581380000e-02 2.215289000e+00 
1.584867000e+00 2.563853000e+00 1.923968000e+00 
9.910127000e-03 7.267896000e-04 5.347439000e+00 
7.585884000e-02 4.024172000e+00 1.709415000e-02 
5.022470000e-01 2.235743000e+00 2.588465000e+00 
4.394375000e+00 5.602212000e-02 4.033462000e-02 
1.259001000e-03 1.251684000e-02 6.689770000e+00 
1.434074000e+00 2.739639000e+00 1.710974000e+00 
2.326168000e+00 3.215893000e+00 6.357285000e-02 
3.139661000e+00 2.329172000e+00 1.533360000e-01 
2.582001000e+00 4.964053000e-02 2.574681000e+00 
1.389476000e+00 2.721854000e+00 1.757692000e+00 
2.376389000e+00 2.216110000e+00 1.510051000e+00 
5.356320000e-02 4.547896000e+00 6.128299000e-02 
2.288166000e+00 2.104732000e+00 1.510815000e+00 
5.868414000e-02 6.029172000e-03 4.244160000e+00 
4.923696000e-02 3.835518000e+00 1.144191000e-01 
6.421112000e-01 3.907040000e+00 5.658671000e-03 
6.226214000e-02 1.026796000e-01 3.626960000e+00 
5.125150000e+00 1.453113000e-01 1.721991000e-03 
1.540016000e+00 2.567213000e+00 1.986382000e+00 
2.807946000e+00 5.439970000e-01 2.331534000e+00 
3.490749000e-02 4.154947000e+00 1.234491000e-01 
3.831836000e+00 5.706684000e-01 1.492431000e-03 
2.329272000e+00 3.169786000e+00 4.582129000e-03 
1.332909000e-02 2.164895000e-01 3.598756000e+00 
4.231526000e+00 5.247038000e-02 5.828433000e-02 
3.020312000e+00 4.014385000e-02 2.667710000e+00 
4.513218000e-03 4.957178000e+00 9.272922000e-01 
8.813872000e-02 3.622809000e+00 2.920429000e-02 
8.488385000e-01 2.889336000e+00 1.910511000e+00 
3.856607000e-03 1.114990000e-01 3.892411000e+00 
1.162847000e-02 4.637433000e+00 8.727272000e-01 
1.466899000e-02 5.006701000e+00 2.732159000e-01 
2.595254000e-01 5.161715000e+00 6.235200000e-03 
5.138623000e-01 4.541840000e+00 7.553423000e-03 
1.900518000e-02 3.056532000e-01 3.521647000e+00 
2.492560000e+00 1.177076000e+00 2.346641000e+00 
2.206941000e-02 1.873012000e-03 5.014449000e+00 
4.411397000e+00 3.977234000e-02 5.163343000e-02 
2.623018000e+00 2.737938000e-01 2.430192000e+00 
1.611209000e+00 1.618217000e+00 2.211078000e+00 
3.987459000e-02 1.355430000e-01 2.765205000e+00 
2.830821000e-01 2.924300000e+00 1.632109000e+00 
1.741000000e+00 1.952396000e-03 4.199203000e+00 
1.090898000e-02 6.623436000e-03 4.441154000e+00 
1.130122000e-03 1.544340000e-01 4.175806000e+00 
6.999169000e-01 2.913120000e+00 1.700599000e+00 
2.721547000e+00 2.563432000e+00 4.857242000e-02 
3.157858000e+00 2.266059000e+00 1.791310000e-01 
3.833599000e+00 2.942050000e-02 5.871498000e-02 
1.993824000e+00 1.811403000e+00 1.725011000e+00 
5.169762000e-02 4.139999000e+00 9.530848000e-02 
3.537054000e-02 4.550946000e+00 2.700403000e-02 
1.958873000e-03 4.700932000e-02 4.740456000e+00 
4.254836000e-04 6.002702000e-02 4.320461000e+00 
3.663435000e-02 2.611672000e+00 2.983563000e+00 
3.376397000e-01 3.232673000e+00 1.592247000e+00 
2.943440000e+00 3.358109000e-02 2.761834000e+00 
2.548979000e-02 6.251259000e-01 3.513536000e+00 
1.470059000e-01 2.512333000e+00 2.347000000e+00 
7.001277000e-02 2.729692000e+00 2.462991000e+00 
3.250196000e+00 1.775207000e-02 7.928557000e-02 
1.175218000e-02 3.287053000e+00 3.722902000e-01 
9.861383000e-02 2.980008000e+00 1.617896000e+00 
2.683094000e-02 3.914634000e-01 3.278480000e+00 
1.002961000e+00 2.808475000e+00 2.060131000e+00 
2.827453000e+00 1.903774000e-01 1.658657000e+00 

