1.205881000e+00 7.155335000e-01 2.124063000e-03 
8.236432000e-01 1.041586000e+00 1.078627000e-01 
1.175631000e+00 6.587908000e-01 8.723182000e-02 
1.536479000e-01 2.833948000e-01 1.322344000e+00 
2.139267000e+00 4.859401000e-04 3.724379000e-02 
7.233881000e-01 1.876054000e-02 1.082271000e+00 
7.682562000e-01 7.057098000e-01 8.842942000e-01 
1.353591000e+00 9.981881000e-01 2.853038000e-04 
1.096274000e-01 1.172562000e+00 5.503038000e-01 
1.573492000e-01 1.375541000e+00 1.285594000e-03 
1.961305000e-02 8.549503000e-01 1.068988000e+00 
1.913206000e-02 1.021973000e+00 9.599551000e-01 
1.524896000e-01 1.344241000e+00 2.441435000e-03 
1.248518000e+00 4.558016000e-01 1.037751000e-01 
6.657213000e-01 1.203643000e+00 6.727428000e-03 
1.982382000e+00 5.387881000e-03 6.659107000e-03 
7.158876000e-01 6.274789000e-01 9.390429000e-01 
6.175702000e-01 1.155613000e+00 1.438471000e-01 
4.783501000e-03 1.223421000e+00 8.086747000e-01 
1.290436000e+00 1.322002000e-02 5.584235000e-01 
7.043347000e-01 4.831505000e-01 1.030964000e+00 
6.719076000e-01 1.730333000e+00 2.295185000e-04 
7.420074000e-01 1.255352000e+00 1.344229000e-03 
1.071685000e+00 5.874581000e-01 6.246986000e-01 
1.791408000e+00 2.781167000e-02 2.529789000e-03 
9.975977000e-01 8.119025000e-01 4.581862000e-01 
1.219324000e+00 3.442183000e-02 4.826897000e-01 
7.402931000e-04 2.162183000e+00 3.947870000e-02 
4.486252000e-03 8.093494000e-01 1.127558000e+00 
1.609520000e-01 8.877678000e-01 9.915277000e-01 
1.165047000e+00 7.169879000e-01 1.977844000e-02 
1.548711000e-02 5.159079000e-01 1.276492000e+00 
6.462864000e-01 1.142654000e+00 7.573319000e-02 
1.154008000e-04 1.848653000e+00 6.101887000e-02 
1.915011000e+00 9.036560000e-02 4.198176000e-04 
4.901395000e-01 2.453630000e-02 1.237147000e+00 
1.542817000e-02 1.042943000e+00 8.540572000e-01 
1.171142000e+00 5.438118000e-02 6.156458000e-01 
1.428851000e+00 5.804088000e-03 1.628215000e-02 
8.014902000e-01 1.052885000e+00 1.012957000e-01 
3.491684000e-01 1.095768000e+00 7.587957000e-01 
1.052097000e+00 5.952432000e-01 5.667537000e-01 
4.816552000e-05 3.908182000e-04 2.046646000e+00 
1.038796000e-01 4.942421000e+00 4.928849000e-06 
2.289194000e-04 2.471030000e-03 1.420482000e+00 
8.494335000e-01 1.009145000e+00 1.100672000e-01 
1.875099000e-04 1.538132000e-03 1.809666000e+00 
1.047992000e+00 6.192887000e-01 5.708594000e-01 
5.310945000e-03 1.202572000e+00 7.890575000e-01 
1.339973000e+00 3.938374000e-02 1.917131000e-02 
6.545804000e-01 1.196656000e+00 4.355364000e-02 
7.328154000e-01 1.253623000e-02 1.125940000e+00 
4.005200000e-01 8.225414000e-01 1.011677000e+00 
1.135932000e-01 1.331497000e+00 1.505471000e-02 
1.004154000e-03 1.606504000e-04 1.770605000e+00 
5.234142000e-01 5.277863000e-01 1.096397000e+00 
8.184027000e-01 6.050811000e-01 8.744669000e-01 
6.966945000e-01 9.514160000e-01 6.601288000e-01 
3.872266000e-01 1.124821000e+00 6.017237000e-01 
7.345915000e-03 1.364088000e+00 2.943862000e-02 
1.256017000e-01 4.510314000e+00 6.052033000e-04 
9.988902000e-03 1.368958000e+00 2.342443000e-03 
1.099634000e+00 1.999043000e-02 9.106842000e-01 
1.217948000e+00 1.187082000e-01 5.523358000e-01 
4.897103000e-02 4.942864000e-01 1.303391000e+00 
1.054716000e-02 7.940705000e-01 1.091223000e+00 
1.448961000e+00 2.521135000e-02 9.013657000e-03 
8.601791000e-06 4.096035000e-04 4.025180000e+00 
1.210620000e+00 4.626924000e-02 5.707329000e-01 
9.166908000e-01 8.584936000e-01 5.490406000e-01 
8.566911000e-01 1.014523000e+00 2.546619000e-02 
7.510855000e-01 7.127206000e-01 8.610570000e-01 
9.471661000e-01 7.263428000e-01 6.026679000e-01 
5.177234000e-02 1.050510000e+00 8.329689000e-01 
5.839304000e-03 6.536712000e-02 1.327720000e+00 
1.463759000e-01 4.695161000e-01 1.230095000e+00 
8.298875000e-01 1.030618000e+00 1.499352000e-02 
5.070588000e-01 8.816416000e-01 8.725971000e-01 
6.595388000e-01 1.206743000e+00 4.288540000e-02 
1.021874000e+00 9.333873000e-01 1.276134000e-03 
3.846959000e-01 6.735760000e-01 1.066778000e+00 
1.173060000e+00 7.225570000e-01 1.955068000e-02 
9.716799000e-01 2.653552000e-03 9.841904000e-01 
4.868401000e-01 2.795655000e-02 1.256804000e+00 
3.916913000e-01 7.137003000e-01 1.048949000e+00 
2.667588000e-02 1.891393000e+00 6.542484000e-04 
1.157654000e+00 7.664332000e-01 2.114221000e-03 
4.672311000e-02 7.571123000e-01 1.131099000e+00 
5.257208000e-05 2.974460000e-03 1.822581000e+00 
7.905704000e-01 5.655805000e-03 1.035315000e+00 
7.427987000e-01 7.152487000e-01 8.575760000e-01 
8.187319000e-01 1.626413000e-01 1.027299000e+00 
1.358094000e+00 3.325618000e-01 5.716337000e-03 
2.821513000e+00 1.836126000e-01 2.272096000e-04 
7.199460000e-01 6.121715000e-01 9.350270000e-01 
4.382959000e-03 5.263124000e-01 1.324871000e+00 
6.152266000e-02 1.281717000e+00 5.141323000e-01 
4.716886000e-01 4.136357000e-01 1.228882000e+00 
5.857588000e-02 1.132619000e+00 7.505551000e-01 
8.780229000e-01 1.033637000e+00 1.188712000e-02 
7.550772000e-01 6.886923000e-01 8.979510000e-01 
1.605248000e-01 9.288212000e-01 9.502477000e-01 
1.478105000e+00 5.576882000e-02 1.074894000e-03 
3.178848000e-02 8.877357000e-01 1.048796000e+00 
9.287877000e-02 1.038169000e+00 9.123242000e-01 
3.387229000e-01 1.141174000e+00 6.099532000e-01 
1.011768000e+00 3.927254000e-02 9.029643000e-01 
2.257412000e-02 4.947005000e-01 1.317232000e+00 
8.220671000e-01 1.072273000e+00 1.588378000e-02 
6.819685000e-01 6.650425000e-01 9.481137000e-01 
7.319136000e-01 6.115178000e-01 9.391528000e-01 
4.268614000e-01 1.296905000e+00 2.221245000e-02 
1.513898000e-03 1.341302000e+00 1.457425000e-01 
8.332697000e-01 8.111366000e-01 6.827571000e-01 
1.073073000e-02 9.891523000e-05 1.476813000e+00 
1.194779000e+00 7.036915000e-02 5.675727000e-01 
5.944259000e-01 1.857144000e+00 1.537108000e-04 
5.966672000e-01 7.277462000e-01 9.846663000e-01 
1.427241000e-02 9.285021000e-04 1.332186000e+00 
6.890948000e-01 4.408571000e-01 1.117133000e+00 
6.491355000e-01 1.298961000e+00 1.347708000e-02 
2.008652000e+00 8.904737000e-04 1.895086000e-01 
8.311947000e-01 1.512569000e-03 1.055805000e+00 
8.096845000e-01 6.009657000e-01 9.076943000e-01 
2.147816000e+00 1.215821000e-04 2.013046000e-02 
9.883340000e-01 5.518989000e-02 8.762796000e-01 
7.526618000e-01 1.089355000e+00 3.878591000e-03 
1.063831000e-01 1.015479000e+00 8.723364000e-01 
8.875055000e-02 1.195945000e+00 5.841245000e-01 
1.376943000e-03 1.843612000e+00 1.579793000e-01 
9.721938000e-01 7.089371000e-01 6.128018000e-01 
7.262957000e-02 8.787932000e-01 1.016825000e+00 
1.346100000e-01 3.576282000e-01 1.281208000e+00 
4.394875000e-02 5.107706000e-01 1.225050000e+00 
1.099617000e+00 8.138588000e-01 1.127113000e-02 
7.189056000e-01 4.674715000e-01 1.072548000e+00 
6.880100000e-01 1.157608000e+00 1.463881000e-02 
7.515876000e-01 1.106570000e+00 1.080250000e-01 
2.789669000e-01 9.245591000e-01 9.716631000e-01 
2.700571000e-02 1.242014000e+00 5.386419000e-01 
3.349466000e-01 9.885059000e-01 8.448920000e-01 
3.043644000e-04 8.242681000e-01 1.123145000e+00 
6.685197000e-01 6.415763000e-03 1.201147000e+00 
1.412516000e+00 1.213915000e-01 9.687384000e-04 
4.175399000e-03 1.629819000e+00 1.768285000e-02 
1.851134000e+00 2.823482000e-03 4.826604000e-02 
5.320772000e-01 8.777080000e-01 8.217411000e-01 
1.080134000e+00 6.745227000e-01 7.238367000e-02 
1.031533000e+00 1.173876000e-01 8.120490000e-01 
6.950433000e-01 1.260071000e+00 2.501091000e-03 
9.093077000e-05 1.221078000e+00 9.445833000e-01 
2.716509000e-01 8.093789000e-01 1.068039000e+00 
9.567390000e-01 5.274942000e-03 9.544891000e-01 
6.997669000e-01 6.646317000e-01 9.763301000e-01 
1.987240000e+00 2.846005000e-02 5.018319000e-04 
1.125104000e+00 1.024743000e-02 9.205621000e-01 
4.489409000e-01 7.858624000e-01 9.198194000e-01 
7.950641000e-02 8.653958000e-01 1.001251000e+00 
4.626045000e-02 7.820215000e-01 1.074896000e+00 
3.155552000e-01 1.049041000e+00 8.331815000e-01 
5.190349000e-01 9.002029000e-01 8.701750000e-01 
1.642943000e+00 1.354849000e-02 7.733620000e-03 
9.069257000e-01 5.158213000e-01 9.016307000e-01 
4.948089000e-01 9.018754000e-01 8.744896000e-01 
7.380133000e-01 8.878999000e-01 5.808553000e-01 
9.676435000e-03 4.875130000e-04 1.372313000e+00 
4.439733000e-03 1.442095000e+00 6.557197000e-03 
4.024426000e-03 1.823200000e+00 2.909652000e-02 
8.682636000e-01 6.117207000e-02 9.179539000e-01 
9.799850000e-01 5.959626000e-01 7.792241000e-01 
1.075228000e+00 7.782365000e-01 1.813292000e-02 
1.046186000e+00 7.043165000e-02 8.538946000e-01 
5.471906000e-01 1.071482000e+00 5.417634000e-01 
1.244660000e-01 1.234255000e+00 5.436109000e-01 
1.331224000e+00 2.920302000e-02 3.172532000e-02 
1.037476000e+00 6.507782000e-01 6.264094000e-01 
1.166102000e-01 1.163424000e+00 5.599500000e-01 
1.518481000e-02 5.900709000e-01 1.183696000e+00 
6.944611000e-03 1.409803000e+00 1.373626000e-02 
1.189653000e-01 1.161512000e+00 7.198533000e-01 
1.335321000e+00 3.971346000e-03 4.044098000e-02 
4.287018000e-01 4.052627000e-01 1.263181000e+00 
4.386104000e-01 3.821664000e-03 1.315451000e+00 
8.626438000e-01 9.346696000e-02 9.849424000e-01 
6.199321000e-01 1.291515000e+00 1.004522000e-01 
1.125353000e+00 3.399079000e-02 7.538424000e-01 
1.217099000e+00 3.955574000e-01 1.679335000e-01 
1.074166000e+00 3.217471000e-02 8.501257000e-01 
1.051745000e+00 7.907137000e-01 1.334409000e-01 
2.799991000e-02 1.205412000e+00 5.871139000e-01 
1.152495000e+00 5.390151000e-02 7.120053000e-01 
1.613550000e-03 1.278344000e+00 5.904201000e-01 
6.483326000e-02 8.480903000e-01 1.071051000e+00 
2.181018000e-03 1.331516000e+00 1.446584000e-01 
6.317871000e-03 8.106973000e-01 1.110892000e+00 
1.293629000e+00 8.365320000e-02 1.366714000e-01 
6.266349000e-02 7.247483000e-01 1.094932000e+00 
6.672685000e-01 1.196633000e+00 2.465786000e-02 
1.497442000e-01 1.326109000e+00 5.272046000e-02 
1.078479000e+00 2.093583000e-01 7.687657000e-01 
1.231781000e+00 5.901731000e-01 1.237949000e-01 
2.534343000e-02 9.717474000e-01 9.791836000e-01 
1.212840000e+00 7.112043000e-01 1.694910000e-02 
6.448547000e-01 5.833028000e-01 1.080832000e+00 
3.375516000e-01 1.104129000e+00 6.713600000e-01 
3.474453000e-03 1.225465000e+00 8.136414000e-01 
9.121384000e-01 5.986006000e-01 8.508216000e-01 
1.392223000e-02 1.353033000e+00 9.039314000e-03 
4.534880000e-01 1.272771000e+00 1.325799000e-01 
5.901534000e-01 1.034123000e+00 6.462543000e-01 
8.905243000e-01 6.490387000e-01 7.368177000e-01 
2.932811000e-02 1.330035000e+00 1.408933000e-01 
7.178623000e-03 8.571525000e-01 1.065371000e+00 
8.126212000e-01 8.149168000e-01 5.751043000e-01 
1.011665000e+00 4.496922000e-02 8.659325000e-01 
7.848909000e-01 1.135596000e+00 3.169447000e-03 
4.560659000e-04 3.310569000e-02 1.354344000e+00 
3.415675000e-01 1.122450000e+00 6.342451000e-01 
8.383564000e-01 4.768316000e-01 9.734844000e-01 
6.471212000e-03 1.163029000e+00 7.683726000e-01 
6.956228000e-03 1.039234000e+00 8.567237000e-01 
4.935886000e-01 2.352515000e-02 1.294033000e+00 
2.312027000e-03 5.991145000e-01 1.289850000e+00 
4.069369000e-01 1.291638000e+00 3.608853000e-02 
7.104997000e-01 4.780316000e-01 1.070623000e+00 
4.425212000e-01 1.315089000e+00 1.348976000e-02 
8.687144000e-01 1.076968000e+00 2.344447000e-04 
1.184041000e+00 3.729887000e-01 4.656863000e-01 
6.602638000e-01 1.228470000e+00 5.347033000e-03 
1.537416000e+00 1.787205000e-02 6.300281000e-03 
1.159092000e-01 1.006599000e+00 9.167580000e-01 
9.340443000e-02 1.098155000e+00 7.272038000e-01 
6.929396000e-04 8.918490000e-01 1.064861000e+00 
1.327927000e-02 9.307103000e-01 1.052653000e+00 
1.457187000e+00 3.073990000e-02 1.872885000e-03 
1.212884000e-03 8.215183000e-01 1.128789000e+00 
9.596605000e-01 9.006155000e-01 4.570647000e-01 
3.993405000e-01 7.013204000e-01 1.040267000e+00 
6.286317000e-01 1.017657000e+00 6.543024000e-01 
4.106362000e-02 3.749482000e-04 1.359053000e+00 
6.751921000e-02 1.345761000e+00 1.096795000e-01 
6.183083000e-01 6.694737000e-03 1.169673000e+00 
1.121188000e+00 1.004910000e-01 7.157831000e-01 
8.972756000e-01 8.713618000e-04 1.097823000e+00 
2.524359000e-03 1.392661000e+00 4.090523000e-02 
6.778321000e-02 3.658435000e-03 1.323622000e+00 
1.415160000e+00 1.476615000e-02 1.328364000e-02 
1.242997000e+00 4.416443000e-01 1.151848000e-01 
3.640112000e-02 9.322147000e-01 9.229556000e-01 
5.335523000e-01 1.128653000e+00 5.727078000e-01 
9.879940000e-01 4.558517000e-02 8.820689000e-01 
1.060668000e+00 1.725314000e-01 7.696500000e-01 
1.325216000e+00 2.153216000e-02 1.027061000e-01 
3.693469000e-03 6.217459000e-01 1.216641000e+00 
7.125663000e-01 4.146550000e-01 1.128527000e+00 
4.001818000e-01 1.140540000e+00 5.975667000e-01 
2.179846000e-02 9.747393000e-01 1.004888000e+00 
2.787464000e-02 1.209319000e+00 5.900717000e-01 
4.447850000e-02 1.351536000e+00 1.266688000e-01 
4.782962000e-01 4.161744000e-02 1.232403000e+00 
9.922818000e-01 9.080686000e-01 2.418645000e-03 
8.763878000e-01 5.653681000e-01 8.766257000e-01 
9.771375000e-01 6.998839000e-01 6.143124000e-01 
1.169802000e+00 7.575732000e-02 5.655651000e-01 
2.564262000e-02 2.268340000e-04 1.442476000e+00 
8.015265000e-01 1.052242000e+00 1.132488000e-01 
4.454587000e-01 3.891075000e-02 1.236674000e+00 
2.961503000e-01 5.216431000e-01 1.176408000e+00 
9.991589000e-03 1.135701000e+00 7.505366000e-01 
9.774004000e-01 9.101307000e-01 3.592130000e-02 
5.024897000e-01 7.797746000e-03 1.312299000e+00 
1.719043000e-03 1.437688000e-05 1.494397000e+00 
5.336399000e-01 8.765974000e-01 8.269447000e-01 
1.602846000e+00 2.868520000e-02 2.294705000e-03 
8.240755000e-01 9.247490000e-01 5.706073000e-01 
5.463734000e-01 1.119357000e+00 6.582712000e-01 
3.150591000e-01 4.946719000e-01 1.149574000e+00 
2.447951000e-01 4.439151000e-01 1.198598000e+00 
6.532474000e-01 7.996211000e-01 8.558368000e-01 
6.946783000e-03 1.258129000e+00 5.256052000e-01 
3.312121000e-04 1.090875000e+00 9.021747000e-01 
9.861059000e-02 1.045411000e+00 8.355020000e-01 
3.848275000e-03 4.017777000e-02 1.333386000e+00 
8.095155000e-02 4.859840000e-01 1.295523000e+00 
7.629309000e-01 8.795816000e-01 6.401564000e-01 
1.257897000e+00 4.488083000e-01 1.985014000e-02 
5.186470000e-01 9.067489000e-01 8.474631000e-01 
6.462567000e-01 5.062869000e-01 1.029764000e+00 
1.175344000e+00 2.161730000e-04 5.874791000e-01 
3.994708000e-01 7.010335000e-01 1.059596000e+00 
9.561355000e-01 9.214959000e-01 2.443603000e-02 
4.782774000e-01 3.363659000e-02 1.241911000e+00 
7.939215000e-01 1.074249000e+00 8.081250000e-03 
1.040593000e+00 1.703662000e-01 7.971856000e-01 
4.451528000e-01 4.440992000e-02 1.229218000e+00 
5.668130000e-01 8.696428000e-01 8.394958000e-01 
6.046678000e-01 1.314321000e-02 1.130517000e+00 
1.307011000e+00 6.594050000e-02 9.821160000e-03 
4.968578000e-01 6.156522000e-01 1.089868000e+00 
1.301143000e+00 2.495432000e-01 1.787648000e-02 
1.361493000e-01 9.878214000e-01 8.449873000e-01 
9.666357000e-01 6.951604000e-02 8.871597000e-01 
1.304813000e+00 3.645060000e-02 1.112285000e-01 
9.974984000e-01 8.981536000e-01 1.125241000e-02 
8.892569000e-01 1.063148000e+00 7.429366000e-03 
1.320797000e+00 3.955223000e-02 1.300948000e-02 

7.887834000e-01 3.449042000e-01 1.051407000e+00 
1.298403000e+00 6.363713000e-01 3.828213000e-03 
1.014726000e+00 2.755326000e-02 8.279284000e-01 
1.510604000e+00 7.706486000e-03 7.552182000e-03 
1.410173000e-02 1.692702000e+00 3.680626000e-03 
5.006920000e-01 3.969233000e-01 1.144739000e+00 
1.320141000e-02 1.676429000e-03 1.317619000e+00 
5.949034000e-01 1.197206000e-02 1.150121000e+00 
2.132702000e-03 1.134711000e+00 7.381835000e-01 
3.483732000e-03 1.368740000e+00 6.729453000e-02 
8.661290000e-01 9.066894000e-01 4.100501000e-02 
6.266313000e-04 7.330963000e-01 1.288787000e+00 
1.886438000e-03 3.889293000e-06 1.945847000e+00 
6.935667000e-05 1.109121000e-03 1.794424000e+00 
7.141058000e-01 2.655222000e-01 1.103949000e+00 
9.294326000e-01 1.881138000e-02 8.416036000e-01 
1.715983000e-02 2.350865000e+00 1.021514000e-03 
1.218358000e+00 1.018771000e-01 5.795089000e-01 
4.556875000e-01 1.079533000e+00 5.603570000e-01 
2.142151000e+00 2.280233000e-01 6.034394000e-04 
1.059170000e+00 8.668483000e-01 1.147797000e-04 
1.018122000e+00 2.569356000e-03 1.009209000e+00 
1.200549000e+00 4.078968000e-03 8.441495000e-01 
1.221692000e+00 1.093327000e-02 5.660537000e-01 
1.280036000e+00 1.214299000e-01 4.233673000e-02 
1.167482000e+00 5.483468000e-03 8.918246000e-01 
8.894560000e-01 9.469783000e-01 3.728015000e-03 
1.062076000e+00 7.130410000e-01 7.860041000e-02 
1.262543000e+00 3.871365000e-01 4.892577000e-03 
4.182485000e-02 1.042502000e+00 8.737226000e-01 
7.219707000e-01 1.131573000e+00 2.953699000e-02 
1.233928000e+00 6.519391000e-01 9.393574000e-03 
1.497281000e-02 9.317747000e-01 8.869288000e-01 
1.003813000e-01 7.298875000e-01 1.093925000e+00 
7.863014000e-01 1.101364000e+00 1.388065000e-03 
1.163014000e+00 2.525769000e-01 5.874363000e-01 
2.489912000e+00 3.946161000e-03 7.222181000e-04 
9.626771000e-01 7.344302000e-01 4.110831000e-01 
2.341504000e+00 1.444646000e-02 2.566954000e-03 
7.336346000e-01 6.851911000e-02 1.087708000e+00 
9.175167000e-01 8.797538000e-01 5.509347000e-01 
2.661609000e-02 1.167383000e+00 6.244945000e-01 
7.272652000e-01 9.728330000e-01 4.636397000e-01 
1.221685000e+00 1.564615000e-02 5.962319000e-01 
1.163772000e+00 4.745156000e-02 6.270592000e-01 
8.809805000e-01 4.700577000e-01 8.709544000e-01 
9.501814000e-01 6.279963000e-01 7.033129000e-01 
1.214805000e+00 3.778265000e-03 8.559173000e-01 
7.349598000e-01 8.180995000e-03 1.165792000e+00 
1.019756000e+00 7.881753000e-01 6.631442000e-02 
1.020180000e+00 7.849204000e-01 1.680608000e-02 
4.000924000e-01 1.741899000e-01 1.232927000e+00 
2.059764000e+00 3.850490000e-03 1.258109000e-02 
9.555536000e-01 1.007128000e-02 1.070340000e+00 
1.142380000e+00 5.942726000e-01 4.628101000e-01 
5.822876000e-01 9.541914000e-01 7.277030000e-01 
9.580675000e-01 5.095011000e-01 6.915517000e-01 
1.111725000e+00 7.106105000e-01 8.438416000e-02 
1.203605000e+00 1.112697000e-01 5.667908000e-01 
7.885882000e-01 5.835597000e-01 8.072961000e-01 
1.043060000e-02 1.415869000e+00 3.215181000e-02 
1.143060000e+00 8.243873000e-02 6.279087000e-01 
2.079835000e-03 5.986642000e-01 1.327440000e+00 
1.173506000e+00 2.374537000e-02 5.837217000e-01 
8.051757000e-01 7.268931000e-01 7.861724000e-01 
1.729120000e-04 8.583354000e-01 1.415205000e+00 
1.056108000e-01 7.454722000e-06 1.581935000e+00 
1.037832000e+00 7.581576000e-01 1.470890000e-03 
1.561380000e+00 1.472103000e-02 7.066138000e-03 
1.177647000e+00 6.007566000e-01 4.275769000e-01 
1.842480000e-03 1.732028000e+00 1.093926000e-02 
9.490699000e-01 5.073345000e-01 7.417340000e-01 
1.496539000e-03 1.679956000e+00 3.663791000e-02 
1.318388000e-02 5.242810000e-01 1.235247000e+00 
8.541520000e-01 9.979881000e-01 2.211043000e-01 
2.288459000e-02 1.386808000e+00 1.408259000e-02 
1.397056000e+00 1.431630000e-01 1.577057000e-03 
1.536821000e-03 1.013870000e+00 8.804549000e-01 
6.373855000e-01 1.182881000e-02 1.134473000e+00 
8.967073000e-01 8.702041000e-01 5.572660000e-01 
8.945091000e-01 3.070494000e-02 8.854695000e-01 
1.143420000e+00 5.939039000e-01 4.630805000e-01 
1.092473000e-01 2.153673000e-05 1.411492000e+00 
1.361085000e-03 1.681069000e+00 5.546545000e-02 
3.151817000e-03 1.665024000e+00 5.290048000e-02 
8.619635000e-01 8.340131000e-02 9.924957000e-01 
6.738279000e-01 8.967352000e-01 6.977688000e-01 
1.198617000e+00 1.440060000e-02 8.543089000e-01 
5.018107000e-01 3.291238000e-01 1.207241000e+00 
8.906354000e-01 1.288577000e-02 1.082559000e+00 
1.871212000e+00 5.483606000e-02 2.429322000e-03 
1.202269000e+00 1.016654000e-02 7.958455000e-01 
8.089950000e-01 1.058576000e-02 1.122390000e+00 
4.408285000e-01 4.082510000e-02 1.238483000e+00 
9.894622000e-01 1.610954000e-02 8.497038000e-01 
1.416272000e+00 1.688982000e-01 1.450100000e-03 
2.713448000e+00 7.125943000e-04 2.569167000e-03 
4.884030000e-02 8.069709000e-01 1.063335000e+00 
1.223041000e+00 3.762540000e-03 8.582245000e-01 
9.716864000e-01 7.949680000e-01 4.622790000e-02 
1.128896000e+00 3.232267000e-04 1.033226000e+00 
1.333905000e+00 3.145105000e-04 1.306713000e-02 
1.118757000e+00 1.634362000e-03 1.118825000e+00 
5.341255000e-01 1.218579000e+00 7.428376000e-02 
7.350683000e-01 9.688782000e-01 4.387898000e-01 
5.568424000e-01 1.035171000e+00 5.330297000e-01 
7.175210000e-01 1.107911000e+00 4.847207000e-02 
4.042330000e-03 1.573149000e+00 1.101516000e-02 
9.647937000e-03 8.984102000e-01 1.093376000e+00 
1.080949000e+00 3.623635000e-03 9.807088000e-01 
2.384699000e+00 1.159148000e-01 7.330270000e-04 
1.481231000e-02 1.429954000e+00 4.638947000e-03 
1.358008000e-02 2.421997000e+00 7.378438000e-03 
3.607128000e-03 9.152040000e-01 8.893971000e-01 
1.312507000e+00 7.248838000e-04 1.373149000e-02 
9.382847000e-03 9.072056000e-01 9.161714000e-01 
2.640752000e-02 1.617678000e-04 1.313434000e+00 
8.408880000e-01 7.960778000e-01 7.563542000e-01 
9.979377000e-01 7.110553000e-01 5.748747000e-01 
4.197749000e-02 1.543798000e+00 3.533264000e-04 
2.051280000e-02 1.276974000e+00 4.774885000e-01 
4.452565000e-03 3.425806000e-01 1.292649000e+00 
8.573978000e-01 9.613785000e-01 4.371188000e-01 
3.770544000e-03 1.374244000e+00 6.563576000e-02 
3.912798000e-03 1.281523000e+00 4.915278000e-01 
2.235868000e-01 1.203955000e+00 4.579798000e-01 
5.655008000e-01 3.890027000e-01 1.151610000e+00 
7.648623000e-04 5.733906000e-04 1.332923000e+00 
1.048928000e+00 7.193166000e-01 1.635905000e-01 
7.400835000e-01 7.434242000e-01 8.222633000e-01 
2.070797000e-02 8.181101000e-01 1.073541000e+00 
9.070195000e-01 5.965167000e-01 7.844352000e-01 
1.144035000e+00 7.938096000e-01 9.068579000e-04 
7.533575000e-03 4.379659000e-01 1.244847000e+00 
5.757624000e-02 1.250473000e+00 2.585207000e-01 
8.802748000e-01 2.993513000e-02 9.929623000e-01 
1.085815000e+00 7.132556000e-01 1.018249000e-02 
1.496641000e-02 1.413479000e+00 3.992103000e-02 
9.388886000e-01 8.255775000e-01 4.757266000e-01 
7.851251000e-01 7.089459000e-01 7.937437000e-01 
5.101432000e-04 7.479508000e-05 1.934879000e+00 
1.898895000e-03 1.388986000e+00 8.073798000e-02 
1.002439000e+00 4.908573000e-01 8.049271000e-01 
3.042007000e-03 1.671595000e+00 1.503874000e-02 
1.241227000e+00 9.242235000e-03 4.461084000e-01 
8.377091000e-01 6.200765000e-01 7.695424000e-01 
1.804229000e-03 1.400540000e+00 5.404005000e-02 
3.591027000e-02 1.957621000e-05 1.592919000e+00 
7.384220000e-01 2.080189000e-01 1.077869000e+00 
1.416160000e+00 6.308781000e-01 9.025726000e-04 
1.242082000e+00 5.163201000e-03 6.643891000e-01 
1.201068000e+00 4.568797000e-01 8.383244000e-02 
5.695381000e-01 4.341438000e-01 1.078139000e+00 
6.002879000e-02 7.223146000e-01 1.101937000e+00 
1.017520000e+00 9.265187000e-01 8.109935000e-03 
1.279846000e+00 1.939328000e-01 7.125863000e-02 
2.705280000e-05 1.032185000e-02 1.979555000e+00 
1.287850000e+00 5.917759000e-02 7.335694000e-03 
5.557379000e-02 1.255895000e+00 2.697823000e-01 
4.378455000e-02 1.496725000e+00 1.124025000e-03 
9.291554000e-01 2.082484000e-02 1.039112000e+00 
1.026093000e+00 6.310344000e-01 5.810811000e-01 
1.257520000e+00 3.241263000e-02 9.892837000e-02 
1.907510000e-01 1.463382000e+00 7.005109000e-04 
5.557626000e-01 7.652926000e-01 1.069340000e+00 
1.190195000e+00 5.871619000e-01 8.565819000e-02 
2.302516000e-03 1.380616000e+00 6.514315000e-02 
7.378746000e-01 1.106917000e+00 5.674173000e-02 
8.824975000e-01 8.382775000e-03 1.087268000e+00 
3.520307000e-02 1.202290000e+00 5.538946000e-01 
5.824079000e-01 4.849721000e-01 1.070234000e+00 
7.789452000e-01 4.144462000e-01 1.051441000e+00 
6.832096000e-01 9.353669000e-01 5.551745000e-01 
1.035321000e+00 4.715067000e-01 7.874713000e-01 
6.635494000e-02 7.366641000e-01 1.099613000e+00 
7.596669000e-01 1.059554000e+00 1.347089000e-02 
1.022657000e+00 9.008805000e-01 5.275609000e-03 
1.439055000e+00 2.281140000e-02 3.522869000e-03 
1.279733000e+00 5.334069000e-03 4.587083000e-01 
9.974270000e-01 7.550819000e-01 9.829243000e-02 
7.056315000e-01 1.106249000e+00 6.175036000e-02 
9.917027000e-01 4.718648000e-02 8.078543000e-01 
4.627107000e-01 3.511354000e-01 1.154708000e+00 
8.719831000e-01 2.721513000e-02 1.000104000e+00 
1.325387000e+00 1.135050000e-02 1.070842000e-02 
5.142007000e-01 5.370481000e-01 1.129054000e+00 
2.275812000e-02 1.233644000e+00 5.217952000e-01 
1.415965000e+00 6.351349000e-01 6.616871000e-04 
7.510628000e-03 1.301699000e+00 7.315956000e-02 
7.096109000e-01 6.218155000e-01 9.326208000e-01 
1.058093000e+00 1.321393000e+00 1.278511000e-03 
9.707598000e-01 1.509470000e-02 8.805088000e-01 
2.172548000e-03 1.687751000e+00 3.114797000e-02 
7.116498000e-01 5.421233000e-01 8.904876000e-01 
1.108712000e+00 2.516891000e-03 1.032278000e+00 
7.505310000e-01 8.068599000e-01 6.592041000e-01 
1.072274000e+00 7.041797000e-01 8.843041000e-02 
1.017080000e+00 4.615139000e-02 8.103226000e-01 
1.133227000e+00 6.502807000e-03 9.060762000e-01 
5.739689000e-04 9.296361000e-01 9.229723000e-01 
8.157722000e-01 1.040409000e+00 9.267998000e-03 
3.857149000e-02 1.065953000e+00 8.185188000e-01 
1.308170000e+00 3.330831000e-02 7.987092000e-02 
4.558073000e-02 1.495211000e+00 1.668992000e-03 
1.232486000e+00 6.878937000e-02 5.046940000e-01 
8.610751000e-01 7.534002000e-01 7.100713000e-01 
1.128750000e+00 7.810734000e-01 1.200082000e-03 
5.856071000e-05 1.207467000e+00 5.672527000e-01 
7.617404000e-01 4.248949000e-03 1.143789000e+00 
1.033446000e+00 6.579874000e-01 4.245474000e-01 
1.326139000e+00 5.406536000e-02 7.512113000e-03 
1.178973000e+00 7.551471000e-01 3.845222000e-03 
1.398882000e+00 3.498597000e-02 2.991716000e-03 
2.915215000e-03 6.061940000e-01 1.137083000e+00 
9.872106000e-01 9.166201000e-01 1.111621000e-02 
4.952509000e-02 1.035303000e+00 7.741093000e-01 
9.162071000e-01 6.030089000e-01 7.450832000e-01 
4.611678000e-02 1.516582000e+00 6.838002000e-04 
1.233360000e+00 5.412990000e-01 5.077249000e-02 
1.433709000e+00 6.124856000e-02 1.636359000e-03 
4.866380000e-01 5.730518000e-01 1.111683000e+00 
1.155354000e+00 6.153404000e-01 8.538162000e-02 
4.781169000e-04 4.403856000e-04 1.460189000e+00 
1.005743000e+00 1.493356000e-02 1.021202000e+00 
1.216615000e+00 7.868453000e-03 6.081594000e-01 
1.090825000e+00 1.193511000e-02 9.358936000e-01 
1.244159000e+00 5.455689000e-01 5.030413000e-02 
1.296783000e+00 8.207198000e-03 1.287649000e-01 
1.592441000e-02 8.254811000e-01 1.098848000e+00 
1.126316000e+00 5.890673000e-01 4.734319000e-01 
1.057739000e+00 2.118180000e-02 6.429613000e-01 
1.180469000e+00 3.349601000e-01 5.127473000e-01 
5.159700000e-01 1.230181000e+00 1.823990000e-02 
1.252007000e+00 5.809529000e-01 4.781791000e-02 
1.179962000e+00 3.107712000e-01 5.203865000e-01 
6.893065000e-01 7.641910000e-01 8.083071000e-01 
7.571702000e-01 4.813310000e-01 9.043703000e-01 
8.838347000e-01 1.007636000e+00 3.262772000e-02 
7.808263000e-01 1.105674000e+00 1.183964000e-02 
2.902373000e-01 1.435506000e+00 8.881911000e-05 
1.237647000e+00 6.591872000e-01 4.462261000e-03 
8.686262000e-01 3.763354000e-02 9.834023000e-01 
8.062039000e-03 1.445510000e+00 8.204708000e-03 
5.842076000e-01 3.590364000e-03 1.167598000e+00 
1.067292000e-04 1.345157000e-02 1.431125000e+00 
6.695860000e-01 9.529772000e-01 5.434518000e-01 
7.319386000e-01 1.146758000e+00 1.817980000e-02 
3.664418000e-01 1.144327000e+00 5.668531000e-01 
7.709946000e-01 2.444665000e-03 1.139756000e+00 
1.064054000e+00 6.993600000e-01 1.095760000e-01 
3.605061000e-02 7.145525000e-04 1.238655000e+00 
1.375209000e+00 3.697325000e-01 3.445184000e-03 
2.450119000e-02 1.072057000e+00 7.764707000e-01 
1.001148000e+00 9.431888000e-01 4.224072000e-03 
2.908092000e-03 6.098876000e-01 1.205468000e+00 
1.065151000e-01 1.082108000e+00 7.237909000e-01 
8.286350000e-01 8.461762000e-01 6.449122000e-01 
1.062777000e+00 7.373706000e-01 3.323763000e-02 
5.080245000e-03 1.132938000e+00 7.080925000e-01 
1.145040000e+00 7.529692000e-02 6.246271000e-01 
1.033403000e+00 5.578999000e-02 8.071590000e-01 
5.236623000e-04 1.286314000e-01 1.345247000e+00 
8.425536000e-01 4.520096000e-01 9.267858000e-01 
5.490909000e-02 9.014780000e-01 1.030752000e+00 
6.812702000e-01 6.104743000e-01 9.945139000e-01 
1.224904000e+00 5.936923000e-01 5.838012000e-02 
5.880331000e-01 9.562043000e-01 6.968551000e-01 
8.218117000e-01 7.438404000e-01 7.736026000e-01 
6.884911000e-03 1.194694000e+00 5.761449000e-01 
6.475554000e-03 1.364785000e+00 5.134593000e-02 
2.317873000e-02 1.256541000e+00 1.869510000e-03 
1.039306000e+00 9.753330000e-02 7.807801000e-01 
1.134030000e+00 6.134884000e-01 8.828205000e-02 
1.510399000e-02 9.513830000e-05 1.317467000e+00 
3.060024000e-01 8.919170000e-01 9.342694000e-01 
5.652309000e-01 7.147093000e-01 9.244753000e-01 
8.560872000e-01 9.476530000e-01 5.261035000e-01 
3.925979000e-02 7.768895000e-01 1.127016000e+00 
6.949267000e-01 9.637645000e-01 5.277899000e-01 
1.683296000e-02 1.961017000e-02 1.288891000e+00 

5.566839000e-01 9.890923000e-01 7.825584000e-01 
8.944322000e-01 9.437459000e-01 5.077710000e-01 
1.090806000e+00 2.121274000e-02 8.052117000e-01 
4.738472000e-01 4.741782000e-01 1.098556000e+00 
6.818614000e-01 1.110237000e+00 2.994734000e-03 
4.032127000e-03 1.098143000e+00 7.852843000e-01 
1.333586000e-02 8.477617000e-04 1.339602000e+00 
1.989931000e-02 5.469725000e-04 1.414929000e+00 
7.661053000e-01 2.168374000e-02 1.116135000e+00 
8.570832000e-01 8.369501000e-01 7.215322000e-01 
8.419183000e-01 1.053747000e+00 5.679077000e-03 
3.480803000e-02 1.294768000e+00 2.906350000e-01 
6.232303000e-01 1.102813000e+00 5.049474000e-02 
6.728894000e-05 7.068979000e-06 9.406206000e+00 
1.139990000e+00 2.314173000e-01 6.641654000e-01 
5.490045000e-02 9.394440000e-01 8.838066000e-01 
1.179795000e+00 8.133558000e-02 5.046357000e-01 
2.607189000e-04 1.002302000e+00 9.216503000e-01 
7.732726000e-01 4.911756000e-02 1.105125000e+00 
1.801640000e+00 1.737339000e-03 2.074860000e-02 
1.284974000e-01 5.898539000e-01 1.204640000e+00 
6.423004000e-01 4.517737000e-01 1.143028000e+00 
5.235827000e-01 1.020216000e+00 5.917770000e-01 
4.405630000e-05 4.348140000e-04 6.880289000e+00 
9.629240000e-01 8.725541000e-01 5.573714000e-01 
8.360703000e-02 1.293637000e+00 1.818538000e-02 
1.117731000e+00 7.508783000e-01 1.353993000e-03 
2.642776000e+00 3.416526000e-04 1.745770000e-02 
1.339176000e+00 1.797941000e-02 2.363936000e-02 
2.223708000e+00 4.734031000e-03 6.204004000e-03 
1.046677000e-02 1.266725000e-01 1.254064000e+00 
1.439180000e+00 4.844901000e-03 1.693226000e-02 
9.394005000e-01 5.341620000e-03 1.068575000e+00 
9.023767000e-01 9.880745000e-01 2.954823000e-02 
9.816578000e-01 1.211528000e+00 6.114287000e-04 
9.632078000e-01 8.663587000e-01 5.394290000e-01 
6.065867000e-01 1.146220000e+00 1.118645000e-01 
8.296201000e-01 1.066885000e+00 2.066604000e-03 
7.628915000e-01 8.465289000e-01 7.329254000e-01 
9.135928000e-01 9.958110000e-01 2.466871000e-03 
1.218720000e+00 2.528065000e-02 6.320008000e-01 
8.380878000e-03 1.188897000e+00 7.375661000e-01 
1.901411000e+00 1.797434000e-03 9.222271000e-03 
6.171447000e-01 1.229092000e+00 4.871508000e-02 
6.221221000e-01 8.354046000e-01 7.538578000e-01 
6.941407000e-01 8.082901000e-01 8.556843000e-01 
1.278370000e+00 9.195086000e-03 7.382142000e-01 
1.107891000e+00 1.142276000e-02 8.383098000e-01 
8.593522000e-01 9.050231000e-01 5.316955000e-01 
8.797220000e-01 5.509653000e-01 7.492473000e-01 
8.256733000e-01 5.143999000e-01 9.519366000e-01 
5.698551000e-01 1.193505000e-01 1.185720000e+00 
5.972776000e-01 3.935958000e-01 1.156972000e+00 
8.189435000e-01 1.079027000e+00 3.235602000e-03 
5.714246000e-03 8.572529000e-01 1.037885000e+00 
1.128342000e+00 7.187300000e-01 5.013459000e-03 
1.306003000e+00 1.156257000e-02 6.669995000e-02 
1.038682000e+00 6.606808000e-01 6.002654000e-01 
2.537564000e-01 1.943860000e-02 1.287521000e+00 
3.035742000e-01 4.079703000e-01 1.171569000e+00 
3.191048000e-01 8.360515000e-01 1.042047000e+00 
7.682982000e-02 1.033313000e+00 7.532045000e-01 
6.966992000e-01 6.054696000e-02 1.118245000e+00 
3.106128000e-02 2.182659000e+00 2.093716000e-05 
9.848479000e-06 5.765023000e-03 1.394635000e+00 
8.864638000e-01 2.980231000e-02 1.034219000e+00 
5.307996000e-01 7.638051000e-01 9.949141000e-01 
5.482276000e-01 1.129324000e+00 5.144699000e-01 
7.789133000e-01 8.740844000e-01 7.310866000e-01 
1.246790000e+00 1.650766000e-02 6.230483000e-01 
9.184560000e-01 9.146758000e-01 2.361794000e-02 
1.257727000e+00 8.214099000e-01 4.398212000e-04 
8.432951000e-01 1.018732000e+00 1.262032000e-02 
9.117109000e-01 1.034209000e+00 2.530739000e-03 
1.972964000e-05 8.817257000e-04 2.096404000e+00 
7.916568000e-01 2.003821000e-03 1.175168000e+00 
7.273999000e-01 1.088881000e+00 6.264850000e-02 
9.129090000e-01 9.658463000e-01 2.969441000e-02 
1.735431000e+00 4.523530000e-04 9.637471000e-01 
4.250826000e-02 6.635297000e-01 1.151554000e+00 
4.239548000e-01 5.670804000e-01 1.054289000e+00 
2.001950000e-02 1.152375000e+00 7.204610000e-01 
4.541618000e-01 8.142942000e-01 9.299944000e-01 
8.701546000e-01 1.039575000e+00 1.125233000e-02 
2.124999000e+00 1.025881000e-03 9.803959000e-03 
9.582239000e-01 1.056600000e+00 1.220769000e-03 
4.787900000e-01 1.013934000e+00 7.806231000e-01 
2.138770000e-02 5.182212000e-04 1.365425000e+00 
2.102937000e-04 4.482849000e-03 2.030016000e+00 
8.616410000e-01 7.810840000e-01 7.586214000e-01 
1.183110000e+00 3.672975000e-02 5.735434000e-01 
6.417124000e-01 1.088252000e+00 4.744860000e-01 
4.279019000e-02 1.324308000e+00 6.292485000e-04 
1.776206000e-04 1.226416000e+00 5.167255000e-01 
9.498009000e-01 9.548177000e-01 9.405895000e-03 
8.972347000e-01 3.309863000e-02 1.019942000e+00 
1.181870000e-03 9.826849000e-01 9.386669000e-01 
3.747267000e-01 5.021754000e-01 1.163879000e+00 
1.425968000e+00 1.568622000e-02 2.752759000e-02 
6.992920000e-01 6.020926000e-02 1.124102000e+00 
1.196441000e+00 1.054898000e-03 1.105933000e+00 
2.601876000e-01 9.222385000e-01 9.366331000e-01 
5.623781000e-01 9.550621000e-01 7.777717000e-01 
3.240790000e-01 5.785741000e-01 1.115966000e+00 
8.443116000e-01 8.190066000e-01 7.657645000e-01 
5.503936000e-01 1.129763000e+00 4.972893000e-01 
1.018553000e+00 6.940796000e-01 4.933835000e-01 
8.535764000e-01 9.443712000e-01 5.497611000e-01 
7.244041000e-02 6.274978000e-01 1.252620000e+00 
2.549750000e-03 6.971977000e-01 1.208755000e+00 
1.793017000e-01 8.117619000e-01 1.042856000e+00 
6.943429000e-01 7.044392000e-01 9.524523000e-01 
9.623947000e-01 3.283912000e-02 8.725372000e-01 
6.930052000e-04 1.473422000e+00 1.219820000e-02 
1.020788000e+00 5.832340000e-02 8.300744000e-01 
1.154280000e+00 6.868044000e-01 8.505247000e-02 
6.480165000e-01 4.265307000e-01 1.152340000e+00 
1.708481000e+00 3.338786000e-03 1.650921000e-02 
8.035946000e-01 5.175082000e-01 9.883956000e-01 
1.956375000e+00 9.832746000e-04 7.176227000e-02 
9.351905000e-01 1.930799000e-02 1.049946000e+00 
5.022439000e-01 8.904168000e-01 8.779333000e-01 
1.229076000e+00 5.735196000e-01 3.010084000e-02 
5.497650000e-01 1.136002000e+00 5.129994000e-01 
1.077821000e+00 6.896433000e-01 1.366364000e-02 
8.098720000e-01 5.115148000e-01 9.814766000e-01 
5.468852000e-01 7.781151000e-01 9.885264000e-01 
1.006882000e-03 1.318085000e+00 8.380033000e-04 
7.512093000e-01 1.095749000e+00 1.412736000e-02 
1.496975000e+00 1.818598000e-02 9.309935000e-03 
4.291688000e-04 1.861656000e-05 1.681432000e+00 
3.532791000e-01 6.444110000e-01 1.108419000e+00 
9.511565000e-01 6.009146000e-01 6.353184000e-01 
1.542625000e-01 7.396229000e-01 1.123133000e+00 
1.173073000e+00 4.467812000e-03 1.058545000e+00 
2.653083000e-01 1.202300000e+00 4.930883000e-01 
6.271739000e-04 8.342905000e-01 1.198893000e+00 
1.250799000e+00 7.955457000e-03 8.156973000e-01 
5.072826000e-01 4.999275000e-01 1.060827000e+00 
4.087719000e-04 3.139733000e-02 1.298453000e+00 
4.041684000e-01 4.899653000e-01 1.142919000e+00 
1.201194000e+00 7.789487000e-02 5.263702000e-01 
5.891430000e-01 1.238517000e+00 7.430121000e-02 
1.036153000e-02 1.306709000e+00 2.832687000e-01 
1.280714000e-01 1.283959000e+00 3.118425000e-01 
8.031628000e-01 6.306442000e-02 1.085879000e+00 
1.559962000e+00 6.000557000e-03 7.507819000e-03 
1.085151000e+00 7.338640000e-01 1.233702000e-02 
9.686389000e-01 2.602680000e-02 8.726940000e-01 
6.945675000e-01 6.829181000e-01 9.695610000e-01 
1.227718000e+00 4.299428000e-02 5.185177000e-01 
9.702083000e-02 8.840957000e-01 1.018596000e+00 
3.967163000e-01 5.392005000e-01 1.096692000e+00 
7.095636000e-01 7.753817000e-01 8.438452000e-01 
7.009621000e-04 3.094553000e-02 1.317401000e+00 
9.708929000e-01 6.737387000e-02 8.228112000e-01 
6.144306000e-02 8.530757000e-01 1.060290000e+00 
2.498620000e-01 1.074622000e+00 7.055180000e-01 
1.908176000e-02 6.843945000e-01 1.243806000e+00 
1.060617000e+00 5.559598000e-02 7.751298000e-01 
1.253724000e+00 1.619501000e-02 6.026042000e-01 
2.178893000e-03 8.968792000e-01 9.931187000e-01 
9.273827000e-01 1.229719000e+00 2.668101000e-04 
1.223799000e+00 2.236482000e-02 5.936167000e-01 
3.947684000e-01 4.854482000e-01 1.159130000e+00 
9.731811000e-03 1.053819000e+00 9.016891000e-01 
1.448177000e+00 1.197508000e-02 1.690788000e-02 
1.085280000e-03 1.240048000e+00 5.030529000e-01 
1.289011000e+00 3.606418000e-02 2.284605000e-05 
5.354920000e-01 2.163015000e-02 1.258113000e+00 
4.239358000e-02 6.921706000e-01 1.137629000e+00 
1.174726000e-01 1.141607000e+00 4.980929000e-01 
7.305165000e-03 6.758209000e-05 1.505469000e+00 
6.793397000e-01 7.496622000e-01 9.200228000e-01 
8.026946000e-01 1.055552000e+00 1.428256000e-02 
1.600654000e+00 5.928945000e-04 1.409975000e-01 
6.372502000e-01 1.125402000e+00 4.885909000e-03 
4.113474000e-01 6.055575000e-01 1.090403000e+00 
1.502872000e-01 6.599633000e-05 1.658850000e+00 
5.546416000e-01 1.212496000e+00 2.906628000e-01 
2.450349000e-03 6.787567000e-04 1.433603000e+00 
8.711231000e-01 9.936735000e-01 1.603318000e-01 
5.991664000e-01 8.310803000e-01 8.133607000e-01 
5.559560000e-01 9.777218000e-03 1.203213000e+00 
4.870920000e-05 6.274631000e-02 1.358598000e+00 
9.374118000e-02 1.105716000e+00 6.940342000e-01 
5.676896000e-01 3.546612000e-01 1.161970000e+00 
2.057769000e-01 8.736729000e-01 1.022921000e+00 
2.097914000e-02 1.089232000e+00 7.731081000e-01 
5.612112000e-01 1.030980000e+00 5.719620000e-01 
1.277333000e+00 6.733663000e-04 8.688741000e-01 
3.797606000e-02 8.502568000e-01 1.075879000e+00 
1.080289000e-01 1.176418000e+00 5.166342000e-01 
4.115587000e-03 7.423986000e-01 1.091969000e+00 
8.187314000e-01 3.519142000e-02 1.080436000e+00 
9.280177000e-02 1.151627000e+00 6.926331000e-01 
1.194858000e+00 3.534531000e-02 6.293658000e-01 
7.937644000e-01 1.532062000e-02 1.173151000e+00 
8.465569000e-01 9.550899000e-01 1.751592000e-01 
1.477275000e-02 1.196048000e+00 7.161371000e-01 
3.045044000e-01 1.291467000e+00 9.768587000e-03 
5.743949000e-01 1.207598000e+00 3.007704000e-01 
1.250415000e+00 2.477334000e-02 4.563256000e-01 
4.876605000e-02 1.061346000e+00 7.713128000e-01 
2.406979000e-02 1.068432000e+00 7.793484000e-01 
8.534552000e-01 1.192211000e-01 9.928611000e-01 
7.511674000e-01 2.646329000e-02 1.115416000e+00 
7.642521000e-01 5.031439000e-01 1.048900000e+00 
1.099957000e+00 8.781800000e-02 6.713588000e-01 
7.050503000e-01 4.740517000e-01 1.102994000e+00 
8.743405000e-03 1.171036000e+00 7.195150000e-01 
6.033769000e-01 8.197737000e-01 8.542536000e-01 
1.377121000e+00 2.715816000e-03 6.274860000e-01 
4.842298000e-01 9.955151000e-01 8.061838000e-01 
1.156256000e+00 6.378993000e-01 1.235275000e-01 
1.261148000e+00 1.337908000e-02 2.954334000e-01 
2.657169000e-01 1.276164000e+00 3.843197000e-01 
6.452276000e-01 4.292989000e-01 1.138526000e+00 
8.363322000e-01 1.020190000e+00 1.540229000e-02 
6.932915000e-01 1.107718000e-01 1.111192000e+00 
6.333703000e-01 6.359294000e-01 1.002672000e+00 
7.940080000e-01 2.142547000e-03 1.173263000e+00 
5.337777000e-01 3.055725000e-02 1.255985000e+00 
4.942526000e-02 1.162512000e+00 6.085986000e-01 
6.370627000e-01 1.130935000e+00 3.887355000e-02 
1.342031000e+00 4.026525000e-03 7.971228000e-02 
1.092635000e+00 1.840814000e-02 8.059818000e-01 
8.921988000e-01 8.103974000e-01 6.872054000e-01 
6.968401000e-01 1.101180000e+00 3.037477000e-01 
1.007737000e+00 8.986819000e-02 8.216442000e-01 
9.623947000e-01 3.283912000e-02 8.725372000e-01 
1.129237000e+00 1.544272000e-02 7.121273000e-01 
6.632400000e-01 9.970279000e-03 1.201751000e+00 
6.392592000e-01 9.494945000e-01 5.622921000e-01 
6.129961000e-01 6.561441000e-01 1.008991000e+00 
6.502768000e-01 9.002485000e-02 1.191815000e+00 
6.840778000e-01 1.909950000e-02 1.132182000e+00 
8.689543000e-02 7.635107000e-03 1.323449000e+00 
8.425910000e-01 1.017608000e+00 1.554475000e-02 
6.111405000e-02 1.315325000e+00 6.112172000e-04 
1.068847000e+00 8.010704000e-01 1.446101000e-02 
5.110246000e-01 3.326111000e-01 1.181394000e+00 
9.679447000e-01 6.130977000e-01 6.299207000e-01 
2.841144000e-03 6.935649000e-01 1.125435000e+00 
6.699276000e-01 6.202064000e-02 1.112912000e+00 
9.791403000e-01 6.109120000e-01 6.288760000e-01 
7.169475000e-01 7.049592000e-01 8.379200000e-01 
2.101988000e-02 9.491671000e-01 8.723589000e-01 
3.613448000e-03 2.326553000e-03 1.382790000e+00 
7.758018000e-01 1.045279000e+00 3.334501000e-01 
3.493929000e-01 5.489862000e-01 1.148154000e+00 
7.137301000e-01 2.289479000e-02 1.127561000e+00 
7.119860000e-01 3.699556000e-02 1.106086000e+00 
1.048248000e+00 2.974575000e-02 8.127499000e-01 
8.715929000e-01 1.032791000e+00 3.491932000e-03 
6.713048000e-01 2.512490000e-02 1.129061000e+00 
8.589687000e-02 7.566271000e-03 1.338406000e+00 
1.007348000e+00 5.360259000e-01 6.067511000e-01 
4.547405000e-01 2.593524000e-01 1.204440000e+00 
6.903753000e-01 9.133926000e-01 5.611517000e-01 
5.629260000e-01 9.877555000e-01 5.472967000e-01 
1.281477000e+00 2.560353000e-02 1.191151000e-03 

