4.726280000e+00 1.073098000e+00 1.248850000e-02 
4.550338000e+00 1.243955000e-01 1.121208000e+00 
2.558243000e+00 4.189183000e+00 2.859940000e-01 
5.867884000e+00 1.269945000e-02 2.087611000e+00 
1.388876000e-01 3.713349000e-02 5.109504000e+00 
2.284687000e+00 4.943126000e-02 4.622754000e+00 
8.977466000e-02 5.284313000e+00 4.309435000e-02 
2.558968000e-02 3.514332000e+00 4.221741000e+00 
1.219144000e+00 3.472913000e+00 2.274492000e+00 
7.045339000e-04 3.400954000e-02 5.917468000e+00 
2.992721000e-02 1.275579000e-01 5.734009000e+00 
4.722764000e-02 2.450257000e+00 4.325517000e+00 
4.288608000e+00 3.622813000e-03 3.342759000e+00 
2.718836000e+00 3.463907000e+00 2.853849000e+00 
3.286419000e-04 7.435909000e-03 6.622477000e+00 
3.489694000e-02 3.229763000e+00 3.735386000e+00 
1.943693000e+00 4.337305000e+00 3.007700000e-01 
3.958399000e+00 6.082648000e-01 2.511569000e+00 
4.067077000e+00 2.379907000e+00 2.729015000e-01 
5.625192000e-02 2.155902000e-01 4.766857000e+00 
2.849299000e-03 5.500013000e+00 7.568020000e-01 
4.478841000e-02 4.974377000e+00 2.530650000e-01 
6.691511000e+00 5.921347000e-03 1.166074000e-01 
5.157527000e+00 9.651336000e-01 1.036266000e-01 
4.641225000e+00 2.182058000e-02 1.968215000e-01 
7.261072000e+00 2.197524000e-02 4.194931000e-02 
5.881397000e+00 5.104998000e-03 1.265972000e-01 
3.871323000e+00 4.580604000e+00 1.109388000e-02 
2.134005000e+00 7.250633000e-02 4.571043000e+00 
1.157657000e-01 2.273574000e+00 4.381104000e+00 
4.761965000e-03 1.667181000e-01 5.692074000e+00 
3.493585000e+00 5.543249000e-01 4.043069000e+00 
7.947747000e-01 3.861314000e+00 2.615958000e+00 
5.253945000e+00 3.367161000e-01 8.357507000e-04 
8.522232000e-03 3.683213000e+00 4.294106000e+00 
2.604439000e+00 3.066050000e+00 3.072479000e+00 
4.722646000e+00 1.142157000e+00 1.016054000e-03 
1.086059000e-02 4.860208000e+00 2.924426000e+00 
2.146979000e-01 1.222917000e-02 4.878222000e+00 
5.469576000e+00 8.061909000e-02 4.712762000e-02 
6.778659000e-02 1.494960000e-01 5.716840000e+00 
3.338765000e+00 1.640084000e-01 4.258819000e+00 
3.361252000e+00 1.083595000e-01 4.154000000e+00 
2.607330000e+00 3.693140000e+00 1.548911000e+00 
2.388230000e-01 3.375360000e+00 3.128223000e+00 
6.876598000e+00 2.842176000e-02 1.073253000e-01 
3.740715000e-01 7.509058000e+00 2.293725000e-04 
1.969292000e-01 3.686885000e-02 4.843460000e+00 
2.763233000e-03 7.712508000e+00 2.415907000e+00 
2.676514000e+00 9.479845000e-01 3.370443000e+00 
6.053257000e-03 2.715435000e-04 7.494658000e+00 
3.437807000e-02 2.436593000e+00 5.007180000e+00 
4.595606000e+00 2.501044000e+00 3.995016000e-02 
4.499898000e+00 2.961694000e+00 9.201601000e-03 
4.092718000e+00 2.271522000e-02 2.925366000e+00 
5.925829000e-01 1.210080000e-01 4.374152000e+00 
5.596127000e-03 5.289817000e+00 3.339769000e+00 
5.464229000e-02 4.348589000e+00 3.604628000e-01 
3.079443000e-01 9.331279000e-03 5.570077000e+00 
2.042905000e-03 1.007901000e-01 5.839844000e+00 
1.499725000e-01 5.041410000e+00 1.308203000e-02 
3.380097000e+00 4.217170000e+00 7.155607000e-02 
3.067849000e-01 4.921298000e+00 7.937468000e-02 
8.168037000e-03 6.114816000e+00 5.116005000e-02 
5.165555000e-01 4.856844000e-03 5.784836000e+00 
3.035057000e+00 4.871890000e+00 1.255536000e-02 
4.506017000e+00 1.035332000e+00 1.042653000e-01 
2.409592000e+00 1.242621000e-03 6.010913000e+00 
3.809259000e+00 5.011984000e+00 7.802389000e-03 
4.294469000e+00 2.870045000e-01 2.696629000e+00 
4.485892000e-01 4.412539000e+00 6.539191000e-02 
2.238057000e-01 5.399181000e-02 4.599259000e+00 
4.635569000e-02 4.734472000e+00 2.798524000e+00 
1.923895000e-01 4.041520000e-02 5.054544000e+00 
3.263528000e+00 3.981168000e-01 4.211321000e+00 
1.098062000e-01 6.122138000e+00 1.064924000e-02 
2.857874000e-02 5.349671000e+00 4.071178000e-01 
7.348056000e-01 3.308339000e+00 3.599332000e+00 
1.010168000e-01 4.296728000e+00 3.759099000e-01 
5.379114000e+00 8.730990000e-02 4.917363000e-02 
9.081513000e-03 5.715356000e+00 5.856100000e-01 
1.902852000e+00 1.111148000e+00 4.164447000e+00 
3.261422000e+00 4.889594000e-02 4.536233000e+00 
6.488989000e-02 5.203095000e+00 4.587813000e-02 
4.593186000e-02 4.745996000e+00 3.196463000e+00 
8.373509000e-03 3.474793000e+00 4.643003000e+00 
1.348226000e-01 2.188383000e+00 4.244707000e+00 
3.092746000e-03 2.864177000e+00 5.533243000e+00 
1.395128000e-02 1.995592000e-01 5.156656000e+00 
3.281870000e-01 2.924165000e+00 3.702758000e+00 
1.195756000e+00 2.768999000e+00 4.113413000e+00 
1.671037000e-01 3.129424000e-02 5.067182000e+00 
1.287219000e-01 2.935134000e+00 3.731281000e+00 
5.289593000e-02 6.135831000e+00 2.355093000e-03 
2.236322000e-01 5.381848000e+00 1.188648000e-03 
5.085898000e-02 8.813024000e-04 6.132412000e+00 
1.598487000e-01 3.176587000e-02 5.256411000e+00 
2.292407000e+00 3.700253000e+00 3.745506000e-01 
9.384627000e-02 3.591994000e-01 4.542178000e+00 
3.380615000e+00 4.327924000e+00 3.952153000e-02 
2.839087000e-01 3.566987000e+00 2.722461000e+00 
2.629235000e+00 3.018319000e+00 2.949277000e+00 
6.495405000e-02 3.058835000e+00 3.737313000e+00 
2.824869000e+00 5.784472000e-01 3.192883000e+00 
1.202342000e+00 1.737044000e+00 4.293000000e+00 
8.413194000e-02 3.031399000e+00 3.956060000e+00 
1.203774000e+00 2.549552000e+00 3.607204000e+00 
6.610560000e-02 4.238819000e+00 3.460530000e+00 
4.275843000e+00 2.602518000e+00 1.874806000e-01 
3.620009000e+00 1.242475000e+00 2.474629000e+00 
1.925040000e+00 2.502557000e+00 3.755884000e+00 
1.128972000e-01 5.672634000e+00 3.452213000e-02 
4.682177000e+00 1.071699000e+00 9.711539000e-02 
2.490308000e-01 4.150386000e+00 2.988426000e+00 
1.818340000e-01 6.717253000e-03 5.698005000e+00 
4.720790000e+00 4.509474000e-01 1.321872000e-01 
2.803833000e+00 3.293560000e+00 3.042938000e-01 
1.246008000e-01 5.122630000e+00 1.396401000e-01 
8.554751000e-01 2.051781000e+00 4.204573000e+00 
3.232615000e-01 4.961260000e+00 4.024123000e-02 
3.858356000e+00 1.284087000e-01 3.077936000e+00 
5.174559000e+00 1.066224000e-01 1.888557000e-02 
1.874835000e-02 5.501566000e+00 3.217998000e-01 
2.834139000e+00 1.930321000e-02 4.598108000e+00 
3.808750000e+00 8.077412000e-01 2.424309000e+00 

9.559888000e+00 1.634357000e+00 1.619164000e-03 
4.577758000e+00 1.355334000e+00 8.364456000e-02 
8.598121000e-01 2.170861000e-03 5.496860000e+00 
4.162106000e+00 1.013440000e-01 1.321215000e+00 
5.088971000e-03 9.613150000e-02 5.021791000e+00 
2.469160000e-01 1.005953000e-02 5.321841000e+00 
3.599440000e-01 4.338106000e+00 1.848265000e-02 
2.242865000e-01 5.129469000e+00 6.345101000e-02 
2.124475000e-01 4.618538000e+00 1.584286000e+00 
3.113140000e-03 1.013154000e-04 6.991614000e+00 
1.899377000e-01 5.345291000e+00 3.215872000e-02 
3.676702000e+00 3.387715000e+00 7.872177000e-02 
3.814832000e-03 5.196463000e+00 2.076743000e+00 
1.830114000e-02 1.632929000e-02 5.637955000e+00 
3.192739000e-01 4.201109000e+00 2.183434000e+00 
1.084147000e+00 2.368672000e+00 3.914129000e+00 
1.763351000e-01 7.079112000e+00 9.975047000e-03 
1.051929000e-01 3.332848000e+00 4.326766000e+00 
6.205998000e-01 3.682934000e-02 4.104911000e+00 
5.369922000e+00 2.487022000e-01 2.700226000e-02 
4.297460000e-02 3.906160000e+00 4.094481000e+00 
3.320045000e-01 3.621368000e+00 2.969387000e+00 
3.151248000e+00 3.285465000e+00 1.769513000e+00 
3.720549000e+00 2.865062000e+00 4.755394000e-01 
2.359527000e-01 4.874381000e+00 2.567867000e-02 
3.525780000e+00 2.982806000e+00 2.018542000e-01 
1.808738000e-03 6.032433000e+00 2.075215000e-01 
3.996506000e+00 2.566434000e+00 2.990480000e-01 
2.261869000e-01 2.800010000e+00 3.714644000e+00 
3.220637000e-03 5.546060000e+00 8.871765000e-02 
1.399914000e-03 3.206279000e+00 4.981924000e+00 
5.246732000e+00 1.982619000e-01 1.305912000e-01 
5.770043000e+00 2.744917000e-03 6.506082000e-01 
2.551374000e+00 1.603073000e-01 3.930105000e+00 
2.167717000e+00 1.707257000e+00 3.646048000e+00 
6.195548000e-02 3.416190000e+00 3.664606000e+00 
9.265052000e-02 4.892292000e+00 5.434697000e-01 
5.549491000e+00 6.719219000e-03 5.092412000e-02 
3.455746000e+00 5.994995000e+00 1.465125000e-02 
2.649989000e-01 9.846089000e-02 4.814483000e+00 
2.664200000e-01 2.471599000e+00 4.003650000e+00 
2.057869000e-03 5.745346000e+00 2.514603000e+00 
4.891633000e+00 2.232379000e-02 2.209735000e-01 
3.761918000e+00 2.673701000e+00 5.553462000e-01 
1.432095000e-02 2.201971000e-01 4.931038000e+00 
5.514083000e-01 5.585303000e-03 4.191943000e+00 
1.998257000e-01 1.929791000e-01 4.952066000e+00 
5.217579000e+00 4.531584000e-01 3.404408000e-02 
5.121236000e+00 2.977966000e+00 2.521572000e-02 
2.953069000e+00 5.106502000e+00 1.673257000e-02 
3.674070000e+00 2.876238000e+00 3.438661000e-01 
7.670433000e-05 5.809128000e-02 6.517648000e+00 
9.660421000e-04 9.179667000e-04 5.645097000e+00 
5.814439000e+00 9.588318000e-03 4.303845000e-02 
5.018096000e-02 5.071792000e+00 2.175182000e+00 
4.325838000e-02 7.235850000e-01 4.493256000e+00 
1.964128000e-02 5.103727000e+00 4.224036000e+00 
5.253187000e-01 4.184238000e+00 2.106732000e-01 
4.121946000e+00 1.890854000e-01 2.163260000e+00 
4.365480000e+00 1.267370000e+00 2.855126000e-01 
2.945226000e+00 3.489988000e+00 1.898152000e-01 
5.429805000e+00 1.299459000e-01 1.861404000e-01 
9.756638000e-03 2.199571000e-01 4.948631000e+00 
1.574775000e-01 7.595089000e+00 5.467950000e-04 
4.431447000e+00 3.205168000e-01 5.415458000e-01 
8.136472000e+00 3.953697000e-01 2.229251000e-02 
4.456722000e+00 2.423864000e+00 1.994544000e-01 
3.997163000e+00 3.155602000e+00 1.288541000e-01 
1.676008000e-03 6.127741000e+00 1.067854000e-01 
4.285877000e+00 6.552183000e-02 3.719860000e+00 
7.305860000e-03 7.077688000e-02 5.388627000e+00 
6.371988000e-02 1.082079000e+00 4.353809000e+00 
4.509395000e+00 9.679194000e-01 1.157401000e-01 
6.043360000e+00 4.304137000e+00 1.719234000e-03 
1.564273000e-04 1.277959000e-01 5.906209000e+00 
2.355055000e-01 2.472544000e+00 3.606029000e+00 
4.662619000e+00 3.068544000e+00 3.368146000e-02 
4.949941000e+00 2.967511000e-01 1.603147000e-01 
4.507623000e+00 3.001657000e+00 3.939987000e-02 
4.377496000e+00 2.622659000e+00 1.580680000e-01 
3.866426000e+00 1.251785000e-01 3.265499000e+00 
1.326480000e-02 3.790092000e-04 6.963523000e+00 
1.597953000e-01 2.672761000e+00 4.111823000e+00 
5.187871000e+00 1.712925000e+00 1.615128000e-02 
3.847470000e-02 5.813912000e+00 4.881986000e-02 
1.302210000e-01 4.555758000e-02 5.127976000e+00 
4.874498000e+00 2.901641000e-01 7.822851000e-01 
3.913741000e+00 3.087424000e+00 1.576678000e-01 
1.340787000e-01 5.491180000e+00 5.766028000e-02 
3.545298000e+00 2.806212000e+00 1.838980000e+00 
2.127069000e+00 1.196625000e+00 3.705582000e+00 
6.973617000e-03 5.258292000e+00 6.359635000e-02 
7.038171000e+00 2.157698000e-03 7.846820000e-02 
4.398556000e+00 5.716944000e-01 2.339318000e-01 
4.650844000e+00 5.011079000e-01 9.498315000e-02 
4.197872000e-02 1.827830000e-03 5.560680000e+00 
4.056938000e-01 4.251595000e+00 1.416851000e+00 
3.072137000e+00 1.215952000e-01 4.059229000e+00 
2.821374000e+00 2.079298000e-01 3.888483000e+00 
4.520040000e+00 1.559791000e+00 6.279556000e-02 
5.651658000e-01 4.929767000e-03 5.377600000e+00 
4.162706000e-01 4.172235000e+00 1.477593000e+00 
4.643987000e+00 5.735311000e-02 4.088332000e+00 
3.408194000e+00 2.141055000e-01 3.006969000e+00 
4.211444000e+00 3.688719000e-01 4.713938000e-01 
1.502516000e+00 3.360390000e+00 1.919566000e-01 
1.233649000e-01 4.241511000e+00 1.736398000e+00 
3.754643000e-02 5.891236000e-01 4.737908000e+00 
4.030799000e+00 1.832812000e-01 2.238151000e+00 
1.270947000e-01 2.494254000e+00 4.284087000e+00 
3.549894000e+00 3.931495000e+00 5.472509000e-02 
9.314768000e-02 4.928602000e+00 6.776658000e-02 
2.789535000e+00 2.272815000e-01 3.261553000e+00 

6.671432000e-03 4.189146000e+00 3.704527000e+00 
9.545908000e-02 3.272512000e-03 5.513803000e+00 
8.421445000e-02 4.802606000e+00 3.009713000e-01 
8.644360000e-01 1.727039000e+00 4.290842000e+00 
1.955990000e+00 3.799165000e+00 2.659109000e+00 
1.729792000e-03 1.394727000e-02 5.442628000e+00 
5.316315000e-02 3.345617000e+00 3.736632000e+00 
2.714439000e+00 4.236427000e-02 4.237014000e+00 
4.521464000e+00 2.386246000e+00 1.812974000e+00 
1.369975000e-01 5.461944000e+00 6.056172000e-02 
4.439800000e-02 3.521045000e+00 3.033840000e+00 
2.739729000e+00 2.225526000e+00 3.304275000e+00 
2.080005000e-01 4.560108000e+00 2.517669000e+00 
6.728894000e-05 7.068979000e-06 9.406206000e+00 
3.989415000e-02 3.733006000e+00 3.149952000e+00 
1.106461000e-02 3.580237000e+00 3.964146000e+00 
6.413174000e-02 5.117101000e+00 5.392945000e-01 
1.324527000e-01 5.702034000e+00 1.742355000e-01 
8.690373000e-04 6.723563000e+00 1.404192000e+00 
5.206728000e+00 1.093018000e-02 1.047172000e+00 
3.509187000e-01 4.597318000e+00 1.948331000e+00 
2.708159000e-03 6.016257000e+00 3.159068000e+00 
5.717553000e+00 1.398817000e-01 1.174378000e-01 
1.052455000e-01 5.146266000e-03 5.464141000e+00 
4.674602000e+00 2.085600000e-01 9.760370000e-01 
2.750040000e+00 3.806224000e+00 2.020747000e-01 
2.210798000e+00 2.348968000e-01 4.022605000e+00 
5.081289000e+00 2.606533000e-02 2.183522000e-01 
4.026756000e-02 3.461579000e+00 3.541061000e+00 
1.806952000e+00 3.610180000e+00 2.736955000e+00 
2.855331000e-03 4.927019000e+00 4.435984000e+00 
2.474373000e+00 1.497864000e-01 4.637458000e+00 
1.185585000e+00 3.871368000e+00 2.042058000e+00 
6.032142000e-02 2.982197000e+00 3.381321000e+00 
2.742234000e-02 5.709671000e+00 3.674224000e-02 
5.796346000e-02 2.236178000e+00 4.639185000e+00 
5.178456000e-01 4.936283000e+00 1.528779000e-01 
2.062181000e+00 3.607242000e+00 2.420002000e+00 
4.702870000e+00 1.853009000e-01 2.043827000e-01 
5.589303000e+00 6.243747000e-02 2.108443000e-01 
1.820897000e-01 8.871584000e-03 4.899021000e+00 
6.401917000e-01 4.811443000e+00 1.253566000e-01 
1.127514000e+00 4.544267000e+00 2.412834000e-01 
3.525599000e+00 7.935404000e-02 1.905815000e+00 
3.763456000e+00 3.289865000e+00 7.425586000e-01 
1.396934000e-01 7.759068000e-04 6.763741000e+00 
3.819681000e-01 4.234453000e+00 2.346986000e+00 
6.411472000e+00 1.550700000e-02 3.809918000e-01 
1.259001000e-03 1.251684000e-02 6.689770000e+00 
2.581986000e+00 4.071222000e+00 1.820875000e+00 
2.694728000e+00 7.097545000e-02 4.835368000e+00 
6.467639000e-01 3.859888000e+00 2.354125000e+00 
1.357654000e+00 4.633161000e+00 1.983626000e-01 
1.761499000e-01 1.313013000e-02 4.909492000e+00 
1.767604000e-03 2.040192000e-01 4.737699000e+00 
3.939547000e+00 2.858346000e+00 7.794004000e-01 
3.803944000e+00 3.441845000e+00 4.415852000e-02 
2.702562000e+00 4.335206000e+00 9.610781000e-03 
2.525402000e-01 6.625569000e-03 5.121188000e+00 
4.372134000e+00 3.173258000e+00 1.501185000e-02 
1.716295000e+00 4.853161000e+00 1.946073000e-02 
5.125150000e+00 1.453113000e-01 1.721991000e-03 
4.754672000e+00 7.119503000e-02 3.465230000e+00 
7.297578000e+00 1.653497000e-02 3.670589000e-01 
6.107087000e-02 3.467637000e+00 2.740629000e+00 
1.291144000e-01 5.855438000e-03 5.191225000e+00 
1.259468000e-01 5.013579000e+00 2.104921000e-01 
6.912534000e+00 1.196099000e-01 1.270591000e-01 
6.247169000e-02 3.384144000e+00 2.799228000e+00 
6.927718000e+00 1.802338000e-02 3.543612000e-01 
4.513218000e-03 4.957178000e+00 9.272922000e-01 
5.924211000e-02 6.758579000e-03 6.078841000e+00 
1.138275000e+00 4.732127000e+00 1.472368000e-01 
1.179382000e+00 4.743003000e+00 5.712478000e-02 
5.176079000e-01 5.100317000e+00 1.550786000e-01 
4.995487000e+00 1.698396000e-02 4.614479000e-01 
2.595254000e-01 5.161715000e+00 6.235200000e-03 
1.232071000e-02 1.343227000e-01 5.371575000e+00 
4.834607000e+00 6.981818000e-01 4.133208000e-02 
5.116492000e+00 3.732354000e-01 5.780590000e-02 
6.954425000e-04 3.040807000e+00 6.187771000e+00 
2.657620000e+00 3.971972000e+00 1.672971000e-01 
2.091566000e-01 2.836950000e+00 4.515134000e+00 
4.405630000e-05 4.348140000e-04 6.880289000e+00 
3.219374000e+00 3.564287000e-02 4.540814000e+00 
4.391859000e-02 4.623910000e+00 8.744273000e-01 
1.569786000e+00 4.418696000e+00 8.208828000e-01 
1.996857000e+00 4.075181000e+00 1.257949000e-01 
6.410628000e-03 1.738692000e-01 5.015983000e+00 
4.111947000e+00 2.827693000e+00 2.764510000e-01 
3.350741000e+00 8.161749000e-02 3.729200000e+00 

