1.854809000e-01 6.427834000e-03 1.139450000e+00 
9.987107000e-01 2.152283000e-02 6.005244000e-01 
1.814831000e-02 5.899401000e-01 9.974119000e-01 
1.124977000e+00 2.749268000e-01 7.455649000e-03 
5.218931000e-01 5.952094000e-01 8.415259000e-01 
5.247223000e-01 9.837135000e-01 4.152661000e-01 
6.050336000e-03 1.017013000e+00 5.106997000e-01 
7.485933000e-02 7.679351000e-01 8.978415000e-01 
4.847978000e-01 1.196422000e-01 1.015674000e+00 
7.799608000e-01 5.674410000e-01 6.768604000e-01 
4.109370000e-03 1.188192000e+00 1.435795000e-03 
4.558893000e-02 5.853431000e-03 1.171210000e+00 
7.574700000e-01 4.742137000e-01 6.985024000e-01 
7.550260000e-01 3.243407000e-01 8.938454000e-01 
9.260876000e-01 7.096760000e-01 1.320267000e-01 
9.164849000e-01 6.488017000e-01 3.951873000e-01 
8.594783000e-01 1.125913000e-02 7.755660000e-01 
8.945962000e-02 4.750400000e-01 1.072864000e+00 
7.124690000e-01 1.049895000e+00 1.993725000e-04 
4.856957000e-01 7.981135000e-01 7.806290000e-01 
1.030035000e+00 5.138272000e-01 1.042119000e-02 
1.185909000e+00 4.614892000e-03 6.233114000e-02 
1.153948000e+00 5.622171000e-05 5.447469000e-01 
1.061150000e+00 1.750919000e-02 4.985392000e-01 
3.642334000e-02 7.695355000e-01 9.054212000e-01 
2.945913000e-03 5.020496000e-01 1.083019000e+00 
9.166785000e-01 4.342066000e-01 5.737095000e-01 
6.794805000e-01 9.335948000e-01 9.348870000e-03 
1.209176000e+00 8.011763000e-03 8.972144000e-03 
9.059762000e-01 6.495318000e-01 4.327765000e-01 
6.009307000e-01 7.150115000e-01 6.741915000e-01 
9.548120000e-01 6.372591000e-01 5.829510000e-02 
3.551269000e-04 6.132356000e-01 1.066827000e+00 
3.120042000e-01 1.033468000e+00 4.486469000e-01 
1.915011000e+00 9.036560000e-02 4.198176000e-04 
8.802565000e-01 1.086431000e-01 7.154868000e-01 
5.061477000e-01 8.450431000e-01 7.027405000e-01 
8.614553000e-01 3.760412000e-01 7.488786000e-01 
1.178789000e+00 1.931716000e-02 1.306342000e-03 
9.706136000e-01 6.950856000e-01 8.586508000e-03 
1.212821000e+00 2.158958000e-04 2.846950000e-03 
1.079726000e+00 2.300805000e-01 3.220728000e-01 
4.816552000e-05 3.908182000e-04 2.046646000e+00 
1.038796000e-01 4.942421000e+00 4.928849000e-06 
2.629602000e-01 1.055384000e+00 4.560266000e-01 
3.874400000e-01 1.013187000e+00 5.156572000e-01 
4.805806000e-01 1.192790000e-01 1.043650000e+00 
1.400777000e-01 4.668104000e-01 1.077832000e+00 
5.360297000e-01 4.474017000e-01 9.181436000e-01 
7.427777000e-01 3.076289000e-01 9.005909000e-01 
9.715251000e-01 3.634041000e-02 6.602058000e-01 
2.482743000e-02 5.962040000e-01 9.630215000e-01 
6.583733000e-01 4.350895000e-01 9.427409000e-01 
8.919212000e-01 3.098097000e-02 7.569307000e-01 
3.436634000e-01 8.894960000e-01 7.452174000e-01 
1.602266000e-02 8.096755000e-01 8.371766000e-01 
4.936161000e-01 2.972634000e-01 9.920136000e-01 
1.021123000e+00 6.414669000e-01 1.771442000e-03 
6.655649000e-02 5.590490000e-01 1.013507000e+00 
8.483533000e-01 6.406148000e-01 5.261775000e-01 
1.256017000e-01 4.510314000e+00 6.052033000e-04 
4.185635000e-03 4.667995000e-01 1.107948000e+00 
8.078163000e-01 6.328418000e-01 5.598313000e-01 
9.474620000e-01 7.399427000e-01 1.232415000e-02 
4.137610000e-01 7.449302000e-01 8.242675000e-01 
4.268463000e-01 6.105494000e-01 8.994302000e-01 
3.469964000e-04 8.077055000e-01 9.031202000e-01 
8.601791000e-06 4.096035000e-04 4.025180000e+00 
9.066369000e-01 1.104345000e-02 7.547814000e-01 
7.440826000e-01 3.268690000e-01 8.523050000e-01 
5.372862000e-01 1.987311000e-02 1.043818000e+00 
4.563405000e-01 1.010981000e+00 4.927651000e-01 
1.022732000e+00 5.261569000e-02 5.708408000e-01 
5.342846000e-03 1.171768000e+00 1.029581000e-03 
1.139165000e+00 7.093062000e-02 7.969583000e-03 
2.871796000e-05 9.615258000e-02 1.224905000e+00 
2.118438000e-02 2.151233000e-01 1.142325000e+00 
4.768509000e-03 1.049250000e+00 4.680496000e-01 
3.534516000e-03 1.058178000e+00 5.895341000e-01 
1.363850000e-02 6.920320000e-01 9.428564000e-01 
3.317308000e-01 1.110749000e+00 1.653207000e-02 
5.208464000e-01 8.289349000e-01 7.031926000e-01 
1.109825000e+00 1.287112000e-01 2.889523000e-01 
2.754414000e-01 1.053156000e+00 4.487776000e-01 
9.146020000e-01 1.986760000e-01 6.285178000e-01 
2.667588000e-02 1.891393000e+00 6.542484000e-04 
9.490927000e-01 5.800161000e-01 1.172975000e-01 
2.468383000e-02 8.655087000e-01 7.478707000e-01 
5.257208000e-05 2.974460000e-03 1.822581000e+00 
7.304496000e-01 9.079305000e-01 2.366378000e-02 
7.097518000e-03 8.087854000e-01 8.545060000e-01 
5.559206000e-01 9.599048000e-03 1.065372000e+00 
2.826637000e-01 8.100497000e-01 8.367375000e-01 
2.821513000e+00 1.836126000e-01 2.272096000e-04 
5.901468000e-01 8.452060000e-01 6.182123000e-01 
4.125829000e-01 1.020244000e+00 4.910488000e-01 
5.686325000e-01 6.540090000e-01 7.742341000e-01 
2.614743000e-02 9.708300000e-01 6.429266000e-01 
1.170728000e+00 8.941441000e-04 4.465179000e-01 
2.623533000e-02 4.389444000e-01 1.081734000e+00 
5.835269000e-01 3.112109000e-02 9.651771000e-01 
1.024743000e+00 5.111045000e-01 4.458563000e-02 
6.267169000e-01 8.817518000e-01 4.547776000e-01 
1.411923000e-01 1.329974000e+00 1.387883000e-04 
1.140197000e+00 5.359663000e-05 5.605720000e-01 
7.622523000e-01 7.230261000e-02 8.754683000e-01 
7.509068000e-01 9.044884000e-03 9.422696000e-01 
3.137322000e-01 9.595276000e-01 6.120009000e-01 
4.519772000e-02 1.117085000e+00 2.508589000e-01 
8.374359000e-01 8.205589000e-01 1.214781000e-02 
9.266120000e-01 6.958541000e-01 1.324790000e-01 
5.083681000e-01 4.965713000e-02 1.028785000e+00 
6.339809000e-01 8.803415000e-01 4.801870000e-01 
6.661581000e-01 9.758653000e-01 2.065189000e-03 
8.945479000e-01 1.000752000e-02 7.550487000e-01 
1.150222000e+00 6.171520000e-02 4.677852000e-03 
6.776981000e-02 4.157536000e-02 1.133826000e+00 
4.529637000e-01 8.002461000e-01 7.971610000e-01 
8.131057000e-01 5.385551000e-01 6.182649000e-01 
7.878760000e-01 3.233444000e-01 8.217777000e-01 
6.084927000e-01 8.393332000e-01 5.313136000e-01 
1.103657000e+00 1.867302000e-03 4.108339000e-01 
1.109791000e+00 3.601052000e-02 3.718477000e-01 
4.499792000e-01 4.838702000e-02 1.086320000e+00 
2.147816000e+00 1.215821000e-04 2.013046000e-02 
2.943483000e-04 3.070609000e-02 1.172248000e+00 
8.090719000e-01 2.712821000e-03 9.100757000e-01 
8.142748000e-01 8.448536000e-01 9.038914000e-03 
8.970090000e-01 6.147483000e-01 5.228306000e-01 
4.636362000e-02 1.144341000e+00 1.732388000e-01 
2.295030000e-01 1.132932000e+00 9.221412000e-02 
1.614340000e-01 5.249339000e-01 1.046984000e+00 
9.851010000e-05 2.155444000e-01 1.173742000e+00 
7.678457000e-05 2.197981000e-03 1.187262000e+00 
5.101859000e-01 7.273137000e-01 7.900743000e-01 
5.339220000e-01 5.933777000e-01 8.571355000e-01 
1.131555000e+00 2.904960000e-02 2.078299000e-02 
1.064380000e+00 1.165377000e-01 3.598808000e-01 
1.137346000e+00 3.746670000e-02 1.549301000e-02 
1.234689000e-02 7.947256000e-01 8.829033000e-01 
4.241498000e-01 5.965315000e-01 9.503219000e-01 
3.764490000e-04 9.832384000e-01 7.781955000e-01 
3.515801000e-01 1.154135000e+00 6.099289000e-03 
8.341344000e-01 6.457263000e-01 5.203395000e-01 
5.524135000e-01 9.662673000e-02 1.019254000e+00 
6.345790000e-01 8.690233000e-01 4.653646000e-01 
6.668370000e-01 9.781032000e-01 1.996867000e-03 
2.008896000e-01 5.243874000e-01 1.016109000e+00 
7.611989000e-01 8.447634000e-01 4.528876000e-02 
4.335808000e-01 1.110644000e+00 2.091817000e-02 
1.648279000e-03 6.452604000e-01 9.946169000e-01 
1.168605000e+00 1.462530000e-02 4.729989000e-03 
4.267225000e-02 1.430957000e-03 1.172279000e+00 
1.259590000e-01 9.485798000e-01 6.469402000e-01 
1.987240000e+00 2.846005000e-02 5.018319000e-04 
1.117177000e+00 3.940175000e-01 5.591342000e-03 
2.420433000e-01 3.480142000e-01 1.102280000e+00 
1.086190000e+00 3.933643000e-02 4.064143000e-01 
1.158890000e+00 7.727338000e-02 3.945456000e-03 
1.123545000e+00 9.373573000e-02 2.573524000e-01 
6.344960000e-01 8.925133000e-01 4.524220000e-01 
8.763665000e-01 6.275652000e-01 5.225131000e-01 
7.513597000e-01 9.354024000e-01 1.321429000e-04 
1.011828000e+00 8.176994000e-04 7.286641000e-01 
3.635671000e-01 6.850231000e-01 9.078177000e-01 
1.202715000e+00 1.594508000e-03 1.765869000e-02 
1.029811000e+00 3.376873000e-02 5.986495000e-01 
3.077744000e-01 1.128690000e+00 2.018515000e-02 
6.307132000e-01 4.359821000e-01 9.501990000e-01 
1.482167000e-03 1.068614000e+00 5.777205000e-01 
3.741533000e-03 7.754476000e-01 8.994474000e-01 
1.077745000e-03 1.117342000e+00 6.051549000e-01 
2.058407000e-03 1.222799000e+00 6.327055000e-03 
7.509829000e-01 8.798193000e-01 2.670111000e-02 
5.809649000e-01 9.242707000e-01 4.953288000e-01 
3.526259000e-05 6.216273000e-01 1.096107000e+00 
1.016428000e+00 5.913648000e-01 8.844366000e-03 
1.907794000e-02 7.773723000e-01 8.614089000e-01 
1.049306000e+00 2.865229000e-02 5.088559000e-01 
1.004125000e+00 1.626493000e-01 5.971444000e-01 
3.973259000e-01 1.093583000e+00 9.146227000e-02 
2.622370000e-03 2.220170000e-01 1.133647000e+00 
6.644606000e-01 6.124098000e-01 6.935369000e-01 
7.553018000e-01 8.448556000e-01 8.214058000e-03 
6.319979000e-01 1.539121000e-03 9.435139000e-01 
9.239118000e-03 1.012057000e+00 6.331658000e-01 
9.974250000e-01 3.503072000e-02 6.637538000e-01 
3.606617000e-01 6.961524000e-01 9.000652000e-01 
7.926490000e-01 1.042619000e-02 9.163523000e-01 
7.817085000e-01 7.851172000e-01 4.146211000e-01 
2.953655000e-01 5.169425000e-01 1.004972000e+00 
9.872694000e-01 3.883526000e-01 4.055146000e-01 
1.402237000e-04 1.296933000e-03 1.280515000e+00 
1.062960000e+00 4.528633000e-01 4.149036000e-02 
4.060984000e-01 1.110733000e-02 1.087121000e+00 
1.022205000e+00 8.439886000e-02 5.956277000e-01 
5.818878000e-01 9.455703000e-02 9.727085000e-01 
9.250289000e-03 3.745842000e-01 1.130358000e+00 
2.600149000e-02 5.782725000e-01 9.685339000e-01 
1.911872000e-05 5.664998000e-03 1.399472000e+00 
8.775259000e-01 2.648999000e-01 7.145156000e-01 
9.862284000e-01 6.079039000e-01 6.477248000e-03 
8.753945000e-01 6.917760000e-01 3.558484000e-01 
4.227741000e-03 9.113036000e-01 7.277964000e-01 
1.499892000e-03 9.389531000e-01 8.468572000e-01 
5.559951000e-01 1.180523000e-01 1.018278000e+00 
7.753862000e-01 7.674341000e-01 4.563029000e-01 
8.601877000e-01 3.302337000e-01 7.721665000e-01 
8.376150000e-01 1.434014000e-04 8.830999000e-01 
7.365550000e-01 8.736741000e-01 3.318357000e-02 
5.727063000e-02 8.250987000e-01 7.925398000e-01 
3.978960000e-01 1.089946000e+00 2.737772000e-02 
1.968857000e-03 1.150715000e+00 4.377767000e-01 
5.056913000e-01 7.977868000e-01 7.868252000e-01 
1.151811000e+00 1.962663000e-02 5.577925000e-03 
1.144517000e+00 1.038091000e-03 4.154675000e-01 
2.471533000e-01 3.498119000e-01 1.101204000e+00 
4.330118000e-02 8.639995000e-01 7.476306000e-01 
3.580004000e-01 3.273769000e-01 1.051292000e+00 
4.937689000e-01 8.312035000e-01 7.411722000e-01 
8.046961000e-01 8.012877000e-01 2.909779000e-02 
1.116462000e+00 9.463695000e-03 4.101819000e-01 
9.626600000e-01 4.989053000e-03 7.758115000e-01 
5.074358000e-01 1.331798000e-01 1.003404000e+00 
7.971400000e-01 7.037192000e-01 4.953246000e-01 
7.507169000e-03 5.920538000e-01 1.029787000e+00 
1.020246000e+00 4.506032000e-03 6.150140000e-01 
3.891150000e-01 1.799031000e-01 1.113036000e+00 
5.489515000e-01 1.103955000e+00 1.038786000e-02 
3.780239000e-01 5.407250000e-01 9.677403000e-01 
9.839414000e-01 4.679641000e-03 7.120440000e-01 
5.535806000e-02 6.537635000e-03 1.152611000e+00 
9.309228000e-01 3.512574000e-01 5.706613000e-01 
1.126469000e+00 2.759985000e-01 7.395862000e-03 
5.364747000e-02 3.335497000e-02 1.156498000e+00 
4.940135000e-01 5.910864000e-01 9.387826000e-01 
7.165048000e-01 2.658490000e-02 9.223794000e-01 
5.729664000e-01 8.594978000e-01 6.032871000e-01 
6.561996000e-01 1.014447000e+00 7.859610000e-03 
9.825937000e-01 4.537244000e-02 6.433524000e-01 
4.260232000e-01 3.554985000e-01 1.021441000e+00 
4.914385000e-01 7.774558000e-01 8.142257000e-01 
4.011897000e-01 3.723193000e-01 1.033165000e+00 
5.443046000e-03 8.369865000e-01 8.530873000e-01 
5.011301000e-04 8.186162000e-05 1.289372000e+00 
6.667878000e-01 7.501872000e-01 5.302045000e-01 
1.022971000e+00 2.040849000e-01 5.048730000e-01 
6.959221000e-01 8.017488000e-01 4.907683000e-01 
5.320783000e-01 7.690182000e-01 7.393463000e-01 
3.830012000e-01 2.015711000e-01 1.102893000e+00 
6.253900000e-01 4.836591000e-01 8.730422000e-01 
6.034992000e-01 2.731127000e-03 1.145205000e+00 
8.302291000e-01 5.984844000e-01 5.942275000e-01 
1.065174000e+00 4.714192000e-01 1.018261000e-02 
1.072872000e+00 5.168296000e-01 8.216732000e-03 
1.268124000e+00 1.330852000e-02 5.169321000e-04 
8.176188000e-01 3.468583000e-03 8.432827000e-01 
7.073427000e-01 5.480386000e-01 7.429767000e-01 
9.785976000e-01 1.834082000e-01 6.372508000e-01 
1.017200000e+00 4.839614000e-03 6.153346000e-01 
9.068373000e-01 7.118830000e-01 1.269396000e-01 
5.320459000e-01 2.077264000e-01 9.942623000e-01 
1.170631000e+00 1.187963000e-02 1.710590000e-02 
9.477277000e-02 5.023327000e-01 1.050760000e+00 
5.393874000e-01 8.402877000e-01 6.618341000e-01 
4.995303000e-01 8.810469000e-01 5.093590000e-01 
3.723810000e-03 9.644230000e-01 6.444646000e-01 
9.280674000e-01 6.045429000e-01 4.062967000e-01 
4.156051000e-01 4.920466000e-01 9.888487000e-01 
5.452407000e-01 4.097959000e-01 9.719291000e-01 
9.150213000e-01 5.437125000e-03 7.211636000e-01 
1.719043000e-03 1.437688000e-05 1.494397000e+00 
2.628359000e-02 5.626076000e-01 9.702302000e-01 
6.048717000e-01 1.112005000e+00 1.579235000e-03 
7.751798000e-01 7.584873000e-01 5.245905000e-01 
7.791454000e-01 1.596528000e-01 8.326799000e-01 
4.538283000e-01 6.386878000e-01 8.959589000e-01 
4.803496000e-02 3.565811000e-01 1.096933000e+00 
4.138473000e-01 4.051144000e-01 9.962628000e-01 
5.508758000e-01 9.651435000e-03 1.059352000e+00 
3.312121000e-04 1.090875000e+00 9.021747000e-01 
6.176127000e-02 7.893842000e-01 8.369561000e-01 
4.592305000e-02 8.030031000e-01 8.376240000e-01 
9.318680000e-01 6.854216000e-01 3.050074000e-02 
5.606148000e-01 1.051991000e+00 4.052970000e-03 
1.161108000e+00 1.601032000e-02 2.582704000e-03 
6.494066000e-01 8.242026000e-01 5.513626000e-01 
3.650996000e-01 6.369555000e-01 9.265220000e-01 
7.260864000e-01 5.376057000e-01 7.373216000e-01 
8.429034000e-01 4.882262000e-01 6.383623000e-01 
4.295645000e-02 9.975801000e-01 5.430497000e-01 
5.329727000e-01 1.016092000e+00 2.836503000e-02 
4.747953000e-02 5.537770000e-01 1.022908000e+00 
7.440819000e-01 1.436557000e-03 9.644041000e-01 
9.754805000e-01 6.920949000e-04 7.398507000e-01 
3.102633000e-01 1.042303000e+00 3.517880000e-01 
8.723541000e-01 3.476994000e-01 6.709981000e-01 
1.122793000e+00 2.501096000e-01 8.905128000e-02 
5.496417000e-02 1.142137000e+00 4.483456000e-02 
8.460024000e-01 6.552464000e-01 5.146152000e-01 
7.196940000e-01 3.392692000e-01 8.271020000e-01 
1.020322000e+00 3.387136000e-01 5.284985000e-01 
5.539642000e-01 7.943468000e-01 7.087236000e-01 
6.831912000e-01 8.622081000e-01 4.860730000e-01 
8.961728000e-01 5.011429000e-01 5.760109000e-01 
8.475760000e-01 6.589285000e-01 4.860805000e-01 
4.158782000e-01 6.584155000e-01 8.518166000e-01 
5.211101000e-01 4.725322000e-01 9.281411000e-01 
6.394898000e-01 1.135266000e+00 1.409859000e-04 
6.850580000e-01 1.040762000e+00 1.770172000e-03 
4.614429000e-01 1.963211000e-03 1.172227000e+00 
1.856884000e-04 9.828985000e-04 1.222928000e+00 
7.375333000e-01 1.282014000e-02 9.385120000e-01 
7.695448000e-02 1.135462000e+00 1.280832000e-02 
7.973882000e-01 7.225672000e-01 4.129838000e-01 
1.022054000e+00 2.105212000e-01 5.391833000e-01 
4.772471000e-03 1.065290000e+00 4.375528000e-01 
2.459706000e-01 9.833216000e-01 6.162130000e-01 
1.009982000e+00 5.909022000e-01 5.373349000e-02 
6.114985000e-01 5.239471000e-01 8.928536000e-01 
8.120051000e-01 6.068249000e-01 5.650731000e-01 
7.413513000e-01 4.455528000e-01 7.551289000e-01 
1.184269000e+00 1.048825000e-02 2.396357000e-03 
7.078409000e-01 8.323746000e-01 4.748502000e-01 
1.079208000e+00 9.679607000e-03 5.081807000e-01 
5.149559000e-04 1.176088000e+00 1.491403000e-02 
7.057146000e-01 8.432752000e-01 3.671479000e-01 
6.985763000e-01 9.188100000e-01 9.338186000e-03 
6.000452000e-01 7.226921000e-01 7.003455000e-01 
9.510488000e-01 3.552178000e-02 6.603664000e-01 
1.045229000e+00 5.705861000e-02 5.093021000e-01 
6.709763000e-01 6.068670000e-01 7.074363000e-01 
1.074356000e+00 1.212359000e-01 3.441981000e-01 
7.522543000e-01 7.690760000e-01 4.556565000e-01 
1.255657000e-02 3.432492000e-01 1.109300000e+00 
9.176096000e-01 5.464298000e-01 5.302060000e-01 
5.000382000e-01 5.719885000e-01 9.030901000e-01 
1.109012000e+00 4.055083000e-01 1.883432000e-02 
1.106738000e-01 9.066015000e-01 6.638080000e-01 
6.964777000e-01 9.279377000e-01 3.820332000e-02 
1.775253000e-02 5.898907000e-01 1.005457000e+00 
6.398851000e-01 5.475147000e-01 8.551462000e-01 
3.987548000e-01 9.835665000e-01 5.360553000e-01 
1.133013000e-02 1.000204000e+00 5.602891000e-01 
9.305220000e-01 7.456748000e-01 1.209923000e-02 
1.335464000e-02 7.994042000e-01 8.584835000e-01 
9.587499000e-01 5.106368000e-03 7.072912000e-01 
8.810614000e-03 7.171049000e-01 9.196183000e-01 
4.124920000e-01 5.611255000e-02 1.085777000e+00 
1.062394000e+00 4.970147000e-01 1.026022000e-02 
1.126044000e-01 1.912720000e-01 1.126578000e+00 
8.057039000e-01 7.276009000e-01 3.986726000e-01 
8.660590000e-01 5.622879000e-01 5.912506000e-01 
3.155923000e-03 9.339720000e-01 7.253663000e-01 
6.778779000e-01 9.419065000e-01 1.398001000e-02 
7.126380000e-01 1.943758000e-02 9.315654000e-01 
2.375401000e-02 1.145898000e+00 2.688229000e-01 
4.698782000e-01 7.372134000e-01 8.511509000e-01 
1.273905000e-01 1.169537000e+00 2.508640000e-03 
1.152083000e-03 9.664932000e-01 7.123665000e-01 
4.156539000e-01 1.023992000e-02 1.105203000e+00 
5.646130000e-01 5.794499000e-01 8.834365000e-01 
6.604580000e-01 7.404526000e-01 5.404182000e-01 
1.245917000e+00 3.907470000e-03 1.632038000e-03 
5.570904000e-01 4.376773000e-01 9.671136000e-01 
3.496878000e-01 1.098182000e+00 5.003000000e-02 
4.426966000e-03 5.427861000e-01 1.068652000e+00 
1.044428000e+00 3.688011000e-01 3.809831000e-01 
5.618603000e-01 7.032227000e-03 1.074022000e+00 
9.742648000e-01 6.165661000e-01 9.110133000e-03 
2.941358000e-01 7.473754000e-01 8.572821000e-01 
4.224328000e-01 7.386794000e-01 8.375658000e-01 
3.399118000e-04 7.860162000e-01 9.141402000e-01 
2.262047000e-03 1.616720000e-01 1.143388000e+00 
4.471628000e-03 1.076426000e+00 4.808019000e-01 
5.176494000e-01 8.264772000e-01 7.113590000e-01 
6.050429000e-03 4.296316000e-01 1.101988000e+00 
8.084890000e-01 1.089575000e-02 8.499337000e-01 
8.915459000e-01 7.354479000e-01 2.079442000e-02 
5.572881000e-05 3.087756000e-03 1.186515000e+00 
5.093748000e-01 2.118288000e-02 1.027817000e+00 
3.681448000e-01 9.633575000e-03 1.119101000e+00 
9.230685000e-05 2.082354000e-03 1.180102000e+00 
2.406779000e-01 3.327623000e-01 1.119395000e+00 
1.193110000e+00 7.859027000e-03 1.999284000e-02 
1.039407000e+00 2.184106000e-01 4.811898000e-01 
8.538079000e-01 9.593110000e-03 7.959909000e-01 
1.016239000e+00 2.833398000e-01 5.764627000e-01 
1.045578000e+00 4.598588000e-01 1.660272000e-02 
9.257615000e-01 7.206183000e-01 1.699000000e-02 
1.033027000e+00 6.011347000e-01 3.034565000e-03 
3.625682000e-01 2.874909000e-02 1.135069000e+00 
2.100882000e-02 9.534717000e-01 7.234835000e-01 
6.227223000e-01 4.702642000e-01 9.130375000e-01 
9.166066000e-01 7.461601000e-01 1.424147000e-02 
2.282715000e-02 5.847209000e-01 1.025455000e+00 
6.496130000e-02 5.502698000e-01 1.023230000e+00 
5.660569000e-01 1.000798000e+00 5.963643000e-02 
5.184765000e-01 8.241692000e-01 7.587082000e-01 
4.465061000e-01 1.103894000e+00 1.934438000e-02 
4.779893000e-05 1.187740000e+00 1.264115000e-02 
9.377954000e-01 1.627351000e-02 6.814224000e-01 
7.972233000e-01 9.226679000e-01 9.268550000e-04 
1.034840000e+00 4.440621000e-04 5.232365000e-01 
7.963364000e-02 5.568495000e-01 1.015884000e+00 
4.902322000e-01 5.637521000e-03 1.118687000e+00 
4.149418000e-01 5.873462000e-01 9.657525000e-01 
8.803491000e-01 6.692078000e-01 3.642654000e-01 
9.839473000e-01 5.964060000e-01 5.185126000e-02 
8.191346000e-01 6.832306000e-01 4.074015000e-01 
7.415532000e-04 1.088594000e+00 6.202248000e-01 
5.670914000e-01 1.003516000e+00 1.020430000e-02 
9.168110000e-01 7.237204000e-01 2.918779000e-02 
5.742468000e-01 7.878604000e-03 9.949188000e-01 
1.661525000e-02 8.103524000e-01 8.273077000e-01 
7.874662000e-01 7.723156000e-01 4.177258000e-01 
1.075269000e+00 4.279882000e-01 4.141739000e-02 
2.289782000e-02 8.911720000e-01 6.967765000e-01 
1.599547000e-02 3.150554000e-01 1.124847000e+00 
1.043845000e+00 2.076169000e-01 4.844263000e-01 
7.560947000e-04 1.107454000e-02 1.178039000e+00 
4.158416000e-01 7.284795000e-01 8.863119000e-01 
1.651230000e-01 4.650916000e-01 1.052766000e+00 
6.583044000e-01 9.348446000e-01 2.005082000e-02 
4.302364000e-01 1.110283000e+00 2.131121000e-02 
4.339429000e-01 1.150096000e+00 2.328071000e-03 
2.491960000e-01 1.042436000e+00 5.077101000e-01 
9.252661000e-04 1.670757000e-02 1.158913000e+00 
7.721533000e-01 3.275933000e-02 8.776126000e-01 
9.219038000e-01 7.508492000e-01 2.446413000e-03 
1.087116000e+00 5.403188000e-01 7.647996000e-03 
1.028434000e+00 5.772308000e-01 3.509412000e-02 
1.029887000e+00 1.997614000e-01 5.026487000e-01 
1.747049000e-02 5.357769000e-01 1.035004000e+00 
3.147859000e-01 3.799953000e-01 1.034579000e+00 
1.120177000e+00 1.863818000e-03 4.060923000e-01 
8.364545000e-01 1.501741000e-02 7.793052000e-01 
9.318862000e-01 5.552473000e-01 4.849437000e-01 
1.444811000e-01 4.756805000e-01 1.057761000e+00 
2.917310000e-01 4.760813000e-01 1.046546000e+00 
3.277906000e-02 9.864430000e-01 6.372592000e-01 
6.016044000e-01 1.044338000e+00 8.956634000e-03 
6.402766000e-03 1.094721000e+00 3.526534000e-01 
4.894502000e-01 8.724419000e-01 5.629595000e-01 
5.204152000e-02 8.022778000e-01 8.456757000e-01 
1.132586000e+00 2.285330000e-01 1.236833000e-02 
6.379899000e-01 8.211593000e-01 5.521063000e-01 
1.243598000e+00 1.496728000e-02 7.768428000e-04 
9.138509000e-01 6.269556000e-01 4.301622000e-01 
5.061787000e-01 8.586803000e-01 6.980735000e-01 
7.544219000e-01 6.891488000e-01 5.560295000e-01 
3.852142000e-01 4.626509000e-01 1.029143000e+00 
6.773071000e-01 9.298667000e-01 5.879525000e-02 
1.374107000e-02 6.868982000e-01 9.239249000e-01 
3.216245000e-01 3.009101000e-01 1.112462000e+00 
6.906979000e-01 9.729469000e-01 5.851022000e-04 
1.758045000e-02 5.922772000e-01 1.016024000e+00 
1.025544000e+00 8.252116000e-04 6.184764000e-01 
1.356017000e-03 1.821853000e-04 1.190020000e+00 
3.409907000e-01 1.103536000e+00 5.351973000e-02 
1.077465000e+00 7.062181000e-02 3.560759000e-01 
3.901898000e-01 9.825351000e-01 5.373024000e-01 
2.104689000e-03 8.118038000e-01 8.688116000e-01 
1.032608000e+00 3.659071000e-01 3.979630000e-01 
5.995159000e-01 9.002768000e-01 4.528806000e-01 
8.074037000e-01 8.455205000e-01 2.105070000e-03 
9.216874000e-01 8.027887000e-02 6.832226000e-01 
4.975505000e-01 6.327926000e-01 8.556591000e-01 
9.385830000e-01 1.860619000e-01 6.440382000e-01 
2.920273000e-01 9.640758000e-01 6.080708000e-01 
4.283531000e-03 1.039910000e+00 5.983192000e-01 
4.085427000e-01 2.424142000e-01 1.077616000e+00 
7.922391000e-01 3.053970000e-02 8.882635000e-01 
2.798503000e-01 1.133513000e+00 1.024123000e-02 
4.456714000e-01 4.398785000e-01 9.955909000e-01 
1.033402000e+00 4.519821000e-01 3.820434000e-01 
1.712554000e-02 8.448652000e-01 8.263475000e-01 
5.992018000e-01 8.529474000e-01 4.906879000e-01 
4.618866000e-01 6.395127000e-01 8.830287000e-01 
3.527328000e-03 7.762635000e-01 9.025658000e-01 
8.992209000e-01 9.134721000e-02 7.295560000e-01 
4.074095000e-03 6.313750000e-01 9.470844000e-01 
2.406009000e-01 1.130514000e+00 8.246063000e-02 
7.505709000e-01 8.522786000e-01 4.298427000e-02 
1.162251000e-02 4.469244000e-01 1.077969000e+00 
9.673426000e-01 2.587180000e-01 6.206896000e-01 
9.328127000e-01 4.046007000e-02 6.727597000e-01 
9.476246000e-01 4.762929000e-01 4.593013000e-01 
2.015974000e-02 9.636638000e-01 6.583538000e-01 
1.058950000e+00 1.297555000e-01 3.574242000e-01 
6.717145000e-02 4.733870000e-01 1.077124000e+00 
5.129838000e-01 7.405056000e-01 7.595088000e-01 
1.862457000e-01 5.267575000e-01 1.001678000e+00 
8.614032000e-01 7.699408000e-01 4.676677000e-03 
4.359131000e-02 4.040133000e-01 1.100830000e+00 
8.016270000e-01 4.644087000e-02 8.655779000e-01 
6.571138000e-01 8.631208000e-01 4.594127000e-01 
1.029764000e+00 1.976681000e-01 5.313612000e-01 
8.367363000e-01 6.389706000e-04 8.072549000e-01 
9.216196000e-01 7.487365000e-01 7.367278000e-03 
7.088358000e-01 5.505902000e-01 7.389885000e-01 
5.720647000e-04 8.571719000e-02 1.145072000e+00 
6.583170000e-01 7.468110000e-01 5.924507000e-01 
6.736007000e-01 9.221722000e-01 8.172962000e-02 
1.115273000e-02 6.120069000e-01 9.717836000e-01 
8.150391000e-01 4.990058000e-01 6.330838000e-01 
1.143535000e+00 4.751977000e-03 2.899716000e-02 
1.078772000e-01 9.215354000e-01 6.766445000e-01 
1.172090000e+00 1.227503000e-02 1.489742000e-02 
2.738487000e-01 9.914526000e-01 5.607322000e-01 
8.568105000e-01 6.494947000e-01 4.882519000e-01 
1.120926000e+00 2.734604000e-01 1.519117000e-02 
3.645560000e-01 2.837690000e-01 1.084355000e+00 
8.416529000e-01 3.820223000e-01 6.760101000e-01 
1.006365000e+00 5.883130000e-01 7.864300000e-02 
1.096917000e+00 1.179963000e-02 4.072635000e-01 
1.321892000e-01 1.074440000e+00 4.308756000e-01 
1.003492000e-01 7.022979000e-01 9.174324000e-01 
4.516856000e-01 1.478569000e-02 1.060458000e+00 
5.028893000e-03 9.036675000e-01 7.474389000e-01 
7.657976000e-01 4.663222000e-01 7.034066000e-01 
6.411002000e-01 6.094040000e-01 7.366452000e-01 
1.234238000e-03 3.509161000e-02 1.155616000e+00 
9.069422000e-01 8.005462000e-01 4.306837000e-03 
1.150762000e+00 4.808864000e-02 4.669124000e-03 
4.338765000e-01 3.463684000e-01 1.047251000e+00 
7.825509000e-01 3.455121000e-01 8.222765000e-01 
1.095713000e+00 3.265735000e-01 2.204434000e-02 
4.358025000e-01 3.785929000e-01 1.012192000e+00 
8.422390000e-01 8.667723000e-01 1.571731000e-03 
1.222198000e+00 1.446919000e-02 2.212340000e-03 
1.403153000e-02 1.079796000e+00 3.483781000e-01 
9.376503000e-01 3.498368000e-01 5.739179000e-01 
9.465342000e-03 3.626630000e-01 1.104336000e+00 
1.396538000e-02 9.415829000e-01 7.243861000e-01 
2.837383000e-01 9.768942000e-01 6.205128000e-01 
7.962405000e-01 3.501711000e-03 8.691231000e-01 
3.641819000e-03 1.145997000e+00 7.637878000e-03 
4.730610000e-01 1.548304000e-02 1.045342000e+00 
8.166504000e-01 8.235074000e-01 8.829426000e-03 
1.080040000e+00 4.810161000e-03 4.232561000e-01 
7.562125000e-01 4.559755000e-01 7.386302000e-01 
1.082681000e+00 1.732872000e-01 3.300465000e-01 
6.718620000e-01 7.548476000e-01 5.270329000e-01 
6.978380000e-01 9.158216000e-01 3.005765000e-02 
1.120687000e+00 2.740400000e-01 1.342415000e-02 
5.918639000e-01 9.914377000e-01 3.236926000e-02 
5.519028000e-02 6.306934000e-01 9.615925000e-01 
1.150051000e-02 6.308636000e-04 1.175858000e+00 
4.346297000e-01 2.584304000e-01 1.048861000e+00 

6.547568000e-03 1.015105000e+00 5.569811000e-01 
4.692040000e-01 9.630773000e-01 4.955910000e-01 
7.246403000e-01 8.573738000e-01 1.083855000e-02 
4.102421000e-01 7.655757000e-01 7.492425000e-01 
7.027938000e-01 1.213269000e-04 9.295792000e-01 
6.027109000e-01 8.952410000e-01 3.687199000e-01 
4.604286000e-04 9.216674000e-03 1.168582000e+00 
4.528172000e-01 7.667018000e-03 1.025053000e+00 
5.594152000e-01 5.798089000e-01 7.685911000e-01 
9.112656000e-01 7.589860000e-01 1.423766000e-03 
5.979237000e-01 4.350999000e-01 8.760000000e-01 
3.556934000e-02 4.816943000e-01 1.002840000e+00 
1.886438000e-03 3.889293000e-06 1.945847000e+00 
6.935667000e-05 1.109121000e-03 1.794424000e+00 
5.956125000e-01 1.007069000e+00 5.996870000e-03 
6.865960000e-01 4.693797000e-01 7.446140000e-01 
1.715983000e-02 2.350865000e+00 1.021514000e-03 
7.276222000e-01 4.853985000e-02 8.595719000e-01 
3.960836000e-01 6.454543000e-01 8.253967000e-01 
2.142151000e+00 2.280233000e-01 6.034394000e-04 
1.059170000e+00 8.668483000e-01 1.147797000e-04 
9.089970000e-01 6.026740000e-01 4.669600000e-01 
1.152672000e+00 1.422489000e-03 1.234077000e-02 
9.859279000e-01 7.204160000e-03 5.165164000e-01 
1.866069000e-03 1.202909000e+00 1.398746000e-02 
8.583482000e-01 8.122920000e-01 5.683917000e-04 
1.770091000e-04 1.237265000e+00 9.346076000e-02 
9.358900000e-01 5.727859000e-01 3.531470000e-01 
9.382010000e-01 6.249865000e-01 4.153969000e-03 
6.852056000e-01 3.578291000e-03 8.913287000e-01 
7.199297000e-01 8.612100000e-01 4.257972000e-03 
4.559594000e-01 9.428773000e-01 5.058260000e-01 
7.913427000e-01 5.697386000e-01 5.522831000e-01 
1.071265000e+00 1.559084000e-02 3.542534000e-01 
4.448570000e-02 5.069176000e-01 9.916327000e-01 
9.116451000e-01 6.508834000e-01 9.319664000e-03 
2.489912000e+00 3.946161000e-03 7.222181000e-04 
8.132047000e-01 7.741731000e-01 1.495292000e-02 
1.070846000e+00 4.219603000e-01 7.005936000e-03 
6.048355000e-01 9.155773000e-01 3.647891000e-01 
8.334553000e-03 7.520511000e-01 8.641380000e-01 
6.025259000e-01 8.623846000e-03 9.929495000e-01 
2.982592000e-01 1.085241000e+00 2.240686000e-02 
4.405908000e-01 6.237605000e-01 7.784351000e-01 
3.084261000e-01 5.060219000e-01 9.847130000e-01 
4.662237000e-01 9.466977000e-01 5.018328000e-01 
6.079029000e-01 9.094580000e-01 3.657047000e-01 
5.101744000e-01 2.590847000e-01 9.737664000e-01 
4.206691000e-02 6.686296000e-01 9.027857000e-01 
1.230081000e+00 2.703475000e-01 5.137750000e-04 
1.197344000e-02 5.488838000e-01 9.809693000e-01 
4.439786000e-01 1.431369000e-03 1.103412000e+00 
7.387920000e-01 3.196505000e-01 7.741120000e-01 
4.288728000e-01 9.840454000e-01 3.364941000e-01 
1.052599000e+00 4.294522000e-01 6.209151000e-02 
7.864962000e-01 4.184931000e-01 6.890700000e-01 
8.213499000e-04 4.886947000e-01 1.108771000e+00 
7.071434000e-01 9.607240000e-01 3.029047000e-03 
2.924645000e-01 6.037685000e-01 9.129338000e-01 
8.123969000e-01 7.767361000e-01 1.314561000e-02 
7.225193000e-01 5.557248000e-01 7.004378000e-01 
6.564288000e-01 9.253245000e-01 1.651910000e-02 
8.763274000e-01 6.906918000e-01 1.616904000e-01 
8.066068000e-01 5.471078000e-01 5.682302000e-01 
1.068674000e+00 8.224798000e-02 3.605547000e-01 
5.629371000e-01 1.616345000e-02 9.645855000e-01 
1.056108000e-01 7.454722000e-06 1.581935000e+00 
2.460569000e-02 1.051141000e+00 3.951612000e-01 
6.532673000e-01 9.283305000e-01 7.653811000e-03 
9.035225000e-01 6.758855000e-01 2.369391000e-03 
3.188394000e-01 5.236227000e-01 9.466390000e-01 
1.201914000e+00 2.856910000e-04 3.914283000e-01 
5.079611000e-01 2.581920000e-01 1.007405000e+00 
1.990037000e-01 1.019975000e+00 3.962931000e-01 
6.070621000e-01 6.243105000e-01 7.348479000e-01 
1.227100000e+00 7.797334000e-03 1.650670000e-03 
5.219074000e-01 6.551941000e-01 7.041548000e-01 
3.638755000e-01 4.362918000e-01 9.926993000e-01 
6.384031000e-01 7.856093000e-01 5.131889000e-01 
1.704171000e-02 7.623566000e-01 8.444718000e-01 
1.035347000e+00 4.415258000e-02 4.986774000e-01 
7.948679000e-01 8.235486000e-01 5.571914000e-03 
1.092473000e-01 2.153673000e-05 1.411492000e+00 
3.772324000e-03 7.294948000e-01 9.072768000e-01 
9.099540000e-03 7.247342000e-01 9.420625000e-01 
2.411077000e-03 8.363096000e-01 8.663051000e-01 
4.022792000e-01 1.037886000e+00 5.910663000e-02 
1.012199000e+00 2.973815000e-01 3.478042000e-01 
4.898515000e-01 1.500000000e-02 1.014925000e+00 
9.627548000e-01 6.461658000e-01 7.477519000e-04 
3.198725000e-01 6.727099000e-01 8.613984000e-01 
4.389232000e-01 4.850725000e-01 9.429257000e-01 
4.694836000e-01 1.035056000e+00 1.074882000e-02 
5.638364000e-02 8.599533000e-01 7.166805000e-01 
1.003112000e+00 1.707012000e-02 5.088223000e-01 
2.910995000e-03 1.186890000e+00 5.136502000e-03 
2.713448000e+00 7.125943000e-04 2.569167000e-03 
6.586126000e-01 1.113513000e-02 9.373724000e-01 
5.867352000e-01 9.717052000e-01 6.840799000e-03 
1.046050000e+00 4.325761000e-01 3.988074000e-02 
7.377081000e-04 1.080708000e+00 5.452782000e-01 
1.333905000e+00 3.145105000e-04 1.306713000e-02 
7.507652000e-01 3.192716000e-01 7.808516000e-01 
4.837615000e-01 1.008622000e+00 8.661936000e-02 
6.439767000e-01 9.193098000e-01 2.838913000e-02 
5.813313000e-01 9.854727000e-01 1.140033000e-02 
8.507246000e-01 6.575449000e-01 3.862954000e-01 
6.850480000e-03 5.829994000e-01 9.595342000e-01 
9.329898000e-01 5.180969000e-01 3.534478000e-01 
1.202171000e+00 8.905189000e-03 7.504668000e-03 
2.384699000e+00 1.159148000e-01 7.330270000e-04 
1.049909000e+00 1.560371000e-02 3.986760000e-01 
9.480752000e-01 4.278154000e-01 4.013522000e-01 
7.758750000e-01 8.759642000e-02 7.648669000e-01 
6.834155000e-01 8.754435000e-01 7.594720000e-03 
5.870737000e-02 1.301563000e+00 2.373847000e-04 
9.024880000e-01 6.537894000e-01 1.089271000e-02 
7.678963000e-01 8.771439000e-02 7.657347000e-01 
1.065367000e-01 1.220178000e+00 1.315605000e-03 
4.197749000e-02 1.543798000e+00 3.533264000e-04 
1.225076000e+00 1.099397000e-02 1.837855000e-03 
6.862377000e-01 4.791213000e-01 7.522328000e-01 
5.977442000e-01 3.155998000e-01 9.104344000e-01 
4.244883000e-01 9.042115000e-01 5.231637000e-01 
6.517861000e-01 1.156706000e-02 9.330931000e-01 
5.787626000e-01 9.446085000e-01 5.626331000e-02 
1.091870000e+00 4.013552000e-03 2.404575000e-01 
7.648623000e-04 5.733906000e-04 1.332923000e+00 
8.609594000e-01 4.121236000e-01 6.521440000e-01 
1.065667000e+00 8.569438000e-04 5.052875000e-01 
8.228901000e-01 4.229836000e-01 6.804827000e-01 
3.468057000e-01 4.701988000e-01 9.854841000e-01 
5.521615000e-01 5.732485000e-02 9.824021000e-01 
9.145920000e-03 1.512839000e-04 1.156396000e+00 
5.243001000e-01 4.969531000e-01 8.914803000e-01 
6.338054000e-01 5.672806000e-01 7.509580000e-01 
9.390700000e-01 4.470004000e-01 3.887667000e-01 
1.452538000e-02 2.817920000e-01 1.085428000e+00 
3.143760000e-01 9.560694000e-02 1.090884000e+00 
1.268108000e-02 9.884076000e-01 5.311073000e-01 
5.101432000e-04 7.479508000e-05 1.934879000e+00 
4.060240000e-01 1.002167000e+00 2.845615000e-01 
1.094122000e+00 6.368568000e-02 7.088090000e-02 
5.643183000e-01 7.295686000e-01 6.918817000e-01 
3.976601000e-01 6.028525000e-01 9.119436000e-01 
8.755916000e-01 3.417145000e-04 7.638223000e-01 
7.604120000e-01 5.267767000e-01 6.978112000e-01 
3.591027000e-02 1.957621000e-05 1.592919000e+00 
6.137456000e-01 3.245992000e-02 9.456495000e-01 
6.035808000e-01 9.168447000e-01 6.226113000e-02 
7.836528000e-01 3.325458000e-01 7.357566000e-01 
4.846681000e-01 1.034162000e+00 1.019497000e-02 
9.398025000e-01 4.464616000e-01 3.952118000e-01 
1.053697000e+00 4.261485000e-02 3.790645000e-01 
1.082973000e+00 2.083185000e-05 6.122086000e-01 
8.049304000e-01 5.460502000e-01 5.714989000e-01 
2.705280000e-05 1.032185000e-02 1.979555000e+00 
4.081670000e-01 9.793972000e-01 3.432993000e-01 
1.542515000e-01 9.718975000e-01 5.107264000e-01 
7.817656000e-01 3.639057000e-01 7.513802000e-01 
7.933970000e-01 1.630892000e-02 7.565979000e-01 
4.465185000e-03 4.491577000e-01 1.104519000e+00 
1.082727000e+00 3.794214000e-02 3.482989000e-01 
1.084516000e-01 1.148097000e+00 9.518331000e-04 
9.220341000e-02 8.526339000e-01 7.314880000e-01 
9.138416000e-01 5.148204000e-01 5.275512000e-01 
5.835492000e-01 7.145332000e-01 6.245696000e-01 
7.544698000e-01 3.129652000e-04 8.674610000e-01 
5.333475000e-03 2.799758000e-01 1.085828000e+00 
2.950549000e-01 6.032178000e-01 8.790916000e-01 
6.646814000e-01 6.685119000e-03 9.538408000e-01 
3.614441000e-01 7.007397000e-01 8.392081000e-01 
3.798536000e-02 4.047708000e-01 1.041535000e+00 
5.440476000e-01 9.198656000e-01 3.653783000e-01 
6.105043000e-01 2.724889000e-01 9.266711000e-01 
6.519826000e-03 5.522214000e-01 9.786859000e-01 
4.853598000e-01 1.020790000e+00 4.682350000e-03 
5.137944000e-01 8.583808000e-01 5.225098000e-01 
5.124324000e-03 8.999994000e-01 6.963978000e-01 
6.512344000e-02 7.424858000e-01 8.833774000e-01 
1.081455000e+00 6.604874000e-02 3.205928000e-01 
4.720778000e-02 1.020798000e+00 3.893542000e-01 
1.679554000e-02 9.833546000e-01 5.193982000e-01 
6.026486000e-01 8.381919000e-01 4.806248000e-01 
2.854297000e-01 8.639034000e-02 1.094325000e+00 
7.846683000e-01 8.473143000e-01 1.060987000e-02 
4.812870000e-01 5.371739000e-01 8.899637000e-01 
6.590812000e-01 9.703269000e-01 1.245391000e-03 
2.538945000e-02 1.125553000e+00 8.563698000e-03 
8.277169000e-01 6.808131000e-02 7.322100000e-01 
4.519718000e-01 1.043687000e+00 7.358208000e-03 
2.708819000e-02 1.131215000e-03 1.121303000e+00 
1.223536000e-03 7.592405000e-03 1.152375000e+00 
1.822314000e-01 9.662681000e-01 5.651082000e-01 
5.991674000e-01 9.564454000e-01 2.592521000e-02 
6.158924000e-01 9.093214000e-01 3.507555000e-01 
7.407960000e-01 5.333622000e-01 7.403514000e-01 
5.618670000e-01 9.857428000e-01 1.823155000e-02 
7.846132000e-01 5.917660000e-01 5.512849000e-01 
5.739689000e-04 9.296361000e-01 9.229723000e-01 
4.814738000e-01 1.013105000e+00 1.639247000e-02 
5.869031000e-01 4.527141000e-01 8.094681000e-01 
6.855788000e-01 4.797928000e-01 7.620855000e-01 
1.509928000e-02 1.107917000e+00 3.094296000e-01 
9.373941000e-01 4.572576000e-01 3.835473000e-01 
6.487787000e-01 1.058099000e+00 8.961382000e-04 
8.021998000e-01 1.445914000e-02 8.084811000e-01 
5.856071000e-05 1.207467000e+00 5.672527000e-01 
5.667104000e-01 1.015224000e-01 9.451053000e-01 
6.831651000e-02 7.562838000e-01 8.536265000e-01 
5.098563000e-01 9.294040000e-01 3.447787000e-01 
6.428217000e-01 7.027165000e-01 6.682282000e-01 
6.044831000e-01 3.911856000e-02 9.433126000e-01 
1.235337000e-02 1.060303000e+00 3.282023000e-01 
3.972889000e-01 1.452891000e-03 1.046448000e+00 
1.057731000e+00 4.243929000e-01 1.917081000e-02 
7.738682000e-01 6.094292000e-01 5.522839000e-01 
4.611678000e-02 1.516582000e+00 6.838002000e-04 
4.127709000e-01 9.687398000e-01 5.203706000e-01 
9.127442000e-04 1.221345000e+00 7.114382000e-03 
7.008840000e-01 8.575129000e-01 5.438984000e-02 
4.561702000e-01 9.734608000e-01 3.703480000e-01 
4.781169000e-04 4.403856000e-04 1.460189000e+00 
9.136268000e-01 4.850659000e-02 7.120099000e-01 
1.151894000e+00 2.838788000e-02 9.896733000e-04 
4.360268000e-01 8.715935000e-01 7.013318000e-01 
7.208946000e-01 8.780059000e-01 2.003213000e-03 
9.939232000e-03 9.644657000e-01 5.712337000e-01 
9.402841000e-01 1.968164000e-03 6.292249000e-01 
5.994393000e-01 2.920284000e-01 8.944786000e-01 
9.716765000e-01 4.466629000e-01 3.762471000e-01 
8.167374000e-01 7.246875000e-01 3.283683000e-01 
4.152909000e-01 3.746071000e-01 9.638358000e-01 
8.526824000e-01 5.245332000e-01 6.120892000e-01 
7.116951000e-01 7.563243000e-01 5.452352000e-01 
8.222934000e-01 2.461526000e-01 7.544247000e-01 
4.317067000e-01 8.914504000e-01 5.130994000e-01 
3.416404000e-01 6.985315000e-01 8.562289000e-01 
6.015883000e-04 5.267518000e-01 1.090579000e+00 
2.902373000e-01 1.435506000e+00 8.881911000e-05 
1.174395000e+00 7.592618000e-03 8.635663000e-03 
6.018376000e-01 5.197980000e-01 7.747980000e-01 
1.182366000e-02 4.763093000e-01 1.045397000e+00 
4.956128000e-01 1.012771000e+00 1.069100000e-02 
1.067292000e-04 1.345157000e-02 1.431125000e+00 
6.376587000e-01 3.858342000e-03 9.816441000e-01 
5.296799000e-01 1.034937000e+00 2.495143000e-03 
1.246695000e+00 9.232946000e-03 1.400551000e-03 
9.673373000e-01 5.565124000e-01 2.927877000e-01 
1.002922000e+00 5.600437000e-01 2.751833000e-01 
7.662819000e-01 6.159434000e-01 5.439180000e-01 
4.555300000e-01 1.034686000e+00 4.755837000e-02 
3.047888000e-01 3.680349000e-01 1.033984000e+00 
1.068160000e+00 9.214182000e-03 4.370945000e-01 
8.789866000e-01 9.954943000e-02 6.525648000e-01 
1.209141000e+00 1.546723000e-02 4.384158000e-03 
9.035117000e-03 8.676571000e-01 7.038109000e-01 
5.224525000e-01 8.056857000e-01 5.330888000e-01 
1.025957000e-04 2.198566000e-02 1.118095000e+00 
4.173500000e-01 1.000580000e+00 3.162879000e-01 
6.435959000e-01 7.585128000e-01 5.017424000e-01 
8.394699000e-01 7.309066000e-01 3.546773000e-03 
1.020702000e+00 6.970303000e-02 4.684700000e-01 
4.727745000e-01 3.539443000e-01 9.541507000e-01 
6.824523000e-01 7.914048000e-01 3.870105000e-01 
3.081396000e-02 1.002998000e+00 4.926367000e-01 
1.951563000e-03 3.849546000e-05 1.163623000e+00 
1.201615000e+00 7.637384000e-03 7.767646000e-03 
8.303850000e-01 7.263617000e-01 7.943662000e-02 
1.167796000e+00 1.685125000e-02 6.122316000e-03 
8.847775000e-01 4.506657000e-01 5.856131000e-01 
9.700703000e-01 5.415229000e-01 3.531629000e-01 
4.521383000e-02 5.773082000e-01 9.757095000e-01 
7.132120000e-01 7.670207000e-01 4.025430000e-01 
6.690238000e-01 8.171143000e-01 3.361269000e-01 
7.164079000e-01 8.744640000e-01 2.238904000e-03 
8.383900000e-01 4.173636000e-01 6.329989000e-01 
6.436848000e-01 9.409555000e-01 1.275912000e-02 
1.053533000e+00 1.383533000e-01 3.076455000e-01 
1.114503000e+00 5.902999000e-03 2.601337000e-02 
3.378358000e-01 6.007652000e-01 9.242927000e-01 
6.851729000e-01 2.039753000e-02 8.665526000e-01 
2.337646000e-02 1.313621000e+00 9.573504000e-04 
9.165470000e-01 6.293993000e-01 2.309846000e-01 
1.223649000e+00 3.815041000e-01 2.901386000e-04 
3.584616000e-01 2.623912000e-01 1.080548000e+00 
6.101230000e-01 8.872261000e-01 3.554821000e-01 
8.702067000e-01 6.981348000e-01 1.299679000e-01 
9.905781000e-03 2.132331000e-02 1.126573000e+00 
5.050186000e-01 5.154717000e-01 8.761180000e-01 
3.629730000e-04 1.219366000e+00 3.997303000e-01 
2.981898000e-01 1.086895000e+00 2.368709000e-02 
1.513517000e-02 1.203298000e+00 1.498001000e-03 
2.007279000e-03 1.274773000e-03 1.159302000e+00 
5.852396000e-03 1.274218000e+00 1.974965000e-03 
1.106891000e+00 1.164192000e-01 9.057660000e-03 
8.822411000e-01 5.543199000e-01 5.147621000e-01 
1.176308000e-01 1.012231000e+00 4.663591000e-01 
6.989418000e-01 3.939083000e-01 8.441367000e-01 
5.795749000e-01 7.732250000e-01 5.493379000e-01 
7.345348000e-03 5.844505000e-01 9.543684000e-01 
4.769119000e-01 3.440137000e-01 9.568120000e-01 
5.533824000e-01 3.359507000e-01 9.332753000e-01 
2.772020000e-03 4.779207000e-01 1.066440000e+00 
4.143514000e-01 5.192179000e-01 9.299989000e-01 
3.884985000e-01 2.671730000e-01 1.031648000e+00 
8.870094000e-01 1.792028000e-04 7.751939000e-01 
3.858188000e-01 1.696719000e-01 1.060725000e+00 
9.515816000e-01 7.315075000e-01 5.730453000e-04 
3.212718000e-02 7.426324000e-01 8.604994000e-01 
8.847877000e-01 2.000643000e-02 7.167175000e-01 
8.299527000e-01 2.158685000e-02 7.354970000e-01 
8.482865000e-01 5.325343000e-01 5.652814000e-01 
1.121979000e+00 1.153061000e-01 3.256894000e-03 
6.090699000e-02 1.226673000e+00 5.620472000e-04 
4.312961000e-01 7.268251000e-01 7.527869000e-01 
7.223671000e-01 7.120915000e-01 5.966645000e-01 
3.889194000e-03 7.091988000e-01 9.443606000e-01 
8.813339000e-01 5.499564000e-01 5.292547000e-01 
5.791035000e-01 9.657944000e-01 1.263272000e-02 
5.956830000e-03 8.026180000e-01 8.799244000e-01 
1.116147000e+00 4.058963000e-03 9.659119000e-03 
4.417602000e-01 3.496478000e-01 9.611891000e-01 
6.182344000e-01 5.243252000e-03 1.026362000e+00 
1.086805000e-03 5.557539000e-01 9.893514000e-01 
6.066887000e-01 1.018428000e-02 9.585752000e-01 
1.034951000e+00 4.440024000e-01 6.981574000e-03 
8.675548000e-01 7.898141000e-01 8.818713000e-04 
1.041661000e+00 8.182393000e-02 4.449079000e-01 
1.099646000e+00 1.460712000e-02 3.302383000e-02 
9.705004000e-01 4.708260000e-01 3.642688000e-01 
1.151779000e+00 3.147283000e-03 3.712840000e-02 
8.645354000e-01 6.637204000e-01 3.218000000e-01 
3.034810000e-03 1.022548000e+00 5.204282000e-01 
7.134668000e-01 8.699257000e-01 2.855941000e-02 
1.165358000e+00 6.851189000e-04 9.047644000e-03 
9.095179000e-01 5.423750000e-01 3.899151000e-01 
3.053071000e-01 6.612926000e-02 1.091654000e+00 
7.143143000e-01 5.326571000e-04 9.294496000e-01 
1.082516000e+00 1.735448000e-01 6.869033000e-03 
1.356771000e-01 8.197514000e-01 7.656226000e-01 
6.776289000e-03 7.648237000e-01 7.714263000e-01 
4.270150000e-01 9.020881000e-01 5.168025000e-01 
5.853495000e-01 5.309179000e-01 8.732714000e-01 
5.295976000e-01 6.544618000e-01 7.483709000e-01 
6.132347000e-01 6.334400000e-01 7.020863000e-01 
6.691802000e-03 1.176909000e+00 1.501263000e-03 
7.476723000e-01 3.590977000e-02 8.137120000e-01 
5.750922000e-01 7.294714000e-01 7.029735000e-01 
9.524947000e-01 4.702264000e-01 3.674653000e-01 
1.205141000e+00 7.432681000e-04 6.353069000e-03 
4.877898000e-02 1.112402000e+00 4.256687000e-03 
6.307156000e-04 3.171707000e-03 1.188829000e+00 
5.918850000e-01 8.089559000e-01 5.279485000e-01 
9.100281000e-01 1.675463000e-01 6.276059000e-01 
7.988519000e-01 6.218015000e-01 4.638201000e-01 
6.144677000e-01 8.839703000e-02 9.110949000e-01 
5.676267000e-01 1.115407000e-02 9.458492000e-01 
6.226832000e-03 1.099784000e+00 3.587025000e-01 
3.663432000e-01 3.192427000e-01 1.019553000e+00 
4.189718000e-01 1.058110000e+00 3.302487000e-03 
4.625021000e-01 1.126079000e-04 1.092091000e+00 
3.925277000e-01 7.228574000e-02 1.042697000e+00 
8.980135000e-01 6.082446000e-01 3.594073000e-01 
5.496563000e-01 6.084735000e-03 9.959847000e-01 
6.029696000e-01 6.956544000e-01 6.999586000e-01 
1.671500000e-02 9.945516000e-01 5.206603000e-01 
7.366046000e-01 6.455485000e-01 5.813504000e-01 
8.589103000e-01 8.961883000e-02 7.005257000e-01 
1.338426000e-03 1.149476000e+00 6.384098000e-02 
6.504291000e-01 6.107833000e-01 7.474208000e-01 
3.774848000e-01 2.889240000e-01 1.022842000e+00 
7.651893000e-01 7.853279000e-01 3.181721000e-01 
2.522634000e-01 3.993715000e-01 1.029106000e+00 
6.596053000e-01 5.147319000e-02 9.311999000e-01 
5.044662000e-02 4.337357000e-01 1.019348000e+00 
7.676627000e-01 8.374856000e-01 9.464003000e-02 
7.095878000e-01 5.592396000e-01 6.969461000e-01 
3.079506000e-01 7.010308000e-01 8.185770000e-01 
3.145294000e-01 7.402620000e-01 7.587533000e-01 
5.266155000e-01 8.856944000e-01 4.918278000e-01 
1.524467000e-03 7.362605000e-01 9.157176000e-01 
6.297577000e-01 8.601112000e-01 3.422813000e-01 
4.868231000e-01 9.455485000e-01 3.292849000e-01 
8.146342000e-02 8.511600000e-01 7.644839000e-01 
2.034598000e-02 9.972568000e-01 5.149998000e-01 
1.057039000e+00 1.385562000e-02 5.049865000e-01 
2.306859000e-03 8.779012000e-01 7.433311000e-01 
6.689606000e-01 9.230013000e-01 2.099802000e-02 
1.392782000e-03 8.803630000e-01 7.111215000e-01 
3.169263000e-01 3.433072000e-01 1.053492000e+00 
9.094734000e-01 5.837288000e-01 3.577794000e-01 
3.817971000e-01 7.848171000e-01 7.534684000e-01 
6.250955000e-01 2.869619000e-01 8.960441000e-01 
3.427288000e-01 4.725333000e-01 9.525946000e-01 
2.757388000e-03 1.202233000e+00 4.525242000e-02 
6.125439000e-01 7.518758000e-01 5.538928000e-01 
9.706858000e-01 4.018518000e-01 3.833083000e-01 
4.876187000e-01 5.301234000e-01 8.974099000e-01 
2.408042000e-01 2.174319000e-01 1.085805000e+00 
1.494077000e-03 3.471702000e-01 1.110076000e+00 
1.140730000e+00 3.858680000e-02 1.658292000e-03 
5.252080000e-01 8.833069000e-01 5.062900000e-01 
1.531354000e-01 9.845413000e-01 4.928480000e-01 
9.752182000e-01 6.666460000e-02 5.088228000e-01 
1.108630000e+00 1.974019000e-01 4.766733000e-03 
9.797792000e-01 3.246210000e-04 6.157176000e-01 
8.316376000e-01 5.761487000e-03 7.843057000e-01 
9.509340000e-01 5.809200000e-01 5.787766000e-02 
7.248065000e-01 8.007262000e-01 3.797751000e-01 
2.989503000e-01 4.874265000e-01 9.850580000e-01 
8.418517000e-01 5.666070000e-01 5.410326000e-01 
7.340808000e-03 3.912152000e-01 1.047298000e+00 
1.060742000e-02 1.142334000e+00 3.570716000e-03 
8.900106000e-01 6.807895000e-01 1.540092000e-03 
8.781949000e-01 6.762600000e-01 5.841689000e-02 
7.373564000e-01 7.215631000e-01 5.507049000e-01 
6.326477000e-01 7.732165000e-01 5.229634000e-01 
2.897517000e-02 8.793003000e-01 6.984388000e-01 
4.931295000e-01 5.181969000e-01 9.298798000e-01 
8.378418000e-01 5.921184000e-01 4.781030000e-01 
4.392994000e-01 8.634045000e-01 5.620204000e-01 
7.536463000e-01 2.660207000e-02 8.593397000e-01 
6.666980000e-01 5.234986000e-01 7.417893000e-01 
1.109809000e+00 1.510891000e-01 4.780379000e-03 
5.794098000e-01 9.522691000e-01 3.497171000e-02 
7.889132000e-01 2.517908000e-02 8.035123000e-01 
5.860969000e-01 1.063730000e-02 9.489229000e-01 
3.330708000e-02 1.058767000e+00 3.365007000e-01 
7.345835000e-01 7.283836000e-01 5.485356000e-01 
5.457655000e-01 1.005220000e+00 1.430416000e-02 
3.959379000e-01 4.253061000e-01 9.759125000e-01 
1.042199000e-02 1.004965000e+00 5.262342000e-01 
7.314532000e-01 5.790041000e-01 6.801307000e-01 
7.153422000e-01 8.489037000e-01 1.207473000e-02 
1.404609000e-01 8.355958000e-01 7.159220000e-01 
6.135823000e-01 4.241864000e-01 8.685284000e-01 
6.371244000e-01 8.359172000e-01 4.140577000e-01 
6.530689000e-01 9.325044000e-01 7.992587000e-03 
1.027061000e+00 4.311754000e-01 7.638244000e-02 
7.274595000e-01 6.001047000e-01 6.435350000e-01 
1.012221000e+00 4.483751000e-01 2.861401000e-03 
1.884148000e-02 1.095586000e+00 3.106780000e-01 
6.704894000e-01 3.995779000e-02 8.678753000e-01 
5.260877000e-03 3.837926000e-01 1.087713000e+00 
9.414439000e-01 3.228752000e-01 5.908833000e-01 
3.456594000e-01 7.031396000e-01 7.666145000e-01 
1.900561000e-01 8.240484000e-01 7.261041000e-01 
2.934896000e-01 4.785123000e-01 9.953539000e-01 
3.749585000e-01 1.009502000e+00 3.512209000e-01 
4.110368000e-02 4.719530000e-01 1.040209000e+00 
7.431271000e-01 7.620623000e-01 3.375459000e-01 
6.160506000e-01 7.426201000e-01 5.513011000e-01 
5.926630000e-03 1.059924000e+00 4.285740000e-01 
6.609221000e-01 4.526830000e-01 8.185456000e-01 
4.123195000e-01 3.557404000e-01 9.644102000e-01 
8.335645000e-01 7.190834000e-01 3.140476000e-01 
8.394788000e-01 3.516271000e-04 7.400838000e-01 
1.547494000e-02 8.839889000e-01 6.598242000e-01 
7.935091000e-01 5.365394000e-01 6.056392000e-01 
4.963767000e-01 8.332646000e-01 5.527795000e-01 
7.480567000e-03 8.650531000e-01 7.175381000e-01 
8.534554000e-01 7.092631000e-01 9.151138000e-03 
4.518958000e-01 1.042812000e+00 3.441780000e-02 
7.622955000e-01 7.289509000e-01 3.326855000e-01 
8.041719000e-01 9.319916000e-03 7.989573000e-01 
2.027130000e-02 1.048260000e+00 4.489571000e-01 
8.372613000e-01 9.174708000e-02 7.211964000e-01 
5.441698000e-02 1.104752000e+00 4.449530000e-02 
2.882067000e-01 3.711348000e-01 1.024317000e+00 
2.918101000e-01 4.752201000e-01 1.009870000e+00 
2.753045000e-01 5.169484000e-01 9.713996000e-01 
3.943689000e-01 8.872034000e-01 6.418653000e-01 
5.669097000e-01 9.170279000e-01 3.390494000e-01 
1.018415000e+00 4.245687000e-01 1.128068000e-01 
5.085451000e-01 2.541883000e-01 9.940256000e-01 
5.983246000e-01 9.971704000e-01 4.149427000e-03 
3.728920000e-01 7.907674000e-01 7.073964000e-01 
6.819160000e-01 3.959706000e-01 7.864838000e-01 
9.510924000e-01 4.817674000e-02 5.774474000e-01 
3.131045000e-01 7.530652000e-01 7.691013000e-01 
6.797197000e-01 9.095865000e-01 1.683104000e-02 
2.200460000e-01 6.521074000e-01 9.221160000e-01 
1.117032000e+00 1.348609000e-02 8.528729000e-03 
4.847935000e-01 3.352527000e-01 9.660717000e-01 
7.222285000e-03 7.574271000e-03 1.149075000e+00 
8.291106000e-01 5.608894000e-01 5.479343000e-01 
9.049260000e-01 6.571154000e-01 1.879432000e-03 
4.827996000e-01 9.534658000e-01 3.628696000e-01 
7.381781000e-01 3.910565000e-01 7.736132000e-01 
1.074838000e+00 1.472408000e-01 2.966060000e-01 
1.026741000e+00 4.459932000e-02 4.951021000e-01 
5.587079000e-01 7.814651000e-01 5.595179000e-01 
9.859550000e-01 4.352152000e-01 3.439414000e-01 
7.250232000e-01 4.267458000e-01 7.683161000e-01 
7.608561000e-01 4.208765000e-01 7.115348000e-01 
3.641957000e-01 4.558291000e-01 9.516784000e-01 
3.011105000e-01 7.883011000e-01 7.561396000e-01 
6.759212000e-01 2.071168000e-02 8.600137000e-01 
1.040620000e+00 2.945897000e-01 3.416744000e-01 
1.050552000e+00 1.002852000e-01 3.339904000e-01 
5.110770000e-02 9.409059000e-01 6.398645000e-01 
1.044537000e+00 2.273026000e-02 3.984254000e-01 
9.472615000e-03 1.388836000e-04 1.129582000e+00 
7.283063000e-03 1.026375000e+00 4.909821000e-01 
1.073886000e+00 5.489737000e-02 3.226514000e-01 
1.057464000e+00 8.642147000e-02 3.392142000e-01 
9.625645000e-01 4.580324000e-03 5.817743000e-01 
6.501603000e-01 9.088125000e-01 3.254150000e-02 
3.962754000e-02 4.354154000e-01 1.041328000e+00 
1.101600000e-02 1.009264000e+00 4.862478000e-01 
5.177171000e-01 4.022524000e-01 9.056847000e-01 
9.611973000e-01 4.708913000e-02 5.643785000e-01 
9.551673000e-01 2.656252000e-02 5.701193000e-01 
7.134009000e-01 3.277779000e-01 8.129634000e-01 
4.390634000e-01 7.412839000e-01 7.313924000e-01 
9.848683000e-01 5.789587000e-01 4.379153000e-02 
3.583169000e-01 5.013241000e-01 9.431972000e-01 
4.057614000e-02 5.773521000e-01 9.435170000e-01 
5.931738000e-01 8.779909000e-03 9.784672000e-01 
1.339374000e-01 1.095141000e+00 1.326476000e-02 
1.751726000e-01 8.479542000e-01 7.023218000e-01 
1.575514000e-02 7.470500000e-01 8.646440000e-01 
9.833204000e-01 4.613029000e-02 5.000255000e-01 
1.146216000e-02 1.117048000e+00 9.564376000e-03 
6.751337000e-01 2.101147000e-02 8.870685000e-01 
1.051360000e+00 4.357777000e-01 2.288604000e-02 
6.044652000e-01 8.058827000e-01 5.312016000e-01 
7.862377000e-01 2.961920000e-02 8.383860000e-01 
5.066929000e-01 1.040328000e+00 1.513820000e-03 
8.684712000e-03 1.149810000e+00 1.086497000e-02 
5.956469000e-03 4.346419000e-01 1.066577000e+00 
7.496356000e-01 3.170693000e-01 7.840367000e-01 
7.410053000e-02 1.106435000e+00 5.601389000e-03 
6.470823000e-01 9.193296000e-01 2.812194000e-02 
5.993431000e-01 6.294852000e-01 7.252736000e-01 
5.831025000e-01 5.765441000e-01 8.017812000e-01 
8.723243000e-03 1.156034000e+00 7.780646000e-03 
1.118135000e-02 1.138316000e+00 9.798463000e-03 
8.846302000e-01 5.267534000e-02 6.565723000e-01 
6.488523000e-02 9.541010000e-01 5.654495000e-01 
6.880151000e-02 9.090947000e-01 6.127687000e-01 
7.984174000e-01 8.153866000e-01 1.434628000e-03 
6.878133000e-01 2.390459000e-03 8.835824000e-01 
5.946145000e-01 9.518143000e-01 2.904621000e-02 
9.217548000e-01 6.222352000e-01 2.704230000e-02 
8.162406000e-01 5.460939000e-01 5.531681000e-01 
3.704000000e-01 3.549337000e-01 9.966908000e-01 
7.288472000e-03 1.113833000e+00 4.313580000e-02 
1.015703000e+00 1.023417000e-01 4.538961000e-01 
8.849570000e-01 7.253978000e-01 1.932610000e-03 
9.815203000e-01 4.771621000e-01 3.099508000e-01 
3.751957000e-01 1.021921000e+00 2.967573000e-01 
6.659760000e-01 6.384344000e-01 6.210896000e-01 
3.650695000e-01 2.561352000e-01 1.034249000e+00 
9.037201000e-04 5.847902000e-01 9.445726000e-01 
5.302408000e-01 3.599270000e-01 8.880504000e-01 
5.395090000e-01 5.961571000e-01 7.588286000e-01 
1.113661000e+00 7.214602000e-02 1.746598000e-02 
6.806026000e-03 5.069949000e-01 1.038939000e+00 
1.019869000e+00 4.860593000e-01 4.482064000e-04 
7.645205000e-01 7.190674000e-01 3.993985000e-01 
9.544957000e-01 5.666018000e-02 5.642729000e-01 
6.649090000e-01 3.383553000e-02 8.818145000e-01 
1.554042000e-02 1.263622000e-03 1.112589000e+00 
4.968017000e-01 8.728135000e-01 5.274446000e-01 
7.541789000e-01 6.470103000e-01 5.392094000e-01 
3.504536000e-01 7.298392000e-01 7.590571000e-01 
3.450796000e-02 1.117613000e+00 4.341899000e-03 
8.145608000e-01 7.675769000e-01 4.315224000e-03 
8.607247000e-01 9.279265000e-03 7.180415000e-01 
5.020276000e-01 1.003981000e+00 2.652671000e-02 
8.074307000e-01 7.782117000e-01 3.008430000e-03 
7.928916000e-01 2.797560000e-02 7.932831000e-01 
7.701800000e-01 6.410265000e-01 4.919961000e-01 
7.292243000e-01 8.999331000e-02 8.134747000e-01 
4.789143000e-01 7.484550000e-01 7.093822000e-01 
3.732236000e-01 8.895996000e-01 5.852926000e-01 
4.546084000e-01 8.679144000e-01 5.522322000e-01 
5.880790000e-01 5.201969000e-01 7.842494000e-01 
7.828462000e-01 1.070322000e-01 7.644335000e-01 
3.698427000e-01 4.412641000e-01 9.523633000e-01 
2.294331000e-01 3.508735000e-01 1.038211000e+00 
6.609545000e-02 5.802098000e-03 1.110786000e+00 

1.124525000e+00 2.430828000e-01 1.832316000e-02 
8.194110000e-04 1.204252000e+00 3.242763000e-02 
2.560823000e-01 5.422504000e-01 9.589298000e-01 
3.017105000e-01 3.720785000e-01 1.053431000e+00 
3.994526000e-01 1.093233000e+00 2.165197000e-02 
9.500677000e-01 6.763150000e-01 4.173540000e-03 
2.892884000e-02 1.261096000e+00 8.107022000e-05 
9.757971000e-01 3.628814000e-02 5.594640000e-01 
4.673465000e-04 9.888532000e-04 1.262863000e+00 
2.478763000e-02 1.101663000e+00 3.934555000e-01 
1.548285000e-01 2.979777000e-01 1.097736000e+00 
2.980614000e-01 2.837440000e-01 1.063455000e+00 
8.119584000e-01 4.874017000e-01 7.095554000e-01 
6.728894000e-05 7.068979000e-06 9.406206000e+00 
8.573614000e-01 4.632601000e-02 7.483988000e-01 
5.272483000e-02 1.026079000e-01 1.115017000e+00 
1.222857000e+00 1.228691000e-02 3.998586000e-04 
2.607189000e-04 1.002302000e+00 9.216503000e-01 
7.798677000e-03 2.380376000e-04 1.190922000e+00 
4.310605000e-02 4.022752000e-01 1.083601000e+00 
1.208388000e-02 9.290744000e-01 6.835180000e-01 
5.959229000e-01 6.376818000e-01 7.444865000e-01 
4.068969000e-01 1.036150000e-02 1.091512000e+00 
4.405630000e-05 4.348140000e-04 6.880289000e+00 
5.764564000e-01 9.916715000e-01 1.971459000e-02 
5.483461000e-01 5.856481000e-01 8.254897000e-01 
1.296156000e-02 1.113391000e+00 3.756487000e-01 
9.422676000e-01 1.496689000e-01 6.211567000e-01 
2.047297000e-03 1.118900000e+00 4.887868000e-01 
7.160214000e-01 7.380659000e-01 4.768696000e-01 
2.659084000e-03 9.626904000e-01 6.701682000e-01 
4.371384000e-01 1.053588000e+00 4.035935000e-02 
5.503958000e-01 8.879594000e-01 5.006835000e-01 
4.489770000e-01 7.506936000e-01 7.373811000e-01 
5.846692000e-01 6.740925000e-03 9.562406000e-01 
3.439417000e-03 6.197852000e-01 1.033266000e+00 
8.104756000e-01 4.482308000e-01 7.163965000e-01 
1.898010000e-03 1.081496000e+00 6.792295000e-01 
2.861030000e-03 6.366761000e-01 1.045370000e+00 
8.756161000e-01 4.374166000e-01 7.062880000e-01 
1.092894000e-03 1.179006000e+00 1.196201000e-02 
3.914961000e-01 2.464199000e-02 1.055257000e+00 
8.335069000e-01 6.152993000e-01 4.632017000e-01 
4.389626000e-01 8.325128000e-03 1.076708000e+00 
1.062098000e-01 6.056792000e-01 9.623234000e-01 
4.404811000e-01 1.065651000e+00 1.779471000e-02 
5.236911000e-01 7.061776000e-01 7.210358000e-01 
1.040929000e+00 5.880133000e-01 1.364370000e-03 
2.773034000e-03 8.558968000e-01 7.609267000e-01 
1.236050000e-01 1.135120000e+00 3.127943000e-02 
6.612863000e-01 8.172521000e-01 4.614807000e-01 
6.607667000e-01 4.845015000e-01 8.367490000e-01 
1.849530000e-02 6.353407000e-01 1.005860000e+00 
2.790573000e-03 6.550640000e-01 9.796097000e-01 
8.927741000e-03 1.108907000e+00 4.703988000e-01 
8.727043000e-01 2.094608000e-02 7.578568000e-01 
5.391920000e-05 3.326057000e-05 1.308313000e+00 
1.138626000e+00 2.645553000e-01 4.772770000e-03 
1.467032000e-01 2.837425000e-01 1.110720000e+00 
5.493714000e-04 1.286465000e+00 6.234950000e-03 
1.229262000e-02 1.148360000e+00 6.761927000e-04 
7.113377000e-01 8.840670000e-01 3.612788000e-02 
5.190888000e-01 1.001594000e+00 9.813210000e-02 
3.106128000e-02 2.182659000e+00 2.093716000e-05 
9.848479000e-06 5.765023000e-03 1.394635000e+00 
5.851343000e-01 6.702479000e-01 6.901832000e-01 
9.862349000e-01 5.999197000e-01 1.589297000e-02 
4.067917000e-01 7.452349000e-01 8.231935000e-01 
2.734652000e-02 1.018064000e+00 5.657685000e-01 
2.709253000e-01 7.201723000e-01 8.433024000e-01 
5.089190000e-02 1.041231000e+00 4.865827000e-01 
9.128419000e-01 2.901171000e-01 6.498557000e-01 
5.808863000e-01 5.650537000e-01 8.320729000e-01 
8.648545000e-01 3.434064000e-02 8.023808000e-01 
1.972964000e-05 8.817257000e-04 2.096404000e+00 
5.640822000e-01 5.494582000e-01 8.501962000e-01 
3.578132000e-04 1.759921000e-02 1.170646000e+00 
3.856047000e-01 6.481816000e-01 8.513909000e-01 
1.121186000e+00 1.986044000e-01 2.494067000e-02 
7.861084000e-04 9.436665000e-01 8.203467000e-01 
1.367628000e-02 1.140188000e+00 3.555015000e-02 
9.022083000e-01 7.326366000e-01 4.169099000e-02 
4.894917000e-01 7.771464000e-01 6.611254000e-01 
5.825103000e-01 7.519125000e-01 6.389118000e-01 
9.418143000e-01 7.082637000e-03 6.935412000e-01 
1.540294000e-03 8.201678000e-01 9.219626000e-01 
3.810061000e-01 7.128906000e-01 8.789493000e-01 
8.111467000e-01 4.193459000e-01 7.679167000e-01 
8.841128000e-01 4.845879000e-01 5.694809000e-01 
8.641797000e-01 3.851693000e-02 7.813348000e-01 
8.378298000e-01 8.030273000e-01 1.071382000e-02 
7.974690000e-01 7.182864000e-01 4.012433000e-01 
3.898236000e-04 1.227950000e+00 1.126249000e-02 
1.776206000e-04 1.226416000e+00 5.167255000e-01 
9.619786000e-01 5.099595000e-01 3.437726000e-01 
3.066516000e-01 2.579429000e-01 1.083767000e+00 
5.491232000e-01 9.662120000e-01 2.759930000e-01 
3.776756000e-01 7.156748000e-01 8.754086000e-01 
8.247146000e-01 1.092204000e-03 8.504796000e-01 
1.028284000e+00 4.894808000e-01 1.305424000e-01 
1.149470000e+00 1.677395000e-01 1.732727000e-02 
2.224915000e-03 6.588517000e-01 1.037428000e+00 
7.021688000e-01 9.262686000e-01 1.040666000e-02 
1.006156000e+00 1.705720000e-02 5.234448000e-01 
6.887378000e-01 7.594123000e-01 5.799719000e-01 
1.090465000e+00 6.486379000e-01 2.442204000e-06 
4.878124000e-01 8.767392000e-01 6.455718000e-01 
1.243423000e-02 7.577930000e-01 8.432617000e-01 
1.248506000e-01 8.789118000e-01 7.211139000e-01 
7.857271000e-01 6.593642000e-01 4.969052000e-01 
4.267969000e-01 7.654039000e-01 7.880787000e-01 
1.325763000e-03 7.042113000e-01 1.012591000e+00 
2.005771000e-02 1.140556000e+00 3.211087000e-02 
9.771861000e-01 6.997252000e-01 2.113537000e-03 
7.836117000e-01 7.725370000e-01 3.703610000e-01 
2.341587000e-03 1.127231000e+00 4.814693000e-01 
1.027230000e+00 5.274756000e-01 1.922692000e-02 
5.939302000e-01 5.800123000e-01 8.128975000e-01 
2.755707000e-01 7.372462000e-01 8.368860000e-01 
1.080013000e+00 3.364170000e-01 8.316683000e-02 
8.552987000e-01 8.362892000e-01 5.910560000e-03 
6.046878000e-01 1.730244000e-01 9.425296000e-01 
9.971334000e-01 6.792060000e-01 8.363280000e-06 
5.947243000e-01 1.500013000e-03 9.654379000e-01 
9.823644000e-01 7.606946000e-01 1.796637000e-03 
7.956811000e-01 8.152325000e-01 1.800883000e-02 
2.597022000e-01 5.495009000e-01 9.384995000e-01 
1.006882000e-03 1.318085000e+00 8.380033000e-04 
6.236033000e-01 6.693213000e-01 6.808458000e-01 
9.819596000e-01 5.952307000e-01 6.533690000e-02 
4.291688000e-04 1.861656000e-05 1.681432000e+00 
6.180321000e-01 4.290767000e-01 8.588642000e-01 
1.125863000e+00 1.313822000e-02 3.323682000e-02 
6.194024000e-01 7.799819000e-01 5.791927000e-01 
3.804231000e-03 6.417997000e-01 1.025882000e+00 
1.071807000e+00 1.628406000e-01 3.477617000e-01 
5.509904000e-01 5.360317000e-01 8.537269000e-01 
2.114139000e-02 2.432395000e-02 1.119990000e+00 
4.073704000e-01 1.085320000e+00 1.798236000e-04 
7.658750000e-01 7.261760000e-01 4.804014000e-01 
9.480456000e-01 4.630603000e-05 6.967565000e-01 
6.043882000e-01 9.911036000e-01 3.436144000e-03 
4.015339000e-03 3.775706000e-02 1.158646000e+00 
3.925938000e-01 5.474618000e-01 9.193679000e-01 
7.421890000e-01 5.227964000e-01 6.574982000e-01 
5.362745000e-01 8.961800000e-01 4.644234000e-01 
1.256324000e-01 1.079606000e+00 3.651889000e-01 
9.310422000e-01 7.245066000e-01 5.719846000e-03 
8.909683000e-01 3.311899000e-02 6.810294000e-01 
5.534847000e-03 6.580511000e-01 9.731822000e-01 
5.824571000e-01 9.223314000e-01 3.692807000e-01 
1.501674000e-03 6.742132000e-01 1.013391000e+00 
8.460289000e-01 5.479241000e-04 8.192378000e-01 
9.782269000e-03 9.785865000e-01 6.201942000e-01 
4.788566000e-01 5.542794000e-01 8.975903000e-01 
1.028340000e+00 4.659023000e-01 3.292078000e-02 
1.221914000e-01 1.138576000e+00 6.132908000e-03 
3.920864000e-01 8.379161000e-01 7.124432000e-01 
5.780123000e-01 9.219026000e-01 3.773326000e-01 
3.273314000e-01 6.419736000e-01 9.263844000e-01 
5.190622000e-01 3.086086000e-01 9.920139000e-01 
9.701324000e-01 6.460322000e-01 1.115405000e-02 
8.011709000e-01 1.729900000e-01 8.093973000e-01 
1.020985000e+00 5.032370000e-01 4.295204000e-01 
8.319403000e-01 6.794535000e-01 3.458499000e-01 
7.311457000e-01 8.698224000e-01 2.151019000e-02 
8.303089000e-01 1.710660000e-03 8.315220000e-01 
9.065429000e-01 1.022757000e-02 6.735502000e-01 
1.289011000e+00 3.606418000e-02 2.284605000e-05 
9.050895000e-01 5.480902000e-01 4.810819000e-01 
8.302457000e-01 4.467214000e-01 7.070155000e-01 
8.444589000e-01 4.600730000e-02 8.105086000e-01 
3.868886000e-01 1.129412000e-01 1.051967000e+00 
8.377425000e-01 7.797249000e-01 3.565609000e-02 
8.453908000e-01 5.985523000e-01 5.483151000e-01 
9.382511000e-01 3.158953000e-02 6.562337000e-01 
7.202464000e-01 8.663897000e-01 3.587699000e-02 
3.004743000e-01 3.700405000e-01 1.058474000e+00 
5.091762000e-01 3.156251000e-01 9.841599000e-01 
4.331603000e-01 9.373617000e-01 4.900676000e-01 
4.010339000e-01 1.070196000e+00 2.472618000e-02 
3.998740000e-01 3.323038000e-02 1.045677000e+00 
8.355806000e-01 4.799005000e-01 6.819482000e-01 
1.300386000e-02 1.102671000e+00 3.831191000e-01 
4.870920000e-05 6.274631000e-02 1.358598000e+00 
4.194927000e-01 8.764764000e-01 6.916213000e-01 
7.916181000e-01 7.461402000e-01 3.655068000e-01 
3.441316000e-03 1.097713000e-03 1.193845000e+00 
6.248587000e-01 7.444064000e-01 6.481704000e-01 
8.153586000e-02 1.075209000e+00 3.828366000e-01 
4.085533000e-02 4.033673000e-01 1.087016000e+00 
4.540466000e-02 1.051719000e+00 4.170091000e-01 
1.085053000e-03 1.193790000e+00 5.174064000e-01 
9.033766000e-01 1.148485000e-02 6.968026000e-01 
9.157339000e-01 7.264216000e-01 8.809433000e-03 
1.099747000e+00 1.316844000e-04 3.674391000e-01 
1.047702000e+00 5.765313000e-01 1.254639000e-02 
2.734066000e-03 1.052121000e+00 4.746489000e-01 
7.967074000e-01 4.463437000e-01 7.183136000e-01 
5.622511000e-01 7.307411000e-01 6.855325000e-01 
8.916136000e-01 7.422147000e-01 1.931603000e-02 
9.832748000e-01 7.085033000e-01 2.111443000e-03 
8.863100000e-01 4.900773000e-01 5.498464000e-01 
9.944269000e-01 6.134282000e-01 1.104511000e-02 
3.133843000e-02 9.563339000e-01 6.418794000e-01 
1.078596000e+00 6.504019000e-01 5.657417000e-04 
1.107645000e-02 4.142496000e-01 1.054070000e+00 
2.968210000e-01 8.271659000e-01 7.657897000e-01 
2.139024000e-03 1.200303000e+00 7.344137000e-03 
1.114247000e+00 2.850085000e-01 8.517859000e-02 
1.014375000e+00 5.096319000e-01 4.836295000e-02 
6.494705000e-01 2.001543000e-02 9.288536000e-01 
5.200166000e-01 2.219390000e-03 1.036799000e+00 
1.733880000e-03 1.173524000e+00 4.562656000e-01 
5.692585000e-01 9.908555000e-01 2.153297000e-02 
9.193345000e-02 6.315413000e-01 9.505695000e-01 
1.183711000e+00 3.009324000e-04 3.736684000e-02 
5.738680000e-01 9.892085000e-01 3.361116000e-02 
8.123372000e-01 8.734548000e-01 7.754051000e-04 
7.111117000e-01 4.834384000e-01 7.401119000e-01 
1.390048000e-03 1.027130000e+00 7.658613000e-01 
4.002593000e-03 1.290374000e+00 2.427285000e-03 
8.120672000e-01 9.441202000e-02 8.067012000e-01 
5.269014000e-01 8.326320000e-01 5.755736000e-01 
7.267999000e-01 9.091775000e-01 1.740046000e-03 
9.077946000e-01 6.924373000e-01 5.060443000e-02 
1.132773000e-01 1.075827000e+00 3.672850000e-01 
7.208775000e-01 8.582348000e-01 4.109790000e-02 
9.084823000e-01 7.611137000e-01 6.487213000e-03 
7.143275000e-03 4.785052000e-04 1.162748000e+00 
8.604275000e-01 7.680387000e-01 1.162898000e-02 
8.514888000e-01 3.463452000e-02 7.972258000e-01 
4.590454000e-03 1.126944000e+00 7.772213000e-02 
5.442227000e-01 8.802632000e-01 5.102154000e-01 
6.843387000e-01 5.663061000e-01 7.395664000e-01 
9.785785000e-01 1.710075000e-03 5.711536000e-01 
3.511482000e-03 1.159925000e+00 3.629424000e-02 
4.347554000e-01 7.449254000e-01 7.758026000e-01 
9.045089000e-01 1.006818000e-02 6.899222000e-01 
6.425321000e-01 5.257122000e-04 9.541818000e-01 
6.381595000e-01 2.926999000e-02 9.420169000e-01 
1.143012000e+00 4.733913000e-02 2.256021000e-02 
3.874694000e-01 8.869039000e-01 6.342019000e-01 
1.306062000e-03 4.329043000e-05 1.293221000e+00 
4.774408000e-01 6.963983000e-01 8.016121000e-01 
5.608244000e-01 8.793262000e-01 4.331086000e-01 
1.142027000e-03 5.178954000e-01 1.054469000e+00 
8.819798000e-01 1.147167000e-01 7.430573000e-01 
1.106945000e-02 1.278100000e+00 1.695208000e-03 
4.774721000e-02 9.944272000e-01 5.349644000e-01 
9.461689000e-01 4.961988000e-01 4.682225000e-01 
7.313449000e-01 5.148893000e-01 6.767798000e-01 
2.064239000e-02 1.100081000e+00 4.355654000e-01 
5.829679000e-01 1.265732000e-01 9.684647000e-01 
6.502220000e-01 7.745140000e-01 6.207445000e-01 
8.501553000e-02 3.133217000e-03 1.114955000e+00 
5.072118000e-04 2.315394000e-02 1.162719000e+00 
9.312234000e-03 4.145717000e-01 1.085757000e+00 
3.541468000e-03 1.164535000e+00 2.939795000e-02 
5.128761000e-01 9.628223000e-01 3.841979000e-01 
3.298509000e-02 3.893298000e-01 1.095220000e+00 
5.060720000e-04 9.438432000e-01 8.261514000e-01 
7.735063000e-03 7.249599000e-01 8.950804000e-01 
4.016132000e-01 1.120559000e-01 1.038238000e+00 
1.280982000e-03 7.062214000e-01 1.012552000e+00 
2.829491000e-01 7.506038000e-01 8.030151000e-01 
8.225372000e-01 4.863426000e-01 7.097945000e-01 
5.146161000e-01 1.057173000e+00 8.988856000e-03 
1.096343000e+00 3.165584000e-01 8.404408000e-02 
1.278788000e+00 3.078958000e-03 1.554182000e-03 
1.076464000e+00 1.499867000e-03 3.537604000e-01 
5.213259000e-01 7.034123000e-01 7.311872000e-01 
6.046991000e-01 8.139441000e-01 4.950295000e-01 
5.298716000e-01 1.042032000e+00 5.122956000e-03 
3.404836000e-03 8.136854000e-01 7.992373000e-01 
1.290559000e+00 1.119713000e-02 8.764523000e-04 
7.202703000e-02 1.084732000e+00 3.541043000e-01 
7.048115000e-03 1.260454000e+00 1.803204000e-03 
7.054190000e-01 1.799765000e-03 9.088562000e-01 
8.722884000e-04 6.437216000e-01 1.056219000e+00 
5.691079000e-01 2.652492000e-01 9.413307000e-01 
4.276917000e-01 9.457561000e-01 4.655732000e-01 
7.241760000e-01 5.325217000e-01 7.239121000e-01 
6.654232000e-01 6.455593000e-01 6.757566000e-01 
9.091411000e-01 7.226249000e-01 1.401867000e-02 
8.448195000e-01 4.214986000e-01 7.175685000e-01 
4.745849000e-01 7.436488000e-01 7.224096000e-01 
2.344369000e-02 2.786499000e-02 1.118778000e+00 
4.155588000e-01 4.789826000e-01 9.898920000e-01 
7.386467000e-01 5.213761000e-01 6.738484000e-01 
4.971672000e-01 6.528948000e-01 7.897315000e-01 
9.607640000e-01 6.474606000e-01 3.980858000e-02 
9.530302000e-01 5.042513000e-01 3.531113000e-01 
9.751604000e-01 6.430097000e-02 6.250624000e-01 
3.671963000e-01 1.683542000e-02 1.063884000e+00 
4.190754000e-01 8.849408000e-01 7.022251000e-01 
6.476204000e-01 9.671682000e-01 1.363488000e-01 
8.152975000e-01 2.585105000e-01 7.589819000e-01 
9.291004000e-01 5.056007000e-01 4.880599000e-01 
1.204761000e+00 6.675046000e-05 5.070267000e-02 
9.929217000e-01 8.096863000e-02 5.579949000e-01 
3.219521000e-01 2.793184000e-01 1.081956000e+00 
1.004597000e+00 5.724629000e-01 3.889249000e-02 
2.953666000e-01 3.642387000e-01 1.091931000e+00 
9.192064000e-01 5.204616000e-01 4.659570000e-01 
6.549271000e-01 8.235054000e-01 4.735175000e-01 
1.156603000e-01 5.097043000e-05 1.184350000e+00 
1.081768000e+00 3.280491000e-01 1.335752000e-03 
1.023955000e+00 4.995547000e-01 8.426434000e-02 
4.208202000e-03 1.335525000e-03 1.153968000e+00 
2.327144000e-02 8.836584000e-01 7.244646000e-01 
9.806802000e-04 7.235041000e-05 1.249218000e+00 
4.083501000e-02 9.855903000e-01 5.646464000e-01 
9.476914000e-01 2.720636000e-01 5.462961000e-01 
4.869476000e-01 6.506748000e-01 8.213094000e-01 
7.208525000e-01 2.989457000e-02 8.575857000e-01 
7.199922000e-01 9.201098000e-01 1.166785000e-03 
2.240386000e-02 8.734107000e-01 7.541328000e-01 
5.350877000e-01 3.759347000e-01 9.247014000e-01 
9.758517000e-01 6.108058000e-01 3.190813000e-02 
7.059916000e-01 8.827830000e-01 2.585523000e-01 
3.506101000e-01 7.830574000e-01 7.876420000e-01 
6.339765000e-03 9.091698000e-01 7.135865000e-01 
3.182347000e-02 6.836664000e-01 9.083624000e-01 
2.881740000e-02 8.774109000e-01 7.419374000e-01 
9.311014000e-01 6.911347000e-01 8.731059000e-03 
8.832331000e-01 5.208091000e-01 5.572658000e-01 
1.142556000e+00 3.100260000e-01 2.831321000e-03 
4.698342000e-01 4.618280000e-01 9.624201000e-01 
7.384821000e-01 8.705857000e-01 1.929827000e-02 
6.972979000e-01 2.428222000e-02 9.121081000e-01 
1.075428000e+00 4.538866000e-01 6.384543000e-02 
2.761484000e-04 7.407112000e-03 1.219520000e+00 
8.405610000e-01 6.912328000e-01 3.322809000e-01 
7.301698000e-01 7.506354000e-01 4.689280000e-01 
1.041334000e-03 1.233462000e+00 7.619615000e-03 
4.491255000e-01 1.147675000e-02 1.055882000e+00 
3.646717000e-02 1.044843000e+00 4.952379000e-01 
9.108295000e-01 5.127574000e-01 4.930624000e-01 
1.152587000e-01 8.617224000e-01 7.449114000e-01 
7.614488000e-01 6.612888000e-03 8.174993000e-01 
6.786703000e-04 8.791762000e-03 1.208923000e+00 
4.973031000e-01 1.061817000e+00 1.903359000e-02 
3.291578000e-01 3.262840000e-01 1.043907000e+00 
9.667331000e-01 8.594969000e-04 6.946516000e-01 
9.118699000e-01 5.141860000e-01 4.914236000e-01 
7.850469000e-01 7.738148000e-01 3.241436000e-01 
5.484092000e-02 1.034290000e+00 5.061007000e-01 
4.181328000e-01 5.666688000e-01 9.121428000e-01 
2.696894000e-02 7.030797000e-01 8.932576000e-01 
4.589881000e-01 1.065579000e+00 2.237433000e-02 
8.006154000e-01 7.721088000e-01 3.216737000e-01 
2.560667000e-02 1.135037000e+00 6.197353000e-02 
5.424364000e-01 6.743104000e-01 7.642275000e-01 
9.424848000e-01 6.904259000e-01 4.405006000e-02 
7.649503000e-01 7.736118000e-01 3.546209000e-01 
5.764175000e-01 9.669597000e-01 2.671068000e-01 
9.434731000e-01 1.142406000e-02 6.509293000e-01 
5.571653000e-03 4.891779000e-01 1.056985000e+00 
7.333110000e-01 2.862148000e-02 8.625132000e-01 
9.109702000e-01 5.289321000e-01 4.763695000e-01 
2.376361000e-03 7.632424000e-01 8.428436000e-01 
8.823833000e-01 7.058596000e-02 7.395347000e-01 
1.024660000e+00 6.230134000e-01 9.327997000e-03 
6.576697000e-01 1.489270000e-02 9.249632000e-01 
1.198901000e+00 1.643873000e-04 1.747379000e-01 
1.223014000e+00 7.275243000e-05 3.002666000e-03 
4.746069000e-01 1.060588000e+00 2.891707000e-02 
5.191372000e-01 1.011640000e+00 5.215831000e-02 
1.135820000e+00 8.751171000e-04 4.491099000e-02 
8.120476000e-01 9.023116000e-01 6.959462000e-04 
3.374787000e-03 9.990154000e-01 5.778812000e-01 
5.659753000e-01 1.066215000e+00 3.957852000e-04 
5.741152000e-01 1.014807000e+00 1.241142000e-02 
8.792913000e-01 7.620158000e-01 1.088581000e-01 
2.785134000e-02 1.048249000e+00 4.490072000e-01 
7.882418000e-01 7.705369000e-01 3.689926000e-01 
5.417804000e-01 2.956950000e-01 1.001453000e+00 
5.220148000e-01 1.056795000e+00 1.132419000e-02 
5.472332000e-01 9.474070000e-01 3.857964000e-01 
1.026237000e+00 1.495540000e-01 4.614967000e-01 
8.428010000e-01 4.894408000e-01 6.235733000e-01 
6.633046000e-01 4.465926000e-01 8.533968000e-01 
1.033854000e+00 5.534535000e-01 1.723149000e-02 
9.056507000e-02 1.111474000e+00 2.827973000e-01 
9.110013000e-03 9.788777000e-01 6.104584000e-01 
1.678674000e-03 8.110095000e-01 8.667833000e-01 
5.200813000e-01 3.069539000e-01 1.002932000e+00 
6.475855000e-01 9.735421000e-01 1.485380000e-01 
8.787752000e-01 7.867658000e-02 7.468623000e-01 
9.825082000e-01 6.157142000e-01 2.492125000e-02 
3.948352000e-03 9.308050000e-01 6.513981000e-01 
6.149760000e-01 8.169726000e-01 4.891481000e-01 
6.069805000e-01 7.087644000e-04 1.035858000e+00 
5.284812000e-01 6.901252000e-01 7.388056000e-01 
1.062576000e+00 9.940022000e-04 4.343767000e-01 
9.479691000e-01 7.484463000e-01 5.467402000e-03 
1.044013000e+00 4.482247000e-01 3.880948000e-01 
7.730202000e-01 4.322526000e-01 7.498646000e-01 
6.667513000e-01 9.366836000e-01 1.358285000e-02 
4.375895000e-01 1.047753000e+00 1.121430000e-01 
3.551442000e-02 6.914867000e-05 1.174837000e+00 
1.043958000e-02 6.895285000e-01 9.510223000e-01 
7.556303000e-01 4.688319000e-01 7.368526000e-01 
4.666183000e-03 1.027702000e-03 1.199020000e+00 
2.694327000e-02 7.172104000e-01 8.914725000e-01 
5.325346000e-01 9.037597000e-01 4.348741000e-01 
6.432571000e-01 2.919431000e-02 9.500839000e-01 
5.015149000e-01 8.888643000e-01 5.869438000e-01 
1.151935000e+00 8.684334000e-02 5.259467000e-03 
4.425235000e-01 7.928794000e-01 7.686835000e-01 
5.476500000e-03 5.358937000e-03 1.137041000e+00 
8.185082000e-01 9.846507000e-02 7.929498000e-01 
5.051950000e-01 7.128540000e-01 7.876030000e-01 
8.482462000e-01 6.002649000e-01 4.660599000e-01 
8.413522000e-01 6.288740000e-01 4.511675000e-01 
8.215871000e-01 4.926316000e-01 6.495408000e-01 
6.307420000e-01 6.481378000e-01 6.739602000e-01 
8.969022000e-01 4.756237000e-01 6.476807000e-01 
1.117587000e+00 3.651526000e-02 1.359303000e-01 
6.097121000e-01 9.800898000e-01 9.146274000e-03 
4.802167000e-03 1.143615000e+00 3.707879000e-03 
1.726098000e-02 1.113656000e+00 3.679201000e-01 
3.293423000e-03 8.318720000e-01 7.913243000e-01 
7.418778000e-03 5.010906000e-04 1.161749000e+00 
9.597087000e-01 1.275178000e-03 6.519414000e-01 
1.280263000e+00 2.744433000e-01 1.187112000e-04 
8.902886000e-01 7.500148000e-01 1.108531000e-02 
4.890523000e-01 8.959497000e-01 5.794466000e-01 
4.329003000e-01 6.330004000e-01 9.039242000e-01 
1.038280000e+00 1.735231000e-02 4.362578000e-01 
4.050982000e-01 1.078527000e+00 1.863349000e-02 
3.446859000e-02 1.209512000e+00 4.434440000e-04 
6.588808000e-01 3.708712000e-01 9.183584000e-01 
1.041686000e+00 1.215904000e-02 4.721808000e-01 
4.694748000e-01 6.117388000e-01 8.492972000e-01 
4.164346000e-02 1.012432000e+00 5.628900000e-01 
1.409548000e-02 2.344612000e-04 1.128998000e+00 
2.483953000e-01 5.989872000e-01 9.592302000e-01 
8.643405000e-01 2.246983000e-01 7.480315000e-01 
9.185343000e-03 9.991736000e-01 5.747447000e-01 
1.140597000e-02 3.365161000e-05 1.187630000e+00 
7.023238000e-01 5.396672000e-01 7.589973000e-01 
4.034346000e-02 1.067078000e+00 4.428482000e-01 
6.926023000e-01 5.444746000e-01 7.770703000e-01 
9.854155000e-01 5.544216000e-01 2.497812000e-01 
5.245090000e-01 6.938207000e-01 7.378423000e-01 
8.818259000e-01 7.407939000e-01 2.150879000e-02 
1.367218000e-02 4.850967000e-01 1.050303000e+00 
9.823596000e-01 6.664434000e-01 7.932953000e-03 
7.048910000e-01 1.524977000e-02 8.975455000e-01 
5.719417000e-01 9.844627000e-01 4.949239000e-02 
1.038441000e+00 4.951509000e-03 4.921952000e-01 
6.090738000e-01 4.049851000e-01 8.796323000e-01 
7.976751000e-01 1.546751000e-03 8.568578000e-01 
8.531612000e-01 5.601301000e-01 5.745673000e-01 
9.951641000e-02 1.054738000e+00 3.776767000e-01 
4.885433000e-02 6.578379000e-01 9.545456000e-01 
1.412207000e-02 8.540754000e-01 7.651551000e-01 
5.648413000e-01 9.271329000e-01 3.665349000e-01 
9.665835000e-01 5.135112000e-01 3.433248000e-01 
6.048615000e-01 8.127591000e-01 4.926576000e-01 
6.216030000e-01 9.752986000e-01 3.991567000e-03 
3.041059000e-01 2.648923000e-01 1.092868000e+00 
5.579285000e-01 1.006789000e+00 2.163743000e-02 
1.178363000e-02 7.099818000e-01 9.003430000e-01 
9.324334000e-01 1.945545000e-02 6.730334000e-01 
3.906950000e-01 5.249890000e-01 9.361140000e-01 
9.516525000e-01 6.586530000e-01 3.629582000e-02 
3.598404000e-03 1.047886000e+00 5.098764000e-01 
5.671508000e-01 3.608387000e-02 1.010853000e+00 
7.137496000e-01 3.826624000e-01 8.811568000e-01 
3.517278000e-01 3.050965000e-01 1.059842000e+00 
3.511159000e-02 6.608788000e-01 9.541839000e-01 
7.776225000e-03 7.229856000e-01 9.029237000e-01 
7.197744000e-01 5.844494000e-04 8.775852000e-01 
4.913942000e-01 2.362830000e-03 1.034597000e+00 
5.055649000e-01 9.748346000e-01 2.474167000e-01 
6.454922000e-01 3.921763000e-01 8.728020000e-01 
3.101916000e-02 9.482224000e-01 6.451118000e-01 
8.404575000e-01 8.118689000e-01 7.788354000e-03 
7.891195000e-02 1.142859000e+00 1.054751000e-02 
6.591345000e-01 8.321390000e-01 4.477799000e-01 
6.936942000e-01 9.099082000e-01 2.185915000e-02 
3.027777000e-01 2.017372000e-01 1.093656000e+00 
5.028339000e-01 9.665788000e-01 3.529462000e-01 
6.145046000e-01 6.137759000e-01 7.707292000e-01 
5.588355000e-01 3.952003000e-01 9.241858000e-01 
8.230164000e-01 8.069353000e-01 4.211687000e-02 
5.829911000e-01 7.750865000e-01 6.168115000e-01 
8.166692000e-01 2.492251000e-01 7.645138000e-01 
4.079140000e-01 1.081224000e+00 7.366221000e-03 
9.449166000e-01 2.052812000e-02 6.384049000e-01 
1.003572000e+00 5.900616000e-01 1.088115000e-02 
3.858207000e-01 2.788266000e-01 1.049659000e+00 
4.541447000e-01 7.239961000e-01 7.559384000e-01 
5.281564000e-01 1.009350000e+00 1.703332000e-02 
6.018258000e-01 8.452298000e-01 4.271115000e-01 
4.879037000e-01 9.991929000e-01 2.657927000e-01 
1.164304000e+00 1.247556000e-03 1.092480000e-02 
9.226487000e-01 7.160751000e-01 7.136732000e-03 
9.591793000e-01 5.093177000e-03 6.338316000e-01 
5.677212000e-01 1.201879000e-02 1.001633000e+00 
8.418617000e-01 6.079044000e-01 4.607459000e-01 
5.173216000e-01 9.965010000e-01 1.058868000e-01 
1.071012000e+00 9.983592000e-02 3.832408000e-01 
8.439618000e-01 7.919019000e-01 6.878481000e-03 
6.699536000e-01 9.415383000e-01 3.973217000e-04 
1.559995000e-01 8.673691000e-01 7.326484000e-01 
8.301323000e-01 7.887728000e-01 1.624985000e-02 
2.875390000e-01 7.599058000e-01 7.994311000e-01 
7.179341000e-01 8.803604000e-01 5.698194000e-03 
8.762336000e-01 2.746260000e-01 6.601251000e-01 
6.501815000e-01 7.181221000e-03 9.350758000e-01 
4.361882000e-01 5.970770000e-01 8.864793000e-01 
5.235528000e-01 3.685454000e-01 9.392245000e-01 
1.915150000e-01 1.099313000e+00 2.875170000e-01 
7.767251000e-01 4.340265000e-01 7.392460000e-01 
4.205565000e-01 9.623041000e-01 4.869341000e-01 
4.846347000e-01 7.279704000e-04 1.038938000e+00 
9.356920000e-01 1.157232000e-02 6.733122000e-01 
6.205092000e-01 4.823239000e-02 9.316248000e-01 
1.401137000e-02 3.202185000e-04 1.134916000e+00 
3.696773000e-01 3.684621000e-01 1.028456000e+00 
6.808064000e-01 6.589886000e-01 6.404397000e-01 
1.892439000e-02 6.353582000e-01 9.557289000e-01 
1.005232000e+00 5.197238000e-01 3.620301000e-02 
1.120024000e+00 1.999513000e-01 5.137745000e-02 
7.704316000e-01 7.945164000e-01 3.083069000e-01 
9.931751000e-01 3.182814000e-01 4.709488000e-01 
6.036518000e-01 6.167585000e-01 7.610048000e-01 
4.309405000e-01 4.659435000e-01 9.334699000e-01 
5.815800000e-02 1.005310000e+00 5.203126000e-01 
7.028281000e-01 4.884991000e-01 7.361663000e-01 
1.105241000e-02 4.925521000e-01 1.056811000e+00 
9.201109000e-01 4.306679000e-02 6.465308000e-01 
1.101398000e+00 1.689517000e-02 3.264327000e-01 
7.614206000e-01 2.588437000e-02 8.605487000e-01 
6.456210000e-01 2.365011000e-02 9.241996000e-01 
9.931200000e-01 5.744112000e-01 2.212726000e-02 
4.728816000e-01 1.033775000e+00 8.676169000e-02 
4.146320000e-01 5.692959000e-01 9.131354000e-01 
1.008581000e+00 1.545725000e-01 4.844726000e-01 
4.340131000e-01 9.360298000e-01 4.547797000e-01 
3.937493000e-02 1.015808000e+00 5.625386000e-01 
1.084154000e+00 6.585622000e-02 3.417506000e-01 
9.245704000e-02 1.141319000e+00 2.028642000e-02 
8.241334000e-02 6.333454000e-01 9.963781000e-01 
1.159312000e+00 1.549023000e-03 1.731159000e-03 
9.508334000e-02 6.143996000e-01 9.508076000e-01 
4.245851000e-01 1.016959000e+00 2.351079000e-01 
1.015283000e+00 1.191315000e-01 4.861281000e-01 
2.260752000e-03 7.958709000e-01 8.189103000e-01 
6.991977000e-01 7.258521000e-01 5.000665000e-01 
6.159583000e-01 4.919214000e-03 9.501605000e-01 
7.878290000e-01 6.451318000e-01 4.848342000e-01 
4.924396000e-02 9.995602000e-01 5.296201000e-01 
5.913862000e-01 9.976007000e-01 8.537271000e-03 
3.779146000e-02 9.195805000e-01 6.819316000e-01 
1.035120000e+00 2.670334000e-02 4.449541000e-01 
6.743120000e-04 6.234575000e-02 1.147425000e+00 
4.829053000e-01 3.362476000e-01 9.568713000e-01 
8.913153000e-01 1.490033000e-02 6.780975000e-01 
1.142641000e+00 1.615724000e-03 3.168769000e-02 

