4.237016000e+00 1.068727000e+00 7.687917000e-04 
6.111618000e+00 8.736856000e-03 5.188545000e-02 
1.463104000e+00 3.070528000e+00 1.135506000e+00 
2.855015000e+00 2.874516000e-02 2.502010000e+00 
1.549796000e+00 3.315503000e+00 4.967533000e-01 
1.423636000e-01 4.548696000e+00 3.425684000e-02 
8.977466000e-02 5.284313000e+00 4.309435000e-02 
6.611723000e-02 4.899652000e+00 1.103390000e-01 
2.572464000e+00 2.631025000e-03 3.201699000e+00 
3.954205000e+00 1.517349000e-01 1.121913000e-01 
1.818340000e-01 6.717253000e-03 5.698005000e+00 
4.692851000e+00 3.957313000e-02 1.698895000e-02 
1.485272000e-02 1.456137000e-02 4.927089000e+00 
2.306301000e-01 2.454183000e-02 3.918239000e+00 
4.249685000e+00 1.231292000e-02 3.323610000e-02 
1.094734000e-03 5.051736000e-02 4.186590000e+00 
2.575302000e-01 1.852312000e+00 2.620519000e+00 
2.115587000e-01 2.591961000e+00 2.826407000e+00 
2.775711000e+00 2.382524000e+00 9.310283000e-01 
3.827920000e+00 1.077188000e-02 3.818366000e-01 
2.849299000e-03 5.500013000e+00 7.568020000e-01 
4.478841000e-02 4.974377000e+00 2.530650000e-01 
6.691511000e+00 5.921347000e-03 1.166074000e-01 
2.467096000e-02 2.598035000e+00 2.374042000e+00 
1.823074000e+00 3.212744000e+00 9.765251000e-01 
1.955436000e-02 5.204953000e+00 1.447895000e-01 
5.881397000e+00 5.104998000e-03 1.265972000e-01 
9.269197000e-03 5.359060000e+00 2.012437000e-01 
1.941410000e-02 3.773721000e+00 2.946845000e+00 
1.418300000e-01 2.468421000e-02 3.387095000e+00 
2.972513000e+00 2.511986000e+00 1.099859000e-01 
4.149255000e+00 7.576763000e-03 5.393103000e-01 
1.010113000e+00 3.078031000e+00 1.925501000e+00 
5.253945000e+00 3.367161000e-01 8.357507000e-04 
6.779551000e-04 3.313048000e-02 5.120948000e+00 
1.825872000e+00 3.330976000e-03 3.443984000e+00 
3.875333000e-02 4.184839000e-01 3.645425000e+00 
1.086059000e-02 4.860208000e+00 2.924426000e+00 
3.266663000e+00 1.966490000e+00 3.708297000e-03 
9.502713000e-03 1.778664000e+00 3.716130000e+00 
2.929830000e-04 6.700734000e-03 6.461768000e+00 
2.193679000e+00 2.985830000e+00 1.257213000e-01 
3.950088000e+00 5.410540000e-02 1.329720000e-01 
1.038796000e-01 4.942421000e+00 4.928849000e-06 
8.945675000e-01 3.323494000e+00 5.511197000e-01 
2.276023000e+00 3.031346000e+00 1.006965000e-01 
2.711838000e+00 2.466111000e+00 1.348434000e-01 
2.980601000e+00 1.814470000e+00 3.385518000e-02 
2.763233000e-03 7.712508000e+00 2.415907000e+00 
2.255708000e-04 1.893037000e-01 4.137804000e+00 
6.053257000e-03 2.715435000e-04 7.494658000e+00 
2.278870000e-02 3.851379000e+00 2.650944000e+00 
1.727540000e-01 3.396383000e+00 2.923939000e-01 
1.347746000e-02 4.036850000e+00 3.978697000e-01 
3.729026000e+00 3.019401000e-02 2.829374000e-01 
3.374660000e-02 4.145864000e-01 3.920096000e+00 
5.596127000e-03 5.289817000e+00 3.339769000e+00 
5.464229000e-02 4.348589000e+00 3.604628000e-01 
1.341445000e+00 2.199104000e+00 2.242659000e+00 
1.976094000e+00 7.204047000e-02 3.149442000e+00 
1.282371000e-01 1.406469000e+00 3.044178000e+00 
1.868798000e+00 3.281460000e+00 7.843833000e-02 
3.477231000e+00 6.925614000e-01 1.551817000e-01 
8.168037000e-03 6.114816000e+00 5.116005000e-02 
1.388949000e-01 1.212098000e-02 4.265080000e+00 
3.507274000e+00 5.765124000e-01 1.299923000e-01 
2.554079000e-01 2.755546000e+00 2.214105000e+00 
2.053061000e+00 2.455922000e+00 8.426924000e-01 
4.085708000e+00 3.697111000e-02 4.028733000e-02 
3.382793000e+00 2.643352000e-01 2.173216000e+00 
1.310024000e+00 2.524465000e+00 2.437007000e+00 
3.309022000e+00 9.199055000e-02 2.363536000e+00 
5.111549000e+00 4.437047000e-03 2.552760000e-01 
1.888370000e+00 3.165960000e+00 1.245152000e-02 
4.646827000e+00 1.295937000e-01 6.796118000e-03 
8.867237000e-02 4.528074000e+00 1.904798000e-01 
4.729943000e-01 1.836245000e-02 3.461614000e+00 
3.659685000e+00 2.135254000e+00 8.304575000e-04 
1.535554000e+00 1.257133000e-01 3.315786000e+00 
2.738860000e+00 2.650284000e-01 2.451361000e+00 
9.081513000e-03 5.715356000e+00 5.856100000e-01 
5.960502000e-02 8.415944000e-02 4.028127000e+00 
3.922306000e-01 3.834498000e+00 7.011593000e-02 
6.488989000e-02 5.203095000e+00 4.587813000e-02 
5.815996000e-03 1.909536000e+00 3.839631000e+00 
1.182156000e-01 4.521868000e+00 9.932635000e-02 
2.387521000e+00 2.926376000e-01 3.012759000e+00 
3.300232000e+00 3.160792000e-01 7.369091000e-01 
2.579490000e-03 2.622931000e-01 3.957865000e+00 
6.931542000e-02 5.129593000e+00 4.550128000e-02 
2.510612000e+00 1.495194000e+00 2.136988000e+00 
1.517827000e-02 3.242854000e+00 2.997639000e+00 
3.152656000e+00 4.886612000e-01 9.481155000e-01 
5.289593000e-02 6.135831000e+00 2.355093000e-03 
3.699691000e-01 3.809219000e+00 1.014678000e-01 
5.085898000e-02 8.813024000e-04 6.132412000e+00 
1.848225000e+00 2.194083000e+00 2.342784000e+00 
9.260660000e-02 4.064517000e+00 1.038027000e-01 
5.323714000e+00 9.740572000e-03 1.482875000e-01 
3.997567000e+00 3.557518000e-01 1.315836000e-02 
6.196301000e-02 4.975821000e+00 1.117901000e-01 
9.861510000e-04 6.993836000e-02 4.888906000e+00 
5.178665000e+00 3.398445000e-02 3.304176000e-02 
3.490352000e+00 2.488019000e-02 2.315363000e+00 
1.670639000e+00 1.619574000e-01 3.284109000e+00 
2.520304000e-01 5.401539000e-04 3.593716000e+00 
3.598171000e+00 1.092871000e-02 3.744728000e-01 
4.371348000e+00 1.628480000e-01 2.990706000e-02 
3.457073000e+00 1.480534000e-02 2.422960000e+00 
1.906942000e-01 4.792941000e-03 4.467679000e+00 
1.501039000e-01 3.660747000e+00 1.128059000e-01 
6.593814000e-03 1.835276000e+00 3.498117000e+00 
3.097869000e+00 1.037887000e-02 2.793053000e+00 
3.808650000e-01 4.018155000e+00 3.428274000e-02 
1.705563000e+00 3.510345000e+00 1.438774000e-03 
4.340624000e+00 4.051451000e-03 4.536814000e-01 
3.619682000e+00 1.056640000e-02 9.554288000e-01 
1.330118000e+00 1.839020000e+00 2.650108000e+00 
1.620397000e-01 4.039756000e+00 9.594376000e-03 
2.483553000e+00 4.249388000e-03 2.966177000e+00 
1.317015000e+00 2.492916000e+00 2.541123000e+00 

9.559888000e+00 1.634357000e+00 1.619164000e-03 
8.501825000e-02 2.302449000e+00 2.704590000e+00 
2.260895000e-01 5.067178000e+00 5.246726000e-03 
1.478503000e+00 3.303336000e+00 6.349590000e-02 
1.291835000e-02 2.205616000e-01 3.392556000e+00 
3.356454000e+00 9.300371000e-02 1.759270000e+00 
3.599440000e-01 4.338106000e+00 1.848265000e-02 
2.988401000e+00 5.497317000e-04 3.399417000e+00 
1.212172000e-02 5.165299000e+00 9.188977000e-02 
3.113140000e-03 1.013154000e-04 6.991614000e+00 
6.766431000e-01 8.461378000e-01 3.303931000e+00 
8.470619000e-01 2.016518000e+00 2.685190000e+00 
3.977190000e+00 2.791588000e-02 5.875839000e-02 
1.830114000e-02 1.632929000e-02 5.637955000e+00 
4.219765000e-02 4.170330000e+00 4.903656000e-02 
4.758364000e-02 3.880997000e+00 2.251409000e-01 
1.763351000e-01 7.079112000e+00 9.975047000e-03 
1.959464000e-02 3.412792000e+00 3.025469000e+00 
3.410719000e+00 2.465347000e+00 7.250898000e-02 
1.822395000e+00 1.005731000e-02 2.709908000e+00 
1.355334000e+00 3.039464000e+00 1.077377000e-01 
5.367704000e-01 2.218905000e-03 4.185329000e+00 
1.412866000e+00 3.077630000e+00 9.238737000e-02 
1.793448000e-03 1.452680000e-01 4.268830000e+00 
2.905998000e-02 5.093114000e+00 2.093221000e-01 
9.762722000e-03 2.195806000e-01 3.789252000e+00 
1.808738000e-03 6.032433000e+00 2.075215000e-01 
1.052522000e-01 2.146479000e+00 2.616958000e+00 
3.101795000e+00 4.691515000e-01 9.840563000e-02 
3.220637000e-03 5.546060000e+00 8.871765000e-02 
4.100494000e+00 1.566903000e-02 1.804689000e-01 
6.693198000e-02 3.208821000e+00 1.789689000e-01 
5.770043000e+00 2.744917000e-03 6.506082000e-01 
1.010440000e-01 7.559837000e-04 5.630420000e+00 
2.396499000e+00 2.827378000e+00 2.656886000e-01 
1.720603000e-01 2.257295000e-02 3.450091000e+00 
1.908585000e-03 3.329454000e-02 3.993837000e+00 
5.549491000e+00 6.719219000e-03 5.092412000e-02 
1.555929000e+00 2.797373000e-01 2.502120000e+00 
2.783242000e-01 3.404550000e+00 1.559158000e-01 
1.907555000e-01 1.885402000e+00 2.958668000e+00 
2.421735000e+00 2.011226000e+00 1.323216000e-01 
2.588450000e+00 7.497458000e-02 2.628148000e+00 
6.602006000e-01 4.001749000e+00 1.401352000e-02 
3.643581000e+00 2.697451000e-01 4.353974000e-02 
1.941283000e+00 8.045440000e-02 2.628964000e+00 
2.179037000e+00 3.490394000e-01 2.469135000e+00 
3.971336000e+00 1.075435000e-01 1.676830000e-01 
3.158442000e+00 1.311249000e-01 1.142602000e+00 
1.017996000e-04 5.627434000e-02 4.926456000e+00 
2.567682000e+00 2.769092000e+00 9.304862000e-02 
7.670433000e-05 5.809128000e-02 6.517648000e+00 
9.660421000e-04 9.179667000e-04 5.645097000e+00 
5.814439000e+00 9.588318000e-03 4.303845000e-02 
3.682140000e-01 4.477146000e+00 1.721707000e-02 
4.142200000e-01 3.349508000e+00 1.602320000e-01 
3.278861000e-01 4.525488000e+00 1.080953000e-02 
3.838352000e+00 1.429081000e-01 4.398356000e-01 
3.549245000e+00 1.551607000e-01 1.000458000e-01 
3.497494000e-02 3.963401000e-03 4.183547000e+00 
2.370669000e-01 1.785609000e+00 3.287076000e+00 
2.911685000e-03 2.136641000e-02 4.394878000e+00 
5.679854000e-01 5.001389000e+00 1.424926000e-03 
1.574775000e-01 7.595089000e+00 5.467950000e-04 
4.675428000e+00 1.295467000e-02 2.465886000e-01 
1.979283000e-03 3.313775000e-02 5.038400000e+00 
3.783235000e-02 2.294904000e+00 3.221414000e+00 
4.267857000e+00 2.011669000e-01 4.724304000e-02 
1.676008000e-03 6.127741000e+00 1.067854000e-01 
4.675592000e-01 1.347997000e-01 3.406166000e+00 
5.393640000e+00 1.865893000e-01 1.519833000e-02 
4.760201000e+00 8.771294000e-02 4.893299000e-02 
4.965351000e-01 3.908749000e+00 1.912013000e-02 
6.043360000e+00 4.304137000e+00 1.719234000e-03 
1.488698000e-03 3.649573000e+00 4.039208000e-01 
4.831853000e+00 1.493652000e-02 2.305297000e-01 
4.261795000e+00 2.952838000e-01 4.121912000e-02 
8.111145000e-03 4.265976000e+00 2.261610000e-01 
3.946898000e+00 1.425023000e-01 4.369740000e-01 
1.437313000e-01 1.936867000e-02 3.689799000e+00 
4.228654000e+00 3.478035000e-01 7.596086000e-03 
1.326480000e-02 3.790092000e-04 6.963523000e+00 
4.121100000e+00 3.269237000e+00 8.846533000e-03 
6.774790000e-02 3.516845000e+00 1.942034000e-02 
3.847470000e-02 5.813912000e+00 4.881986000e-02 
4.744500000e-01 3.313416000e+00 1.483204000e-01 
2.187420000e+00 2.745282000e+00 1.413250000e+00 
2.300828000e+00 6.530858000e-02 2.671224000e+00 
2.961541000e-02 1.035724000e-03 4.655670000e+00 
6.778318000e-01 1.077168000e-01 3.184403000e+00 
7.200626000e-02 4.487082000e+00 1.433000000e-02 
6.973617000e-03 5.258292000e+00 6.359635000e-02 
7.038171000e+00 2.157698000e-03 7.846820000e-02 
1.680194000e-01 3.195652000e-03 4.130163000e+00 
3.907235000e+00 1.444675000e-01 4.283318000e-01 
4.400240000e-02 2.245168000e+00 3.143816000e+00 
7.717243000e-03 5.068986000e-02 3.878580000e+00 
7.136924000e-01 2.691906000e-02 3.238640000e+00 
4.283932000e+00 2.481060000e-01 1.267269000e-02 
3.949147000e+00 1.094232000e-01 2.149973000e-01 
4.020826000e+00 1.971472000e-02 5.855631000e-02 
1.986235000e-02 2.453282000e+00 2.718429000e+00 
2.920238000e-01 2.065549000e+00 2.384808000e+00 

6.671432000e-03 4.189146000e+00 3.704527000e+00 
1.734200000e-03 4.327260000e+00 1.105321000e+00 
2.801990000e-01 4.045288000e+00 1.514522000e-01 
4.223074000e-02 3.329256000e+00 2.976057000e+00 
1.684610000e-01 2.889445000e+00 1.944391000e+00 
1.729792000e-03 1.394727000e-02 5.442628000e+00 
3.495305000e-02 3.423201000e+00 2.781898000e+00 
3.826749000e-01 5.054359000e-02 3.764696000e+00 
5.962458000e-02 3.750206000e+00 9.819821000e-01 
3.996346000e+00 5.089868000e-03 1.515998000e-01 
3.065064000e-02 3.652929000e+00 1.964607000e+00 
6.054643000e-02 1.187589000e-02 3.804209000e+00 
4.357687000e-02 3.248652000e+00 2.808358000e+00 
6.728894000e-05 7.068979000e-06 9.406206000e+00 
2.707102000e+00 4.642723000e-02 2.463412000e+00 
2.979453000e-01 7.049143000e-02 3.744409000e+00 
1.600080000e-02 3.537497000e+00 3.317483000e+00 
9.900360000e-02 3.894133000e+00 1.812126000e-01 
8.690373000e-04 6.723563000e+00 1.404192000e+00 
2.157787000e+00 1.808064000e+00 2.529390000e+00 
2.315343000e+00 3.807725000e+00 4.542789000e-02 
3.434029000e+00 2.092481000e+00 2.018432000e-01 
5.190111000e-02 3.256674000e+00 2.725370000e+00 
4.405630000e-05 4.348140000e-04 6.880289000e+00 
1.188879000e+00 2.832160000e+00 2.391734000e+00 
1.662884000e+00 3.871333000e+00 7.295138000e-02 
2.359978000e+00 3.119206000e+00 3.280853000e-01 
4.212577000e+00 4.415454000e-01 3.051739000e-02 
7.988894000e-02 3.590038000e+00 1.930752000e-01 
3.613078000e+00 8.993506000e-03 1.851351000e+00 
5.840072000e-01 3.885870000e+00 2.252823000e-02 
1.523626000e-01 3.196807000e+00 2.143578000e+00 
1.632383000e+00 2.989066000e+00 1.867671000e+00 
2.557410000e-02 6.109553000e-02 3.828098000e+00 
2.742234000e-02 5.709671000e+00 3.674224000e-02 
3.662045000e-01 8.965584000e-02 3.687469000e+00 
1.924989000e+00 2.668643000e+00 1.735521000e+00 
3.028905000e-02 3.133968000e-03 4.359864000e+00 
4.499369000e+00 4.367279000e-02 2.357154000e-02 
4.503906000e-01 1.181547000e-02 3.892451000e+00 
5.564310000e-01 2.474316000e+00 2.846972000e+00 
5.198558000e+00 2.953683000e-03 2.314288000e-01 
3.196459000e+00 1.581380000e-02 2.215289000e+00 
1.584867000e+00 2.563853000e+00 1.923968000e+00 
9.910127000e-03 7.267896000e-04 5.347439000e+00 
2.350683000e+00 1.668152000e+00 2.559496000e+00 
7.087988000e-03 3.504214000e+00 4.001462000e+00 
4.394375000e+00 5.602212000e-02 4.033462000e-02 
1.259001000e-03 1.251684000e-02 6.689770000e+00 
1.741855000e+00 3.672655000e+00 1.579859000e-01 
2.203909000e+00 3.114997000e-01 3.105606000e+00 
4.749996000e-02 3.036624000e+00 2.813611000e+00 
3.267065000e+00 4.654450000e-01 1.782077000e+00 
4.192182000e+00 4.399121000e-01 3.104173000e-02 
3.263176000e+00 2.827377000e+00 5.866765000e-02 
5.356320000e-02 4.547896000e+00 6.128299000e-02 
2.288166000e+00 2.104732000e+00 1.510815000e+00 
5.868414000e-02 6.029172000e-03 4.244160000e+00 
5.150807000e-02 4.286543000e+00 2.177407000e-01 
6.421112000e-01 3.907040000e+00 5.658671000e-03 
1.067080000e-01 2.374980000e-01 3.195583000e+00 
5.125150000e+00 1.453113000e-01 1.721991000e-03 
1.563558000e+00 3.034259000e+00 1.934826000e+00 
2.981795000e-01 3.169915000e+00 1.594507000e+00 
1.054876000e-01 1.849128000e+00 3.787066000e+00 
3.717431000e+00 4.677436000e-01 4.144586000e-02 
2.329272000e+00 3.169786000e+00 4.582129000e-03 
3.754271000e+00 1.494941000e-01 1.481055000e-01 
2.687369000e+00 1.634103000e-01 3.141838000e+00 
4.891360000e+00 2.206665000e-02 1.084511000e-01 
4.513218000e-03 4.957178000e+00 9.272922000e-01 
3.015982000e-02 3.905110000e+00 2.049213000e+00 
3.537587000e+00 3.009453000e+00 5.842308000e-02 
2.938206000e-01 3.158171000e+00 1.760156000e+00 
1.162847000e-02 4.637433000e+00 8.727272000e-01 
1.466899000e-02 5.006701000e+00 2.732159000e-01 
2.595254000e-01 5.161715000e+00 6.235200000e-03 
5.138623000e-01 4.541840000e+00 7.553423000e-03 
3.559807000e+00 2.275483000e-01 1.845569000e+00 
1.658861000e-01 8.026526000e-03 4.189018000e+00 
1.867806000e-01 4.275962000e+00 6.686211000e-02 
3.468650000e+00 3.289305000e-02 1.877065000e+00 
2.623018000e+00 2.737938000e-01 2.430192000e+00 
3.344785000e+00 3.966286000e-02 1.989769000e+00 
1.738048000e-02 3.531393000e+00 2.224290000e+00 
5.908974000e-01 2.673341000e+00 2.432859000e+00 
1.741000000e+00 1.952396000e-03 4.199203000e+00 
1.090898000e-02 6.623436000e-03 4.441154000e+00 
1.130122000e-03 1.544340000e-01 4.175806000e+00 
4.895578000e-01 4.321564000e+00 1.749385000e-02 
2.386330000e-02 4.339696000e+00 5.453985000e-01 
3.157858000e+00 2.266059000e+00 1.791310000e-01 
3.833599000e+00 2.942050000e-02 5.871498000e-02 
1.993824000e+00 1.811403000e+00 1.725011000e+00 
5.169762000e-02 4.139999000e+00 9.530848000e-02 
3.537054000e-02 4.550946000e+00 2.700403000e-02 
1.958873000e-03 4.700932000e-02 4.740456000e+00 
4.254836000e-04 6.002702000e-02 4.320461000e+00 
3.663435000e-02 2.611672000e+00 2.983563000e+00 
3.376397000e-01 3.232673000e+00 1.592247000e+00 
2.943440000e+00 3.358109000e-02 2.761834000e+00 
3.491216000e+00 9.125799000e-01 2.060074000e-01 
9.383785000e-03 2.526769000e-01 3.903898000e+00 
7.001277000e-02 2.729692000e+00 2.462991000e+00 
1.587035000e-01 4.517160000e+00 4.945826000e-02 
3.807554000e+00 3.981685000e-01 1.258127000e-01 
2.024377000e-01 3.576700000e+00 1.609325000e-01 
1.181493000e-03 4.757125000e-02 4.237633000e+00 
2.580486000e+00 2.503785000e+00 8.817453000e-02 

