1.205881000e+00 7.155335000e-01 2.124063000e-03 
7.218884000e-01 6.485729000e-01 7.821613000e-01 
7.687852000e-01 7.918100000e-01 5.606263000e-01 
9.000802000e-05 1.064843000e-02 1.296085000e+00 
8.628402000e-01 4.529597000e-02 9.189923000e-01 
9.112714000e-01 5.774870000e-01 7.192437000e-01 
2.861010000e-02 1.121069000e+00 5.689988000e-01 
6.469429000e-01 1.080131000e-01 1.023969000e+00 
6.695232000e-01 1.753148000e-02 1.055640000e+00 
1.119607000e-01 1.035220000e+00 6.925888000e-01 
9.878407000e-01 4.563224000e-01 6.726551000e-01 
7.550643000e-01 6.659539000e-01 7.592901000e-01 
7.163096000e-01 6.486234000e-01 7.993862000e-01 
1.075578000e+00 8.281743000e-01 3.748781000e-03 
1.013829000e+00 5.185549000e-01 5.184926000e-01 
1.157775000e+00 5.352454000e-01 1.614915000e-02 
9.549419000e-01 8.020876000e-03 8.212358000e-01 
1.526737000e-02 1.251959000e+00 3.193180000e-03 
7.124690000e-01 1.049895000e+00 1.993725000e-04 
4.856957000e-01 7.981135000e-01 7.806290000e-01 
5.457373000e-01 7.796675000e-01 7.575281000e-01 
3.218088000e-01 5.486449000e-01 1.075221000e+00 
1.153948000e+00 5.622171000e-05 5.447469000e-01 
8.313152000e-03 1.150111000e+00 5.301356000e-01 
1.034086000e+00 6.399819000e-02 6.939706000e-01 
9.419089000e-01 7.967932000e-01 1.365011000e-02 
6.915378000e-01 1.000819000e+00 2.805194000e-02 
7.402931000e-04 2.162183000e+00 3.947870000e-02 
1.105192000e+00 3.338417000e-01 5.497642000e-01 
7.789741000e-01 8.824213000e-01 5.158935000e-01 
8.691238000e-01 8.605233000e-01 3.300092000e-02 
5.605254000e-02 1.110361000e+00 5.424950000e-01 
3.551269000e-04 6.132356000e-01 1.066827000e+00 
1.154008000e-04 1.848653000e+00 6.101887000e-02 
1.915011000e+00 9.036560000e-02 4.198176000e-04 
1.173538000e+00 3.472558000e-01 1.610286000e-01 
5.061477000e-01 8.450431000e-01 7.027405000e-01 
1.222943000e+00 8.245243000e-02 6.454219000e-03 
3.529159000e-01 5.675156000e-01 1.028307000e+00 
1.445743000e-04 4.870564000e-02 1.266077000e+00 
9.636310000e-01 5.754948000e-01 5.893476000e-01 
9.867773000e-01 5.715997000e-01 5.666818000e-01 
4.816552000e-05 3.908182000e-04 2.046646000e+00 
1.038796000e-01 4.942421000e+00 4.928849000e-06 
8.916895000e-01 5.231314000e-03 9.476748000e-01 
9.623142000e-01 5.923053000e-01 5.741280000e-01 
5.968874000e-01 1.046966000e+00 7.707491000e-02 
6.405955000e-01 1.082059000e+00 5.379144000e-02 
8.785766000e-01 5.927736000e-02 8.686431000e-01 
3.934132000e-02 1.155042000e+00 5.098366000e-01 
3.721800000e-02 1.146999000e+00 5.103057000e-01 
9.830928000e-01 6.433559000e-01 5.212797000e-01 
9.911587000e-01 8.170260000e-01 4.891232000e-03 
8.861916000e-01 2.381269000e-02 8.769119000e-01 
1.018840000e+00 1.359794000e-01 6.902674000e-01 
7.863938000e-01 7.773071000e-01 5.040149000e-01 
3.422945000e-01 1.202445000e+00 5.575897000e-03 
1.473116000e-01 1.237901000e+00 4.480324000e-03 
1.921177000e-02 1.312612000e+00 1.977237000e-03 
2.627976000e-01 1.791963000e-03 1.238371000e+00 
1.256017000e-01 4.510314000e+00 6.052033000e-04 
9.988902000e-03 1.368958000e+00 2.342443000e-03 
7.542358000e-01 6.709987000e-01 7.578953000e-01 
1.080364000e+00 3.265647000e-01 5.551313000e-01 
9.003815000e-01 7.605514000e-01 3.359593000e-02 
1.099167000e-02 1.075157000e+00 5.768016000e-01 
5.135391000e-01 9.423738000e-01 6.633984000e-01 
8.601791000e-06 4.096035000e-04 4.025180000e+00 
6.800891000e-01 2.699435000e-02 1.037846000e+00 
5.539578000e-02 3.517046000e-01 1.143222000e+00 
6.680412000e-01 7.486824000e-02 1.036376000e+00 
1.194825000e+00 3.787839000e-01 3.285463000e-02 
1.182654000e+00 2.086718000e-01 7.085044000e-02 
4.536490000e-01 4.538695000e-03 1.186328000e+00 
1.002475000e+00 8.985335000e-01 2.352281000e-03 
2.745062000e-02 9.761043000e-01 7.561325000e-01 
6.440700000e-01 9.555434000e-01 5.422912000e-01 
5.789486000e-03 1.282138000e+00 5.518077000e-03 
6.553890000e-01 1.076442000e+00 3.179384000e-02 
7.507674000e-01 7.997613000e-01 5.507164000e-01 
3.164549000e-03 6.033367000e-01 1.113581000e+00 
1.124171000e+00 7.054016000e-02 5.470393000e-01 
5.667472000e-01 4.869615000e-01 9.666618000e-01 
5.636402000e-01 1.062746000e+00 1.318747000e-01 
1.044948000e+00 1.583057000e-01 5.949811000e-01 
2.667588000e-02 1.891393000e+00 6.542484000e-04 
1.157654000e+00 7.664332000e-01 2.114221000e-03 
2.078967000e-01 5.511858000e-01 1.095452000e+00 
5.257208000e-05 2.974460000e-03 1.822581000e+00 
1.124862000e+00 3.006097000e-02 5.363152000e-01 
9.761910000e-01 2.976970000e-02 7.312918000e-01 
5.090352000e-02 1.135421000e+00 5.490825000e-01 
1.134791000e+00 1.483699000e-02 5.314698000e-01 
2.821513000e+00 1.836126000e-01 2.272096000e-04 
9.816957000e-01 5.672555000e-01 5.918866000e-01 
5.542291000e-01 6.972821000e-01 9.254641000e-01 
3.698052000e-01 5.579778000e-01 1.069217000e+00 
2.844470000e-02 8.628902000e-01 8.829125000e-01 
1.170728000e+00 8.941441000e-04 4.465179000e-01 
1.191119000e+00 3.604363000e-01 3.291240000e-02 
8.747047000e-01 6.112398000e-02 8.668779000e-01 
1.148629000e+00 3.582769000e-01 7.125105000e-02 
3.701717000e-02 8.475977000e-01 8.682121000e-01 
1.411923000e-01 1.329974000e+00 1.387883000e-04 
1.140197000e+00 5.359663000e-05 5.605720000e-01 
4.269684000e-01 3.252167000e-03 1.195098000e+00 
8.929124000e-01 3.969697000e-03 9.438074000e-01 
2.534138000e-02 8.632337000e-01 9.083717000e-01 
1.094716000e+00 3.517356000e-01 4.578555000e-01 
4.599877000e-01 4.161499000e-02 1.158197000e+00 
1.050036000e+00 4.834555000e-02 5.732872000e-01 
7.103559000e-04 4.559082000e-01 1.170307000e+00 
1.119040000e+00 5.509488000e-01 1.242354000e-02 
4.023004000e-01 2.188542000e-01 1.146603000e+00 
1.042329000e+00 3.474627000e-03 6.992774000e-01 
2.243659000e-02 7.830537000e-01 9.686513000e-01 
3.354106000e-01 1.054729000e+00 5.360676000e-01 
4.529637000e-01 8.002461000e-01 7.971610000e-01 
1.231851000e+00 1.327173000e-02 6.045354000e-03 
1.113477000e+00 5.331365000e-01 3.389367000e-02 
7.384997000e-01 8.847861000e-01 4.479825000e-01 
1.109805000e+00 1.936233000e-01 5.608670000e-01 
1.195006000e+00 1.590717000e-01 1.470993000e-02 
5.227119000e-01 9.831049000e-01 5.414779000e-01 
2.147816000e+00 1.215821000e-04 2.013046000e-02 
1.271507000e+00 4.465921000e-04 1.320482000e-02 
8.719564000e-01 8.660918000e-01 2.113572000e-02 
5.550078000e-01 4.240656000e-01 1.048609000e+00 
6.393935000e-01 9.392787000e-01 6.174403000e-01 
1.146856000e+00 2.941987000e-02 4.389035000e-01 
1.062922000e+00 5.046201000e-02 5.707201000e-01 
9.143229000e-02 1.133335000e+00 5.340954000e-01 
5.304940000e-01 9.661697000e-02 1.101024000e+00 
1.022533000e+00 4.410045000e-01 6.871326000e-01 
9.738000000e-01 7.490296000e-01 7.506554000e-03 
1.135422000e+00 1.365303000e-02 4.960209000e-01 
4.242181000e-01 6.014477000e-01 9.578619000e-01 
6.848184000e-01 6.620450000e-01 7.643966000e-01 
9.938913000e-01 5.534431000e-01 5.593844000e-01 
3.008790000e-04 1.276728000e+00 4.854686000e-02 
8.497050000e-01 1.440478000e-02 9.261018000e-01 
3.764490000e-04 9.832384000e-01 7.781955000e-01 
3.515801000e-01 1.154135000e+00 6.099289000e-03 
9.177226000e-01 8.549901000e-01 1.684744000e-02 
1.389430000e-02 5.588604000e-01 1.089806000e+00 
1.054748000e+00 5.502978000e-01 5.086584000e-01 
1.140263000e+00 1.920179000e-01 4.557865000e-01 
9.291674000e-01 8.678947000e-01 2.358231000e-03 
2.765765000e-01 2.581105000e-01 1.152568000e+00 
7.178593000e-01 6.807364000e-01 7.176383000e-01 
9.093077000e-05 1.221078000e+00 9.445833000e-01 
5.676772000e-03 8.339485000e-01 1.011905000e+00 
5.133278000e-01 5.794518000e-01 1.012181000e+00 
1.143108000e+00 1.998475000e-03 5.439544000e-01 
1.987240000e+00 2.846005000e-02 5.018319000e-04 
3.131854000e-01 5.095463000e-01 1.103342000e+00 
2.987702000e-03 4.991347000e-01 1.136395000e+00 
2.118194000e-01 5.580786000e-01 1.081233000e+00 
6.862379000e-01 8.973235000e-01 5.597389000e-01 
8.246532000e-01 1.066019000e-01 8.989364000e-01 
4.653566000e-02 1.196043000e+00 1.657960000e-02 
2.750316000e-01 8.096070000e-01 9.168093000e-01 
7.513597000e-01 9.354024000e-01 1.321429000e-04 
5.997049000e-02 9.589085000e-01 7.375369000e-01 
8.713901000e-02 1.239058000e+00 3.754158000e-03 
1.037187000e-01 9.358406000e-01 8.426611000e-01 
9.529741000e-01 3.179512000e-02 8.597187000e-01 
8.809424000e-01 8.440176000e-01 5.006361000e-02 
6.307132000e-01 4.359821000e-01 9.501990000e-01 
1.482167000e-03 1.068614000e+00 5.777205000e-01 
1.019317000e+00 4.608123000e-01 5.096592000e-01 
1.077745000e-03 1.117342000e+00 6.051549000e-01 
2.058407000e-03 1.222799000e+00 6.327055000e-03 
7.567877000e-01 3.449475000e-01 8.908899000e-01 
8.369608000e-01 7.793981000e-01 4.984817000e-01 
3.526259000e-05 6.216273000e-01 1.096107000e+00 
5.652219000e-01 5.951278000e-01 8.854565000e-01 
3.765137000e-02 1.118682000e+00 5.545067000e-01 
2.826536000e-01 1.284641000e-01 1.164963000e+00 
5.983096000e-01 6.009889000e-01 8.804808000e-01 
5.112665000e-01 2.878856000e-01 1.118756000e+00 
4.462178000e-01 7.332721000e-02 1.148528000e+00 
1.935242000e-02 1.033833000e-03 1.262655000e+00 
9.163856000e-01 6.322110000e-02 8.327847000e-01 
5.868945000e-01 1.096192000e+00 8.578525000e-03 
5.597928000e-01 6.719475000e-01 9.246275000e-01 
6.185687000e-03 3.128382000e-04 1.285705000e+00 
3.891268000e-01 1.143237000e+00 2.897861000e-02 
1.030810000e+00 6.493613000e-01 2.033322000e-02 
6.049243000e-01 1.104008000e+00 6.401220000e-03 
8.397446000e-01 4.581466000e-02 8.697849000e-01 
1.134159000e+00 5.413111000e-01 9.117812000e-03 
1.402237000e-04 1.296933000e-03 1.280515000e+00 
1.125186000e-02 3.692332000e-01 1.134101000e+00 
1.136742000e-01 1.105443000e+00 4.879008000e-01 
8.814699000e-01 8.248311000e-01 4.567060000e-01 
3.266439000e-02 9.733109000e-01 7.465532000e-01 
1.021882000e+00 4.522520000e-01 5.626881000e-01 
2.573313000e-02 9.950096000e-01 7.420509000e-01 
1.911872000e-05 5.664998000e-03 1.399472000e+00 
2.593226000e-01 1.219836000e-01 1.172746000e+00 
5.441721000e-01 3.930367000e-02 1.094830000e+00 
9.954615000e-01 7.038367000e-01 6.992584000e-03 
9.599813000e-03 1.175196000e+00 4.466161000e-01 
1.499892000e-03 9.389531000e-01 8.468572000e-01 
8.739653000e-01 8.491709000e-01 1.314679000e-01 
6.583212000e-01 9.538456000e-01 4.920261000e-01 
1.692357000e-02 8.817869000e-01 9.386235000e-01 
1.101345000e+00 5.996759000e-01 4.596169000e-02 
7.411665000e-01 1.902376000e-02 9.822238000e-01 
1.260958000e+00 1.283449000e-03 4.444846000e-01 
9.752958000e-02 1.131821000e+00 5.343121000e-01 
4.548441000e-01 7.438877000e-02 1.139917000e+00 
5.056913000e-01 7.977868000e-01 7.868252000e-01 
9.689029000e-01 2.666955000e-01 6.982255000e-01 
5.823810000e-01 9.278387000e-01 6.562001000e-01 
6.052817000e-01 1.083041000e+00 7.311355000e-02 
1.049480000e+00 7.695770000e-02 6.201374000e-01 
8.274071000e-01 7.403713000e-01 6.903055000e-01 
4.937689000e-01 8.312035000e-01 7.411722000e-01 
1.084106000e+00 5.570706000e-01 1.280029000e-01 
6.230695000e-01 1.039917000e+00 5.503774000e-02 
9.626600000e-01 4.989053000e-03 7.758115000e-01 
1.113990000e+00 8.190913000e-02 5.686307000e-01 
9.478617000e-01 7.505158000e-01 1.292160000e-01 
1.000722000e+00 5.321064000e-01 5.757881000e-01 
7.051626000e-01 3.808773000e-01 9.647415000e-01 
5.118803000e-01 2.828100000e-01 1.090207000e+00 
6.097465000e-01 7.494131000e-03 1.079393000e+00 
8.798966000e-01 2.279228000e-01 8.230951000e-01 
2.498183000e-01 9.120006000e-01 7.687004000e-01 
8.876772000e-01 7.633841000e-03 8.754838000e-01 
2.867610000e-01 6.384985000e-01 1.029425000e+00 
8.304390000e-01 7.512850000e-01 5.670965000e-01 
1.104845000e-01 9.402645000e-01 7.741876000e-01 
9.688723000e-01 5.042890000e-01 6.608486000e-01 
1.222450000e-02 1.039330000e-01 1.201576000e+00 
4.449800000e-01 3.862306000e-01 1.073101000e+00 
1.025616000e+00 1.305011000e-01 6.758067000e-01 
1.217131000e+00 5.621877000e-03 7.663936000e-02 
9.069219000e-01 8.360193000e-01 3.004258000e-02 
4.914385000e-01 7.774558000e-01 8.142257000e-01 
1.156991000e+00 5.355269000e-01 8.456217000e-03 
8.972756000e-01 8.713618000e-04 1.097823000e+00 
5.011301000e-04 8.186162000e-05 1.289372000e+00 
3.742433000e-02 1.115256000e+00 5.695436000e-01 
7.049666000e-03 1.256670000e+00 3.489619000e-03 
6.158962000e-01 5.823172000e-01 9.130198000e-01 
3.912255000e-01 9.976495000e-02 1.170802000e+00 
7.476713000e-01 7.774383000e-01 7.110149000e-01 
5.923836000e-01 1.057105000e+00 8.588907000e-02 
6.034992000e-01 2.731127000e-03 1.145205000e+00 
1.097703000e-01 9.071969000e-03 1.227098000e+00 
1.059378000e+00 7.553284000e-01 4.303002000e-03 
1.918038000e-01 1.083189000e+00 4.649903000e-01 
1.268124000e+00 1.330852000e-02 5.169321000e-04 
7.027843000e-01 7.208693000e-03 1.052231000e+00 
1.019713000e+00 6.506289000e-02 7.259189000e-01 
7.283749000e-01 6.318731000e-01 7.904731000e-01 
1.130586000e+00 1.912664000e-01 4.587555000e-01 
1.774667000e-02 1.233817000e+00 6.006695000e-03 
9.955593000e-01 6.747242000e-01 3.025625000e-02 
6.875874000e-01 8.333081000e-01 7.086942000e-01 
8.575389000e-01 8.508780000e-01 3.414059000e-02 
1.214186000e+00 5.065604000e-02 7.468166000e-02 
5.932088000e-01 4.619029000e-01 9.914889000e-01 
1.094111000e+00 4.584453000e-04 7.275976000e-01 
8.484819000e-01 7.204514000e-01 6.928377000e-01 
7.311198000e-01 6.060012000e-01 8.463961000e-01 
8.645733000e-01 8.793191000e-01 1.273573000e-02 
6.392205000e-01 7.371809000e-01 7.716337000e-01 
1.719043000e-03 1.437688000e-05 1.494397000e+00 
7.429006000e-01 8.863166000e-01 4.349019000e-01 
6.048717000e-01 1.112005000e+00 1.579235000e-03 
8.796459000e-01 4.049827000e-01 8.017098000e-01 
1.103775000e+00 2.597652000e-02 6.712028000e-01 
3.393333000e-02 8.498852000e-01 8.983511000e-01 
1.207032000e+00 1.237149000e-01 1.805470000e-03 
5.305355000e-01 9.980817000e-01 5.348983000e-01 
8.617587000e-01 7.603943000e-01 5.078837000e-01 
3.312121000e-04 1.090875000e+00 9.021747000e-01 
4.845701000e-01 1.059773000e+00 4.183328000e-01 
4.488805000e-01 2.938278000e-01 1.105741000e+00 
9.145194000e-01 2.303740000e-03 9.099584000e-01 
1.315417000e-01 1.214044000e+00 1.624280000e-02 
8.470787000e-01 8.480012000e-01 1.575766000e-01 
5.961315000e-01 3.039496000e-03 1.189703000e+00 
1.127467000e+00 8.588423000e-02 5.143817000e-01 
3.164466000e-01 1.075750000e+00 5.506743000e-01 
4.767714000e-01 3.081243000e-01 1.076714000e+00 
1.110836000e+00 5.060015000e-01 1.279379000e-01 
1.195355000e+00 3.419192000e-01 6.595051000e-03 
6.156366000e-01 4.770525000e-01 9.237027000e-01 
7.440819000e-01 1.436557000e-03 9.644041000e-01 
3.261638000e-02 9.490806000e-02 1.206809000e+00 
4.528647000e-01 7.205741000e-01 8.778972000e-01 
7.942519000e-01 9.174897000e-01 1.139962000e-02 
8.939232000e-01 2.730582000e-01 7.321242000e-01 
5.536477000e-01 1.065915000e+00 1.319407000e-01 
1.077134000e+00 6.305177000e-01 1.115085000e-01 
8.656432000e-01 7.206099000e-01 5.184837000e-01 
5.637365000e-04 8.881747000e-01 9.246521000e-01 
5.817998000e-01 1.097032000e+00 2.319008000e-02 
1.077993000e+00 2.762721000e-02 6.074498000e-01 
3.591129000e-01 5.635125000e-01 1.057225000e+00 
1.164725000e+00 3.321859000e-01 2.992131000e-01 
6.634267000e-01 4.700813000e-02 1.054577000e+00 
1.243191000e+00 1.968808000e-02 2.009557000e-03 
6.394898000e-01 1.135266000e+00 1.409859000e-04 
6.850580000e-01 1.040762000e+00 1.770172000e-03 
3.492889000e-01 3.652266000e-01 1.125006000e+00 
6.648479000e-01 1.024775000e+00 8.639193000e-03 
1.278247000e-02 1.158237000e+00 4.499598000e-01 
7.248416000e-01 9.068676000e-01 4.290624000e-01 
2.303825000e-02 1.149128000e+00 5.696680000e-01 
1.112831000e+00 5.684901000e-01 9.598314000e-02 
7.062743000e-01 6.301737000e-03 1.063084000e+00 
5.818157000e-03 1.206403000e+00 4.555181000e-01 
1.149804000e+00 4.094202000e-01 2.096118000e-02 
1.039109000e-02 9.906078000e-02 1.219056000e+00 
1.020798000e-01 1.219821000e+00 1.205890000e-02 
5.754241000e-01 9.097607000e-01 6.667786000e-01 
4.138183000e-01 7.747336000e-01 8.888451000e-01 
1.217158000e+00 7.429650000e-03 7.715304000e-03 
5.361437000e-01 7.904253000e-01 7.581973000e-01 
7.148989000e-01 7.894440000e-02 1.014014000e+00 
7.120417000e-01 6.438773000e-01 8.256357000e-01 
8.996350000e-01 2.684007000e-02 8.599830000e-01 
4.812139000e-05 1.271569000e+00 6.830260000e-02 
4.236689000e-01 4.494488000e-01 1.072454000e+00 
2.323239000e-01 3.410905000e-01 1.170405000e+00 
6.794001000e-01 3.744534000e-01 9.801233000e-01 
2.892960000e-02 5.287087000e-01 1.116152000e+00 
3.577533000e-01 3.733446000e-01 1.112195000e+00 
1.018963000e+00 6.615409000e-01 1.835282000e-02 
9.708180000e-01 7.481692000e-01 8.645466000e-03 
4.685565000e-01 1.217513000e-02 1.127784000e+00 
2.241093000e-01 8.202480000e-01 8.798386000e-01 
6.983513000e-01 9.836646000e-01 1.014730000e-02 
9.271723000e-01 8.244564000e-01 2.992027000e-02 
4.103073000e-01 6.277485000e-01 9.694532000e-01 
6.398851000e-01 5.475147000e-01 8.551462000e-01 
8.030037000e-03 5.871981000e-01 1.133825000e+00 
1.069466000e+00 6.421301000e-01 1.036334000e-01 
7.237921000e-01 8.888885000e-01 5.298370000e-01 
1.142908000e+00 3.514142000e-01 1.574723000e-01 
5.945879000e-01 8.591328000e-01 6.257287000e-01 
9.724423000e-01 2.954785000e-02 7.358339000e-01 
7.926665000e-01 3.915368000e-01 8.753223000e-01 
6.496917000e-01 1.026644000e+00 3.351716000e-02 
1.041082000e+00 6.590418000e-01 7.427795000e-03 
9.500313000e-01 1.709570000e-01 7.820371000e-01 
1.035649000e+00 4.595624000e-01 5.197891000e-01 
8.608788000e-02 8.730220000e-02 1.205536000e+00 
7.191549000e-01 6.441122000e-01 7.883716000e-01 
8.925310000e-01 8.635756000e-01 1.756202000e-02 
1.029899000e+00 2.671834000e-02 7.173514000e-01 
1.127782000e-01 1.010359000e+00 6.847827000e-01 
6.840889000e-01 6.680492000e-01 7.695029000e-01 
1.102497000e+00 5.979600000e-01 4.708738000e-02 
1.283875000e+00 2.557644000e-03 1.218968000e-02 
1.000007000e+00 6.908991000e-01 2.815126000e-02 
1.120953000e+00 5.427500000e-01 1.212274000e-02 
1.245917000e+00 3.907470000e-03 1.632038000e-03 
4.524904000e-02 1.310443000e-01 1.194015000e+00 
7.559199000e-01 4.730947000e-01 8.474483000e-01 
1.035853000e+00 3.365991000e-01 5.927108000e-01 
5.040506000e-03 1.181669000e+00 4.678057000e-01 
2.445415000e-01 1.731012000e-03 1.253109000e+00 
5.607631000e-01 1.000639000e+00 4.894361000e-01 
3.966118000e-01 3.308609000e-02 1.175675000e+00 
9.100249000e-02 1.158964000e+00 4.370699000e-01 
2.286404000e-02 1.209487000e+00 1.741347000e-02 
6.506823000e-01 7.737870000e-01 7.122133000e-01 
1.242110000e-01 1.151059000e+00 4.223395000e-01 
4.443658000e-01 3.081569000e-01 1.130767000e+00 
6.749551000e-01 7.079582000e-02 1.041890000e+00 
3.690989000e-03 5.086764000e-01 1.135632000e+00 
1.409090000e-01 1.025622000e+00 6.763605000e-01 
3.726969000e-02 8.252456000e-01 8.739890000e-01 
7.527671000e-01 7.856017000e-01 5.611767000e-01 
1.097703000e-01 9.071969000e-03 1.227098000e+00 
8.532875000e-01 8.679759000e-01 3.016898000e-02 
3.580307000e-01 1.054475000e+00 5.050610000e-01 
3.352457000e-01 5.765624000e-01 1.023217000e+00 
1.424357000e-01 9.538134000e-01 7.222402000e-01 
1.931861000e-01 1.104797000e+00 4.514497000e-01 
1.015537000e+00 2.372852000e-01 6.992917000e-01 
4.986289000e-01 9.749866000e-01 5.986243000e-01 
6.619569000e-01 5.204448000e-01 8.741719000e-01 
1.062908000e+00 2.859127000e-02 5.720169000e-01 
4.471160000e-01 1.110799000e+00 1.754994000e-02 
1.163328000e-01 1.156677000e+00 4.206088000e-01 
6.227223000e-01 4.702642000e-01 9.130375000e-01 
7.340921000e-01 3.418637000e-02 9.792982000e-01 
1.013238000e-02 6.804804000e-01 1.038547000e+00 
4.264591000e-01 9.050108000e-01 7.603459000e-01 
1.146379000e+00 4.811469000e-01 4.701814000e-02 
5.184765000e-01 8.241692000e-01 7.587082000e-01 
6.862379000e-01 8.973235000e-01 5.597389000e-01 
8.191616000e-01 8.890851000e-01 7.066555000e-03 
6.422703000e-02 5.220917000e-02 1.227278000e+00 
7.972233000e-01 9.226679000e-01 9.268550000e-04 
1.124470000e+00 3.197669000e-01 4.698113000e-01 
8.490762000e-01 6.674191000e-01 5.318322000e-01 
1.185288000e-01 1.108665000e+00 4.865665000e-01 
8.108205000e-03 5.949285000e-01 1.050297000e+00 
5.108703000e-02 8.121619000e-01 9.293424000e-01 
1.875271000e-01 3.227339000e-01 1.187057000e+00 
1.229923000e+00 2.135088000e-02 2.109156000e-03 
7.415532000e-04 1.088594000e+00 6.202248000e-01 
6.443666000e-01 1.065486000e+00 4.946387000e-02 
2.017181000e-01 1.191877000e+00 2.816195000e-02 
8.307543000e-01 8.162113000e-01 4.605536000e-01 
7.145261000e-01 8.922459000e-01 4.337141000e-01 
3.568620000e-02 1.019554000e+00 7.307683000e-01 
1.150549000e+00 1.264435000e-02 4.159412000e-01 
7.836663000e-01 6.208815000e-01 7.052132000e-01 
1.038598000e+00 2.557513000e-02 7.180815000e-01 
4.409543000e-01 3.837559000e-01 1.073364000e+00 
1.121320000e+00 5.356147000e-01 3.294387000e-02 
4.158416000e-01 7.284795000e-01 8.863119000e-01 
1.088366000e+00 5.295072000e-01 1.440906000e-01 
3.227751000e-02 8.430736000e-01 9.057617000e-01 
2.637256000e-01 6.227259000e-01 1.040964000e+00 
2.340967000e-02 7.302737000e-01 9.481225000e-01 
7.172843000e-01 8.687198000e-01 5.702620000e-01 
3.978202000e-01 3.266210000e-02 1.160352000e+00 
9.332683000e-01 3.189158000e-02 7.822540000e-01 
1.028006000e+00 1.884079000e-01 6.059503000e-01 
1.558688000e-01 1.050155000e+00 6.016824000e-01 
9.059762000e-01 6.495318000e-01 4.327765000e-01 
6.583733000e-01 4.350895000e-01 9.427409000e-01 
4.463498000e-01 3.340115000e-01 1.119635000e+00 
6.998770000e-01 1.003628000e+00 4.798597000e-03 
1.278403000e-01 9.402271000e-01 7.419043000e-01 
5.590652000e-01 9.613349000e-01 5.187225000e-01 
8.055909000e-01 7.894600000e-01 4.882940000e-01 
6.896058000e-04 2.143565000e-03 1.229033000e+00 
7.427777000e-01 3.076289000e-01 9.005909000e-01 
4.354146000e-03 1.059376000e+00 6.117810000e-01 
5.559206000e-01 9.599048000e-03 1.065372000e+00 
2.296455000e-01 6.975837000e-01 9.880157000e-01 
1.190953000e+00 2.245041000e-01 3.545530000e-02 
7.012580000e-01 3.738808000e-02 1.030758000e+00 
6.995168000e-01 7.889305000e-01 5.801563000e-01 
5.274950000e-01 1.021473000e+00 4.424488000e-01 
4.224328000e-01 7.386794000e-01 8.375658000e-01 
7.116577000e-01 3.508701000e-01 9.649663000e-01 
2.871796000e-05 9.615258000e-02 1.224905000e+00 
1.011828000e+00 8.176994000e-04 7.286641000e-01 
4.263991000e-01 4.137498000e-01 1.060213000e+00 
5.275610000e-01 9.562523000e-01 6.162590000e-01 
9.754805000e-01 6.920949000e-04 7.398507000e-01 
7.597947000e-01 1.221255000e-02 9.542858000e-01 
1.240721000e+00 2.101719000e-03 2.102557000e-02 
2.893666000e-01 8.131944000e-01 8.403244000e-01 

5.971057000e-01 4.567512000e-01 9.271946000e-01 
4.692040000e-01 9.630773000e-01 4.955910000e-01 
3.523032000e-03 8.509549000e-01 9.028611000e-01 
4.452671000e-01 7.413125000e-01 8.226645000e-01 
5.441654000e-01 9.334518000e-01 6.139753000e-01 
2.486263000e-02 7.923982000e-01 8.835841000e-01 
9.113481000e-01 6.716751000e-01 4.162619000e-01 
7.913739000e-01 1.469950000e-02 9.127026000e-01 
2.132702000e-03 1.134711000e+00 7.381835000e-01 
9.112656000e-01 7.589860000e-01 1.423766000e-03 
2.947516000e-03 7.640273000e-01 9.932389000e-01 
2.490167000e-03 2.573941000e-01 1.196241000e+00 
1.886438000e-03 3.889293000e-06 1.945847000e+00 
6.935667000e-05 1.109121000e-03 1.794424000e+00 
5.956125000e-01 1.007069000e+00 5.996870000e-03 
4.783401000e-01 6.043038000e-01 9.193690000e-01 
1.715983000e-02 2.350865000e+00 1.021514000e-03 
4.412233000e-02 1.102898000e+00 5.335978000e-01 
7.736660000e-01 2.701952000e-02 9.052447000e-01 
2.142151000e+00 2.280233000e-01 6.034394000e-04 
1.059170000e+00 8.668483000e-01 1.147797000e-04 
9.150713000e-01 1.572056000e-02 8.288911000e-01 
5.533857000e-01 1.015763000e+00 3.752546000e-02 
4.817402000e-02 4.931913000e-01 1.056171000e+00 
1.866069000e-03 1.202909000e+00 1.398746000e-02 
8.583482000e-01 8.122920000e-01 5.683917000e-04 
1.770091000e-04 1.237265000e+00 9.346076000e-02 
8.610131000e-01 4.074147000e-02 7.595524000e-01 
1.012686000e-01 1.043407000e+00 6.072514000e-01 
2.792575000e-02 7.805461000e-01 8.861792000e-01 
6.142913000e-01 7.158110000e-01 7.734433000e-01 
3.430143000e-03 1.165692000e+00 5.500302000e-01 
7.390880000e-01 3.850671000e-02 9.238948000e-01 
3.043226000e-01 3.536894000e-01 1.104098000e+00 
4.599173000e-01 6.883528000e-01 8.296623000e-01 
7.706489000e-01 8.976392000e-01 3.105590000e-02 
2.489912000e+00 3.946161000e-03 7.222181000e-04 
6.515828000e-01 8.762887000e-01 4.897796000e-01 
6.354973000e-01 9.915347000e-01 7.808355000e-03 
4.022284000e-01 7.751151000e-01 8.906598000e-01 
5.299414000e-02 7.238898000e-01 9.416223000e-01 
1.108647000e+00 1.559910000e-02 3.283103000e-01 
6.607875000e-02 1.109643000e+00 3.273759000e-01 
7.273779000e-02 1.106524000e+00 3.231294000e-01 
1.219973000e+00 5.013110000e-02 3.448915000e-03 
8.709071000e-01 2.407232000e-02 8.289799000e-01 
6.684397000e-01 5.266325000e-01 7.937967000e-01 
1.077495000e+00 8.060829000e-01 1.094531000e-03 
7.767397000e-01 8.036138000e-01 3.626458000e-01 
1.230081000e+00 2.703475000e-01 5.137750000e-04 
8.522248000e-01 4.995527000e-02 7.908832000e-01 
5.066050000e-01 7.475691000e-01 7.386486000e-01 
5.764001000e-01 8.324676000e-01 6.187490000e-01 
1.049459000e-02 9.073645000e-01 8.784353000e-01 
5.704641000e-02 6.185460000e-01 9.953940000e-01 
1.034416000e+00 6.735968000e-02 5.565166000e-01 
8.213499000e-04 4.886947000e-01 1.108771000e+00 
7.071434000e-01 9.607240000e-01 3.029047000e-03 
3.534910000e-02 8.530227000e-01 8.120549000e-01 
4.136329000e-01 3.975550000e-01 1.031873000e+00 
7.225193000e-01 5.557248000e-01 7.004378000e-01 
1.174590000e+00 1.377810000e-02 6.541248000e-02 
6.923786000e-03 4.387108000e-01 1.097360000e+00 
4.659706000e-03 4.457874000e-01 1.124896000e+00 
5.286048000e-01 3.036634000e-01 1.023979000e+00 
1.729120000e-04 8.583354000e-01 1.415205000e+00 
1.056108000e-01 7.454722000e-06 1.581935000e+00 
1.037832000e+00 7.581576000e-01 1.470890000e-03 
9.056623000e-01 2.314786000e-02 7.990073000e-01 
4.155654000e-03 8.757838000e-01 8.940191000e-01 
2.131664000e-01 1.199570000e+00 5.014659000e-03 
1.201914000e+00 2.856910000e-04 3.914283000e-01 
1.308887000e-02 1.052365000e+00 5.460126000e-01 
5.970088000e-01 8.424887000e-01 5.444967000e-01 
4.281515000e-01 3.798738000e-01 1.021391000e+00 
1.227100000e+00 7.797334000e-03 1.650670000e-03 
1.055117000e+00 3.789518000e-01 5.138607000e-01 
1.536821000e-03 1.013870000e+00 8.804549000e-01 
5.025161000e-02 1.152385000e+00 5.722739000e-03 
4.489505000e-01 3.500156000e-01 1.046364000e+00 
4.124911000e-01 8.017986000e-01 8.736393000e-01 
1.011151000e+00 1.459888000e-02 6.069033000e-01 
1.092473000e-01 2.153673000e-05 1.411492000e+00 
2.431323000e-02 7.012049000e-01 1.045493000e+00 
9.099540000e-03 7.247342000e-01 9.420625000e-01 
3.081009000e-02 8.915747000e-01 8.350363000e-01 
4.377627000e-02 6.646900000e-01 1.011117000e+00 
4.202141000e-02 9.406057000e-01 7.219499000e-01 
9.407002000e-01 7.173325000e-01 3.969395000e-01 
1.141953000e+00 6.494880000e-01 2.863860000e-03 
8.026197000e-04 3.700691000e-03 1.241127000e+00 
4.517685000e-01 7.698338000e-01 7.753743000e-01 
4.531983000e-02 5.142766000e-01 1.071387000e+00 
1.164349000e+00 7.384319000e-03 1.185799000e-01 
1.125199000e+00 5.224626000e-03 3.597186000e-01 
2.910995000e-03 1.186890000e+00 5.136502000e-03 
2.713448000e+00 7.125943000e-04 2.569167000e-03 
5.845179000e-01 8.806047000e-01 6.142641000e-01 
4.353992000e-01 8.607902000e-01 7.544956000e-01 
5.839797000e-01 5.746897000e-01 8.772672000e-01 
1.014830000e+00 1.227627000e-02 6.952762000e-01 
1.333905000e+00 3.145105000e-04 1.306713000e-02 
3.890866000e-02 5.922376000e-01 1.046371000e+00 
6.336846000e-01 4.497473000e-01 9.112573000e-01 
1.052118000e+00 4.002604000e-03 6.385273000e-01 
5.813313000e-01 9.854727000e-01 1.140033000e-02 
4.020057000e-01 5.847652000e-01 9.629060000e-01 
8.877399000e-01 7.664708000e-01 1.246866000e-02 
3.753877000e-02 1.124340000e+00 3.400817000e-01 
1.202171000e+00 8.905189000e-03 7.504668000e-03 
2.384699000e+00 1.159148000e-01 7.330270000e-04 
5.040527000e-01 7.055622000e-01 8.258184000e-01 
6.943783000e-03 1.061981000e+00 5.500332000e-01 
3.607128000e-03 9.152040000e-01 8.893971000e-01 
1.312507000e+00 7.248838000e-04 1.373149000e-02 
5.870737000e-02 1.301563000e+00 2.373847000e-04 
1.204081000e-02 1.204763000e+00 4.637427000e-03 
9.624050000e-01 6.372510000e-01 1.211116000e-02 
1.065367000e-01 1.220178000e+00 1.315605000e-03 
4.197749000e-02 1.543798000e+00 3.533264000e-04 
1.225076000e+00 1.099397000e-02 1.837855000e-03 
4.193145000e-01 6.047591000e-01 9.321869000e-01 
7.536870000e-01 8.060375000e-01 3.467445000e-01 
7.625056000e-02 1.038102000e+00 6.263963000e-01 
7.348071000e-01 9.770312000e-01 1.578663000e-03 
1.058562000e+00 2.357874000e-01 5.257887000e-01 
3.561461000e-01 2.432715000e-01 1.089663000e+00 
7.648623000e-04 5.733906000e-04 1.332923000e+00 
9.388657000e-01 1.834133000e-03 8.955651000e-01 
1.065667000e+00 8.569438000e-04 5.052875000e-01 
3.986044000e-02 1.122914000e+00 2.936324000e-01 
6.051378000e-01 9.025612000e-03 9.926515000e-01 
1.144035000e+00 7.938096000e-01 9.068579000e-04 
8.817373000e-01 2.469542000e-02 8.157105000e-01 
7.677426000e-02 1.144955000e+00 1.273644000e-02 
6.770435000e-01 9.192872000e-01 3.345566000e-01 
5.115289000e-01 3.709762000e-01 1.043606000e+00 
7.848631000e-01 1.482161000e-02 8.980722000e-01 
8.803810000e-01 1.355707000e-02 8.626895000e-01 
3.686258000e-02 5.996252000e-01 1.029868000e+00 
5.101432000e-04 7.479508000e-05 1.934879000e+00 
5.358714000e-01 1.083727000e+00 5.290591000e-03 
1.100485000e+00 2.572681000e-02 3.527922000e-01 
4.526321000e-01 9.133377000e-01 6.217218000e-01 
1.494502000e-01 2.138376000e-01 1.163186000e+00 
3.141621000e-02 8.444988000e-01 8.634081000e-01 
8.417085000e-01 6.548155000e-01 5.235824000e-01 
3.591027000e-02 1.957621000e-05 1.592919000e+00 
6.100141000e-01 5.263847000e-01 8.850004000e-01 
9.903863000e-01 2.219642000e-02 6.249593000e-01 
4.015161000e-01 9.407883000e-01 6.412872000e-01 
9.269970000e-01 5.394049000e-02 7.256951000e-01 
2.233517000e-02 8.489852000e-01 8.474089000e-01 
4.279639000e-01 6.114493000e-01 9.122122000e-01 
1.082973000e+00 2.083185000e-05 6.122086000e-01 
6.856894000e-01 4.421689000e-01 9.294368000e-01 
2.705280000e-05 1.032185000e-02 1.979555000e+00 
1.145210000e+00 1.266907000e-02 3.404768000e-01 
7.690549000e-01 5.906181000e-01 6.955775000e-01 
7.622904000e-01 1.133528000e-02 9.135780000e-01 
2.585425000e-02 8.651917000e-01 8.431823000e-01 
4.465185000e-03 4.491577000e-01 1.104519000e+00 
2.100075000e-02 8.916420000e-01 8.261579000e-01 
2.244302000e-02 8.811766000e-01 8.381598000e-01 
7.259140000e-01 5.737361000e-02 9.139254000e-01 
9.138416000e-01 5.148204000e-01 5.275512000e-01 
2.754047000e-02 1.163372000e+00 6.247329000e-02 
8.080768000e-01 4.749447000e-01 8.423630000e-01 
1.071519000e+00 5.141873000e-01 3.441069000e-02 
6.705633000e-01 9.439024000e-01 9.346077000e-03 
7.705029000e-01 4.730305000e-01 8.916231000e-01 
3.393013000e-01 3.115057000e-01 1.097604000e+00 
3.544739000e-02 5.964090000e-01 1.036020000e+00 
1.017753000e+00 1.121199000e-03 7.050467000e-01 
7.187601000e-01 4.769413000e-01 7.978156000e-01 
5.236204000e-01 5.604728000e-01 9.258948000e-01 
5.296376000e-01 1.122523000e+00 1.689707000e-03 
6.818298000e-01 7.551177000e-01 6.646139000e-01 
4.457446000e-01 9.964813000e-01 5.671791000e-01 
6.800246000e-01 8.813845000e-01 3.792418000e-01 
3.507149000e-01 2.386680000e-01 1.092034000e+00 
6.079630000e-01 3.240461000e-02 9.910565000e-01 
9.072755000e-01 4.863958000e-01 6.076627000e-01 
1.875350000e-02 9.470305000e-01 7.429650000e-01 
4.725148000e-01 3.490018000e-01 1.060516000e+00 
8.436792000e-01 6.433342000e-01 6.369232000e-01 
1.279800000e-01 9.047084000e-01 7.467333000e-01 
5.805011000e-01 8.559413000e-03 1.031461000e+00 
4.182318000e-01 6.586163000e-01 9.275356000e-01 
9.165620000e-01 7.253906000e-01 7.020435000e-02 
5.828602000e-01 9.777911000e-01 3.721670000e-01 
7.246634000e-02 7.723024000e-01 8.990081000e-01 
3.325526000e-03 2.253419000e-03 1.178206000e+00 
4.487046000e-01 1.033411000e+00 3.610997000e-01 
1.029798000e-02 1.040701000e+00 6.317640000e-01 
6.158924000e-01 9.093214000e-01 3.507555000e-01 
1.266720000e-02 9.417474000e-01 8.521999000e-01 
1.039607000e+00 2.941501000e-02 5.940002000e-01 
5.971952000e-01 8.805562000e-03 9.980497000e-01 
5.739689000e-04 9.296361000e-01 9.229723000e-01 
1.021537000e+00 5.601868000e-01 9.094876000e-02 
7.696890000e-02 1.091560000e+00 4.995001000e-01 
6.986112000e-03 5.969222000e-01 1.053195000e+00 
9.476606000e-01 6.863525000e-01 4.009896000e-01 
3.679907000e-01 2.327477000e-01 1.137522000e+00 
6.487787000e-01 1.058099000e+00 8.961382000e-04 
1.128750000e+00 7.810734000e-01 1.200082000e-03 
5.856071000e-05 1.207467000e+00 5.672527000e-01 
5.868971000e-01 6.162604000e-01 8.100371000e-01 
1.028959000e+00 8.410856000e-03 6.139413000e-01 
2.604895000e-02 1.142010000e+00 3.232825000e-01 
1.058767000e+00 5.090261000e-01 7.278341000e-02 
7.929210000e-01 8.497791000e-01 8.675132000e-02 
4.160647000e-02 9.227539000e-01 7.285199000e-01 
6.345129000e-01 1.046112000e+00 1.652994000e-03 
5.960879000e-01 8.475426000e-01 5.797859000e-01 
4.076474000e-01 6.705462000e-01 8.931083000e-01 
4.611678000e-02 1.516582000e+00 6.838002000e-04 
7.474547000e-01 8.836427000e-01 3.766306000e-01 
9.127442000e-04 1.221345000e+00 7.114382000e-03 
3.665778000e-01 8.047688000e-01 8.545031000e-01 
5.172305000e-02 7.355063000e-01 9.268110000e-01 
4.781169000e-04 4.403856000e-04 1.460189000e+00 
4.719732000e-02 6.360522000e-01 1.025453000e+00 
4.574153000e-01 1.042644000e+00 3.608796000e-01 
4.360268000e-01 8.715935000e-01 7.013318000e-01 
5.923381000e-01 9.670242000e-01 3.798767000e-01 
1.084110000e+00 5.631825000e-01 3.055955000e-03 
5.437738000e-01 9.090827000e-03 1.067866000e+00 
8.297889000e-01 3.023486000e-02 8.329521000e-01 
6.873465000e-01 5.070514000e-01 8.426761000e-01 
6.999237000e-03 1.047479000e+00 5.676257000e-01 
7.296068000e-01 4.604576000e-02 9.230957000e-01 
8.526824000e-01 5.245332000e-01 6.120892000e-01 
7.116951000e-01 7.563243000e-01 5.452352000e-01 
3.523171000e-01 2.538836000e-01 1.089167000e+00 
1.057758000e+00 6.411196000e-01 6.325945000e-03 
5.581761000e-02 5.941658000e-01 1.038731000e+00 
6.015883000e-04 5.267518000e-01 1.090579000e+00 
2.902373000e-01 1.435506000e+00 8.881911000e-05 
8.360928000e-01 6.230065000e-01 6.819993000e-01 
1.621445000e-02 9.210463000e-01 8.112770000e-01 
1.035559000e+00 6.717631000e-01 2.546853000e-03 
7.618912000e-01 1.265518000e-02 9.185996000e-01 
1.067292000e-04 1.345157000e-02 1.431125000e+00 
1.087844000e+00 5.208129000e-02 3.630246000e-01 
9.999070000e-01 1.468285000e-02 6.304071000e-01 
1.246695000e+00 9.232946000e-03 1.400551000e-03 
2.647935000e-01 5.736023000e-01 1.045053000e+00 
8.156841000e-01 6.503081000e-01 6.228848000e-01 
9.003435000e-02 1.011865000e+00 6.158234000e-01 
1.096204000e+00 5.635689000e-01 2.927522000e-03 
4.193809000e-01 6.047139000e-03 1.125081000e+00 
2.155703000e-02 8.829914000e-01 8.511380000e-01 
8.323212000e-03 1.182133000e+00 1.014620000e-02 
1.209141000e+00 1.546723000e-02 4.384158000e-03 
8.366369000e-01 7.997863000e-01 1.179481000e-02 
7.992393000e-01 8.329232000e-01 3.296342000e-01 
5.080245000e-03 1.132938000e+00 7.080925000e-01 
8.043685000e-01 7.817087000e-01 3.649561000e-01 
1.131874000e+00 1.433496000e-01 3.208298000e-01 
5.236623000e-04 1.286314000e-01 1.345247000e+00 
1.030413000e+00 6.342308000e-01 7.281344000e-02 
4.934150000e-01 7.409059000e-01 7.820037000e-01 
8.058208000e-01 3.785036000e-01 8.637213000e-01 
5.711383000e-01 9.065365000e-01 6.152700000e-01 
8.911451000e-01 7.378840000e-01 3.834015000e-01 
1.201615000e+00 7.637384000e-03 7.767646000e-03 
4.442147000e-01 2.674577000e-03 1.097671000e+00 
6.338366000e-01 1.079981000e+00 3.536111000e-03 
5.921539000e-01 1.044875000e+00 7.877310000e-03 
9.700703000e-01 5.415229000e-01 3.531629000e-01 
3.517936000e-01 6.096483000e-01 9.538826000e-01 
1.510399000e-02 9.513830000e-05 1.317467000e+00 
6.766147000e-02 1.047882000e+00 5.462262000e-01 
4.470687000e-01 3.522762000e-01 1.057659000e+00 
5.512650000e-02 7.131305000e-01 9.416789000e-01 
7.833892000e-01 5.198214000e-01 7.723370000e-01 
9.463167000e-01 5.074014000e-01 5.544906000e-01 
1.042034000e+00 9.994210000e-03 5.996452000e-01 
1.156004000e+00 5.187341000e-02 1.319174000e-03 
3.994744000e-01 5.985744000e-01 9.480127000e-01 
2.337646000e-02 1.313621000e+00 9.573504000e-04 
1.179476000e+00 4.262778000e-03 4.007494000e-01 
1.223649000e+00 3.815041000e-01 2.901386000e-04 
1.198445000e+00 1.019317000e-02 1.478534000e-02 
5.023710000e-01 8.355373000e-01 6.463038000e-01 
1.049608000e+00 9.741914000e-03 6.094836000e-01 
1.035492000e+00 4.626285000e-01 5.169393000e-01 
1.015295000e+00 6.576680000e-01 7.647160000e-03 
3.629730000e-04 1.219366000e+00 3.997303000e-01 
1.013729000e+00 6.859680000e-01 8.216359000e-03 
1.513517000e-02 1.203298000e+00 1.498001000e-03 
1.062791000e+00 1.657950000e-02 5.201587000e-01 
5.852396000e-03 1.274218000e+00 1.974965000e-03 
1.183822000e+00 4.649363000e-03 4.673352000e-02 
8.822411000e-01 5.543199000e-01 5.147621000e-01 
6.998311000e-01 9.930255000e-01 2.377566000e-03 
6.433450000e-01 8.822776000e-01 4.937980000e-01 
7.793747000e-03 1.520888000e-04 1.212365000e+00 
4.344286000e-02 7.446133000e-01 9.167892000e-01 
6.882197000e-03 4.869124000e-03 1.163646000e+00 
5.789975000e-01 6.094438000e-01 8.779835000e-01 
5.643072000e-02 7.521690000e-01 9.137819000e-01 
5.651222000e-01 9.896439000e-01 3.685243000e-01 
5.739519000e-02 5.783930000e-01 1.028519000e+00 
3.033745000e-01 5.082718000e-01 9.904536000e-01 
5.152741000e-03 5.069460000e-01 1.076945000e+00 
3.071815000e-02 9.492278000e-01 7.213959000e-01 
6.436975000e-02 1.099731000e+00 4.883542000e-01 
6.352998000e-01 9.933308000e-01 7.905991000e-03 
4.747163000e-01 7.092986000e-01 8.137884000e-01 
7.746935000e-01 5.225764000e-01 7.670453000e-01 
8.668288000e-01 4.957891000e-01 7.103649000e-01 
6.090699000e-02 1.226673000e+00 5.620472000e-04 
9.603233000e-01 3.055192000e-02 7.517289000e-01 
4.540748000e-01 1.007419000e+00 5.191968000e-01 
3.889194000e-03 7.091988000e-01 9.443606000e-01 
8.813339000e-01 5.499564000e-01 5.292547000e-01 
1.058364000e-01 1.104286000e+00 3.445571000e-01 
5.956830000e-03 8.026180000e-01 8.799244000e-01 
6.396277000e-01 4.135987000e-01 9.556277000e-01 
3.923254000e-01 2.276204000e-01 1.132157000e+00 
6.182344000e-01 5.243252000e-03 1.026362000e+00 
2.889024000e-02 9.091504000e-01 7.939678000e-01 
7.946170000e-01 3.353893000e-02 8.890400000e-01 
1.860248000e-02 1.026691000e+00 7.000905000e-01 
1.652143000e-02 8.116667000e-01 8.791531000e-01 
5.812757000e-01 4.961124000e-01 8.934151000e-01 
6.323316000e-01 8.935457000e-01 3.466475000e-01 
6.646685000e-01 7.179882000e-01 7.731539000e-01 
4.738753000e-01 1.056078000e+00 3.366869000e-01 
2.758270000e-01 4.726718000e-01 1.041478000e+00 
5.280493000e-01 5.049402000e-01 9.155784000e-01 
1.892968000e-02 9.741075000e-01 6.385580000e-01 
3.376205000e-01 2.445973000e-01 1.128904000e+00 
1.002516000e+00 2.401245000e-02 6.115748000e-01 
4.587758000e-01 9.045737000e-01 6.394496000e-01 
7.143143000e-01 5.326571000e-04 9.294496000e-01 
3.272383000e-02 1.133869000e+00 3.532369000e-01 
5.445052000e-01 5.205039000e-01 9.136398000e-01 
8.525518000e-01 6.552606000e-01 5.224287000e-01 
7.014590000e-02 8.389681000e-01 8.379705000e-01 
5.853495000e-01 5.309179000e-01 8.732714000e-01 
1.065164000e+00 5.487982000e-01 1.422283000e-02 
9.483107000e-01 7.005231000e-01 5.169482000e-02 
3.119610000e-02 9.682941000e-01 7.076947000e-01 
5.214715000e-01 2.839071000e-01 1.050729000e+00 
1.052346000e+00 8.288538000e-02 5.321110000e-01 
8.764734000e-01 5.214939000e-01 6.514294000e-01 
1.205141000e+00 7.432681000e-04 6.353069000e-03 
1.753727000e-02 1.050844000e+00 5.368640000e-01 
4.391242000e-01 7.460805000e-01 7.998444000e-01 
6.194692000e-01 5.782221000e-01 7.976100000e-01 
4.190540000e-02 7.495711000e-01 9.231951000e-01 
4.215133000e-01 1.039697000e+00 3.739863000e-01 
1.049928000e+00 1.552185000e-02 5.540551000e-01 
1.045013000e+00 5.400021000e-01 1.879332000e-02 
5.420418000e-01 5.443837000e-01 8.859827000e-01 
9.988256000e-01 5.350791000e-01 3.337620000e-01 
5.592872000e-01 1.847595000e-02 1.039067000e+00 
4.625021000e-01 1.126079000e-04 1.092091000e+00 
1.701894000e-01 8.908763000e-01 7.430705000e-01 
1.161251000e+00 1.395579000e-02 5.616734000e-02 
1.170619000e+00 2.330000000e-02 4.214480000e-02 
8.131306000e-02 1.082136000e+00 5.293972000e-01 
6.947097000e-01 7.075175000e-01 6.265026000e-01 
6.530145000e-01 3.520005000e-01 9.507141000e-01 
4.617989000e-01 2.578225000e-02 1.083555000e+00 
4.891135000e-01 1.038217000e+00 3.782752000e-02 
1.101017000e+00 5.007046000e-01 1.318534000e-02 
4.279057000e-01 2.428713000e-01 1.060950000e+00 
1.822225000e-02 4.187966000e-01 1.105794000e+00 
5.316568000e-01 1.029882000e+00 1.191433000e-02 
1.002516000e+00 2.401245000e-02 6.115748000e-01 
6.794754000e-01 2.262648000e-02 9.424576000e-01 
7.676627000e-01 8.374856000e-01 9.464003000e-02 
7.095878000e-01 5.592396000e-01 6.969461000e-01 
6.819425000e-01 5.243375000e-01 7.994199000e-01 
1.410414000e-01 1.008826000e+00 5.839035000e-01 
3.171816000e-01 4.839060000e-01 1.027125000e+00 
8.585073000e-01 5.181912000e-02 7.852379000e-01 
1.183618000e+00 1.226683000e-02 6.381313000e-02 
5.171397000e-01 1.033236000e+00 3.498567000e-02 
4.168186000e-01 3.879208000e-01 1.022493000e+00 
5.953961000e-01 6.229836000e-01 7.839782000e-01 
1.114437000e-02 7.498076000e-01 9.151869000e-01 
2.721478000e-01 4.630718000e-01 1.053486000e+00 
6.689606000e-01 9.230013000e-01 2.099802000e-02 
8.135021000e-01 2.972310000e-02 8.414469000e-01 
5.772368000e-01 1.901097000e-02 1.034969000e+00 
7.679519000e-01 1.967246000e-02 9.057692000e-01 
9.245736000e-01 1.740657000e-02 7.913649000e-01 

1.084427000e+00 2.487685000e-03 6.145350000e-01 
5.247281000e-01 5.722561000e-01 9.052048000e-01 
4.515027000e-01 7.085069000e-01 8.694411000e-01 
1.213885000e+00 1.976168000e-01 6.258292000e-03 
5.480052000e-01 9.848662000e-01 4.784757000e-01 
4.460645000e-01 1.018638000e+00 6.115820000e-01 
2.892884000e-02 1.261096000e+00 8.107022000e-05 
6.038328000e-01 1.042057000e+00 1.753588000e-02 
4.673465000e-04 9.888532000e-04 1.262863000e+00 
4.250276000e-03 4.762420000e-03 1.198041000e+00 
4.475146000e-02 1.083956000e+00 5.630848000e-01 
9.516208000e-03 5.322265000e-01 1.179196000e+00 
7.546004000e-01 9.416974000e-01 4.269503000e-02 
6.728894000e-05 7.068979000e-06 9.406206000e+00 
3.549068000e-01 5.485502000e-01 1.005922000e+00 
9.633178000e-01 5.224522000e-01 5.934398000e-01 
1.133029000e+00 4.360579000e-02 5.465209000e-01 
2.607189000e-04 1.002302000e+00 9.216503000e-01 
1.139900000e+00 3.839398000e-02 4.744790000e-01 
1.801640000e+00 1.737339000e-03 2.074860000e-02 
3.608698000e-02 9.113756000e-01 8.010458000e-01 
9.583710000e-01 9.349653000e-03 8.103224000e-01 
6.028320000e-01 1.478714000e-01 1.019955000e+00 
4.405630000e-05 4.348140000e-04 6.880289000e+00 
3.613571000e-02 1.186977000e+00 5.573419000e-02 
1.197467000e-01 1.222216000e+00 5.603583000e-04 
1.332386000e-03 1.191116000e+00 5.169282000e-01 
2.642776000e+00 3.416526000e-04 1.745770000e-02 
2.047297000e-03 1.118900000e+00 4.887868000e-01 
2.263294000e-02 8.199499000e-01 8.797181000e-01 
9.579502000e-01 2.251379000e-01 6.595374000e-01 
7.991034000e-01 9.035597000e-01 1.848263000e-02 
7.192070000e-01 9.264714000e-01 1.686690000e-01 
6.851219000e-01 8.803656000e-01 4.760125000e-01 
4.663160000e-03 9.548941000e-01 7.546795000e-01 
3.439417000e-03 6.197852000e-01 1.033266000e+00 
9.455773000e-01 6.251591000e-01 4.710293000e-01 
1.898010000e-03 1.081496000e+00 6.792295000e-01 
2.861030000e-03 6.366761000e-01 1.045370000e+00 
4.286809000e-01 3.042787000e-01 1.103222000e+00 
7.730061000e-01 4.650017000e-01 8.588089000e-01 
7.297115000e-01 9.394499000e-01 6.046357000e-02 
1.901411000e+00 1.797434000e-03 9.222271000e-03 
6.748293000e-01 9.061712000e-01 5.203076000e-01 
9.738014000e-01 1.018384000e-01 6.937131000e-01 
1.587958000e-02 8.597475000e-01 8.797672000e-01 
4.078609000e-01 5.736767000e-01 9.718892000e-01 
3.644860000e-01 4.672568000e-01 1.062511000e+00 
3.584349000e-02 5.633443000e-01 1.091564000e+00 
6.528464000e-01 7.731474000e-03 9.813995000e-01 
1.137811000e-01 1.185017000e+00 5.916231000e-03 
2.206743000e-02 5.214385000e-01 1.108174000e+00 
5.335687000e-02 6.750489000e-01 9.796442000e-01 
9.946981000e-01 6.744804000e-01 4.760476000e-02 
4.881013000e-02 7.065722000e-01 9.672537000e-01 
6.686519000e-01 8.824750000e-01 5.735163000e-01 
5.391920000e-05 3.326057000e-05 1.308313000e+00 
3.581403000e-03 1.175612000e+00 4.416681000e-01 
9.701096000e-01 1.036958000e-02 7.963805000e-01 
5.493714000e-04 1.286465000e+00 6.234950000e-03 
8.755532000e-01 2.622104000e-01 7.833225000e-01 
7.329017000e-01 8.696989000e-01 4.696062000e-01 
6.325494000e-01 1.980730000e-02 1.054853000e+00 
3.106128000e-02 2.182659000e+00 2.093716000e-05 
9.848479000e-06 5.765023000e-03 1.394635000e+00 
6.466325000e-01 4.286013000e-01 9.350219000e-01 
1.150765000e+00 2.797007000e-01 3.397986000e-02 
6.150985000e-03 6.032748000e-01 1.101088000e+00 
1.068381000e+00 5.970272000e-01 1.102120000e-02 
1.241539000e+00 1.350020000e-02 1.123657000e-02 
8.391860000e-01 4.160833000e-01 7.956644000e-01 
9.919384000e-03 6.065733000e-01 1.054540000e+00 
6.189622000e-01 1.490031000e-01 1.018281000e+00 
5.869606000e-01 9.368343000e-01 3.809123000e-01 
1.972964000e-05 8.817257000e-04 2.096404000e+00 
9.497848000e-01 6.152180000e-01 4.626774000e-01 
9.895760000e-01 3.167213000e-01 6.242122000e-01 
9.248766000e-01 5.032145000e-01 5.998600000e-01 
6.563130000e-01 8.620877000e-01 5.866659000e-01 
7.861084000e-04 9.436665000e-01 8.203467000e-01 
6.150146000e-03 9.202887000e-01 8.013721000e-01 
4.431800000e-01 6.918905000e-01 9.086373000e-01 
8.221935000e-01 4.169485000e-01 7.793386000e-01 
1.052198000e+00 2.676159000e-01 4.936385000e-01 
2.124999000e+00 1.025881000e-03 9.803959000e-03 
1.540294000e-03 8.201678000e-01 9.219626000e-01 
8.279941000e-01 8.240337000e-01 4.940221000e-01 
8.111467000e-01 4.193459000e-01 7.679167000e-01 
7.054108000e-01 1.410761000e-03 1.061873000e+00 
4.385434000e-02 7.079426000e-01 9.767592000e-01 
4.539394000e-01 2.992536000e-01 1.081108000e+00 
8.675648000e-01 6.279809000e-01 6.027569000e-01 
3.898236000e-04 1.227950000e+00 1.126249000e-02 
1.776206000e-04 1.226416000e+00 5.167255000e-01 
1.041075000e+00 6.587461000e-01 2.478964000e-02 
1.222044000e+00 1.267052000e-02 4.140933000e-02 
1.852788000e-02 8.832362000e-01 8.215952000e-01 
3.776756000e-01 7.156748000e-01 8.754086000e-01 
8.970498000e-01 2.707549000e-01 7.707582000e-01 
2.711605000e-01 3.651018000e-01 1.161143000e+00 
1.291516000e+00 2.121459000e-02 7.880644000e-04 
2.224915000e-03 6.588517000e-01 1.037428000e+00 
7.471403000e-01 9.540608000e-01 4.500690000e-02 
8.182944000e-01 8.300799000e-01 4.884042000e-01 
7.332457000e-01 1.058018000e+00 1.385764000e-02 
1.090465000e+00 6.486379000e-01 2.442204000e-06 
3.524154000e-01 4.040286000e-01 1.118254000e+00 
8.413341000e-01 8.302768000e-01 6.341742000e-02 
9.078783000e-01 4.232621000e-02 8.148084000e-01 
1.569000000e-02 8.339160000e-01 8.892864000e-01 
1.175647000e+00 7.109231000e-02 1.881076000e-02 
1.325763000e-03 7.042113000e-01 1.012591000e+00 
4.005293000e-01 7.148973000e-01 9.241690000e-01 
9.771861000e-01 6.997252000e-01 2.113537000e-03 
7.120582000e-01 9.456331000e-01 5.404248000e-02 
2.341587000e-03 1.127231000e+00 4.814693000e-01 
1.405932000e-02 1.215016000e+00 1.088746000e-02 
8.144923000e-01 8.747276000e-01 8.218437000e-02 
4.364163000e-01 5.300255000e-01 1.033187000e+00 
1.956375000e+00 9.832746000e-04 7.176227000e-02 
2.981628000e-01 3.575133000e-01 1.128462000e+00 
8.882191000e-01 8.087895000e-01 5.178053000e-01 
9.971334000e-01 6.792060000e-01 8.363280000e-06 
1.036610000e+00 4.221732000e-04 7.222570000e-01 
9.823644000e-01 7.606946000e-01 1.796637000e-03 
3.915805000e-01 7.101882000e-01 9.273933000e-01 
1.104264000e+00 1.905203000e-01 4.402362000e-01 
1.006882000e-03 1.318085000e+00 8.380033000e-04 
7.505529000e-01 9.749589000e-01 1.488681000e-02 
7.032711000e-01 4.196123000e-03 1.034860000e+00 
4.291688000e-04 1.861656000e-05 1.681432000e+00 
1.064930000e+00 6.286704000e-01 9.980703000e-03 
5.343202000e-01 1.765636000e-02 1.127274000e+00 
1.142769000e+00 2.327397000e-01 3.592722000e-02 
3.804231000e-03 6.417997000e-01 1.025882000e+00 
9.632447000e-02 1.130672000e+00 4.152879000e-01 
6.271739000e-04 8.342905000e-01 1.198893000e+00 
1.074988000e+00 2.872200000e-01 4.607800000e-01 
9.959237000e-01 3.107673000e-01 5.978194000e-01 
6.522898000e-01 1.699231000e-02 9.842011000e-01 
1.095704000e+00 4.911191000e-01 2.601430000e-02 
1.281477000e+00 2.560353000e-02 1.191151000e-03 
9.275605000e-01 1.678537000e-01 7.327398000e-01 
5.682864000e-01 2.944786000e-01 1.038094000e+00 
8.248377000e-01 8.699702000e-01 1.772334000e-01 
4.826615000e-01 6.465316000e-01 9.133913000e-01 
4.587492000e-01 1.093925000e-01 1.088472000e+00 
5.577012000e-01 6.846316000e-01 8.269396000e-01 
7.424947000e-01 9.915183000e-01 2.563092000e-03 
7.839473000e-01 2.156064000e-01 9.119532000e-01 
4.570304000e-01 1.869126000e-01 1.087245000e+00 
1.501674000e-03 6.742132000e-01 1.013391000e+00 
5.211009000e-01 2.056290000e-02 1.086202000e+00 
3.517663000e-01 4.221249000e-01 1.101518000e+00 
3.597636000e-01 4.034340000e-01 1.122483000e+00 
1.059314000e+00 2.714206000e-03 6.254483000e-01 
1.162078000e+00 2.446423000e-01 7.066002000e-03 
1.015906000e+00 5.046304000e-01 5.232249000e-01 
7.300767000e-01 9.234636000e-01 6.851501000e-02 
8.036143000e-01 5.485623000e-01 7.298905000e-01 
4.205794000e-01 8.349237000e-01 8.163373000e-01 
7.047326000e-01 9.364602000e-01 1.623748000e-01 
2.441849000e-01 4.372594000e-01 1.063920000e+00 
4.870376000e-01 8.015440000e-01 7.691703000e-01 
1.370862000e-03 1.224775000e+00 4.748108000e-01 
7.534856000e-03 4.721639000e-02 1.193572000e+00 
1.265872000e+00 2.512020000e-03 1.347298000e-02 
9.844414000e-02 9.314235000e-01 7.949172000e-01 
1.289011000e+00 3.606418000e-02 2.284605000e-05 
8.262046000e-01 2.933907000e-02 9.496860000e-01 
8.069370000e-01 4.807537000e-01 7.926353000e-01 
3.306156000e-01 5.678417000e-01 9.961272000e-01 
4.175953000e-01 8.891677000e-01 7.307550000e-01 
5.818852000e-01 1.038597000e+00 1.784410000e-01 
1.223531000e+00 2.206458000e-03 2.520460000e-02 
1.600654000e+00 5.928945000e-04 1.409975000e-01 
6.600461000e-01 1.644607000e-01 9.758195000e-01 
9.381353000e-01 2.516469000e-02 7.694619000e-01 
4.743330000e-01 5.314825000e-01 9.928376000e-01 
9.182848000e-03 8.995095000e-01 8.637269000e-01 
8.049997000e-01 4.470682000e-01 8.742336000e-01 
7.282799000e-01 9.441906000e-01 7.221687000e-02 
2.219790000e-01 4.094668000e-01 1.130169000e+00 
5.741049000e-01 8.951666000e-01 6.280405000e-01 
4.870920000e-05 6.274631000e-02 1.358598000e+00 
4.194927000e-01 8.764764000e-01 6.916213000e-01 
4.423482000e-01 2.916851000e-01 1.089904000e+00 
8.553579000e-01 8.060011000e-01 5.501266000e-01 
1.033831000e+00 5.042622000e-01 4.793881000e-01 
6.019697000e-01 7.724760000e-01 6.949771000e-01 
1.188204000e+00 2.590192000e-02 3.170005000e-02 
6.578685000e-02 6.581310000e-01 1.010004000e+00 
1.085053000e-03 1.193790000e+00 5.174064000e-01 
1.129684000e+00 6.524365000e-02 4.327437000e-01 
5.053490000e-01 1.081733000e+00 3.152152000e-02 
8.426386000e-01 8.239727000e-01 2.411061000e-02 
1.047702000e+00 5.765313000e-01 1.254639000e-02 
6.858679000e-01 7.165521000e-01 6.609480000e-01 
2.956250000e-03 2.781287000e-02 1.207097000e+00 
7.181964000e-01 7.633341000e-01 6.488506000e-01 
7.006259000e-01 4.085852000e-01 9.184163000e-01 
9.832748000e-01 7.085033000e-01 2.111443000e-03 
1.262669000e+00 3.356596000e-03 1.705651000e-02 
1.286383000e+00 6.309435000e-02 5.145718000e-04 
6.011744000e-01 7.020714000e-01 7.738072000e-01 
1.078596000e+00 6.504019000e-01 5.657417000e-04 
2.584873000e-02 1.248017000e+00 2.253597000e-03 
1.261490000e+00 6.288391000e-02 5.801634000e-04 
1.032889000e+00 6.723287000e-01 1.898728000e-02 
5.819130000e-01 1.042672000e+00 1.691592000e-01 
7.621975000e-01 3.980112000e-01 9.197705000e-01 
8.981664000e-01 5.959067000e-01 5.843922000e-01 
9.452819000e-01 5.133645000e-02 7.397679000e-01 
1.733880000e-03 1.173524000e+00 4.562656000e-01 
4.493494000e-02 7.065906000e-01 9.754140000e-01 
1.018065000e+00 1.170228000e-03 7.095129000e-01 
1.828039000e-02 5.895483000e-01 1.056460000e+00 
5.036540000e-01 9.317943000e-01 6.063009000e-01 
1.070636000e+00 5.742979000e-01 3.630520000e-02 
4.746724000e-01 1.083557000e+00 1.094892000e-02 
1.390048000e-03 1.027130000e+00 7.658613000e-01 
4.002593000e-03 1.290374000e+00 2.427285000e-03 
9.839473000e-01 1.755779000e-02 7.494602000e-01 
1.042465000e+00 3.087746000e-01 5.921130000e-01 
8.440533000e-01 7.565540000e-02 8.892349000e-01 
1.227814000e+00 2.212464000e-02 2.485828000e-02 
6.110208000e-01 1.030784000e+00 5.009382000e-02 
7.352007000e-01 3.724620000e-01 9.312891000e-01 
2.975588000e-01 3.922631000e-01 1.150540000e+00 
6.355383000e-01 3.774406000e-02 1.050762000e+00 
9.742111000e-01 5.830444000e-01 4.730964000e-01 
4.911964000e-02 5.316043000e-01 1.076820000e+00 
5.397053000e-03 7.773700000e-01 9.801250000e-01 
5.638858000e-01 3.657034000e-01 1.013642000e+00 
5.217966000e-01 9.903886000e-01 4.759494000e-01 
4.835016000e-01 3.271511000e-01 1.068356000e+00 
6.837689000e-01 8.872054000e-01 5.309353000e-01 
5.032701000e-01 6.754849000e-01 9.109780000e-01 
1.708221000e-02 1.189735000e+00 4.068563000e-03 
9.498143000e-01 5.089215000e-02 7.199511000e-01 
8.746642000e-01 1.908118000e-01 8.250542000e-01 
1.278213000e-02 9.034422000e-01 8.410386000e-01 
6.029733000e-01 1.541240000e-01 9.981964000e-01 
1.306062000e-03 4.329043000e-05 1.293221000e+00 
7.298892000e-01 9.617983000e-01 1.851439000e-02 
7.035648000e-01 1.065401000e+00 4.900672000e-04 
3.575304000e-02 5.720855000e-01 1.086609000e+00 
9.643181000e-01 5.279960000e-01 5.860130000e-01 
1.106945000e-02 1.278100000e+00 1.695208000e-03 
1.079427000e+00 5.714005000e-01 3.058887000e-02 
1.187216000e+00 5.332465000e-02 2.564460000e-02 
7.141200000e-01 4.360358000e-01 9.112743000e-01 
1.112640000e+00 5.948852000e-02 5.899653000e-01 
7.495361000e-02 8.170991000e-01 8.745912000e-01 
2.879910000e-02 8.769980000e-01 8.762074000e-01 
1.237085000e+00 8.998251000e-02 5.690167000e-03 
6.040080000e-01 1.450580000e-01 1.046934000e+00 
4.805416000e-01 8.213557000e-01 7.753228000e-01 
1.216032000e+00 1.870480000e-01 1.370463000e-02 
1.061262000e+00 6.754990000e-01 3.667239000e-03 
7.836406000e-01 2.401599000e-01 9.324251000e-01 
5.060720000e-04 9.438432000e-01 8.261514000e-01 
3.511010000e-01 3.550123000e-01 1.142677000e+00 
1.000743000e+00 3.087146000e-03 6.382048000e-01 
1.280982000e-03 7.062214000e-01 1.012552000e+00 
1.862430000e-02 8.347442000e-01 8.871390000e-01 
5.098118000e-01 9.433364000e-02 1.085834000e+00 
3.601735000e-01 3.775825000e-01 1.127951000e+00 
5.174869000e-01 6.645538000e-01 8.616598000e-01 
1.278788000e+00 3.078958000e-03 1.554182000e-03 
6.765750000e-01 7.483689000e-01 7.118381000e-01 
2.860820000e-03 5.976449000e-01 1.139655000e+00 
7.351846000e-01 9.608759000e-01 4.519162000e-02 
1.560341000e-01 1.183141000e+00 2.940362000e-02 
6.131898000e-01 1.090684000e+00 2.294344000e-04 
1.290559000e+00 1.119713000e-02 8.764523000e-04 
5.549079000e-01 9.497112000e-01 4.608633000e-01 
7.048115000e-03 1.260454000e+00 1.803204000e-03 
6.798545000e-01 9.206436000e-01 4.770651000e-01 
8.722884000e-04 6.437216000e-01 1.056219000e+00 
9.068969000e-01 6.592975000e-01 4.768152000e-01 
4.196117000e-01 4.830816000e-01 1.037540000e+00 
4.329060000e-01 5.325564000e-01 9.824340000e-01 
2.496469000e-01 4.341166000e-01 1.093782000e+00 
2.450713000e-02 3.092505000e-04 1.217200000e+00 
8.448195000e-01 4.214986000e-01 7.175685000e-01 
6.039213000e-01 6.922031000e-01 7.909351000e-01 
8.710956000e-01 7.527253000e-01 5.514788000e-01 
8.281681000e-01 2.171297000e-02 9.333613000e-01 
5.561523000e-01 1.977202000e-01 1.067062000e+00 
6.700480000e-01 8.144867000e-01 6.298524000e-01 
7.881747000e-02 1.151793000e+00 3.971499000e-01 
9.385432000e-01 2.057043000e-02 8.086206000e-01 
9.277861000e-01 5.024869000e-01 6.171691000e-01 
8.882051000e-01 9.797018000e-03 8.972176000e-01 
4.190754000e-01 8.849408000e-01 7.022251000e-01 
4.143433000e-01 2.254712000e-01 1.117068000e+00 
8.332243000e-01 7.944179000e-01 6.126482000e-01 
3.627605000e-01 3.845688000e-01 1.106334000e+00 
6.953766000e-01 8.618006000e-01 5.663634000e-01 
9.510769000e-01 6.021074000e-01 5.563032000e-01 
3.385964000e-02 6.831994000e-01 1.001582000e+00 
5.360205000e-01 9.149498000e-01 6.098547000e-01 
8.893375000e-01 8.109182000e-01 5.138965000e-01 
8.857519000e-04 1.284492000e-01 1.216189000e+00 
6.736628000e-01 6.763587000e-01 8.229302000e-01 
1.647623000e-02 1.114759000e+00 4.303354000e-01 
7.530650000e-03 1.096209000e+00 5.722983000e-01 
6.492161000e-01 1.637153000e-01 9.968359000e-01 
9.003236000e-01 2.392775000e-01 7.854528000e-01 
7.106282000e-01 8.698006000e-01 4.805147000e-01 
9.806802000e-04 7.235041000e-05 1.249218000e+00 
6.494487000e-01 8.330197000e-01 6.420480000e-01 
1.820230000e-02 8.249877000e-01 8.912833000e-01 
6.985128000e-01 9.767368000e-01 1.631018000e-01 
9.411429000e-01 6.240894000e-02 7.423283000e-01 
5.752596000e-01 1.045270000e+00 1.925660000e-01 
1.347561000e-03 6.107926000e-01 1.071420000e+00 
3.483734000e-03 7.755455000e-01 1.003306000e+00 
9.949764000e-01 5.769832000e-01 5.087626000e-01 
9.667880000e-01 5.873107000e-01 4.702559000e-01 
7.669240000e-01 4.826052000e-03 9.699064000e-01 
5.388857000e-01 4.536674000e-03 1.120192000e+00 
5.008825000e-01 7.868412000e-01 7.632376000e-01 
6.990032000e-01 7.319544000e-03 1.061862000e+00 
9.311014000e-01 6.911347000e-01 8.731059000e-03 
7.436703000e-01 1.517893000e-01 9.790502000e-01 
4.757557000e-02 5.633526000e-04 1.186425000e+00 
9.313011000e-01 5.098739000e-01 5.938557000e-01 
1.011804000e+00 6.656844000e-01 3.810514000e-02 
2.807503000e-03 1.056417000e+00 6.068354000e-01 
6.341790000e-01 8.480329000e-01 6.154885000e-01 
2.761484000e-04 7.407112000e-03 1.219520000e+00 
1.592646000e-02 1.238071000e+00 4.475902000e-03 
1.088493000e+00 5.766969000e-01 7.012072000e-03 
1.041334000e-03 1.233462000e+00 7.619615000e-03 
1.181539000e-01 9.202326000e-01 7.968203000e-01 
9.283378000e-01 6.329216000e-02 7.609110000e-01 
8.503284000e-01 2.643065000e-02 8.850684000e-01 
1.224631000e-02 8.828587000e-01 8.815537000e-01 
5.750882000e-01 7.438725000e-01 8.242536000e-01 
1.022192000e+00 5.129009000e-01 4.775570000e-01 
8.062379000e-01 2.112389000e-01 9.128231000e-01 
5.041309000e-02 9.970679000e-01 6.627035000e-01 
5.638031000e-01 8.281318000e-01 7.057485000e-01 
7.796595000e-02 1.246247000e+00 4.520955000e-04 
1.147429000e+00 2.484165000e-03 5.609548000e-01 
7.957064000e-03 1.102039000e+00 5.220716000e-01 
7.540478000e-01 5.093258000e-01 8.319851000e-01 
5.024127000e-02 9.861858000e-01 7.094185000e-01 
8.772254000e-01 7.039136000e-02 8.304197000e-01 
8.235412000e-01 8.803409000e-01 7.966956000e-04 
8.997310000e-01 8.706893000e-03 8.427741000e-01 
4.786543000e-01 5.835496000e-01 9.542994000e-01 
2.098082000e-02 6.019118000e-01 1.055705000e+00 
7.506998000e-01 8.805972000e-01 3.922919000e-01 
1.681667000e-01 3.923577000e-02 1.171370000e+00 
2.288223000e-01 4.228293000e-01 1.108655000e+00 
8.626304000e-01 6.132051000e-01 6.059407000e-01 
7.772293000e-01 5.192471000e-01 8.226828000e-01 
1.199993000e+00 3.253240000e-01 4.855687000e-03 
6.902959000e-01 7.151666000e-01 7.683712000e-01 
1.024270000e+00 6.252033000e-01 4.125576000e-02 
9.555887000e-02 9.467302000e-01 7.368974000e-01 
1.179742000e+00 1.140033000e-03 6.620645000e-02 
5.324561000e-01 6.004705000e-01 8.995573000e-01 
3.776265000e-01 7.923312000e-01 8.319850000e-01 
4.520535000e-02 1.112820000e+00 4.771603000e-01 
5.169181000e-02 1.201868000e+00 1.014874000e-03 
1.238168000e+00 9.793235000e-03 1.165652000e-02 
8.120476000e-01 9.023116000e-01 6.959462000e-04 
4.590515000e-01 4.780739000e-01 1.002931000e+00 
5.659753000e-01 1.066215000e+00 3.957852000e-04 
9.998140000e-01 5.374489000e-01 4.576972000e-01 
8.983841000e-01 1.692992000e-01 8.013377000e-01 
1.103582000e+00 4.826260000e-01 2.256327000e-02 
1.247501000e+00 2.214469000e-02 3.064904000e-03 
4.916816000e-01 8.423090000e-01 7.135786000e-01 
5.445494000e-01 9.400521000e-01 5.937798000e-01 
6.104107000e-01 1.041595000e+00 4.381839000e-02 
9.823215000e-01 4.514185000e-02 6.908405000e-01 
2.040787000e-02 9.863574000e-01 7.370995000e-01 
1.106590000e+00 6.812852000e-02 4.415707000e-01 
3.446258000e-02 9.988508000e-01 6.948718000e-01 
6.497560000e-01 8.200116000e-03 1.020327000e+00 
7.807348000e-01 8.961640000e-01 6.728796000e-02 
1.116796000e+00 6.704216000e-02 4.503257000e-01 
6.534762000e-01 2.259154000e-01 9.695358000e-01 
1.096559000e+00 4.872692000e-01 2.256026000e-02 
4.683121000e-01 1.005107000e+00 4.637762000e-01 
1.046314000e+00 6.474930000e-01 1.279598000e-02 
5.765170000e-01 9.296116000e-01 4.179408000e-01 
5.211217000e-03 1.164151000e+00 4.284520000e-01 
8.422979000e-01 8.717859000e-01 2.453567000e-02 
7.237668000e-03 1.025836000e+00 5.856429000e-01 
1.088869000e+00 2.368561000e-01 4.578478000e-01 
9.479691000e-01 7.484463000e-01 5.467402000e-03 
8.175125000e-01 8.904552000e-01 2.750510000e-02 
1.232290000e-01 8.167223000e-01 8.733709000e-01 
2.923219000e-01 4.063881000e-01 1.157534000e+00 
4.997500000e-02 1.224720000e+00 2.539793000e-03 
4.612187000e-03 1.119769000e+00 4.887315000e-01 
5.710324000e-01 2.861592000e-01 1.020479000e+00 
6.444788000e-01 7.813660000e-01 6.562100000e-01 
1.225371000e+00 4.675930000e-02 1.204549000e-02 
8.756161000e-01 4.374166000e-01 7.062880000e-01 
3.928758000e-01 6.224519000e-01 9.355573000e-01 
5.788912000e-01 1.808157000e-02 1.087023000e+00 
1.099522000e+00 4.939342000e-01 2.180283000e-02 
1.028889000e+00 6.223102000e-01 4.219789000e-02 
1.131401000e+00 5.707062000e-02 4.066345000e-01 
8.552987000e-01 8.362892000e-01 5.910560000e-03 
6.147311000e-02 1.200475000e+00 8.287888000e-04 
7.487580000e-02 1.112270000e+00 4.619370000e-01 
3.632227000e-02 4.994300000e-01 1.086542000e+00 
7.749992000e-01 9.066693000e-01 1.808057000e-02 
1.056443000e+00 1.548307000e-03 6.523703000e-01 
2.775616000e-02 1.784247000e-03 1.198124000e+00 
7.506784000e-01 9.715866000e-01 7.180763000e-04 
1.505069000e-02 4.670756000e-01 1.124711000e+00 
1.100243000e+00 2.826914000e-01 4.307687000e-01 
9.384418000e-01 1.921389000e-01 6.862407000e-01 
4.820013000e-01 9.694658000e-01 4.827453000e-01 
5.053238000e-01 7.882052000e-01 7.616696000e-01 
5.505278000e-01 1.059108000e+00 6.134953000e-03 
1.303046000e-02 2.300372000e-01 1.189031000e+00 

