3.737234000e-02 7.790485000e-01 8.074978000e-01 
7.346047000e-01 6.394207000e-01 5.908426000e-01 
4.069027000e-01 6.644681000e-01 8.141388000e-01 
8.034837000e-01 4.920694000e-01 6.113684000e-01 
8.292843000e-01 2.070609000e-02 7.410537000e-01 
8.450263000e-01 7.047933000e-01 2.409775000e-02 
6.050336000e-03 1.017013000e+00 5.106997000e-01 
9.359490000e-01 5.398211000e-01 3.713791000e-01 
8.750487000e-01 6.586509000e-01 1.114531000e-01 
6.894290000e-01 7.365469000e-01 4.869568000e-01 
4.892181000e-02 1.141048000e+00 1.101434000e-04 
5.739192000e-01 6.664843000e-01 7.260996000e-01 
7.574700000e-01 4.742137000e-01 6.985024000e-01 
3.309806000e-01 4.783936000e-01 9.549566000e-01 
2.881924000e-01 3.803924000e-01 1.035390000e+00 
1.443387000e-01 8.038559000e-01 7.863040000e-01 
9.869646000e-01 5.678332000e-01 1.040089000e-02 
7.811271000e-03 7.782208000e-01 8.396028000e-01 
2.230435000e-02 1.107278000e+00 1.561771000e-02 
8.568105000e-01 6.494947000e-01 4.882519000e-01 
1.030035000e+00 5.138272000e-01 1.042119000e-02 
5.521273000e-01 9.671068000e-01 2.830520000e-02 
1.153948000e+00 5.622171000e-05 5.447469000e-01 
4.975711000e-01 4.587792000e-01 8.792753000e-01 
4.871300000e-01 4.640512000e-01 9.168799000e-01 
5.092514000e-01 5.966829000e-01 8.212035000e-01 
9.166785000e-01 4.342066000e-01 5.737095000e-01 
1.077452000e+00 3.471229000e-01 1.215807000e-02 
5.816986000e-01 2.015351000e-02 9.523939000e-01 
1.083103000e+00 3.191268000e-01 8.214982000e-02 
5.893798000e-01 6.676842000e-01 6.745596000e-01 
1.128372000e+00 7.445290000e-04 9.530033000e-03 
3.551269000e-04 6.132356000e-01 1.066827000e+00 
4.565870000e-02 1.105334000e+00 1.018279000e-02 
1.057950000e-02 7.352434000e-01 8.501979000e-01 
8.802565000e-01 1.086431000e-01 7.154868000e-01 
2.692830000e-01 4.952272000e-01 9.941475000e-01 
3.291491000e-02 1.157099000e+00 3.940915000e-03 
5.620421000e-01 9.934411000e-01 1.039629000e-03 
3.516731000e-02 5.776213000e-01 9.513706000e-01 
1.212821000e+00 2.158958000e-04 2.846950000e-03 
1.079726000e+00 2.300805000e-01 3.220728000e-01 
4.816552000e-05 3.908182000e-04 2.046646000e+00 
1.038796000e-01 4.942421000e+00 4.928849000e-06 
1.659846000e-01 4.609261000e-01 1.028231000e+00 
4.051799000e-02 9.983368000e-01 4.945969000e-01 
1.053603000e+00 2.310557000e-02 4.090288000e-01 
2.821064000e-01 7.440201000e-01 8.448318000e-01 
5.360297000e-01 4.474017000e-01 9.181436000e-01 
7.817530000e-01 4.812537000e-02 8.454284000e-01 
8.237469000e-01 7.648022000e-01 1.512616000e-02 
6.682331000e-01 6.517352000e-01 6.426693000e-01 
7.670350000e-01 7.083878000e-01 4.398475000e-01 
7.291547000e-01 8.750460000e-01 3.865742000e-02 
5.359713000e-01 8.904146000e-01 4.846592000e-01 
1.602266000e-02 8.096755000e-01 8.371766000e-01 
7.807945000e-01 4.861312000e-01 6.675732000e-01 
9.129947000e-01 5.093186000e-03 6.850697000e-01 
2.917325000e-01 2.118895000e-01 1.105141000e+00 
4.464790000e-01 1.931440000e-01 1.014791000e+00 
5.204521000e-01 7.926897000e-01 6.247967000e-01 
4.185635000e-03 4.667995000e-01 1.107948000e+00 
5.617971000e-01 6.993654000e-04 9.762548000e-01 
6.960519000e-01 9.095078000e-01 5.545513000e-03 
1.107580000e+00 3.600918000e-01 6.710146000e-04 
4.268463000e-01 6.105494000e-01 8.994302000e-01 
3.469964000e-04 8.077055000e-01 9.031202000e-01 
8.601791000e-06 4.096035000e-04 4.025180000e+00 
1.082681000e+00 1.732872000e-01 3.300465000e-01 
6.586193000e-01 5.787102000e-01 7.155858000e-01 
1.093523000e+00 3.254601000e-01 1.844129000e-02 
6.662699000e-01 5.409545000e-01 7.277290000e-01 
4.548002000e-01 7.896664000e-01 6.300215000e-01 
7.175516000e-01 6.595568000e-01 5.170103000e-01 
8.189768000e-01 2.031285000e-02 7.819655000e-01 
2.871796000e-05 9.615258000e-02 1.224905000e+00 
4.603564000e-02 9.925054000e-01 5.182802000e-01 
4.768509000e-03 1.049250000e+00 4.680496000e-01 
3.534516000e-03 1.058178000e+00 5.895341000e-01 
8.068426000e-01 3.758568000e-01 6.710718000e-01 
4.285242000e-01 1.022401000e+00 2.212541000e-02 
1.175698000e-02 9.972372000e-01 5.277394000e-01 
1.062471000e+00 1.109600000e-01 3.607026000e-01 
6.605078000e-03 1.022963000e+00 5.090741000e-01 
9.146020000e-01 1.986760000e-01 6.285178000e-01 
2.905953000e-01 9.601394000e-01 4.896184000e-01 
9.490927000e-01 5.800161000e-01 1.172975000e-01 
6.311029000e-01 9.030613000e-01 1.814521000e-01 
5.257208000e-05 2.974460000e-03 1.822581000e+00 
4.496295000e-01 7.825403000e-01 6.837350000e-01 
3.486915000e-01 7.584455000e-01 7.431110000e-01 
7.846361000e-03 4.872717000e-01 1.030913000e+00 
2.769832000e-02 6.653285000e-01 9.160153000e-01 
7.978415000e-01 8.067766000e-01 6.358358000e-02 
4.505576000e-01 2.339756000e-02 1.019114000e+00 
1.104810000e+00 2.240716000e-02 2.393585000e-01 
7.645130000e-01 8.227247000e-01 8.048144000e-03 
2.175367000e-01 5.320929000e-01 9.754994000e-01 
4.949648000e-02 8.322749000e-01 7.641191000e-01 
6.735218000e-01 6.423433000e-01 6.323371000e-01 
4.739009000e-01 8.953232000e-01 5.024278000e-01 
8.828470000e-01 7.000635000e-01 7.404988000e-03 
7.097295000e-01 4.410089000e-01 7.736011000e-01 
8.860024000e-01 6.939719000e-01 6.707305000e-03 
1.140197000e+00 5.359663000e-05 5.605720000e-01 
3.288220000e-01 1.072693000e+00 2.475076000e-02 
1.097722000e-01 9.543151000e-01 5.651387000e-01 
9.972221000e-01 2.249607000e-03 4.955233000e-01 
1.121961000e+00 1.684313000e-03 2.922493000e-02 
8.374359000e-01 8.205589000e-01 1.214781000e-02 
3.903969000e-01 1.943333000e-02 1.050125000e+00 
6.565948000e-01 5.138800000e-01 8.092595000e-01 
8.394482000e-01 5.645266000e-01 5.085203000e-01 
1.020326000e+00 3.440944000e-01 4.096178000e-01 
6.718620000e-01 7.548476000e-01 5.270329000e-01 
1.057915000e+00 4.438604000e-01 1.433116000e-02 
5.993365000e-01 9.073706000e-01 4.157794000e-01 
6.581378000e-01 4.195394000e-01 8.183310000e-01 
6.324420000e-01 9.346214000e-01 2.734097000e-03 
4.862103000e-01 5.007974000e-03 1.012516000e+00 
1.014203000e+00 4.782575000e-01 1.095184000e-01 
1.103657000e+00 1.867302000e-03 4.108339000e-01 
8.779462000e-01 4.372400000e-01 5.201498000e-01 
8.417927000e-01 7.068455000e-01 3.777406000e-01 
2.147816000e+00 1.215821000e-04 2.013046000e-02 
3.444863000e-01 1.080194000e-02 1.085850000e+00 
8.950305000e-01 1.766764000e-02 6.807027000e-01 
1.085748000e+00 3.260260000e-01 1.930553000e-02 
1.086041000e-01 8.130025000e-01 7.567297000e-01 
8.630475000e-01 7.379625000e-01 1.167459000e-02 
3.301476000e-01 6.492143000e-01 8.667495000e-01 
8.422390000e-01 8.667723000e-01 1.571731000e-03 
4.551345000e-02 1.117698000e+00 6.547772000e-03 
2.883661000e-03 7.677595000e-01 8.481265000e-01 
3.351556000e-03 9.647028000e-01 6.490084000e-01 
3.523461000e-01 6.537885000e-01 8.568397000e-01 
5.019025000e-01 6.052843000e-01 8.220269000e-01 
1.064380000e+00 1.165377000e-01 3.598808000e-01 
4.315101000e-01 4.076702000e-02 1.033905000e+00 
1.572140000e-02 6.089544000e-01 9.482958000e-01 
2.327319000e-02 7.848427000e-01 8.353058000e-01 
3.764490000e-04 9.832384000e-01 7.781955000e-01 
4.950255000e-01 8.940136000e-01 5.192370000e-01 
8.341344000e-01 6.457263000e-01 5.203395000e-01 
6.344455000e-04 1.555508000e-02 1.124600000e+00 
2.013993000e-01 8.972948000e-01 6.577635000e-01 
5.098768000e-03 9.397945000e-01 6.415334000e-01 
3.143362000e-01 4.152702000e-01 1.007074000e+00 
8.872044000e-01 6.972532000e-01 1.780026000e-03 
7.144544000e-01 6.046373000e-01 6.311347000e-01 
1.648279000e-03 6.452604000e-01 9.946169000e-01 
7.605450000e-01 4.620528000e-01 7.083337000e-01 
3.667087000e-02 1.124614000e+00 1.185606000e-03 
5.411146000e-01 3.411207000e-01 9.250664000e-01 
3.203674000e-01 9.853655000e-01 4.175121000e-01 
1.619322000e-02 9.652325000e-01 6.134141000e-01 
4.054564000e-01 1.041817000e-01 1.022859000e+00 
8.607082000e-01 5.695764000e-01 4.955000000e-01 
4.516856000e-01 1.478569000e-02 1.060458000e+00 
5.028893000e-03 9.036675000e-01 7.474389000e-01 
7.265126000e-01 4.380197000e-01 7.384457000e-01 
8.508879000e-01 6.701339000e-01 2.794426000e-01 
7.513597000e-01 9.354024000e-01 1.321429000e-04 
7.334632000e-01 2.209208000e-01 8.163991000e-01 
1.104749000e+00 1.083397000e-01 2.891475000e-02 
1.051456000e+00 5.412878000e-01 4.162083000e-03 
2.474784000e-01 6.931892000e-01 8.561349000e-01 
9.655868000e-01 3.558781000e-01 5.493912000e-01 
6.627580000e-01 7.354973000e-01 5.333436000e-01 
1.482167000e-03 1.068614000e+00 5.777205000e-01 
4.682911000e-02 6.626063000e-01 9.266511000e-01 
7.801275000e-01 5.982646000e-01 5.313881000e-01 
2.058407000e-03 1.222799000e+00 6.327055000e-03 
8.674655000e-01 2.417843000e-01 6.596831000e-01 
1.894440000e-02 1.005506000e+00 5.057309000e-01 
3.526259000e-05 6.216273000e-01 1.096107000e+00 
1.016428000e+00 5.913648000e-01 8.844366000e-03 
2.530649000e-02 5.885978000e-01 9.584515000e-01 
1.276825000e-01 8.924425000e-01 6.591049000e-01 
1.308929000e-02 4.930986000e-01 1.021234000e+00 
1.015111000e+00 4.825648000e-01 5.818710000e-02 
8.001845000e-03 5.971816000e-01 9.586385000e-01 
7.722857000e-01 7.298868000e-01 4.331168000e-01 
1.030838000e+00 7.753686000e-02 4.230736000e-01 
6.235874000e-01 6.381968000e-01 6.529948000e-01 
8.854453000e-03 9.328602000e-01 6.577885000e-01 
6.508371000e-01 4.022548000e-01 8.462140000e-01 
1.016968000e-02 3.925901000e-01 1.051736000e+00 
4.131912000e-01 1.042773000e+00 1.188470000e-01 
7.817085000e-01 7.851172000e-01 4.146211000e-01 
8.218910000e-01 3.700068000e-01 6.568082000e-01 
9.872694000e-01 3.883526000e-01 4.055146000e-01 
1.402237000e-04 1.296933000e-03 1.280515000e+00 
6.423768000e-01 9.124478000e-01 3.281383000e-02 
7.226723000e-01 2.227810000e-01 8.153598000e-01 
1.044496000e+00 2.495186000e-02 3.819897000e-01 
3.655928000e-01 6.393331000e-01 8.464811000e-01 
1.116219000e+00 1.656764000e-02 1.409348000e-02 
2.600149000e-02 5.782725000e-01 9.685339000e-01 
1.911872000e-05 5.664998000e-03 1.399472000e+00 
9.632178000e-01 4.444435000e-01 3.818663000e-01 
8.093889000e-01 7.537072000e-01 6.517455000e-02 
5.874594000e-01 6.669501000e-01 6.829771000e-01 
4.227741000e-03 9.113036000e-01 7.277964000e-01 
9.037863000e-01 4.427297000e-02 6.304489000e-01 
3.864818000e-01 7.469033000e-01 7.757008000e-01 
1.122071000e+00 4.163835000e-03 8.184627000e-04 
7.383811000e-01 4.661294000e-01 7.220202000e-01 
8.376150000e-01 1.434014000e-04 8.830999000e-01 
1.110473000e+00 2.293824000e-02 1.029070000e-02 
7.463754000e-04 3.677672000e-04 1.115619000e+00 
5.780356000e-01 9.664069000e-01 1.335703000e-02 
1.313438000e-02 6.725707000e-01 8.740432000e-01 
2.919205000e-01 6.727215000e-01 8.320357000e-01 
7.657976000e-01 4.663222000e-01 7.034066000e-01 
7.194742000e-01 7.798914000e-01 4.191756000e-01 
4.036829000e-03 1.135603000e+00 3.964454000e-02 
5.894937000e-01 6.542105000e-01 6.858187000e-01 
9.580580000e-01 5.481141000e-01 2.203868000e-01 
7.759114000e-01 4.530266000e-01 7.313436000e-01 
8.046961000e-01 8.012877000e-01 2.909779000e-02 
1.779348000e-02 9.982222000e-01 5.091928000e-01 
8.812110000e-01 5.855110000e-02 7.255121000e-01 
1.193448000e-01 8.181996000e-01 7.377489000e-01 
6.834079000e-01 7.388461000e-01 5.003405000e-01 
2.723614000e-01 2.354819000e-01 1.081735000e+00 
9.376503000e-01 3.498368000e-01 5.739179000e-01 
5.625059000e-05 1.661308000e-03 1.129219000e+00 
5.775298000e-01 2.488723000e-01 9.554138000e-01 
7.783315000e-03 1.058664000e+00 3.810103000e-01 
8.022653000e-01 9.421757000e-03 7.993565000e-01 
6.408074000e-01 9.222236000e-01 1.923734000e-02 
9.309228000e-01 3.512574000e-01 5.706613000e-01 
6.411002000e-01 6.094040000e-01 7.366452000e-01 
3.120799000e-01 5.027342000e-01 9.936895000e-01 
1.039744000e+00 4.347035000e-01 2.426482000e-02 
1.064780000e+00 1.196123000e-02 3.624409000e-01 
4.986368000e-01 4.337616000e-02 9.957891000e-01 
1.224498000e-02 8.597790000e-01 7.286141000e-01 
8.666822000e-01 1.961605000e-01 6.682360000e-01 
2.828741000e-01 2.223940000e-01 1.074379000e+00 
4.658414000e-02 4.576804000e-01 1.046725000e+00 
1.494576000e-01 1.072967000e+00 2.368575000e-01 
6.857244000e-04 1.093907000e+00 2.884613000e-01 
5.011301000e-04 8.186162000e-05 1.289372000e+00 
6.508978000e-01 5.708817000e-03 9.205264000e-01 
3.584298000e-02 8.218303000e-01 7.676654000e-01 
7.696547000e-01 7.150841000e-02 8.310320000e-01 
5.987112000e-01 6.664853000e-01 6.523307000e-01 
8.308603000e-01 1.034369000e-03 7.427762000e-01 
8.643240000e-01 6.993157000e-01 1.074355000e-02 
1.080040000e+00 4.810161000e-03 4.232561000e-01 
7.891344000e-01 7.292790000e-01 4.110651000e-01 
1.065174000e+00 4.714192000e-01 1.018261000e-02 
7.346424000e-03 3.524522000e-04 1.116383000e+00 
5.972070000e-01 9.735367000e-01 1.791001000e-04 
8.176188000e-01 3.468583000e-03 8.432827000e-01 
4.574452000e-01 1.290756000e-01 1.001066000e+00 
4.699732000e-02 1.126019000e+00 1.868139000e-04 
9.465342000e-03 3.626630000e-01 1.104336000e+00 
5.694444000e-01 3.396243000e-01 9.162245000e-01 
7.808791000e-01 4.949437000e-01 6.069519000e-01 
7.984388000e-01 2.346740000e-01 7.514577000e-01 
2.785703000e-01 6.346448000e-01 9.134194000e-01 
7.996606000e-01 1.783779000e-01 7.744972000e-01 
1.029101000e+00 4.458383000e-01 3.162416000e-02 
3.723810000e-03 9.644230000e-01 6.444646000e-01 
1.238513000e-02 5.900426000e-01 9.602659000e-01 
4.749204000e-01 8.188591000e-01 6.189714000e-01 
1.136906000e-02 1.008674000e+00 5.143509000e-01 
1.804966000e-01 5.685614000e-01 9.445791000e-01 
1.719043000e-03 1.437688000e-05 1.494397000e+00 
9.584761000e-01 6.033346000e-01 2.050843000e-02 
9.794208000e-01 5.037473000e-01 2.419107000e-02 
1.113801000e+00 1.616410000e-02 3.988154000e-02 
6.218690000e-01 9.328230000e-01 9.930043000e-03 
4.538283000e-01 6.386878000e-01 8.959589000e-01 
1.079827000e+00 5.948835000e-03 3.483379000e-01 
4.138473000e-01 4.051144000e-01 9.962628000e-01 
6.736082000e-01 7.676363000e-01 5.197905000e-01 
3.312121000e-04 1.090875000e+00 9.021747000e-01 
6.585198000e-01 4.369320000e-01 8.156198000e-01 
8.265712000e-01 6.569088000e-03 7.607927000e-01 
5.583113000e-01 3.396883000e-01 9.034608000e-01 
5.480525000e-01 9.857435000e-01 2.155622000e-02 
6.676478000e-01 8.246456000e-01 3.570350000e-01 
6.494066000e-01 8.242026000e-01 5.513626000e-01 
6.925884000e-04 1.135752000e+00 1.586717000e-01 
7.260864000e-01 5.376057000e-01 7.373216000e-01 
1.051718000e-01 8.087080000e-01 7.668579000e-01 
6.677092000e-01 9.116498000e-01 8.255177000e-02 
3.419693000e-02 3.993511000e-01 1.047617000e+00 
1.463158000e-02 1.040287000e+00 4.067029000e-01 
3.883622000e-01 5.463093000e-01 9.300407000e-01 
9.754805000e-01 6.920949000e-04 7.398507000e-01 
3.102633000e-01 1.042303000e+00 3.517880000e-01 
2.791480000e-01 5.352045000e-01 9.534616000e-01 
4.121369000e-01 7.198170000e-01 7.650253000e-01 
3.641819000e-03 1.145997000e+00 7.637878000e-03 
1.701572000e-01 5.499517000e-01 9.510416000e-01 
7.196940000e-01 3.392692000e-01 8.271020000e-01 
9.729727000e-01 3.671335000e-01 5.071626000e-01 
7.284115000e-01 3.795873000e-01 7.625253000e-01 
9.670950000e-01 4.012537000e-01 4.541453000e-01 
8.703980000e-01 7.132814000e-01 7.861816000e-03 
8.475760000e-01 6.589285000e-01 4.860805000e-01 
1.120193000e-01 9.282673000e-01 6.204214000e-01 
1.980648000e-01 3.445279000e-01 1.055941000e+00 
6.394898000e-01 1.135266000e+00 1.409859000e-04 
2.954129000e-01 9.584266000e-01 5.045410000e-01 
3.301271000e-01 4.787334000e-01 9.459365000e-01 
1.856884000e-04 9.828985000e-04 1.222928000e+00 
2.645243000e-02 8.971458000e-01 6.947040000e-01 
5.029573000e-01 3.112720000e-01 9.468068000e-01 
5.640060000e-01 7.021537000e-04 9.667143000e-01 
6.254630000e-01 8.476031000e-01 4.222218000e-01 
4.772471000e-03 1.065290000e+00 4.375528000e-01 
3.294052000e-01 5.703705000e-01 9.303050000e-01 
3.167364000e-01 5.610603000e-01 9.396582000e-01 
6.400907000e-04 1.162588000e+00 2.085693000e-02 
5.244521000e-03 1.122054000e+00 2.524544000e-02 
8.195756000e-01 1.267580000e-02 7.824672000e-01 
9.596278000e-01 5.961671000e-01 1.263633000e-02 
7.901055000e-01 6.855947000e-01 4.128845000e-01 
9.888592000e-03 8.347106000e-01 7.599690000e-01 
5.149559000e-04 1.176088000e+00 1.491403000e-02 
5.394363000e-01 7.469209000e-01 6.488842000e-01 
3.727814000e-01 4.278752000e-01 9.885729000e-01 
9.215712000e-01 3.783838000e-01 6.009977000e-01 
3.390311000e-01 1.287671000e-02 1.074746000e+00 
8.125492000e-01 3.743904000e-01 6.549799000e-01 
8.980161000e-01 8.484249000e-03 6.724047000e-01 
1.074356000e+00 1.212359000e-01 3.441981000e-01 
7.522543000e-01 7.690760000e-01 4.556565000e-01 
8.004600000e-01 7.113393000e-01 3.426207000e-01 
8.254958000e-01 1.183972000e-02 7.524681000e-01 
9.191524000e-01 6.826905000e-01 1.206330000e-02 
4.173857000e-01 1.029625000e+00 2.889983000e-03 
1.106738000e-01 9.066015000e-01 6.638080000e-01 
7.360590000e-03 7.338608000e-01 8.556940000e-01 
4.828936000e-01 7.604849000e-01 6.669196000e-01 
6.871252000e-03 1.055608000e+00 4.126534000e-01 
3.540215000e-01 1.052578000e+00 3.199147000e-02 
1.133013000e-02 1.000204000e+00 5.602891000e-01 
5.744014000e-01 9.607377000e-01 4.908434000e-02 
1.899401000e-02 1.070990000e+00 3.674362000e-01 
8.244926000e-01 4.205677000e-01 6.066549000e-01 
4.625095000e-01 1.292857000e-01 9.807005000e-01 
8.445816000e-01 1.000278000e-03 7.558574000e-01 
5.902882000e-01 6.614825000e-01 6.731695000e-01 
9.052835000e-02 8.830846000e-01 6.980552000e-01 
4.968357000e-03 1.158357000e+00 2.253991000e-04 
8.660590000e-01 5.622879000e-01 5.912506000e-01 
3.155923000e-03 9.339720000e-01 7.253663000e-01 
1.121739000e+00 2.337195000e-03 2.456968000e-03 
7.823626000e-01 5.078902000e-02 8.329765000e-01 
8.300884000e-01 1.033352000e-03 7.510387000e-01 
6.494266000e-01 9.253947000e-01 4.100546000e-03 
1.418636000e-02 1.157990000e+00 5.462087000e-03 
1.152083000e-03 9.664932000e-01 7.123665000e-01 
4.156539000e-01 1.023992000e-02 1.105203000e+00 
3.254015000e-01 1.083301000e+00 5.504867000e-04 
8.535556000e-03 8.352433000e-01 7.582117000e-01 
4.659921000e-01 7.378343000e-01 6.750276000e-01 
9.223463000e-01 1.927932000e-01 6.235680000e-01 
1.585444000e-01 1.071218000e+00 3.529802000e-01 
1.774663000e-02 1.015091000e+00 5.057591000e-01 
1.044428000e+00 3.688011000e-01 3.809831000e-01 
1.173976000e-02 8.842563000e-01 7.111217000e-01 
3.107487000e-01 7.234116000e-01 7.824769000e-01 
5.011462000e-01 8.813158000e-03 1.003138000e+00 
6.718452000e-01 3.771246000e-01 8.566011000e-01 
3.399118000e-04 7.860162000e-01 9.141402000e-01 
1.172615000e-02 1.035081000e+00 5.022744000e-01 
4.471628000e-03 1.076426000e+00 4.808019000e-01 
1.319142000e-01 1.089728000e+00 2.391317000e-01 
6.050429000e-03 4.296316000e-01 1.101988000e+00 
6.450649000e-01 5.995547000e-01 6.872985000e-01 
1.071184000e+00 3.589317000e-01 2.846108000e-02 
5.572881000e-05 3.087756000e-03 1.186515000e+00 
5.346577000e-01 1.456489000e-01 9.595186000e-01 
6.811264000e-01 4.193081000e-01 8.180289000e-01 
1.539923000e-03 1.133943000e+00 4.516703000e-02 
7.426038000e-01 6.736213000e-02 8.611870000e-01 
2.469060000e-01 5.899930000e-01 9.208150000e-01 
7.604312000e-01 5.292233000e-01 6.328763000e-01 
4.093201000e-01 5.259590000e-01 9.104608000e-01 
6.255829000e-03 1.011168000e+00 5.544385000e-01 
1.045578000e+00 4.598588000e-01 1.660272000e-02 
3.821362000e-01 4.562701000e-01 9.822551000e-01 
1.033027000e+00 6.011347000e-01 3.034565000e-03 
1.073622000e+00 3.219308000e-01 5.665402000e-02 
7.128121000e-01 6.921034000e-01 4.857898000e-01 
3.079391000e-01 8.463578000e-01 6.905278000e-01 
8.581896000e-01 2.681460000e-02 7.271040000e-01 
6.568312000e-01 8.257303000e-01 3.606855000e-01 
1.019302000e+00 4.530709000e-01 8.470635000e-02 
1.062138000e+00 4.084735000e-01 2.045740000e-02 
2.470232000e-02 9.942038000e-01 5.619713000e-01 
2.594334000e-03 5.440454000e-01 9.690684000e-01 
4.779893000e-05 1.187740000e+00 1.264115000e-02 
3.216792000e-01 8.868870000e-01 6.228073000e-01 
7.972233000e-01 9.226679000e-01 9.268550000e-04 
1.034840000e+00 4.440621000e-04 5.232365000e-01 
5.931536000e-01 5.336979000e-01 8.501875000e-01 
1.021800000e+00 4.733356000e-01 3.907210000e-02 
1.008421000e+00 5.904407000e-04 5.209343000e-01 
5.697328000e-01 8.244224000e-01 4.907614000e-01 
7.052291000e-01 1.085344000e-03 8.660284000e-01 
8.777998000e-01 5.723157000e-01 4.224310000e-01 
7.415532000e-04 1.088594000e+00 6.202248000e-01 
7.530580000e-04 4.896465000e-01 1.047138000e+00 
5.112211000e-01 3.849354000e-01 9.331164000e-01 
7.865532000e-01 2.774744000e-02 8.325291000e-01 
1.661525000e-02 8.103524000e-01 8.273077000e-01 
7.874662000e-01 7.723156000e-01 4.177258000e-01 
5.192024000e-01 5.782411000e-01 8.105052000e-01 
2.289782000e-02 8.911720000e-01 6.967765000e-01 
3.981956000e-01 4.472239000e-01 9.614784000e-01 
4.769558000e-01 3.952928000e-01 9.470805000e-01 
1.034800000e+00 4.935128000e-01 6.603407000e-03 
3.069827000e-01 7.755814000e-01 7.611556000e-01 
6.583028000e-01 7.367494000e-01 5.289077000e-01 
5.614038000e-01 6.417644000e-01 7.683967000e-01 
8.103178000e-01 6.708856000e-01 3.839514000e-01 
1.077408000e-01 2.253421000e-04 1.132532000e+00 
9.548032000e-01 6.091390000e-01 1.052276000e-04 
9.026514000e-01 5.674999000e-01 3.257317000e-01 
6.344773000e-01 5.991301000e-03 9.266366000e-01 
3.194130000e-01 7.672012000e-01 7.448712000e-01 
4.347038000e-01 3.806701000e-02 1.039533000e+00 
4.688386000e-01 5.295836000e-02 1.005322000e+00 
9.151901000e-01 1.070807000e-03 6.310560000e-01 
6.272243000e-03 9.070481000e-01 7.121942000e-01 
3.147859000e-01 3.799953000e-01 1.034579000e+00 
1.120177000e+00 1.863818000e-03 4.060923000e-01 
1.157483000e+00 1.865362000e-03 2.064079000e-04 
5.824590000e-01 9.500380000e-01 2.895159000e-02 
6.007212000e-03 8.987114000e-01 7.176676000e-01 
4.085721000e-01 6.595932000e-01 8.318172000e-01 
9.380258000e-01 6.329232000e-01 2.461104000e-02 
8.667423000e-01 5.473988000e-01 5.245669000e-01 
3.455893000e-01 7.666168000e-01 7.508708000e-01 
4.894502000e-01 8.724419000e-01 5.629595000e-01 
5.117029000e-01 8.830472000e-01 4.978662000e-01 
7.225741000e-01 8.035552000e-01 3.760629000e-01 
6.379899000e-01 8.211593000e-01 5.521063000e-01 
7.662738000e-01 8.228267000e-01 7.765434000e-03 
4.132319000e-01 2.096730000e-01 1.011768000e+00 
1.091393000e+00 2.482126000e-01 2.414975000e-01 
2.666892000e-02 4.807304000e-01 1.005003000e+00 
3.840580000e-01 2.995161000e-01 1.030517000e+00 
4.782377000e-01 7.553124000e-01 6.694712000e-01 
7.612558000e-01 8.428066000e-02 8.382998000e-01 
8.857927000e-01 4.125842000e-02 6.966585000e-01 
6.906979000e-01 9.729469000e-01 5.851022000e-04 
4.991587000e-01 8.787159000e-01 5.021340000e-01 
9.741823000e-01 6.257505000e-02 4.913900000e-01 
1.356017000e-03 1.821853000e-04 1.190020000e+00 
7.824519000e-01 3.524637000e-02 8.252310000e-01 
1.077465000e+00 7.062181000e-02 3.560759000e-01 
5.420278000e-01 3.014005000e-01 9.427439000e-01 
2.104689000e-03 8.118038000e-01 8.688116000e-01 
1.032608000e+00 3.659071000e-01 3.979630000e-01 
5.995159000e-01 9.002768000e-01 4.528806000e-01 
8.074037000e-01 8.455205000e-01 2.105070000e-03 
4.792432000e-01 4.495024000e-04 1.052170000e+00 
4.975505000e-01 6.327926000e-01 8.556591000e-01 
8.855780000e-01 4.130219000e-02 6.957238000e-01 
3.982285000e-03 1.162785000e+00 1.102291000e-03 
4.283531000e-03 1.039910000e+00 5.983192000e-01 
7.373955000e-01 8.297559000e-01 7.067163000e-02 
2.521054000e-02 8.323897000e-01 7.678740000e-01 
1.079160000e+00 4.196218000e-01 6.837429000e-04 
7.641676000e-02 1.026272000e+00 4.944465000e-01 
1.690266000e-01 1.035196000e+00 4.097815000e-01 
8.075998000e-01 7.914297000e-01 1.234760000e-02 
5.992018000e-01 8.529474000e-01 4.906879000e-01 
6.279588000e-01 9.247402000e-01 6.766864000e-03 
1.012446000e+00 2.144448000e-03 5.117732000e-01 
5.238320000e-02 1.055045000e+00 3.859507000e-01 
4.074095000e-03 6.313750000e-01 9.470844000e-01 
1.006712000e+00 3.617708000e-01 4.097718000e-01 
2.588116000e-01 8.568403000e-01 6.676517000e-01 
1.270548000e-01 9.146205000e-01 6.137256000e-01 
5.914497000e-01 9.589786000e-01 8.398387000e-03 
5.865551000e-01 6.897702000e-01 7.010631000e-01 
9.476246000e-01 4.762929000e-01 4.593013000e-01 
1.038220000e+00 4.541293000e-02 3.823349000e-01 
1.058950000e+00 1.297555000e-01 3.574242000e-01 
6.222056000e-01 8.914009000e-01 3.381089000e-01 
1.113801000e-02 5.902146000e-01 9.652177000e-01 
1.862457000e-01 5.267575000e-01 1.001678000e+00 
8.614032000e-01 7.699408000e-01 4.676677000e-03 
7.327493000e-01 4.007928000e-01 7.611295000e-01 
6.498581000e-01 6.540481000e-01 6.379876000e-01 
5.384071000e-01 9.201010000e-01 3.633316000e-01 
1.047628000e+00 3.547340000e-01 3.786015000e-01 
8.367363000e-01 6.389706000e-04 8.072549000e-01 
7.287849000e-01 8.272878000e-01 7.572138000e-02 
3.170863000e-02 9.393668000e-01 6.308073000e-01 
1.054005000e+00 1.670458000e-01 3.592986000e-01 
1.043560000e+00 1.101806000e-02 4.308760000e-01 
6.773338000e-01 7.327990000e-01 5.012221000e-01 
1.069613000e+00 6.378225000e-03 3.823765000e-01 
1.771380000e-01 3.246257000e-01 1.056195000e+00 
1.359464000e-02 4.873402000e-01 1.018659000e+00 
5.183062000e-01 8.615663000e-01 4.914662000e-01 
6.454853000e-01 9.154064000e-01 4.838950000e-03 
3.141620000e-01 1.079552000e+00 5.940964000e-03 
7.500961000e-01 8.281430000e-01 1.175891000e-02 
5.510302000e-01 9.679614000e-01 8.562487000e-03 
6.173250000e-01 6.552572000e-01 6.559929000e-01 
9.687832000e-01 3.792523000e-01 4.184898000e-01 
7.906914000e-01 4.425701000e-01 6.809417000e-01 
9.373680000e-01 1.470467000e-02 6.153813000e-01 
6.789284000e-01 8.770984000e-01 1.336396000e-02 
6.580414000e-01 6.134929000e-01 6.564668000e-01 
4.117709000e-02 8.571193000e-01 7.212186000e-01 
9.903721000e-01 3.692797000e-02 4.957611000e-01 
3.385740000e-01 7.111421000e-01 8.258891000e-01 
1.031472000e+00 4.345087000e-01 1.128629000e-01 
1.028745000e+00 1.113941000e-01 4.136434000e-01 
1.901771000e-02 9.099600000e-01 6.577416000e-01 
8.686274000e-01 1.927342000e-01 6.707956000e-01 
3.028411000e-01 8.959180000e-01 6.243311000e-01 
8.938984000e-01 6.650984000e-01 2.457381000e-02 
3.830590000e-01 1.070781000e+00 2.473953000e-02 
3.093911000e-01 2.006557000e-01 1.041867000e+00 
7.472490000e-02 6.515453000e-01 9.156514000e-01 
9.550670000e-02 9.850822000e-01 5.034164000e-01 
5.279737000e-01 9.277248000e-01 3.837559000e-01 
1.216098000e-02 3.222531000e-01 1.076319000e+00 
5.830065000e-01 2.466961000e-01 9.247677000e-01 
1.051919000e+00 8.992791000e-03 4.460773000e-01 
9.849907000e-01 5.947871000e-02 5.198278000e-01 
7.563952000e-01 6.546031000e-01 4.969085000e-01 
4.723232000e-01 1.119880000e-02 9.964675000e-01 
8.190422000e-01 7.620911000e-01 1.534537000e-02 
4.355262000e-03 1.129654000e+00 7.524428000e-03 
5.490115000e-01 3.282007000e-02 9.788525000e-01 
9.494152000e-01 6.075175000e-01 3.129444000e-04 
3.019897000e-01 1.064807000e+00 2.907778000e-02 
2.922474000e-01 1.021098000e+00 3.807625000e-01 
1.323476000e-02 1.122935000e+00 7.313509000e-03 
1.106534000e+00 1.543297000e-01 1.521538000e-03 
5.821932000e-01 7.494150000e-01 6.392779000e-01 
9.136236000e-01 5.568280000e-01 3.484257000e-01 
6.385454000e-02 8.592790000e-01 7.175487000e-01 
9.336592000e-01 5.811209000e-01 2.496925000e-02 
9.080344000e-01 5.536937000e-01 3.844992000e-01 
5.387478000e-01 3.532935000e-02 9.773626000e-01 
4.530328000e-02 8.960750000e-01 6.725506000e-01 
5.092238000e-03 1.072855000e+00 3.226193000e-01 
1.294010000e-01 8.210430000e-01 7.364037000e-01 
9.602482000e-03 1.108525000e+00 1.950669000e-02 
9.024728000e-01 3.376832000e-02 6.545966000e-01 
2.783718000e-02 8.348111000e-01 7.440459000e-01 
1.075177000e-02 3.287274000e-01 1.065680000e+00 
6.650113000e-03 6.963518000e-01 8.870066000e-01 
3.580918000e-01 1.047872000e+00 5.759060000e-02 
7.721547000e-01 4.910798000e-01 6.255443000e-01 
9.878516000e-01 9.476773000e-03 5.144725000e-01 
5.475636000e-01 4.594028000e-01 8.533976000e-01 
5.310362000e-01 6.696955000e-01 7.267569000e-01 
9.799788000e-01 2.832157000e-02 5.235785000e-01 
5.300092000e-01 4.610757000e-01 8.577703000e-01 
7.294275000e-01 8.342056000e-01 2.779424000e-03 
8.515563000e-04 8.368592000e-01 7.648341000e-01 
8.976757000e-01 6.529270000e-01 2.233646000e-02 
3.748135000e-01 2.020544000e-02 1.045040000e+00 
3.962550000e-01 9.542294000e-01 4.040638000e-01 
8.029485000e-01 7.598586000e-03 7.984242000e-01 
8.960359000e-01 1.050903000e-02 6.723335000e-01 
5.992389000e-01 2.688051000e-04 9.381508000e-01 
4.701956000e-01 3.993631000e-01 9.189298000e-01 
4.775059000e-01 9.947887000e-01 2.106123000e-02 
3.377466000e-01 6.499845000e-01 8.667177000e-01 
1.031823000e+00 3.907435000e-01 1.208193000e-01 
3.100637000e-01 2.025489000e-01 1.040353000e+00 

2.905983000e-02 6.883328000e-01 8.614906000e-01 
2.011925000e-03 6.415314000e-01 8.863061000e-01 
8.666397000e-02 9.856887000e-01 4.312910000e-01 
9.115728000e-01 6.130753000e-01 2.887227000e-02 
7.027938000e-01 1.213269000e-04 9.295792000e-01 
6.027109000e-01 8.952410000e-01 3.687199000e-01 
7.794407000e-01 6.586806000e-01 3.810175000e-01 
3.187163000e-01 2.704900000e-01 9.989328000e-01 
5.594152000e-01 5.798089000e-01 7.685911000e-01 
9.112656000e-01 7.589860000e-01 1.423766000e-03 
5.979237000e-01 4.350999000e-01 8.760000000e-01 
6.248620000e-01 5.183374000e-01 7.321509000e-01 
1.886438000e-03 3.889293000e-06 1.945847000e+00 
6.935667000e-05 1.109121000e-03 1.794424000e+00 
5.736324000e-01 8.487797000e-01 4.846809000e-01 
6.865960000e-01 4.693797000e-01 7.446140000e-01 
3.318307000e-01 1.024673000e+00 1.974742000e-02 
8.517063000e-01 6.838894000e-02 6.963841000e-01 
7.049268000e-01 8.300649000e-04 8.498306000e-01 
2.142151000e+00 2.280233000e-01 6.034394000e-04 
1.059170000e+00 8.668483000e-01 1.147797000e-04 
4.394959000e-01 4.504757000e-03 1.021404000e+00 
1.152672000e+00 1.422489000e-03 1.234077000e-02 
9.859279000e-01 7.204160000e-03 5.165164000e-01 
9.875697000e-01 4.223483000e-01 5.858958000e-02 
8.583482000e-01 8.122920000e-01 5.683917000e-04 
1.770091000e-04 1.237265000e+00 9.346076000e-02 
1.057224000e+00 2.980501000e-01 5.726634000e-03 
9.382010000e-01 6.249865000e-01 4.153969000e-03 
6.852056000e-01 3.578291000e-03 8.913287000e-01 
7.199297000e-01 8.612100000e-01 4.257972000e-03 
4.559594000e-01 9.428773000e-01 5.058260000e-01 
7.799662000e-01 2.997867000e-01 6.823905000e-01 
1.229309000e-01 9.954876000e-01 3.937628000e-01 
1.929215000e-04 1.078597000e+00 2.706919000e-01 
7.034526000e-01 7.875294000e-03 8.378100000e-01 
2.489912000e+00 3.946161000e-03 7.222181000e-04 
8.691323000e-01 3.680879000e-02 6.464966000e-01 
6.283822000e-03 2.726747000e-05 1.141252000e+00 
8.736433000e-01 3.447996000e-02 6.299164000e-01 
2.611835000e-02 9.029033000e-01 6.361354000e-01 
8.626228000e-02 7.687643000e-01 7.695950000e-01 
1.033201000e+00 2.788138000e-03 4.060548000e-01 
4.405908000e-01 6.237605000e-01 7.784351000e-01 
7.331259000e-01 6.731254000e-01 4.644207000e-01 
6.832287000e-03 4.857573000e-01 9.790403000e-01 
6.524283000e-02 3.372002000e-01 1.034168000e+00 
9.956757000e-01 1.455335000e-01 4.051527000e-01 
4.255321000e-01 3.476161000e-01 9.840100000e-01 
1.230081000e+00 2.703475000e-01 5.137750000e-04 
1.379900000e-01 8.792750000e-01 6.433259000e-01 
8.173394000e-01 5.897033000e-01 4.023970000e-01 
7.387920000e-01 3.196505000e-01 7.741120000e-01 
5.940693000e-01 7.630299000e-01 5.374408000e-01 
1.097867000e+00 1.189792000e-01 3.120661000e-03 
4.800705000e-01 6.458487000e-01 7.175072000e-01 
9.286126000e-01 5.620002000e-01 6.409038000e-02 
9.951525000e-03 6.290505000e-01 8.771786000e-01 
6.301762000e-02 1.021998000e+00 3.681708000e-01 
3.384997000e-01 1.023824000e+00 4.566467000e-02 
5.944060000e-01 5.830409000e-01 7.010940000e-01 
5.508629000e-01 2.832484000e-02 9.470778000e-01 
2.864097000e-01 3.509815000e-02 1.043496000e+00 
4.324260000e-01 8.930677000e-01 5.110189000e-01 
2.665283000e-02 1.046316000e+00 3.063510000e-01 
3.954594000e-03 9.580137000e-01 5.185025000e-01 
1.056108000e-01 7.454722000e-06 1.581935000e+00 
6.285530000e-01 7.472990000e-01 4.957462000e-01 
3.010905000e-01 2.583479000e-01 1.012872000e+00 
9.035225000e-01 6.758855000e-01 2.369391000e-03 
3.188394000e-01 5.236227000e-01 9.466390000e-01 
1.201914000e+00 2.856910000e-04 3.914283000e-01 
1.369710000e-02 1.035623000e+00 3.698323000e-01 
5.669740000e-03 6.476493000e-01 8.828250000e-01 
1.023382000e+00 3.679092000e-02 3.920362000e-01 
1.227100000e+00 7.797334000e-03 1.650670000e-03 
5.219074000e-01 6.551941000e-01 7.041548000e-01 
1.852228000e-02 9.183483000e-01 5.667190000e-01 
2.744448000e-03 3.837667000e-01 1.017023000e+00 
6.787290000e-01 8.178922000e-01 3.232542000e-01 
3.744242000e-01 5.170249000e-01 8.806665000e-01 
7.948679000e-01 8.235486000e-01 5.571914000e-03 
1.092473000e-01 2.153673000e-05 1.411492000e+00 
9.760715000e-01 1.511061000e-02 5.223893000e-01 
5.015850000e-01 6.686961000e-01 6.981455000e-01 
7.302449000e-01 6.982644000e-01 4.133741000e-01 
5.325053000e-01 6.025671000e-01 7.649858000e-01 
1.012199000e+00 2.973815000e-01 3.478042000e-01 
6.822881000e-01 8.375471000e-01 1.369883000e-02 
9.627548000e-01 6.461658000e-01 7.477519000e-04 
3.198725000e-01 6.727099000e-01 8.613984000e-01 
4.861958000e-01 6.406852000e-01 7.166049000e-01 
7.344413000e-01 3.489561000e-01 7.460238000e-01 
3.280359000e-01 1.773164000e-02 1.024910000e+00 
9.593031000e-01 5.466111000e-01 1.420800000e-03 
2.910995000e-03 1.186890000e+00 5.136502000e-03 
2.713448000e+00 7.125943000e-04 2.569167000e-03 
4.343196000e-02 6.584008000e-01 8.656594000e-01 
5.867352000e-01 9.717052000e-01 6.840799000e-03 
2.842799000e-01 6.807282000e-01 8.163496000e-01 
4.383264000e-01 7.470158000e-01 6.644487000e-01 
1.333905000e+00 3.145105000e-04 1.306713000e-02 
7.103007000e-02 1.007495000e+00 4.157355000e-01 
5.454220000e-01 4.001161000e-01 8.766104000e-01 
5.038732000e-02 4.270327000e-01 9.932168000e-01 
1.049615000e+00 1.250754000e-01 3.254371000e-01 
6.976963000e-01 8.545757000e-01 6.738396000e-03 
1.017293000e+00 2.858749000e-01 3.437290000e-01 
9.329898000e-01 5.180969000e-01 3.534478000e-01 
1.202171000e+00 8.905189000e-03 7.504668000e-03 
2.384699000e+00 1.159148000e-01 7.330270000e-04 
2.609848000e-01 6.752901000e-01 8.598514000e-01 
9.480752000e-01 4.278154000e-01 4.013522000e-01 
7.758750000e-01 8.759642000e-02 7.648669000e-01 
5.040058000e-02 8.918424000e-01 6.380484000e-01 
4.638473000e-01 9.207846000e-01 4.003975000e-01 
8.715275000e-01 2.653422000e-02 6.606252000e-01 
7.678963000e-01 8.771439000e-02 7.657347000e-01 
1.053231000e+00 3.032705000e-01 3.320564000e-03 
4.380230000e-01 6.045696000e-01 8.266363000e-01 
1.225076000e+00 1.099397000e-02 1.837855000e-03 
6.862377000e-01 4.791213000e-01 7.522328000e-01 
5.977442000e-01 3.155998000e-01 9.104344000e-01 
2.342703000e-03 8.858083000e-01 6.935019000e-01 
1.052018000e+00 2.897696000e-01 3.215975000e-02 
5.787626000e-01 9.446085000e-01 5.626331000e-02 
1.091870000e+00 4.013552000e-03 2.404575000e-01 
7.648623000e-04 5.733906000e-04 1.332923000e+00 
8.609594000e-01 4.121236000e-01 6.521440000e-01 
1.065667000e+00 8.569438000e-04 5.052875000e-01 
5.364826000e-02 9.084734000e-01 6.085237000e-01 
1.032420000e+00 1.526304000e-01 3.210546000e-01 
1.119742000e-03 3.781136000e-01 1.038417000e+00 
1.052519000e-01 8.796326000e-01 6.130735000e-01 
6.057610000e-01 4.649417000e-01 8.012654000e-01 
8.708168000e-01 6.561863000e-01 4.091831000e-02 
9.390700000e-01 4.470004000e-01 3.887667000e-01 
6.217861000e-01 1.414249000e-02 8.916813000e-01 
7.828462000e-01 1.070322000e-01 7.644335000e-01 
7.592301000e-01 9.658964000e-02 7.695066000e-01 
5.101432000e-04 7.479508000e-05 1.934879000e+00 
4.060240000e-01 1.002167000e+00 2.845615000e-01 
8.079401000e-01 7.379331000e-01 5.065528000e-02 
9.641080000e-01 1.251706000e-01 5.008627000e-01 
6.696557000e-01 8.583447000e-01 4.088468000e-02 
8.755916000e-01 3.417145000e-04 7.638223000e-01 
8.049374000e-01 7.481943000e-01 8.427468000e-03 
3.591027000e-02 1.957621000e-05 1.592919000e+00 
6.261335000e-03 7.715234000e-01 7.677113000e-01 
6.035808000e-01 9.168447000e-01 6.226113000e-02 
2.535304000e-01 4.437330000e-01 9.737355000e-01 
8.541441000e-01 6.664100000e-01 7.101400000e-02 
9.398025000e-01 4.464616000e-01 3.952118000e-01 
4.737560000e-01 8.352117000e-01 5.424181000e-01 
1.082973000e+00 2.083185000e-05 6.122086000e-01 
4.324241000e-01 1.027896000e+00 2.952667000e-03 
2.705280000e-05 1.032185000e-02 1.979555000e+00 
9.915091000e-01 3.734549000e-02 4.895328000e-01 
7.261226000e-01 1.380244000e-01 8.221166000e-01 
6.768228000e-01 4.222559000e-01 7.916463000e-01 
7.933970000e-01 1.630892000e-02 7.565979000e-01 
9.765612000e-01 4.759244000e-01 7.909282000e-02 
7.816153000e-01 8.146966000e-01 1.769714000e-02 
5.443667000e-01 6.867410000e-01 6.280833000e-01 
5.296492000e-01 7.666039000e-01 6.069235000e-01 
8.016647000e-01 6.869594000e-01 2.759443000e-01 
5.835492000e-01 7.145332000e-01 6.245696000e-01 
7.544698000e-01 3.129652000e-04 8.674610000e-01 
2.910206000e-01 8.531146000e-04 1.036861000e+00 
2.950549000e-01 6.032178000e-01 8.790916000e-01 
7.941280000e-01 7.507559000e-01 6.727111000e-02 
7.347844000e-01 5.305956000e-01 6.144084000e-01 
4.348904000e-02 6.668227000e-01 8.644850000e-01 
8.386051000e-01 5.368495000e-01 4.768212000e-01 
3.630065000e-01 5.585273000e-01 8.701607000e-01 
6.519826000e-03 5.522214000e-01 9.786859000e-01 
4.853598000e-01 1.020790000e+00 4.682350000e-03 
4.540973000e-01 9.996633000e-01 1.325332000e-02 
9.594374000e-01 2.410021000e-02 5.183361000e-01 
4.859870000e-01 1.016526000e+00 3.587797000e-03 
9.391785000e-01 6.890878000e-02 5.353619000e-01 
3.803489000e-01 7.470957000e-01 6.879893000e-01 
8.707665000e-01 6.640676000e-01 2.706419000e-02 
6.026486000e-01 8.381919000e-01 4.806248000e-01 
5.303040000e-01 4.764155000e-03 9.944320000e-01 
8.428326000e-01 6.995818000e-01 4.094905000e-02 
3.716717000e-03 6.855251000e-01 8.705347000e-01 
6.590812000e-01 9.703269000e-01 1.245391000e-03 
1.894900000e-01 9.859974000e-01 4.061549000e-01 
1.470246000e-02 9.544226000e-01 4.965831000e-01 
9.650894000e-01 1.299151000e-01 4.893947000e-01 
5.327045000e-01 6.772407000e-01 6.643402000e-01 
1.086675000e+00 2.060618000e-02 1.694536000e-02 
2.562246000e-02 8.417272000e-01 6.817940000e-01 
8.315681000e-01 5.832934000e-01 4.011555000e-01 
6.801406000e-01 8.648781000e-01 3.682449000e-02 
1.762748000e-02 5.628479000e-01 9.288322000e-01 
6.343893000e-01 8.016103000e-01 4.004263000e-01 
5.377496000e-01 1.384400000e-02 9.487755000e-01 
3.220106000e-01 5.663180000e-01 8.642005000e-01 
1.941611000e-02 2.876269000e-01 1.040462000e+00 
5.869031000e-01 4.527141000e-01 8.094681000e-01 
6.855788000e-01 4.797928000e-01 7.620855000e-01 
1.194902000e-02 1.054501000e+00 3.314496000e-01 
9.373941000e-01 4.572576000e-01 3.835473000e-01 
2.672424000e-04 9.364238000e-01 5.772180000e-01 
1.099861000e+00 1.566839000e-01 2.011645000e-03 
5.856071000e-05 1.207467000e+00 5.672527000e-01 
5.036137000e-01 9.844173000e-01 1.250700000e-01 
5.900973000e-01 4.980468000e-01 7.790035000e-01 
5.098563000e-01 9.294040000e-01 3.447787000e-01 
1.049108000e+00 2.640235000e-01 1.283368000e-01 
5.084506000e-01 8.974424000e-01 3.456901000e-01 
1.235337000e-02 1.060303000e+00 3.282023000e-01 
2.252729000e-03 7.386810000e-01 7.843208000e-01 
7.596647000e-02 6.047470000e-01 8.927662000e-01 
7.720724000e-01 7.081267000e-01 3.233758000e-01 
3.530081000e-01 1.022114000e+00 1.657958000e-02 
2.091949000e-01 3.406082000e-01 1.032436000e+00 
9.127442000e-04 1.221345000e+00 7.114382000e-03 
8.398763000e-01 2.514761000e-01 6.730171000e-01 
4.561702000e-01 9.734608000e-01 3.703480000e-01 
4.781169000e-04 4.403856000e-04 1.460189000e+00 
3.835706000e-01 1.051422000e+00 1.035145000e-02 
1.151894000e+00 2.838788000e-02 9.896733000e-04 
3.886877000e-01 1.054126000e+00 3.643573000e-03 
7.208946000e-01 8.780059000e-01 2.003213000e-03 
9.497523000e-01 5.618533000e-01 9.605611000e-04 
9.402841000e-01 1.968164000e-03 6.292249000e-01 
5.994393000e-01 2.920284000e-01 8.944786000e-01 
9.716765000e-01 4.466629000e-01 3.762471000e-01 
7.928769000e-01 7.523310000e-01 1.613773000e-02 
4.597644000e-03 8.028959000e-01 7.340028000e-01 
4.383170000e-01 5.974988000e-01 8.076472000e-01 
8.464859000e-01 6.935257000e-01 3.056181000e-02 
8.586789000e-01 6.649429000e-01 1.342241000e-01 
4.317067000e-01 8.914504000e-01 5.130994000e-01 
6.745156000e-03 9.269226000e-01 6.008576000e-01 
1.076551000e+00 1.734110000e-01 1.227622000e-02 
2.635249000e-01 1.413958000e-01 1.046524000e+00 
5.442982000e-01 7.698496000e-01 5.397261000e-01 
6.018376000e-01 5.197980000e-01 7.747980000e-01 
9.416820000e-01 4.620145000e-01 3.239615000e-01 
4.956128000e-01 1.012771000e+00 1.069100000e-02 
1.067292000e-04 1.345157000e-02 1.431125000e+00 
9.350686000e-01 9.724596000e-02 5.379036000e-01 
9.785640000e-01 4.519304000e-01 2.003073000e-02 
1.246695000e+00 9.232946000e-03 1.400551000e-03 
1.004011000e+00 3.130418000e-01 3.448305000e-01 
3.777595000e-01 8.960410000e-01 5.166202000e-01 
2.769812000e-03 8.563209000e-01 6.592010000e-01 
3.134228000e-01 8.299611000e-01 6.637279000e-01 
6.197568000e-01 1.689252000e-01 8.908337000e-01 
9.317616000e-02 7.186484000e-01 8.075080000e-01 
7.435277000e-01 4.229179000e-01 6.839441000e-01 
1.209141000e+00 1.546723000e-02 4.384158000e-03 
4.435977000e-01 8.051668000e-01 6.091572000e-01 
4.345373000e-02 8.004858000e-01 7.248826000e-01 
1.025957000e-04 2.198566000e-02 1.118095000e+00 
9.484572000e-01 4.649729000e-01 3.161911000e-01 
7.639722000e-01 6.408679000e-01 4.550735000e-01 
8.394699000e-01 7.309066000e-01 3.546773000e-03 
1.025474000e+00 3.055323000e-01 6.192342000e-02 
9.030970000e-01 5.118328000e-01 3.710028000e-01 
6.209370000e-01 4.158732000e-01 8.045064000e-01 
4.136155000e-01 1.005107000e+00 1.591000000e-02 
1.951563000e-03 3.849546000e-05 1.163623000e+00 
1.201615000e+00 7.637384000e-03 7.767646000e-03 
1.791102000e-03 4.238286000e-01 9.989117000e-01 
1.167796000e+00 1.685125000e-02 6.122316000e-03 
8.847775000e-01 4.506657000e-01 5.856131000e-01 
5.461940000e-01 5.151890000e-01 7.981691000e-01 
4.125660000e-01 3.483961000e-01 9.657643000e-01 
7.132120000e-01 7.670207000e-01 4.025430000e-01 
6.690238000e-01 8.171143000e-01 3.361269000e-01 
7.164079000e-01 8.744640000e-01 2.238904000e-03 
8.383900000e-01 4.173636000e-01 6.329989000e-01 
6.436848000e-01 9.409555000e-01 1.275912000e-02 
1.053533000e+00 1.383533000e-01 3.076455000e-01 
6.039707000e-01 7.328338000e-01 5.559817000e-01 
6.528518000e-01 5.766396000e-03 9.436586000e-01 
5.004288000e-01 7.326610000e-01 6.267419000e-01 
6.611311000e-01 1.975207000e-02 8.600049000e-01 
8.553242000e-01 5.702968000e-01 3.386626000e-01 
1.223649000e+00 3.815041000e-01 2.901386000e-04 
9.159421000e-01 6.159755000e-01 1.715217000e-02 
6.101230000e-01 8.872261000e-01 3.554821000e-01 
7.667560000e-01 6.403752000e-01 4.588084000e-01 
2.978395000e-02 5.533190000e-01 9.315988000e-01 
5.050186000e-01 5.154717000e-01 8.761180000e-01 
5.844735000e-01 7.687931000e-01 5.105508000e-01 
8.498434000e-01 6.881959000e-01 1.163370000e-01 
9.132826000e-03 5.826899000e-01 9.112241000e-01 
2.007279000e-03 1.274773000e-03 1.159302000e+00 
5.140730000e-01 9.451277000e-01 1.266150000e-02 
3.726271000e-01 4.294412000e-01 9.492519000e-01 
3.523848000e-01 5.843581000e-01 8.638572000e-01 
1.032645000e+00 3.221642000e-01 4.199523000e-02 
9.317621000e-01 5.350645000e-01 3.183584000e-01 
7.201577000e-02 5.392126000e-01 9.408529000e-01 
5.533491000e-01 9.163072000e-03 9.233863000e-01 
4.308640000e-03 7.220559000e-01 8.159604000e-01 
1.096381000e+00 4.624812000e-03 9.097311000e-02 
5.526500000e-01 1.306427000e-02 9.710960000e-01 
2.131335000e-04 4.394238000e-03 1.089232000e+00 
6.838245000e-01 7.130326000e-01 4.770979000e-01 
8.870094000e-01 1.792028000e-04 7.751939000e-01 
3.537686000e-01 5.042413000e-01 9.097632000e-01 
9.515816000e-01 7.315075000e-01 5.730453000e-04 
3.285125000e-01 4.504094000e-01 9.482200000e-01 
1.005985000e+00 4.103075000e-01 1.527764000e-02 
4.198524000e-01 6.256086000e-01 7.641243000e-01 
5.805582000e-01 4.646889000e-01 8.121020000e-01 
1.121979000e+00 1.153061000e-01 3.256894000e-03 
7.308421000e-01 3.435570000e-03 7.955417000e-01 
7.653106000e-01 5.704648000e-01 5.042713000e-01 
2.545096000e-02 5.507211000e-01 9.317473000e-01 
2.458483000e-03 7.299649000e-01 8.136766000e-01 
3.425363000e-01 8.054156000e-01 6.379589000e-01 
5.791035000e-01 9.657944000e-01 1.263272000e-02 
9.330601000e-01 5.258173000e-01 3.077489000e-01 
1.116147000e+00 4.058963000e-03 9.659119000e-03 
4.417602000e-01 3.496478000e-01 9.611891000e-01 
3.698427000e-01 4.412641000e-01 9.523633000e-01 
1.086805000e-03 5.557539000e-01 9.893514000e-01 
4.796502000e-02 2.541632000e-01 1.067831000e+00 
1.034951000e+00 4.440024000e-01 6.981574000e-03 
8.675548000e-01 7.898141000e-01 8.818713000e-04 
5.710354000e-01 6.187836000e-01 7.033631000e-01 
8.754877000e-01 5.662263000e-01 3.177039000e-01 
1.001718000e-02 6.239594000e-01 9.031715000e-01 
2.636825000e-01 7.198817000e-01 7.584200000e-01 
1.219585000e-02 6.279428000e-01 9.023860000e-01 
9.156996000e-01 3.728240000e-02 6.074950000e-01 
9.358149000e-01 4.679590000e-01 3.832838000e-01 
1.165358000e+00 6.851189000e-04 9.047644000e-03 
9.529351000e-01 3.265546000e-02 5.163769000e-01 
1.765398000e-02 2.522887000e-02 1.074945000e+00 
7.143143000e-01 5.326571000e-04 9.294496000e-01 
1.082516000e+00 1.735448000e-01 6.869033000e-03 
7.108318000e-01 7.104167000e-01 4.224374000e-01 
6.776289000e-03 7.648237000e-01 7.714263000e-01 
1.026374000e-01 7.128317000e-01 7.998691000e-01 
3.573686000e-01 6.951354000e-01 7.647619000e-01 
1.095069000e+00 2.972958000e-02 4.481514000e-03 
5.672523000e-01 6.443789000e-01 6.676446000e-01 
4.907235000e-03 7.308870000e-03 1.077432000e+00 
6.218905000e-01 7.469764000e-01 5.340956000e-01 
4.520322000e-01 5.590313000e-01 8.254005000e-01 
4.192106000e-01 5.863751000e-01 8.343010000e-01 
1.205141000e+00 7.432681000e-04 6.353069000e-03 
8.240871000e-01 5.720513000e-01 4.093339000e-01 
6.307156000e-04 3.171707000e-03 1.188829000e+00 
8.002170000e-01 4.631150000e-03 7.381302000e-01 
4.287804000e-01 1.005194000e+00 1.170114000e-02 
7.988519000e-01 6.218015000e-01 4.638201000e-01 
8.542744000e-01 1.631441000e-02 6.608416000e-01 
4.066066000e-01 7.558424000e-01 6.572304000e-01 
5.978771000e-01 1.966119000e-02 9.058055000e-01 
6.455940000e-01 8.721354000e-01 2.805861000e-03 
4.189718000e-01 1.058110000e+00 3.302487000e-03 
4.625021000e-01 1.126079000e-04 1.092091000e+00 
6.468340000e-03 8.669601000e-01 6.526468000e-01 
9.453958000e-01 5.552177000e-01 8.767610000e-03 
9.304433000e-01 5.409597000e-01 3.109967000e-01 
1.137588000e+00 4.757784000e-02 3.191751000e-03 
4.429916000e-02 7.811277000e-01 7.589935000e-01 
7.366046000e-01 6.455485000e-01 5.813504000e-01 
8.849448000e-01 6.404593000e-01 1.861887000e-02 
6.885678000e-01 4.412298000e-03 8.469959000e-01 
6.415474000e-01 6.048636000e-01 6.241299000e-01 
8.211144000e-01 7.495523000e-01 2.158962000e-03 
3.221946000e-01 8.966510000e-01 5.296327000e-01 
6.008608000e-01 7.466933000e-01 5.600660000e-01 
4.933116000e-01 3.457832000e-01 9.111015000e-01 
1.102637000e+00 5.193127000e-03 9.818498000e-03 
7.676627000e-01 8.374856000e-01 9.464003000e-02 
4.790678000e-01 9.089042000e-01 3.475013000e-01 
8.301940000e-01 1.867773000e-02 7.298207000e-01 
8.071114000e-01 4.840403000e-01 5.681172000e-01 
5.266155000e-01 8.856944000e-01 4.918278000e-01 
1.524467000e-03 7.362605000e-01 9.157176000e-01 
6.297577000e-01 8.601112000e-01 3.422813000e-01 
4.868231000e-01 9.455485000e-01 3.292849000e-01 
3.984350000e-01 7.559112000e-01 6.542721000e-01 
3.155287000e-01 5.675133000e-01 8.745440000e-01 
5.011551000e-01 3.237233000e-01 9.193778000e-01 
2.306859000e-03 8.779012000e-01 7.433311000e-01 
5.505689000e-03 3.314649000e-01 1.039631000e+00 
1.392782000e-03 8.803630000e-01 7.111215000e-01 
3.209100000e-02 8.068937000e-01 6.987577000e-01 
7.749968000e-01 5.110510000e-01 5.684781000e-01 
1.780613000e-04 1.582528000e-02 1.177547000e+00 
1.927195000e-01 9.998973000e-01 3.874276000e-01 
7.899180000e-01 7.551889000e-01 3.938258000e-02 
7.273495000e-01 1.079598000e-02 7.921652000e-01 
6.125439000e-01 7.518758000e-01 5.538928000e-01 
9.706858000e-01 4.018518000e-01 3.833083000e-01 
2.874765000e-03 7.208112000e-01 8.301607000e-01 
1.003088000e+00 4.160031000e-01 1.055861000e-01 
6.371100000e-01 8.317925000e-01 3.291062000e-01 
1.140730000e+00 3.858680000e-02 1.658292000e-03 
8.430018000e-01 5.798884000e-01 3.124830000e-01 
1.433874000e-02 3.053781000e-01 1.055705000e+00 
9.752182000e-01 6.666460000e-02 5.088228000e-01 
1.085218000e+00 2.613351000e-02 1.302236000e-02 
9.797792000e-01 3.246210000e-04 6.157176000e-01 
9.084660000e-01 6.282576000e-01 5.347970000e-03 
3.533288000e-01 6.815405000e-01 7.655639000e-01 
6.690716000e-01 7.859812000e-01 3.315086000e-01 
8.765156000e-01 6.556151000e-01 4.615142000e-02 
2.750990000e-01 7.933712000e-01 6.888986000e-01 
3.639268000e-01 8.854483000e-01 5.611965000e-01 
8.225640000e-01 5.957481000e-01 4.019105000e-01 
8.900106000e-01 6.807895000e-01 1.540092000e-03 
5.895842000e-01 5.003841000e-01 7.752340000e-01 
9.884836000e-01 3.474963000e-01 3.292635000e-01 
5.174779000e-01 6.623489000e-01 7.146257000e-01 
8.377856000e-01 5.958108000e-01 3.743071000e-01 
6.648733000e-01 4.491275000e-01 7.638924000e-01 
1.022253000e+00 2.248795000e-02 4.170605000e-01 
4.392994000e-01 8.634045000e-01 5.620204000e-01 
7.577695000e-01 3.119055000e-02 7.725801000e-01 
2.624608000e-03 9.646197000e-01 4.965093000e-01 
9.935218000e-01 4.572485000e-01 8.878894000e-03 
1.010223000e+00 1.474892000e-01 3.949626000e-01 
4.631929000e-01 9.973756000e-01 3.823971000e-02 
9.919353000e-01 1.446427000e-02 4.899801000e-01 
7.147004000e-01 7.048030000e-01 4.225783000e-01 
4.602564000e-01 4.668902000e-03 1.003911000e+00 
3.069210000e-03 1.079382000e+00 8.838088000e-06 
4.991408000e-01 7.907623000e-01 5.062822000e-01 
9.113025000e-01 3.713810000e-02 6.086116000e-01 
6.230357000e-01 4.999607000e-01 7.591754000e-01 
6.499731000e-02 1.072340000e+00 1.258162000e-02 
4.062325000e-01 3.507099000e-01 9.594002000e-01 
6.135823000e-01 4.241864000e-01 8.685284000e-01 
9.071435000e-02 8.647946000e-01 6.483512000e-01 
8.561338000e-01 5.572361000e-01 3.647140000e-01 
1.104458000e+00 1.328732000e-03 5.536646000e-02 
7.274595000e-01 6.001047000e-01 6.435350000e-01 
1.012221000e+00 4.483751000e-01 2.861401000e-03 
9.030050000e-01 6.312180000e-01 8.741446000e-03 
1.002098000e+00 4.213497000e-01 9.333038000e-02 
7.388537000e-01 1.589961000e-01 7.715831000e-01 
1.095928000e+00 1.424938000e-02 9.920768000e-03 
3.456594000e-01 7.031396000e-01 7.666145000e-01 
8.366151000e-01 6.139752000e-02 7.207467000e-01 
7.876935000e-01 5.257231000e-01 5.122438000e-01 
3.066644000e-01 2.617845000e-01 1.005010000e+00 
5.710941000e-01 7.988142000e-01 5.059535000e-01 
7.431271000e-01 7.620623000e-01 3.375459000e-01 
6.160506000e-01 7.426201000e-01 5.513011000e-01 
7.327994000e-01 7.518811000e-02 7.915732000e-01 
1.098680000e+00 2.584082000e-03 2.330272000e-02 
4.334016000e-01 4.810856000e-01 8.890698000e-01 
9.065431000e-01 5.499862000e-02 6.111312000e-01 
8.394788000e-01 3.516271000e-04 7.400838000e-01 
8.790790000e-01 6.571066000e-01 3.670210000e-02 
9.264737000e-01 6.042223000e-01 1.807458000e-02 
1.031327000e+00 1.051093000e-01 3.429723000e-01 
4.778868000e-01 7.086873000e-01 6.478241000e-01 
3.992755000e-03 1.011029000e+00 3.853436000e-01 
6.342207000e-02 1.007768000e+00 3.840757000e-01 
9.310851000e-02 7.201917000e-01 8.228336000e-01 
3.901756000e-01 5.008298000e-01 9.082185000e-01 
4.080462000e-01 1.011817000e+00 1.590021000e-02 
6.374451000e-01 8.216949000e-01 2.828157000e-01 
6.586276000e-01 5.199887000e-01 6.868885000e-01 
1.101874000e+00 1.885514000e-02 9.794242000e-03 
7.982118000e-01 5.117302000e-01 5.147125000e-01 
2.753045000e-01 5.169484000e-01 9.713996000e-01 
1.107582000e+00 1.645943000e-03 2.543134000e-02 
5.669097000e-01 9.170279000e-01 3.390494000e-01 
6.009806000e-01 1.947963000e-02 9.203508000e-01 
3.270202000e-04 9.215397000e-01 6.106600000e-01 
3.467236000e-01 1.036485000e+00 1.584196000e-02 
3.728920000e-01 7.907674000e-01 7.073964000e-01 
6.819160000e-01 3.959706000e-01 7.864838000e-01 
4.021562000e-01 6.336329000e-01 7.924165000e-01 
5.301145000e-01 6.073655000e-01 7.631369000e-01 
8.216930000e-01 6.998943000e-01 2.814959000e-02 
4.680668000e-03 9.922036000e-01 4.366455000e-01 
1.117032000e+00 1.348609000e-02 8.528729000e-03 
1.065361000e+00 1.240565000e-02 4.522627000e-02 
5.198328000e-01 2.230710000e-01 9.339295000e-01 
8.504874000e-01 5.708299000e-01 3.734828000e-01 
9.049260000e-01 6.571154000e-01 1.879432000e-03 
5.302711000e-01 7.893283000e-01 5.141573000e-01 
4.909065000e-01 6.398546000e-01 7.210914000e-01 
5.610726000e-01 4.553251000e-01 8.283894000e-01 
6.875184000e-01 8.439563000e-01 6.921544000e-03 
4.849414000e-01 3.044956000e-01 9.202214000e-01 
9.859550000e-01 4.352152000e-01 3.439414000e-01 
7.250232000e-01 4.267458000e-01 7.683161000e-01 
7.608561000e-01 4.208765000e-01 7.115348000e-01 
1.046335000e+00 1.090264000e-02 3.408077000e-01 
2.301703000e-03 3.885725000e-01 1.019689000e+00 
5.748443000e-03 7.340849000e-01 7.763900000e-01 
1.159155000e-02 4.609445000e-01 9.898886000e-01 
1.050552000e+00 1.002852000e-01 3.339904000e-01 
7.148167000e-01 4.511981000e-02 8.229020000e-01 
4.774004000e-01 4.365307000e-01 8.797985000e-01 
9.472615000e-03 1.388836000e-04 1.129582000e+00 
1.096742000e+00 4.134613000e-02 3.399986000e-03 
5.122947000e-01 9.821635000e-01 3.819787000e-03 
1.057464000e+00 8.642147000e-02 3.392142000e-01 
9.625645000e-01 4.580324000e-03 5.817743000e-01 
5.543986000e-02 5.175171000e-01 9.668537000e-01 
7.369937000e-03 1.037908000e+00 3.625106000e-01 
4.570870000e-01 3.106985000e-01 9.527529000e-01 
5.177171000e-01 4.022524000e-01 9.056847000e-01 
7.038887000e-01 4.724283000e-01 6.812816000e-01 
9.551673000e-01 2.656252000e-02 5.701193000e-01 
7.134009000e-01 3.277779000e-01 8.129634000e-01 
4.390634000e-01 7.412839000e-01 7.313924000e-01 
2.606188000e-01 7.851996000e-01 7.127113000e-01 
3.583169000e-01 5.013241000e-01 9.431972000e-01 
1.042201000e+00 4.513805000e-02 3.824014000e-01 
7.892127000e-01 1.336428000e-02 7.602646000e-01 
6.514972000e-01 3.697280000e-01 8.023916000e-01 
3.111249000e-01 3.942034000e-01 9.679332000e-01 
4.228495000e-01 1.616304000e-03 1.032972000e+00 
9.833204000e-01 4.613029000e-02 5.000255000e-01 
5.866535000e-01 7.087912000e-01 6.163576000e-01 
1.663603000e-02 5.404907000e-01 9.353583000e-01 
7.616285000e-01 7.187388000e-01 3.183430000e-01 
8.679681000e-01 6.016382000e-01 2.855023000e-01 
6.667776000e-02 7.322369000e-01 7.721466000e-01 
6.830327000e-01 8.376891000e-01 1.366285000e-02 
3.779976000e-01 1.035403000e+00 1.178758000e-02 
5.349095000e-01 7.598582000e-01 6.039196000e-01 
5.214984000e-01 6.921824000e-01 6.481986000e-01 
1.046799000e+00 3.591352000e-01 1.885031000e-02 
6.213296000e-01 2.747827000e-01 8.681582000e-01 
1.263585000e-02 7.244464000e-01 7.989942000e-01 
5.603436000e-02 1.036684000e+00 3.174292000e-01 
4.786315000e-02 1.025801000e+00 3.631314000e-01 
8.395051000e-01 6.490034000e-02 7.001784000e-01 
1.150989000e-03 7.690879000e-01 7.689997000e-01 
4.084612000e-01 6.097017000e-01 7.833227000e-01 
4.483151000e-04 2.464812000e-03 1.245900000e+00 
7.984174000e-01 8.153866000e-01 1.434628000e-03 
6.878133000e-01 2.390459000e-03 8.835824000e-01 
2.569526000e-01 3.252488000e-01 1.002494000e+00 
7.819135000e-01 6.443668000e-04 7.747428000e-01 
2.576322000e-02 6.283481000e-01 8.984068000e-01 
7.903718000e-01 6.664497000e-01 3.380630000e-01 
5.459973000e-01 7.812314000e-01 5.172129000e-01 
6.338112000e-01 8.908028000e-01 4.490350000e-02 
8.849570000e-01 7.253978000e-01 1.932610000e-03 
8.072065000e-01 3.459962000e-01 6.594154000e-01 
3.751957000e-01 1.021921000e+00 2.967573000e-01 
6.659760000e-01 6.384344000e-01 6.210896000e-01 
7.925921000e-01 1.298554000e-01 7.502853000e-01 
9.613234000e-01 4.108743000e-01 3.887476000e-01 
5.302408000e-01 3.599270000e-01 8.880504000e-01 
5.395090000e-01 5.961571000e-01 7.588286000e-01 
6.243607000e-02 5.322269000e-01 9.434941000e-01 
5.710257000e-02 8.526139000e-01 6.485243000e-01 
1.019869000e+00 4.860593000e-01 4.482064000e-04 
4.085464000e-01 1.387426000e-02 1.000167000e+00 
9.438480000e-01 5.078182000e-01 1.028112000e-01 
2.036588000e-02 2.608605000e-01 1.057846000e+00 
4.738375000e-03 7.370753000e-01 7.794962000e-01 
4.968017000e-01 8.728135000e-01 5.274446000e-01 
7.541789000e-01 6.470103000e-01 5.392094000e-01 
1.008689000e-01 8.443382000e-01 6.585913000e-01 
3.336161000e-03 6.310418000e-01 8.835418000e-01 
8.145608000e-01 7.675769000e-01 4.315224000e-03 
8.607247000e-01 9.279265000e-03 7.180415000e-01 
1.073991000e+00 6.458892000e-02 1.566950000e-02 
8.074307000e-01 7.782117000e-01 3.008430000e-03 
7.296506000e-01 4.227050000e-03 8.025853000e-01 
3.566486000e-01 7.234281000e-01 7.449664000e-01 
3.151825000e-01 3.025948000e-01 9.913101000e-01 
8.124244000e-01 7.402347000e-01 8.046856000e-03 
8.395880000e-01 4.925945000e-01 5.433652000e-01 
4.546084000e-01 8.679144000e-01 5.522322000e-01 
5.880790000e-01 5.201969000e-01 7.842494000e-01 
6.905905000e-01 3.880339000e-01 7.703026000e-01 
2.907037000e-03 7.253478000e-01 8.006443000e-01 
8.607612000e-01 1.424771000e-01 6.532201000e-01 
5.684658000e-01 4.801709000e-01 8.149357000e-01 
4.288164000e-01 4.901563000e-01 8.895821000e-01 
7.734270000e-01 8.200634000e-01 3.703489000e-02 
6.407222000e-01 6.611104000e-01 6.298879000e-01 
3.529537000e-01 9.856933000e-01 3.181547000e-01 
4.831220000e-03 9.547249000e-01 5.202293000e-01 
9.216402000e-01 5.871846000e-02 5.830581000e-01 
4.785394000e-01 3.232468000e-01 9.344493000e-01 
5.528513000e-01 1.118292000e-03 9.503518000e-01 
1.083871000e+00 1.583258000e-02 3.904521000e-02 
7.738733000e-01 3.157169000e-01 7.479012000e-01 
3.004933000e-01 5.865956000e-01 8.777653000e-01 
3.584493000e-01 8.834549000e-01 5.876791000e-01 
4.336426000e-01 1.030959000e+00 2.947601000e-04 
1.072352000e+00 4.215703000e-03 3.306020000e-01 
5.911426000e-01 1.680849000e-01 9.158581000e-01 
5.480159000e-01 9.398364000e-01 5.958208000e-02 
6.294142000e-01 5.777302000e-01 6.627771000e-01 
7.509506000e-04 5.796275000e-01 9.423315000e-01 
3.814339000e-01 1.061649000e+00 9.096575000e-03 
1.098573000e+00 9.223954000e-03 3.429313000e-02 
7.928527000e-01 5.228334000e-01 5.349725000e-01 
9.804239000e-01 4.455225000e-01 4.587267000e-02 
7.534351000e-01 8.194375000e-02 7.735909000e-01 
4.910339000e-01 9.917048000e-01 1.176410000e-01 
9.194306000e-01 5.765147000e-01 3.800406000e-02 
9.427156000e-01 3.230615000e-02 5.419152000e-01 
6.070911000e-01 1.068078000e-02 8.967164000e-01 
9.497638000e-01 4.587447000e-01 3.198648000e-01 
1.122637000e+00 5.502235000e-03 8.622929000e-03 
9.767052000e-01 1.774497000e-03 5.377534000e-01 
1.055806000e+00 1.066392000e-01 3.118032000e-01 
7.642879000e-03 8.354441000e-01 7.000790000e-01 
5.044974000e-01 5.810170000e-01 7.789957000e-01 
7.406460000e-01 3.096992000e-01 7.661453000e-01 
4.605684000e-03 6.100418000e-01 9.165299000e-01 
2.215556000e-01 3.129914000e-01 1.024623000e+00 
5.138243000e-01 9.169030000e-01 3.446672000e-01 
8.910530000e-01 6.498006000e-01 4.168221000e-03 
7.278786000e-01 5.289567000e-01 6.337885000e-01 
2.056634000e-01 1.064645000e+00 2.592542000e-03 
1.127140000e+00 3.792370000e-04 3.448675000e-02 
1.102825000e-02 9.147069000e-01 6.072593000e-01 
8.955038000e-01 8.594084000e-03 6.277726000e-01 
8.739269000e-01 5.634274000e-01 3.367202000e-01 
3.613432000e-01 4.497315000e-01 9.466636000e-01 
7.630292000e-01 7.286209000e-01 2.862805000e-01 
2.623843000e-02 2.614956000e-04 1.112365000e+00 
5.888743000e-01 9.575652000e-01 1.790275000e-03 
4.522805000e-01 8.741548000e-01 5.202390000e-01 
1.699462000e-01 3.672679000e-01 1.024625000e+00 
4.596280000e-01 1.512498000e-03 1.013065000e+00 
4.910875000e-01 8.122605000e-01 5.444861000e-01 
1.003688000e+00 3.531085000e-02 4.437417000e-01 
9.687730000e-01 1.298085000e-01 4.953645000e-01 
6.766195000e-02 7.316843000e-01 7.717114000e-01 
8.313778000e-01 7.078618000e-01 5.954950000e-03 
7.264027000e-01 6.611117000e-01 4.765305000e-01 
6.922005000e-01 8.489214000e-01 6.920907000e-03 
4.551842000e-01 1.851008000e-03 1.011332000e+00 
8.046798000e-01 9.893748000e-04 7.350289000e-01 
8.652861000e-01 1.367288000e-01 6.525542000e-01 
6.347376000e-01 8.984251000e-01 1.972373000e-02 
9.157812000e-01 6.419516000e-02 5.980369000e-01 
9.429063000e-01 5.258196000e-01 5.491468000e-02 
8.210217000e-01 6.472030000e-01 2.881456000e-01 
3.552294000e-01 6.344960000e-01 8.043218000e-01 
3.181782000e-01 8.898186000e-01 5.308257000e-01 
4.905890000e-02 9.874485000e-01 4.885466000e-01 
3.548658000e-01 9.776798000e-01 3.153319000e-01 
6.326999000e-02 4.038799000e-01 9.987787000e-01 
6.619578000e-01 8.608457000e-01 4.084841000e-02 
1.040449000e-01 2.787069000e-01 1.044951000e+00 
3.140532000e-02 8.164771000e-01 7.046828000e-01 
1.035723000e+00 1.469465000e-03 3.880418000e-01 
8.055640000e-01 2.206531000e-01 7.139556000e-01 
3.590298000e-01 6.563784000e-01 7.927821000e-01 
5.703157000e-03 1.073087000e+00 6.800645000e-03 
4.271802000e-02 7.203591000e-01 8.051818000e-01 
6.375241000e-01 8.185159000e-01 2.871063000e-01 
5.086660000e-01 1.289929000e-01 9.625446000e-01 
2.197325000e-02 5.338650000e-01 9.517983000e-01 
1.336309000e-02 7.929798000e-04 1.087138000e+00 
3.530591000e-01 2.818049000e-01 9.885639000e-01 
6.964950000e-02 9.778635000e-01 4.628643000e-01 
1.956389000e-02 1.052303000e+00 2.995588000e-01 
6.080987000e-01 5.556238000e-01 7.214132000e-01 
5.332321000e-01 3.749047000e-01 8.817977000e-01 
7.985791000e-01 5.243434000e-03 7.312693000e-01 
7.487146000e-01 2.104708000e-03 7.834479000e-01 
4.309969000e-01 1.463627000e-02 9.838093000e-01 
7.042759000e-02 8.808110000e-01 6.249930000e-01 
8.613850000e-04 1.087202000e+00 9.931220000e-03 
8.599158000e-01 1.145773000e-02 6.698834000e-01 
6.060996000e-01 8.967348000e-01 3.181206000e-02 
4.440034000e-01 1.576033000e-01 9.802905000e-01 
1.925423000e-01 1.069157000e+00 4.617832000e-02 
9.631620000e-01 5.191328000e-01 6.874163000e-04 
9.409684000e-01 5.557135000e-01 1.342367000e-02 
6.018757000e-02 1.031359000e+00 3.212082000e-01 
4.753178000e-03 1.003416000e+00 4.165540000e-01 
1.037385000e+00 2.988346000e-01 3.144651000e-02 
7.028100000e-01 7.326635000e-01 4.580191000e-01 
5.670479000e-01 5.080395000e-01 7.859717000e-01 
1.004992000e+00 4.402673000e-01 3.149603000e-02 
6.223778000e-01 5.911002000e-03 8.764877000e-01 
8.668897000e-03 9.508959000e-01 5.085416000e-01 
9.808382000e-03 4.149904000e-01 9.987280000e-01 
9.886134000e-01 5.230723000e-02 4.426790000e-01 
9.242192000e-01 5.921201000e-01 3.751822000e-02 
7.585331000e-02 4.575329000e-03 1.073220000e+00 
9.183036000e-01 6.647838000e-02 5.970708000e-01 

1.136009000e-02 1.725955000e-04 1.106358000e+00 
8.194110000e-04 1.204252000e+00 3.242763000e-02 
9.916817000e-01 1.863996000e-01 4.700326000e-01 
9.030992000e-01 4.771029000e-02 6.398625000e-01 
1.852930000e-02 8.084750000e-01 7.604166000e-01 
1.442931000e-01 3.196850000e-01 1.048484000e+00 
2.892884000e-02 1.261096000e+00 8.107022000e-05 
9.757971000e-01 3.628814000e-02 5.594640000e-01 
5.933430000e-01 9.242067000e-01 8.174049000e-02 
1.012671000e+00 4.922670000e-01 2.845285000e-03 
1.053441000e+00 3.578698000e-02 3.807340000e-01 
6.521900000e-01 7.394479000e-01 4.977440000e-01 
8.635353000e-01 7.290135000e-01 5.131458000e-03 
6.728894000e-05 7.068979000e-06 9.406206000e+00 
5.559128000e-01 5.504690000e-01 8.226074000e-01 
1.071537000e+00 3.230576000e-01 1.516964000e-02 
1.222857000e+00 1.228691000e-02 3.998586000e-04 
9.084261000e-01 5.373305000e-04 6.532810000e-01 
7.496493000e-01 5.028014000e-01 6.234556000e-01 
3.274728000e-01 8.417752000e-01 6.810930000e-01 
3.534212000e-01 6.822697000e-05 1.056285000e+00 
8.872547000e-01 6.742671000e-01 7.223067000e-02 
2.603903000e-01 5.776683000e-01 9.120565000e-01 
4.405630000e-05 4.348140000e-04 6.880289000e+00 
7.668147000e-02 9.847668000e-01 5.408991000e-01 
1.031134000e+00 6.776987000e-02 4.298928000e-01 
1.019139000e+00 7.888490000e-03 4.828381000e-01 
8.200329000e-01 7.475351000e-01 1.554631000e-02 
2.047297000e-03 1.118900000e+00 4.887868000e-01 
7.235808000e-01 7.046106000e-01 5.014039000e-01 
5.756535000e-01 5.250925000e-01 7.911684000e-01 
4.371384000e-01 1.053588000e+00 4.035935000e-02 
8.963957000e-01 6.844524000e-01 4.864026000e-02 
4.489770000e-01 7.506936000e-01 7.373811000e-01 
5.846692000e-01 6.740925000e-03 9.562406000e-01 
4.067861000e-01 9.297154000e-01 4.521449000e-01 
1.172801000e-02 9.988580000e-01 4.968674000e-01 
4.248430000e-04 3.338018000e-05 1.117128000e+00 
1.044607000e+00 4.866759000e-01 2.413761000e-02 
8.238371000e-02 5.555403000e-01 9.870319000e-01 
5.774700000e-01 3.708342000e-01 8.739810000e-01 
9.906958000e-03 2.237085000e-04 1.107544000e+00 
8.767855000e-01 2.867474000e-01 6.555431000e-01 
8.966183000e-01 5.484682000e-02 6.512983000e-01 
3.918921000e-01 1.050910000e+00 4.322554000e-02 
2.229112000e-01 6.252749000e-01 9.260262000e-01 
5.236911000e-01 7.061776000e-01 7.210358000e-01 
1.040929000e+00 5.880133000e-01 1.364370000e-03 
2.773034000e-03 8.558968000e-01 7.609267000e-01 
5.278867000e-01 1.568575000e-02 9.794917000e-01 
6.612863000e-01 8.172521000e-01 4.614807000e-01 
6.607667000e-01 4.845015000e-01 8.367490000e-01 
9.742501000e-01 1.089371000e-02 5.699391000e-01 
2.790573000e-03 6.550640000e-01 9.796097000e-01 
6.170040000e-02 8.463637000e-01 7.212649000e-01 
8.609584000e-01 7.263000000e-01 3.973162000e-02 
5.391920000e-05 3.326057000e-05 1.308313000e+00 
7.780756000e-01 3.281804000e-02 7.986445000e-01 
4.117500000e-01 8.115325000e-01 6.580645000e-01 
5.493714000e-04 1.286465000e+00 6.234950000e-03 
1.229262000e-02 1.148360000e+00 6.761927000e-04 
2.746697000e-02 1.108949000e+00 3.638958000e-03 
7.314510000e-01 7.105185000e-01 4.734233000e-01 
3.106128000e-02 2.182659000e+00 2.093716000e-05 
9.848479000e-06 5.765023000e-03 1.394635000e+00 
5.851343000e-01 6.702479000e-01 6.901832000e-01 
2.878095000e-03 6.019427000e-01 9.405742000e-01 
3.480180000e-01 8.235924000e-01 6.398101000e-01 
4.002550000e-01 1.045691000e+00 4.788893000e-02 
1.101379000e+00 1.066272000e-01 1.753334000e-02 
1.793087000e-03 6.996425000e-01 9.296397000e-01 
7.835429000e-01 4.231081000e-01 6.801611000e-01 
3.401239000e-02 6.276858000e-01 9.092037000e-01 
8.470158000e-01 6.174954000e-01 4.287288000e-01 
1.972964000e-05 8.817257000e-04 2.096404000e+00 
3.434483000e-01 9.903084000e-02 1.058527000e+00 
3.578132000e-04 1.759921000e-02 1.170646000e+00 
3.856047000e-01 6.481816000e-01 8.513909000e-01 
4.305934000e-01 4.794425000e-01 9.098115000e-01 
8.527193000e-01 5.505203000e-01 4.740226000e-01 
9.147336000e-01 2.685340000e-01 6.096834000e-01 
1.158541000e-01 5.422450000e-01 1.011183000e+00 
4.894917000e-01 7.771464000e-01 6.611254000e-01 
5.825103000e-01 7.519125000e-01 6.389118000e-01 
9.679887000e-01 4.558584000e-01 4.201155000e-01 
3.335893000e-02 8.935921000e-01 6.663512000e-01 
1.511772000e-01 1.047739000e+00 3.652471000e-01 
4.659973000e-03 1.058273000e+00 4.194053000e-01 
3.841857000e-01 1.189069000e-01 1.033083000e+00 
8.097945000e-01 3.985743000e-01 6.557847000e-01 
8.378298000e-01 8.030273000e-01 1.071382000e-02 
7.974690000e-01 7.182864000e-01 4.012433000e-01 
3.898236000e-04 1.227950000e+00 1.126249000e-02 
1.776206000e-04 1.226416000e+00 5.167255000e-01 
9.619786000e-01 5.099595000e-01 3.437726000e-01 
3.199191000e-01 6.471187000e-01 8.521104000e-01 
5.491232000e-01 9.662120000e-01 2.759930000e-01 
2.457679000e-01 3.795653000e-01 1.010682000e+00 
8.247146000e-01 1.092204000e-03 8.504796000e-01 
6.948671000e-01 2.128171000e-02 9.150675000e-01 
9.730510000e-01 5.058680000e-01 3.216731000e-01 
9.393955000e-01 6.069256000e-01 1.209085000e-02 
7.021688000e-01 9.262686000e-01 1.040666000e-02 
4.602567000e-02 5.913963000e-01 9.432941000e-01 
7.824877000e-01 7.736832000e-01 2.299507000e-01 
1.090465000e+00 6.486379000e-01 2.442204000e-06 
1.063144000e-01 1.108472000e+00 5.731945000e-03 
1.243423000e-02 7.577930000e-01 8.432617000e-01 
5.164363000e-01 9.987993000e-01 1.425638000e-02 
9.173925000e-01 3.554732000e-01 5.245605000e-01 
4.869018000e-01 3.486879000e-01 9.447069000e-01 
1.325763000e-03 7.042113000e-01 1.012591000e+00 
4.241891000e-04 4.824461000e-02 1.144131000e+00 
5.395583000e-01 9.736484000e-01 2.386774000e-02 
7.836117000e-01 7.725370000e-01 3.703610000e-01 
5.398868000e-01 6.951991000e-01 7.020830000e-01 
6.050296000e-01 8.348273000e-01 4.459084000e-01 
3.143286000e-01 8.789010000e-01 6.642462000e-01 
2.755707000e-01 7.372462000e-01 8.368860000e-01 
4.282323000e-01 8.212910000e-01 6.167387000e-01 
8.552987000e-01 8.362892000e-01 5.910560000e-03 
8.677256000e-01 4.893152000e-02 6.929205000e-01 
9.971334000e-01 6.792060000e-01 8.363280000e-06 
5.947243000e-01 1.500013000e-03 9.654379000e-01 
8.902013000e-01 6.817914000e-01 5.044449000e-02 
7.956811000e-01 8.152325000e-01 1.800883000e-02 
4.954635000e-01 6.574013000e-04 1.019252000e+00 
1.006882000e-03 1.318085000e+00 8.380033000e-04 
6.236033000e-01 6.693213000e-01 6.808458000e-01 
9.819596000e-01 5.952307000e-01 6.533690000e-02 
4.291688000e-04 1.861656000e-05 1.681432000e+00 
6.180321000e-01 4.290767000e-01 8.588642000e-01 
8.603463000e-02 9.876554000e-01 4.848040000e-01 
6.194024000e-01 7.799819000e-01 5.791927000e-01 
3.131914000e-02 3.798784000e-01 1.044231000e+00 
1.071807000e+00 1.628406000e-01 3.477617000e-01 
8.385276000e-01 2.650923000e-01 6.774656000e-01 
5.274886000e-01 9.129725000e-01 3.811497000e-01 
4.073704000e-01 1.085320000e+00 1.798236000e-04 
2.681743000e-02 7.187036000e-01 8.378293000e-01 
9.480456000e-01 4.630603000e-05 6.967565000e-01 
6.043882000e-01 9.911036000e-01 3.436144000e-03 
1.097024000e+00 1.315195000e-03 2.483012000e-01 
1.026670000e+00 7.851898000e-02 4.509314000e-01 
7.421890000e-01 5.227964000e-01 6.574982000e-01 
5.362745000e-01 8.961800000e-01 4.644234000e-01 
5.624702000e-01 5.411531000e-01 8.000593000e-01 
9.966070000e-01 3.461918000e-01 3.918598000e-01 
4.046503000e-01 9.945230000e-01 3.662490000e-01 
9.787265000e-02 1.042585000e+00 3.935567000e-01 
5.824571000e-01 9.223314000e-01 3.692807000e-01 
1.501674000e-03 6.742132000e-01 1.013391000e+00 
8.460289000e-01 5.479241000e-04 8.192378000e-01 
9.782269000e-03 9.785865000e-01 6.201942000e-01 
1.114876000e+00 1.142496000e-02 2.395392000e-02 
1.028340000e+00 4.659023000e-01 3.292078000e-02 
3.730346000e-01 9.940536000e-01 3.798818000e-01 
2.438519000e-03 1.021393000e+00 4.930833000e-01 
5.780123000e-01 9.219026000e-01 3.773326000e-01 
5.509266000e-01 6.431788000e-01 7.082149000e-01 
5.190622000e-01 3.086086000e-01 9.920139000e-01 
4.359521000e-01 4.054493000e-01 9.552716000e-01 
1.102027000e+00 6.838279000e-02 5.832369000e-02 
1.662029000e-01 3.353215000e-01 1.047514000e+00 
8.319403000e-01 6.794535000e-01 3.458499000e-01 
1.061292000e+00 3.338177000e-01 4.148742000e-02 
8.303089000e-01 1.710660000e-03 8.315220000e-01 
6.435346000e-01 7.616648000e-01 5.035950000e-01 
1.289011000e+00 3.606418000e-02 2.284605000e-05 
9.050895000e-01 5.480902000e-01 4.810819000e-01 
4.259745000e-01 1.929058000e-01 1.015919000e+00 
7.124092000e-01 8.751999000e-01 8.219712000e-05 
3.987467000e-01 9.434912000e-01 4.497932000e-01 
3.761204000e-02 8.979172000e-01 6.426252000e-01 
1.789406000e-02 6.139868000e-04 1.098343000e+00 
4.725534000e-02 1.006199000e+00 4.923029000e-01 
3.471791000e-02 5.993849000e-01 9.305961000e-01 
2.136235000e-03 4.353859000e-01 1.034147000e+00 
5.091762000e-01 3.156251000e-01 9.841599000e-01 
2.517475000e-02 1.109748000e+00 9.700771000e-03 
7.069611000e-01 8.624150000e-01 2.191333000e-02 
3.998740000e-01 3.323038000e-02 1.045677000e+00 
8.056197000e-01 5.585056000e-01 5.160310000e-01 
6.145169000e-01 5.296616000e-01 7.553977000e-01 
4.870920000e-05 6.274631000e-02 1.358598000e+00 
6.953007000e-01 4.940324000e-01 7.164095000e-01 
7.916181000e-01 7.461402000e-01 3.655068000e-01 
1.626106000e-01 3.406565000e-01 1.038103000e+00 
6.248587000e-01 7.444064000e-01 6.481704000e-01 
4.163506000e-01 1.818507000e-01 1.028866000e+00 
9.147317000e-01 6.126617000e-01 2.284326000e-01 
4.540466000e-02 1.051719000e+00 4.170091000e-01 
7.053327000e-01 5.426909000e-01 6.772739000e-01 
6.325167000e-01 4.847379000e-01 7.987917000e-01 
6.766463000e-02 1.050022000e+00 4.233130000e-01 
1.099747000e+00 1.316844000e-04 3.674391000e-01 
6.086661000e-01 1.522082000e-03 9.347266000e-01 
2.734066000e-03 1.052121000e+00 4.746489000e-01 
8.877218000e-01 4.938482000e-01 4.821674000e-01 
3.302116000e-01 7.973502000e-01 6.728224000e-01 
9.800221000e-01 2.816530000e-02 5.623889000e-01 
2.422595000e-01 5.399404000e-01 9.182770000e-01 
7.526399000e-01 7.142964000e-01 4.424897000e-01 
4.909825000e-01 7.481720000e-01 6.711367000e-01 
3.133843000e-02 9.563339000e-01 6.418794000e-01 
1.078596000e+00 6.504019000e-01 5.657417000e-04 
1.107645000e-02 4.142496000e-01 1.054070000e+00 
9.361185000e-02 6.993720000e-01 8.560871000e-01 
2.139024000e-03 1.200303000e+00 7.344137000e-03 
8.452067000e-02 9.175746000e-01 6.364001000e-01 
3.051534000e-02 7.834302000e-01 8.169931000e-01 
5.822697000e-01 1.333013000e-02 9.525718000e-01 
1.508735000e-02 7.693267000e-01 8.335356000e-01 
2.514437000e-01 7.918961000e-01 7.606303000e-01 
8.890732000e-01 4.414725000e-02 6.642502000e-01 
2.023672000e-02 6.856571000e-01 8.823719000e-01 
1.183711000e+00 3.009324000e-04 3.736684000e-02 
7.216834000e-01 7.193808000e-01 4.704904000e-01 
8.123372000e-01 8.734548000e-01 7.754051000e-04 
7.111117000e-01 4.834384000e-01 7.401119000e-01 
6.401960000e-01 9.413205000e-01 3.885080000e-04 
6.760432000e-01 7.733591000e-01 4.112741000e-01 
7.522309000e-01 6.880728000e-01 5.299757000e-01 
5.269014000e-01 8.326320000e-01 5.755736000e-01 
5.133442000e-01 9.933882000e-01 1.465316000e-02 
1.105461000e+00 8.866408000e-02 1.045253000e-02 
8.292980000e-01 5.543422000e-03 7.646830000e-01 
8.667762000e-01 1.542933000e-03 7.022059000e-01 
9.571645000e-02 1.050413000e+00 3.919322000e-01 
3.520796000e-01 7.743542000e-03 1.050593000e+00 
8.604275000e-01 7.680387000e-01 1.162898000e-02 
5.220107000e-04 4.095107000e-01 1.060894000e+00 
4.668665000e-01 7.017461000e-01 7.378073000e-01 
5.434904000e-01 1.183189000e-02 9.687168000e-01 
5.866817000e-01 6.236382000e-01 7.324058000e-01 
9.785785000e-01 1.710075000e-03 5.711536000e-01 
9.216287000e-01 1.014824000e-04 6.609885000e-01 
6.001524000e-01 1.385978000e-02 9.372239000e-01 
7.538887000e-02 1.150314000e+00 6.291276000e-04 
6.425321000e-01 5.257122000e-04 9.541818000e-01 
3.941960000e-03 9.189239000e-01 6.496442000e-01 
3.419743000e-01 6.692990000e-03 1.064252000e+00 
3.874694000e-01 8.869039000e-01 6.342019000e-01 
4.921692000e-03 1.038430000e+00 4.233898000e-01 
4.774408000e-01 6.963983000e-01 8.016121000e-01 
5.608244000e-01 8.793262000e-01 4.331086000e-01 
1.142027000e-03 5.178954000e-01 1.054469000e+00 
8.223170000e-03 5.985539000e-01 9.345417000e-01 
3.441587000e-01 1.898474000e-02 1.048772000e+00 
5.350010000e-01 9.256363000e-01 3.768051000e-01 
5.620991000e-01 1.047796000e+00 2.719380000e-03 
7.313449000e-01 5.148893000e-01 6.767798000e-01 
1.108447000e+00 2.110804000e-02 9.023720000e-03 
4.885023000e-01 3.319688000e-01 9.603568000e-01 
5.580422000e-01 6.325187000e-01 7.097178000e-01 
2.601705000e-02 3.265429000e-01 1.067282000e+00 
6.445807000e-01 5.941496000e-01 6.599383000e-01 
3.707508000e-01 2.811072000e-01 1.043671000e+00 
9.226861000e-01 6.188396000e-01 8.839699000e-04 
4.970148000e-03 8.311631000e-01 7.700147000e-01 
4.342141000e-01 1.007990000e+00 2.250428000e-01 
9.843599000e-01 1.652994000e-02 4.978069000e-01 
7.735063000e-03 7.249599000e-01 8.950804000e-01 
1.022655000e+00 2.803207000e-02 4.719747000e-01 
1.280982000e-03 7.062214000e-01 1.012552000e+00 
2.829491000e-01 7.506038000e-01 8.030151000e-01 
1.811035000e-01 5.712269000e-01 9.674161000e-01 
5.146161000e-01 1.057173000e+00 8.988856000e-03 
1.096343000e+00 3.165584000e-01 8.404408000e-02 
5.011649000e-01 1.005742000e+00 1.168114000e-02 
1.076464000e+00 1.499867000e-03 3.537604000e-01 
5.213259000e-01 7.034123000e-01 7.311872000e-01 
6.046991000e-01 8.139441000e-01 4.950295000e-01 
5.298716000e-01 1.042032000e+00 5.122956000e-03 
8.210952000e-01 5.899776000e-02 7.663596000e-01 
7.595130000e-01 4.931595000e-01 6.285325000e-01 
7.202703000e-02 1.084732000e+00 3.541043000e-01 
1.286909000e-02 9.731164000e-01 5.658293000e-01 
9.454127000e-01 2.963415000e-01 4.912439000e-01 
8.722884000e-04 6.437216000e-01 1.056219000e+00 
5.691079000e-01 2.652492000e-01 9.413307000e-01 
2.726304000e-01 5.316523000e-01 9.356946000e-01 
9.061347000e-01 6.550758000e-01 3.047233000e-03 
7.582099000e-01 2.287245000e-01 8.048736000e-01 
8.642756000e-01 7.174386000e-01 3.384892000e-02 
6.863421000e-02 5.822171000e-01 9.707632000e-01 
4.745849000e-01 7.436488000e-01 7.224096000e-01 
2.805518000e-01 5.991354000e-01 8.789130000e-01 
1.008924000e+00 5.074746000e-01 2.580933000e-02 
7.386467000e-01 5.213761000e-01 6.738484000e-01 
4.971672000e-01 6.528948000e-01 7.897315000e-01 
6.883298000e-02 5.869421000e-01 9.619410000e-01 
9.530302000e-01 5.042513000e-01 3.531113000e-01 
7.634177000e-01 6.281182000e-03 8.310499000e-01 
9.895510000e-01 1.917460000e-01 4.735895000e-01 
6.864491000e-01 8.330356000e-01 3.498809000e-01 
7.252009000e-01 8.208676000e-01 2.464063000e-02 
8.152975000e-01 2.585105000e-01 7.589819000e-01 
6.876752000e-01 7.651916000e-01 3.957844000e-01 
1.204761000e+00 6.675046000e-05 5.070267000e-02 
3.327736000e-01 7.523251000e-01 7.609448000e-01 
1.130482000e+00 5.721979000e-04 8.880437000e-02 
1.938702000e-02 8.687233000e-01 7.002787000e-01 
7.262915000e-01 8.546953000e-01 4.965898000e-03 
9.192064000e-01 5.204616000e-01 4.659570000e-01 
5.998818000e-01 6.026112000e-01 7.293714000e-01 
3.683142000e-02 6.395713000e-01 9.012635000e-01 
1.081768000e+00 3.280491000e-01 1.335752000e-03 
3.343168000e-01 8.130166000e-01 6.556590000e-01 
8.942672000e-01 6.131081000e-03 6.618930000e-01 
4.888195000e-01 7.419520000e-01 6.807233000e-01 
5.251293000e-02 7.588218000e-01 8.215974000e-01 
4.083501000e-02 9.855903000e-01 5.646464000e-01 
9.476914000e-01 2.720636000e-01 5.462961000e-01 
4.869476000e-01 6.506748000e-01 8.213094000e-01 
7.208525000e-01 2.989457000e-02 8.575857000e-01 
8.689873000e-01 4.799109000e-01 5.059807000e-01 
3.213160000e-01 3.178211000e-02 1.071471000e+00 
5.350877000e-01 3.759347000e-01 9.247014000e-01 
3.981506000e-01 9.073392000e-01 5.546932000e-01 
7.059916000e-01 8.827830000e-01 2.585523000e-01 
8.717234000e-01 8.950536000e-03 6.770430000e-01 
7.949131000e-01 7.954595000e-01 2.405491000e-02 
2.778737000e-01 5.330480000e-01 9.328828000e-01 
8.183797000e-01 6.775285000e-01 3.874231000e-01 
6.701781000e-01 5.516977000e-01 6.899648000e-01 
1.926113000e-01 4.144177000e-01 1.023508000e+00 
1.116399000e+00 1.668907000e-02 1.410480000e-02 
3.162206000e-02 1.059393000e+00 3.599219000e-01 
5.234121000e-01 7.155516000e-01 7.079753000e-01 
8.311766000e-02 1.013994000e+00 4.282745000e-01 
7.107590000e-01 4.853585000e-01 7.132700000e-01 
2.761484000e-04 7.407112000e-03 1.219520000e+00 
8.405610000e-01 6.912328000e-01 3.322809000e-01 
7.301698000e-01 7.506354000e-01 4.689280000e-01 
8.465772000e-01 1.225838000e-02 7.243282000e-01 
6.160606000e-03 9.863623000e-01 4.972006000e-01 
7.841544000e-01 7.018506000e-01 4.171792000e-01 
1.136588000e-03 1.139568000e+00 9.408393000e-03 
7.948362000e-01 7.536746000e-01 2.448318000e-02 
7.614488000e-01 6.612888000e-03 8.174993000e-01 
2.814202000e-01 7.356326000e-01 8.105426000e-01 
8.730074000e-01 7.186787000e-01 2.630085000e-03 
3.291578000e-01 3.262840000e-01 1.043907000e+00 
3.157667000e-01 2.369495000e-01 1.047637000e+00 
5.687690000e-01 5.249446000e-01 8.407704000e-01 
6.145515000e-04 8.153784000e-01 7.880667000e-01 
7.632801000e-01 2.091772000e-03 8.324766000e-01 
4.181328000e-01 5.666688000e-01 9.121428000e-01 
4.991207000e-01 9.805789000e-01 1.446918000e-01 
8.943974000e-01 4.148852000e-01 5.366945000e-01 
5.250242000e-01 6.215471000e-01 7.707920000e-01 
8.767425000e-01 6.767298000e-01 6.966988000e-02 
5.424364000e-01 6.743104000e-01 7.642275000e-01 
4.312561000e-01 4.798269000e-01 9.090436000e-01 
7.649503000e-01 7.736118000e-01 3.546209000e-01 
6.378090000e-01 1.637397000e-03 9.245563000e-01 
7.872430000e-01 7.945601000e-01 3.710774000e-02 
5.165285000e-02 1.055391000e+00 3.867376000e-01 
7.333110000e-01 2.862148000e-02 8.625132000e-01 
9.109702000e-01 5.289321000e-01 4.763695000e-01 
2.376361000e-03 7.632424000e-01 8.428436000e-01 
1.253486000e-04 7.910720000e-01 8.391377000e-01 
1.026426000e+00 4.593525000e-01 5.904257000e-02 
4.798463000e-01 7.254415000e-01 6.980587000e-01 
1.198901000e+00 1.643873000e-04 1.747379000e-01 
1.223014000e+00 7.275243000e-05 3.002666000e-03 
7.436527000e-01 2.404658000e-01 7.956975000e-01 
6.111006000e-01 8.232944000e-01 4.257409000e-01 
1.135820000e+00 8.751171000e-04 4.491099000e-02 
9.192708000e-01 6.954221000e-01 2.007388000e-03 
3.374787000e-03 9.990154000e-01 5.778812000e-01 
5.659753000e-01 1.066215000e+00 3.957852000e-04 
5.905018000e-02 1.055258000e+00 3.994786000e-01 
9.908971000e-01 2.714540000e-02 4.808599000e-01 
4.300291000e-01 8.217492000e-01 5.953533000e-01 
7.882418000e-01 7.705369000e-01 3.689926000e-01 
5.941021000e-01 2.568978000e-03 9.502881000e-01 
8.531942000e-01 7.388603000e-01 4.718071000e-02 
9.098847000e-01 5.978344000e-01 2.749360000e-01 
8.873222000e-01 6.759437000e-01 6.309045000e-02 
8.428010000e-01 4.894408000e-01 6.235733000e-01 
6.633046000e-01 4.465926000e-01 8.533968000e-01 
5.644642000e-01 9.682701000e-01 1.118179000e-02 
9.025485000e-01 4.924397000e-03 6.496469000e-01 
9.110013000e-03 9.788777000e-01 6.104584000e-01 
8.468284000e-02 7.945865000e-01 7.947930000e-01 
5.200813000e-01 3.069539000e-01 1.002932000e+00 
1.962041000e-02 8.554274000e-01 7.059994000e-01 
5.689347000e-01 8.636920000e-01 4.377537000e-01 
7.101020000e-01 7.353543000e-01 4.743157000e-01 
1.114704000e-01 2.651155000e-01 1.076411000e+00 
6.149760000e-01 8.169726000e-01 4.891481000e-01 
5.481630000e-01 6.485953000e-01 7.147739000e-01 
5.284812000e-01 6.901252000e-01 7.388056000e-01 
1.062576000e+00 9.940022000e-04 4.343767000e-01 
1.871648000e-02 7.500270000e-01 8.304832000e-01 
3.702927000e-03 1.088764000e+00 2.486798000e-01 
7.730202000e-01 4.322526000e-01 7.498646000e-01 
6.667513000e-01 9.366836000e-01 1.358285000e-02 
6.758572000e-01 8.963928000e-01 4.451008000e-02 
2.890689000e-01 5.222301000e-01 9.387198000e-01 
8.201469000e-01 3.047805000e-01 6.918405000e-01 
7.556303000e-01 4.688319000e-01 7.368526000e-01 
3.253502000e-01 1.687370000e-02 1.065499000e+00 
8.172380000e-01 5.891719000e-01 4.476743000e-01 
5.325346000e-01 9.037597000e-01 4.348741000e-01 
9.180114000e-01 6.147324000e-01 2.115568000e-01 
8.548365000e-01 5.506990000e-01 4.617283000e-01 
3.484147000e-01 4.670379000e-01 9.606438000e-01 
4.848390000e-01 5.809643000e-01 8.247157000e-01 
1.013458000e+00 4.209711000e-02 4.604249000e-01 
8.185082000e-01 9.846507000e-02 7.929498000e-01 
7.569311000e-01 4.941321000e-01 6.299162000e-01 
2.413068000e-01 5.640365000e-01 9.157614000e-01 
2.566221000e-01 4.762211000e-01 9.994965000e-01 
5.869820000e-01 3.934307000e-01 8.684979000e-01 
6.307420000e-01 6.481378000e-01 6.739602000e-01 
2.923277000e-02 4.088862000e-01 1.023712000e+00 
1.006674000e+00 5.686191000e-01 1.453477000e-02 
4.235502000e-01 2.755878000e-02 1.028777000e+00 
9.139014000e-01 2.796046000e-02 6.433461000e-01 
9.162374000e-01 6.003769000e-02 6.035268000e-01 
9.735082000e-03 4.153170000e-01 1.033778000e+00 
9.376220000e-04 1.135297000e+00 2.081138000e-02 
9.597087000e-01 1.275178000e-03 6.519414000e-01 
1.280263000e+00 2.744433000e-01 1.187112000e-04 
5.401567000e-01 8.303640000e-01 4.844204000e-01 
5.737696000e-01 9.531337000e-01 2.636463000e-02 
8.945181000e-01 6.389789000e-01 2.264216000e-01 
1.228210000e-03 8.872174000e-01 6.812193000e-01 
1.849526000e-02 7.589984000e-01 8.294140000e-01 
3.446859000e-02 1.209512000e+00 4.434440000e-04 
5.341752000e-01 7.107084000e-01 6.563257000e-01 
6.426753000e-01 1.645850000e-03 9.161070000e-01 
9.887086000e-01 1.188133000e-02 4.874576000e-01 
4.676995000e-01 2.045417000e-02 1.016160000e+00 
4.823330000e-01 3.311785000e-01 9.797983000e-01 
4.646759000e-01 9.477831000e-01 3.619592000e-01 
1.070154000e+00 1.451009000e-02 3.507387000e-01 
3.181642000e-01 4.849402000e-01 9.524209000e-01 
1.042365000e+00 3.561835000e-01 5.619106000e-02 
1.053637000e-01 1.374528000e-04 1.111663000e+00 
1.118802000e+00 1.216430000e-01 3.178927000e-03 
4.142238000e-01 7.075369000e-01 7.760776000e-01 
4.528339000e-01 1.017330000e+00 5.236412000e-02 
5.245090000e-01 6.938207000e-01 7.378423000e-01 
7.045420000e-01 7.279401000e-04 8.630624000e-01 
3.744434000e-03 1.006231000e+00 4.596260000e-01 
3.998774000e-01 4.692119000e-01 9.451112000e-01 
1.979537000e-01 4.395904000e-01 1.017194000e+00 
9.424851000e-01 4.647365000e-01 4.212048000e-01 
1.038441000e+00 4.951509000e-03 4.921952000e-01 
8.143695000e-01 7.696616000e-01 2.438900000e-02 
7.976751000e-01 1.546751000e-03 8.568578000e-01 
7.150286000e-01 8.336187000e-01 2.139842000e-02 
9.951641000e-02 1.054738000e+00 3.776767000e-01 
3.589625000e-01 7.907594000e-03 1.048030000e+00 
1.412207000e-02 8.540754000e-01 7.651551000e-01 
5.648413000e-01 9.271329000e-01 3.665349000e-01 
9.665835000e-01 5.135112000e-01 3.433248000e-01 
6.048615000e-01 8.127591000e-01 4.926576000e-01 
6.216030000e-01 9.752986000e-01 3.991567000e-03 
8.711155000e-03 8.783303000e-01 6.869517000e-01 
5.606827000e-01 8.203084000e-03 9.672824000e-01 
1.178363000e-02 7.099818000e-01 9.003430000e-01 
2.844483000e-02 1.064671000e+00 3.744859000e-01 
6.308454000e-01 5.108786000e-01 7.814445000e-01 
8.764876000e-01 1.059668000e-02 6.753710000e-01 
4.224958000e-01 6.029146000e-01 8.304992000e-01 
7.370032000e-01 2.279338000e-02 8.470328000e-01 
4.631149000e-01 9.793130000e-01 3.802336000e-01 
3.139321000e-01 8.479474000e-01 6.815671000e-01 
1.071796000e+00 6.003548000e-04 3.760847000e-01 
7.776225000e-03 7.229856000e-01 9.029237000e-01 
7.197744000e-01 5.844494000e-04 8.775852000e-01 
4.913942000e-01 2.362830000e-03 1.034597000e+00 
5.055649000e-01 9.748346000e-01 2.474167000e-01 
6.454922000e-01 3.921763000e-01 8.728020000e-01 
3.101916000e-02 9.482224000e-01 6.451118000e-01 
8.404575000e-01 8.118689000e-01 7.788354000e-03 
9.584346000e-01 1.082017000e-01 5.478278000e-01 
4.242185000e-01 6.339575000e-01 8.249069000e-01 
6.936942000e-01 9.099082000e-01 2.185915000e-02 
3.027777000e-01 2.017372000e-01 1.093656000e+00 
5.028339000e-01 9.665788000e-01 3.529462000e-01 
1.086629000e+00 3.205579000e-01 5.749348000e-04 
5.588355000e-01 3.952003000e-01 9.241858000e-01 
3.846732000e-01 7.224597000e-01 7.486849000e-01 
5.829911000e-01 7.750865000e-01 6.168115000e-01 
8.166692000e-01 2.492251000e-01 7.645138000e-01 
2.723245000e-01 5.248204000e-01 9.358921000e-01 
2.296248000e-03 8.027782000e-01 7.858993000e-01 
1.003572000e+00 5.900616000e-01 1.088115000e-02 
9.023176000e-02 9.079362000e-01 6.415514000e-01 
2.932636000e-03 5.886899000e-01 9.636651000e-01 
8.185879000e-01 2.455532000e-01 7.158147000e-01 
6.018258000e-01 8.452298000e-01 4.271115000e-01 
4.879037000e-01 9.991929000e-01 2.657927000e-01 
1.069145000e+00 1.543707000e-03 3.881950000e-01 
5.161011000e-01 9.779725000e-01 4.642435000e-02 
9.591793000e-01 5.093177000e-03 6.338316000e-01 
1.033343000e+00 3.827808000e-01 5.944894000e-02 
7.592501000e-01 5.414327000e-01 6.106821000e-01 
2.585090000e-03 5.828255000e-05 1.114901000e+00 
1.947403000e-02 3.624214000e-01 1.066161000e+00 
8.439618000e-01 7.919019000e-01 6.878481000e-03 
7.636542000e-01 6.553984000e-01 4.945972000e-01 
4.428329000e-01 5.057958000e-01 8.966209000e-01 
1.525471000e-03 8.065482000e-01 7.899768000e-01 
2.875390000e-01 7.599058000e-01 7.994311000e-01 
1.128578000e+00 3.823610000e-02 2.706022000e-04 
8.762336000e-01 2.746260000e-01 6.601251000e-01 
9.040252000e-01 6.190959000e-01 2.389734000e-01 
4.361882000e-01 5.970770000e-01 8.864793000e-01 
5.235528000e-01 3.685454000e-01 9.392245000e-01 
7.285460000e-04 8.075325000e-01 7.957946000e-01 
7.767251000e-01 4.340265000e-01 7.392460000e-01 
6.497217000e-01 2.145259000e-02 9.011919000e-01 
4.846347000e-01 7.279704000e-04 1.038938000e+00 
3.951739000e-01 8.617948000e-01 5.567329000e-01 
6.205092000e-01 4.823239000e-02 9.316248000e-01 
7.531703000e-01 6.559460000e-03 8.220059000e-01 
4.304125000e-01 4.790839000e-01 9.446448000e-01 
6.808064000e-01 6.589886000e-01 6.404397000e-01 
7.188873000e-01 5.047148000e-01 6.774132000e-01 
1.005232000e+00 5.197238000e-01 3.620301000e-02 
3.236249000e-01 6.506668000e-03 1.065899000e+00 
7.704316000e-01 7.945164000e-01 3.083069000e-01 
7.762455000e-01 4.925688000e-01 6.392956000e-01 
1.116157000e+00 1.756794000e-03 1.607113000e-02 
4.309405000e-01 4.659435000e-01 9.334699000e-01 
3.426972000e-02 5.975649000e-01 9.449505000e-01 
7.028281000e-01 4.884991000e-01 7.361663000e-01 
1.557935000e-02 6.830728000e-01 8.864305000e-01 
8.956987000e-01 4.059190000e-01 5.351778000e-01 
6.098904000e-01 6.393871000e-01 6.874233000e-01 
6.439056000e-01 8.990615000e-01 3.364707000e-01 
3.280405000e-01 9.537219000e-01 4.783170000e-01 
9.931200000e-01 5.744112000e-01 2.212726000e-02 
6.798368000e-01 5.514677000e-01 6.885418000e-01 
4.146320000e-01 5.692959000e-01 9.131354000e-01 
2.245382000e-03 1.112717000e+00 1.545343000e-03 
3.221669000e-01 9.372933000e-01 5.441989000e-01 
6.265152000e-01 6.807245000e-01 6.502228000e-01 
1.084154000e+00 6.585622000e-02 3.417506000e-01 
4.773614000e-01 1.013175000e+00 7.211450000e-02 
1.033925000e+00 5.534105000e-03 4.111029000e-01 
2.180395000e-02 7.573780000e-01 8.278221000e-01 
9.413009000e-01 4.240211000e-01 4.408567000e-01 
4.245851000e-01 1.016959000e+00 2.351079000e-01 
5.888006000e-01 8.596798000e-01 4.303132000e-01 
2.260752000e-03 7.958709000e-01 8.189103000e-01 
6.991977000e-01 7.258521000e-01 5.000665000e-01 
6.356629000e-01 6.765217000e-01 6.384528000e-01 
7.878290000e-01 6.451318000e-01 4.848342000e-01 
4.009226000e-01 4.559069000e-01 9.499177000e-01 
6.726202000e-01 9.058000000e-01 4.264183000e-02 
4.900500000e-01 7.214707000e-01 7.000118000e-01 
9.671332000e-01 2.937557000e-01 4.784513000e-01 
5.535564000e-01 8.636807000e-01 4.413519000e-01 
4.829053000e-01 3.362476000e-01 9.568713000e-01 
3.036864000e-01 3.926289000e-01 1.005126000e+00 
8.907289000e-01 6.834620000e-01 4.899038000e-02 
1.100408000e+00 2.480262000e-02 1.943282000e-01 
2.198803000e-01 5.107673000e-01 9.863329000e-01 
1.142770000e+00 8.227119000e-04 9.994468000e-03 
8.195234000e-01 6.735989000e-01 3.747260000e-01 
6.587950000e-02 8.627251000e-01 6.963088000e-01 
8.905910000e-01 7.062263000e-01 3.376526000e-03 
5.450402000e-01 5.300066000e-01 8.374077000e-01 
8.614493000e-01 4.783824000e-01 5.282139000e-01 
5.749105000e-03 8.813349000e-01 7.501341000e-01 
8.556404000e-01 5.086560000e-01 5.070090000e-01 
1.064936000e+00 5.777008000e-03 3.741926000e-01 
9.559706000e-04 1.156937000e+00 7.362245000e-03 
8.660966000e-03 3.721681000e-01 1.077898000e+00 
1.027943000e+00 5.340384000e-02 4.349120000e-01 
2.810677000e-02 4.068511000e-01 1.038003000e+00 
8.248101000e-02 8.780326000e-01 6.897912000e-01 
4.450808000e-01 1.045363000e+00 1.005642000e-02 
2.757153000e-01 4.755076000e-01 9.981155000e-01 
5.961875000e-01 6.114983000e-02 9.332034000e-01 
8.257573000e-02 1.005377000e+00 4.943224000e-01 
2.613351000e-01 5.334876000e-01 9.578186000e-01 
4.563547000e-01 1.026666000e+00 1.197140000e-02 
1.434310000e-01 3.634638000e-01 1.038010000e+00 
4.541372000e-02 1.055924000e+00 3.969527000e-01 
3.414009000e-01 3.234207000e-01 1.019995000e+00 
7.567059000e-01 8.162551000e-01 6.695541000e-03 
8.983397000e-01 7.594391000e-02 6.482519000e-01 
6.561555000e-02 8.523147000e-01 7.043339000e-01 
8.798619000e-01 7.256445000e-01 1.113006000e-03 
2.844548000e-01 7.651984000e-01 7.835216000e-01 
4.683417000e-01 7.720830000e-03 1.022896000e+00 
3.906343000e-01 1.018458000e+00 7.282754000e-02 
7.610369000e-02 8.460701000e-01 7.023118000e-01 
1.035971000e+00 4.270180000e-02 4.095543000e-01 
8.889337000e-01 4.797632000e-01 4.900050000e-01 
7.568944000e-01 2.449959000e-02 8.186501000e-01 
8.132165000e-01 3.824736000e-01 6.724278000e-01 
9.672433000e-01 1.138824000e-01 5.459079000e-01 
6.809137000e-01 5.105861000e-01 7.359920000e-01 
5.662272000e-01 8.862727000e-01 4.146735000e-01 
1.027060000e+00 6.824038000e-02 4.510402000e-01 
4.161846000e-03 4.163188000e-01 1.058264000e+00 
2.802376000e-02 8.960121000e-01 6.706556000e-01 
9.493758000e-01 4.159472000e-01 4.271708000e-01 
9.791845000e-01 1.690413000e-03 5.718977000e-01 
5.354698000e-01 2.683752000e-01 9.562793000e-01 
2.813945000e-01 5.321469000e-01 9.342105000e-01 
8.879083000e-01 8.254454000e-02 6.440604000e-01 
8.341103000e-01 3.000119000e-01 6.769247000e-01 
3.886530000e-01 9.614223000e-01 4.146420000e-01 
1.085887000e-01 1.052487000e+00 3.891595000e-01 
1.680995000e-02 8.192156000e-01 7.806054000e-01 
5.720266000e-01 5.312386000e-01 8.014061000e-01 
5.687204000e-01 6.698387000e-01 6.968525000e-01 
7.481274000e-01 8.542112000e-01 5.182240000e-03 
9.895354000e-01 2.283122000e-01 4.750000000e-01 
8.044992000e-01 3.845589000e-01 6.667819000e-01 
5.295947000e-01 4.664375000e-01 8.793798000e-01 
9.610335000e-01 7.546827000e-02 5.756106000e-01 
6.525801000e-01 7.555077000e-01 4.765239000e-01 
8.534696000e-01 7.400827000e-01 1.590239000e-02 
8.743689000e-01 6.986380000e-01 5.802019000e-02 
5.759044000e-01 2.697687000e-01 9.303509000e-01 
3.769695000e-01 9.911884000e-01 3.743755000e-01 
7.010992000e-01 5.674076000e-01 6.803778000e-01 
8.109757000e-01 6.407421000e-01 4.500729000e-01 
3.265274000e-01 7.887761000e-01 7.169154000e-01 
1.126185000e+00 1.154633000e-03 5.005077000e-04 
6.528066000e-01 7.929195000e-01 4.646798000e-01 
1.106985000e+00 9.136490000e-02 8.671012000e-03 
1.051707000e+00 4.555487000e-01 3.478648000e-02 
1.012505000e+00 5.254062000e-02 4.702947000e-01 
3.033189000e-01 1.805846000e-02 1.079782000e+00 
2.356592000e-02 9.145951000e-01 6.556432000e-01 
9.860075000e-01 3.613691000e-01 4.024127000e-01 
9.322764000e-01 6.064629000e-01 1.229923000e-02 
1.104662000e+00 1.655323000e-02 2.330795000e-01 
9.588503000e-01 5.989280000e-01 4.623915000e-03 
6.354876000e-01 1.449437000e-02 9.167903000e-01 
9.934281000e-01 1.603011000e-01 4.718738000e-01 
9.964491000e-01 5.346699000e-01 1.814040000e-02 
3.963610000e-01 9.814931000e-01 4.125647000e-01 
1.048619000e+00 4.813934000e-01 3.259935000e-02 
1.975825000e-01 4.346097000e-01 1.020333000e+00 
1.242334000e-02 9.036884000e-01 6.577070000e-01 
7.989481000e-01 6.507818000e-01 4.758317000e-01 
9.037875000e-01 3.132337000e-03 6.508750000e-01 
5.674136000e-01 9.690848000e-01 4.290087000e-03 
8.344563000e-01 2.591553000e-01 6.843380000e-01 
2.991578000e-02 8.066545000e-01 7.738192000e-01 
7.515048000e-01 2.102328000e-01 8.069345000e-01 
6.304023000e-01 6.077434000e-01 7.280327000e-01 
4.764032000e-02 3.536599000e-01 1.050045000e+00 
2.001538000e-01 3.727670000e-01 1.037246000e+00 
8.951311000e-01 6.728141000e-01 9.028652000e-02 
8.452081000e-01 2.535233000e-01 6.742770000e-01 
6.091421000e-01 8.229084000e-01 4.372975000e-01 
2.250751000e-02 3.124395000e-04 1.105196000e+00 
4.439307000e-01 1.010157000e+00 1.945687000e-01 
5.356198000e-01 5.289592000e-01 8.386435000e-01 
5.914332000e-01 2.248712000e-03 9.551022000e-01 
5.809246000e-01 6.896976000e-01 6.619073000e-01 
7.082461000e-01 8.888692000e-01 5.530240000e-03 
5.498016000e-01 8.300871000e-01 4.903962000e-01 
2.427474000e-02 3.893357000e-01 1.053380000e+00 
3.831305000e-01 1.059526000e+00 1.619475000e-03 
8.966998000e-01 6.730576000e-01 3.980464000e-02 
9.030028000e-01 6.038291000e-01 2.474351000e-01 
6.851789000e-01 5.775739000e-01 6.404265000e-01 
8.772037000e-01 6.785429000e-01 5.949797000e-02 
6.258761000e-01 4.855578000e-01 8.075114000e-01 
2.797200000e-01 4.305279000e-01 9.971674000e-01 
5.267483000e-01 3.209099000e-01 9.349278000e-01 
1.793059000e-02 8.169086000e-01 7.687109000e-01 
9.399256000e-01 1.048449000e-02 6.178783000e-01 
6.849556000e-06 9.078045000e-01 6.579466000e-01 
9.859190000e-01 1.005117000e-02 4.907930000e-01 
7.236618000e-01 2.256532000e-01 8.246747000e-01 
5.768019000e-01 4.707906000e-02 9.667851000e-01 
3.683142000e-02 6.395713000e-01 9.012635000e-01 
4.096581000e-01 9.144077000e-01 4.723752000e-01 
5.910213000e-01 5.218153000e-01 7.698183000e-01 
3.325960000e-01 8.184395000e-01 6.689475000e-01 
1.002885000e+00 2.485856000e-02 4.721940000e-01 
4.013784000e-01 2.610958000e-02 1.031235000e+00 
6.067290000e-01 4.709064000e-02 9.324089000e-01 
6.282264000e-01 7.745798000e-01 4.686518000e-01 
5.759405000e-01 5.375536000e-01 7.868510000e-01 
2.170891000e-02 6.909338000e-01 8.780055000e-01 
2.422550000e-01 2.477220000e-01 1.060247000e+00 
1.019551000e+00 4.045051000e-01 1.061396000e-01 
4.347335000e-01 2.875280000e-02 1.011203000e+00 
7.531832000e-02 1.015733000e+00 4.430108000e-01 
5.332315000e-01 8.052185000e-01 5.467362000e-01 
8.342317000e-01 4.105617000e-02 6.971311000e-01 
3.247167000e-02 4.450049000e-01 1.022411000e+00 
8.211957000e-01 5.278001000e-01 5.427268000e-01 
6.722856000e-01 7.563158000e-02 8.779319000e-01 
8.490270000e-01 7.150872000e-01 5.908623000e-02 
9.657191000e-01 4.971492000e-02 5.535662000e-01 
9.824362000e-01 5.256249000e-01 5.034515000e-02 
2.712790000e-02 1.100170000e+00 9.500151000e-03 

