1.858555000e+00 1.620145000e-01 7.455552000e-01 
8.975901000e-03 2.475234000e+00 2.357114000e-02 
3.553999000e-02 2.229967000e+00 1.464677000e-02 
2.110512000e-01 2.073259000e+00 1.314003000e-03 
2.139267000e+00 4.859401000e-04 3.724379000e-02 
5.846874000e-01 1.208024000e+00 1.218289000e+00 
4.007823000e-02 1.593144000e+00 1.476509000e+00 
2.524869000e+00 2.181682000e-01 5.314794000e-03 
1.062803000e+00 1.842738000e-02 1.649467000e+00 
1.225316000e-01 1.968276000e+00 1.879856000e-01 
3.928991000e-03 3.271622000e-02 2.435918000e+00 
1.954452000e-01 1.851824000e+00 9.289446000e-03 
6.152956000e-02 2.073121000e+00 2.988302000e-02 
9.231760000e-03 2.133750000e+00 4.594865000e-01 
4.249685000e+00 1.231292000e-02 3.323610000e-02 
2.172001000e+00 1.720181000e-04 5.117152000e-02 
1.220471000e+00 1.723257000e-01 1.583120000e+00 
1.790259000e+00 1.693381000e-01 7.164052000e-01 
1.305746000e+00 1.908843000e+00 3.997534000e-03 
7.299970000e-03 9.993417000e-01 1.866892000e+00 
4.383787000e-04 1.134691000e+00 1.741063000e+00 
2.203011000e+00 3.372158000e-01 6.084586000e-03 
3.004586000e-03 1.070546000e+00 1.944437000e+00 
1.941600000e-02 2.127870000e-01 1.972439000e+00 
1.283922000e-02 1.330176000e+00 1.630460000e+00 
2.241732000e-03 1.862545000e-02 2.464527000e+00 
1.500240000e-02 2.470125000e+00 3.517924000e-03 
7.402931000e-04 2.162183000e+00 3.947870000e-02 
2.128734000e+00 4.143533000e-02 2.407424000e-01 
1.234098000e+00 3.937440000e-03 1.947799000e+00 
2.419824000e-01 1.484448000e+00 1.168404000e+00 
9.434946000e-01 4.805002000e-03 1.782188000e+00 
4.285357000e-02 2.196006000e+00 1.482614000e-02 
6.549717000e-02 2.014363000e+00 9.750781000e-03 
7.598437000e-02 1.060452000e+00 1.512917000e+00 
1.740259000e+00 2.832574000e-01 8.257058000e-01 
1.036303000e+00 9.419464000e-01 1.387620000e+00 
7.762762000e-02 2.318696000e+00 5.397774000e-03 
1.046398000e-02 2.597583000e+00 2.093876000e-02 
1.445968000e+00 2.819476000e+00 7.081718000e-04 
2.174432000e+00 1.925786000e-02 1.446758000e-02 
1.631132000e+00 1.028414000e-03 2.182356000e+00 
9.580995000e-01 1.190116000e-02 1.760319000e+00 
1.038796000e-01 4.942421000e+00 4.928849000e-06 
2.287853000e+00 1.584756000e-01 5.529923000e-03 
9.087510000e-01 1.365266000e-01 1.631171000e+00 
2.034530000e+00 5.304966000e-02 7.676405000e-03 
5.645513000e-02 9.235431000e-01 1.653682000e+00 
3.440289000e+00 1.127001000e-01 2.908069000e-03 
1.025919000e-02 6.923903000e-05 2.733046000e+00 
6.053257000e-03 2.715435000e-04 7.494658000e+00 
2.743166000e-02 3.006341000e+00 1.470656000e-03 
1.893270000e+00 5.019826000e-02 2.793647000e-02 
8.804034000e-03 2.320028000e-02 2.041963000e+00 
1.914965000e-01 2.121952000e+00 9.530860000e-03 
7.084821000e-03 1.352042000e+00 1.647982000e+00 
2.931517000e-02 2.262517000e+00 1.003029000e-02 
5.795821000e-03 1.335132000e-02 2.224371000e+00 
1.868520000e+00 2.083218000e-01 3.015080000e-02 
1.334691000e-03 4.300283000e-02 2.429957000e+00 
1.256017000e-01 4.510314000e+00 6.052033000e-04 
1.014216000e+00 9.648278000e-01 1.274711000e+00 
1.695555000e+00 1.192116000e+00 1.007398000e-02 
2.667959000e-04 3.219017000e-01 2.435473000e+00 
4.295853000e-03 1.879566000e-02 2.265244000e+00 
7.157792000e-03 1.874685000e-02 2.121885000e+00 
2.516726000e+00 1.267954000e-02 7.219581000e-03 
8.601791000e-06 4.096035000e-04 4.025180000e+00 
2.008716000e+00 3.440694000e-01 4.243244000e-04 
5.192259000e-02 1.366574000e+00 1.436248000e+00 
1.915943000e-01 1.978083000e+00 1.349530000e-02 
5.600081000e-03 2.100759000e+00 8.693564000e-01 
9.324742000e-03 1.308170000e+00 1.666359000e+00 
1.993436000e+00 4.310045000e-02 2.971868000e-02 
5.482351000e-03 4.486410000e-04 2.243594000e+00 
2.878988000e-02 1.091114000e+00 1.557345000e+00 
1.033419000e+00 1.557892000e+00 7.897432000e-01 
1.078324000e+00 3.597325000e-01 1.506273000e+00 
8.011301000e-02 1.419619000e+00 1.241874000e+00 
1.883170000e+00 1.296190000e-01 3.466373000e-01 
1.253893000e-02 2.937532000e+00 8.180541000e-03 
6.628011000e-01 6.035211000e-01 1.685224000e+00 
1.175698000e+00 1.998004000e+00 5.258170000e-03 
1.484604000e+00 1.258261000e+00 8.234536000e-03 
2.232855000e-02 2.156165000e+00 1.192404000e-01 
4.057868000e-02 2.112676000e+00 3.007443000e-02 
1.995725000e+00 4.755070000e-01 6.527120000e-04 
1.390242000e+00 1.845308000e-01 1.077073000e+00 
1.028323000e+00 1.776663000e+00 5.216646000e-02 
2.300921000e-01 2.026055000e-02 2.110196000e+00 
7.588016000e-03 1.305545000e+00 1.673208000e+00 
5.843462000e-03 7.034434000e-01 1.934822000e+00 
1.092993000e+00 1.706723000e+00 1.771928000e-02 
2.821513000e+00 1.836126000e-01 2.272096000e-04 
1.422200000e+00 1.213454000e+00 8.865693000e-03 
1.948356000e-02 2.166908000e+00 1.863226000e-02 
8.379747000e-02 1.386073000e+00 1.210365000e+00 
1.726088000e-01 2.279789000e-02 2.103545000e+00 
7.832918000e-02 2.179811000e+00 3.513521000e-03 
3.744489000e-03 3.509052000e-02 1.983121000e+00 
3.804532000e-02 2.035405000e+00 9.837852000e-02 
1.152951000e-02 7.442352000e-03 2.142540000e+00 
1.713444000e+00 7.155502000e-01 6.899723000e-01 
1.334678000e+00 1.261174000e-01 1.622532000e+00 
1.335639000e+00 1.207735000e-02 1.196017000e+00 
1.328168000e+00 1.293226000e-01 1.126352000e+00 
1.037584000e+00 1.511134000e+00 7.742641000e-01 
2.004620000e-02 4.708349000e-02 1.861132000e+00 
1.377266000e+00 9.037435000e-01 8.283532000e-01 
8.823451000e-01 6.890279000e-01 1.538240000e+00 
9.518717000e-01 1.754738000e-01 1.546849000e+00 
9.221276000e-01 1.616237000e+00 6.399342000e-02 
1.381877000e+00 1.401989000e+00 8.960076000e-02 
1.859474000e+00 2.330302000e-01 9.354811000e-03 
2.509037000e-01 2.439753000e-02 1.728471000e+00 

5.458572000e-02 3.500152000e-04 2.348870000e+00 
1.232328000e+00 1.044709000e-02 1.580102000e+00 
1.706126000e-02 3.148249000e-03 3.598776000e+00 
3.075318000e-01 1.803926000e+00 8.323516000e-02 
1.540970000e+00 1.319071000e+00 3.047702000e-02 
7.433730000e-02 1.656754000e+00 9.365869000e-01 
8.258829000e-01 1.450248000e-01 1.780869000e+00 
1.331954000e+00 1.305424000e-03 1.342233000e+00 
1.212172000e-02 5.165299000e+00 9.188977000e-02 
3.113140000e-03 1.013154000e-04 6.991614000e+00 
8.566302000e-01 1.515087000e-01 1.765532000e+00 
1.538355000e+00 1.655933000e-01 1.160105000e+00 
1.672528000e-03 1.230974000e-02 2.959239000e+00 
2.002712000e+00 1.353346000e-02 2.579834000e-02 
1.597549000e+00 1.097475000e-01 1.219944000e+00 
3.098821000e-02 1.477612000e+00 1.157954000e+00 
1.715983000e-02 2.350865000e+00 1.021514000e-03 
1.185196000e-02 3.174135000e+00 1.818722000e-01 
7.143076000e-02 2.380718000e+00 8.170179000e-04 
2.142151000e+00 2.280233000e-01 6.034394000e-04 
4.902872000e-02 1.364239000e+00 1.636406000e+00 
1.638505000e+00 9.990579000e-04 1.591271000e+00 
3.109438000e-02 2.457182000e-03 3.293295000e+00 
1.831811000e-01 1.886306000e+00 6.866654000e-02 
1.739184000e+00 9.310667000e-02 9.933008000e-02 
1.078295000e-03 2.476439000e-02 2.960965000e+00 
1.808738000e-03 6.032433000e+00 2.075215000e-01 
1.063904000e+00 1.645216000e+00 1.857125000e-02 
6.874908000e-02 5.741826000e-02 1.868879000e+00 
3.220637000e-03 5.546060000e+00 8.871765000e-02 
9.590411000e-03 2.082359000e+00 7.021632000e-01 
4.032646000e-01 2.098462000e+00 3.848015000e-04 
2.025185000e+00 3.908511000e-02 1.949296000e-02 
1.747961000e-03 7.669179000e-02 2.017047000e+00 
5.260591000e-02 1.278352000e+00 1.134314000e+00 
1.690436000e+00 8.185738000e-01 1.879768000e-01 
2.489912000e+00 3.946161000e-03 7.222181000e-04 
2.177298000e+00 3.953373000e-02 4.656459000e-03 
2.341504000e+00 1.444646000e-02 2.566954000e-03 
1.116119000e+00 1.647967000e-02 1.679930000e+00 
2.246097000e+00 1.692076000e-01 3.298267000e-03 
1.162351000e-01 2.067068000e+00 3.218569000e-02 
2.088039000e-02 1.449849000e+00 1.512512000e+00 
1.710588000e-02 1.861294000e+00 1.013747000e+00 
1.908168000e+00 4.767921000e-01 1.397197000e-02 
1.059508000e-01 1.994850000e-05 2.995915000e+00 
1.165254000e+00 1.665321000e-02 1.667737000e+00 
1.733613000e+00 9.243974000e-02 1.271600000e+00 
1.930822000e+00 8.599709000e-02 8.807045000e-02 
1.017996000e-04 5.627434000e-02 4.926456000e+00 
8.061436000e-02 9.858565000e-01 1.814300000e+00 
7.670433000e-05 5.809128000e-02 6.517648000e+00 
9.660421000e-04 9.179667000e-04 5.645097000e+00 
1.740645000e-02 1.251771000e+00 1.643125000e+00 
2.043919000e+00 3.580449000e-01 5.930087000e-03 
2.069712000e-02 3.100425000e-03 3.203752000e+00 
1.485572000e+00 1.419191000e+00 4.346594000e-02 
8.311331000e-01 8.175002000e-01 1.194878000e+00 
1.382516000e+00 1.297931000e+00 1.028611000e-01 
1.381375000e+00 1.438527000e+00 4.480487000e-02 
1.565059000e-03 2.100030000e-02 3.812441000e+00 
1.421388000e+00 1.189321000e+00 1.057469000e-01 
1.365088000e+00 3.014366000e-03 1.327624000e+00 
1.574775000e-01 7.595089000e+00 5.467950000e-04 
3.289406000e-02 1.465671000e+00 1.074191000e+00 
4.825458000e-02 1.912220000e+00 9.782813000e-02 
4.365022000e-02 1.212213000e+00 1.811107000e+00 
4.291163000e-03 1.454329000e+00 1.205918000e+00 
1.676008000e-03 6.127741000e+00 1.067854000e-01 
1.995289000e+00 1.485617000e-02 6.845149000e-01 
7.763803000e-02 1.350655000e-04 2.691940000e+00 
1.518100000e+00 1.232690000e+00 4.943606000e-02 
2.006498000e+00 3.684139000e-01 1.538866000e-02 
1.432127000e+00 2.490614000e-02 1.300045000e+00 
1.488698000e-03 3.649573000e+00 4.039208000e-01 
1.184999000e+00 1.381389000e+00 7.629205000e-01 
1.049198000e-02 8.726917000e-03 2.089584000e+00 
8.111145000e-03 4.265976000e+00 2.261610000e-01 
3.296478000e-02 5.295315000e-03 2.596468000e+00 
1.131772000e-01 2.020319000e+00 4.937122000e-02 
3.463113000e-02 3.177206000e-05 2.930280000e+00 
1.326480000e-02 3.790092000e-04 6.963523000e+00 
1.829937000e+00 8.862106000e-02 7.558335000e-01 
2.155758000e+00 1.091841000e-01 9.835438000e-03 
7.260105000e-01 8.349738000e-01 1.784670000e+00 
3.911717000e-01 2.059308000e+00 4.166888000e-04 
1.510729000e+00 1.382280000e+00 1.154265000e-02 
1.731058000e-02 2.326691000e+00 1.365424000e-02 
2.961541000e-02 1.035724000e-03 4.655670000e+00 
1.362984000e+00 2.375348000e-01 1.339881000e+00 
8.398485000e-02 1.046565000e+00 1.654532000e+00 
6.973617000e-03 5.258292000e+00 6.359635000e-02 
9.467109000e-03 3.700650000e-01 1.856253000e+00 
6.096585000e-02 1.628047000e-04 2.394548000e+00 
1.295105000e-01 2.472187000e-02 1.855035000e+00 
8.088510000e-01 1.919171000e-01 1.811728000e+00 
2.713448000e+00 7.125943000e-04 2.569167000e-03 
2.620147000e+00 1.714216000e-03 2.656550000e-02 
1.067824000e-01 1.140152000e+00 1.506641000e+00 
1.077540000e+00 3.459767000e-02 1.555974000e+00 
1.734949000e+00 1.450527000e+00 3.092196000e-03 
1.027063000e-02 1.390578000e+00 1.616024000e+00 
1.916213000e-01 2.072899000e+00 9.388363000e-03 
2.082285000e-02 6.097217000e-03 2.573194000e+00 
2.221769000e-02 2.253330000e+00 1.147826000e-02 
1.228313000e+00 6.685965000e-03 1.776281000e+00 
1.379998000e+00 1.372804000e+00 1.297544000e-01 
1.817071000e+00 8.098690000e-03 1.074152000e+00 
1.748557000e-03 1.109004000e-02 1.937759000e+00 
6.595672000e-03 4.809578000e-02 1.934641000e+00 
2.384699000e+00 1.159148000e-01 7.330270000e-04 
4.038748000e-03 1.370382000e+00 1.682050000e+00 
1.358008000e-02 2.421997000e+00 7.378438000e-03 
2.277416000e+00 1.868631000e-01 1.866354000e-03 
1.393231000e-01 1.807659000e+00 8.480748000e-02 
1.825495000e+00 3.641626000e-02 7.574212000e-01 
1.716552000e+00 1.496897000e+00 6.798252000e-04 
1.984035000e+00 3.740092000e-02 1.957932000e-02 
1.538259000e+00 2.405891000e-01 1.199110000e+00 
7.730465000e-02 2.091194000e+00 3.255573000e-02 
5.928210000e-02 3.252282000e-03 2.140713000e+00 
2.583875000e-02 2.114078000e+00 3.609520000e-02 
6.268918000e-02 1.149787000e+00 1.525455000e+00 
1.504781000e+00 1.499520000e+00 1.714949000e-03 
1.220937000e-01 1.826174000e+00 7.249320000e-01 
1.402319000e+00 1.542981000e+00 5.828403000e-03 
2.358084000e-01 1.868783000e+00 3.074969000e-02 
7.926321000e-01 9.090443000e-01 1.535778000e+00 
1.926226000e+00 2.806406000e-01 6.459098000e-02 
1.764970000e+00 7.975347000e-01 9.640433000e-02 
2.229055000e-02 1.584208000e+00 1.166392000e+00 
2.133033000e+00 1.183304000e-03 4.849526000e-02 
2.018660000e-01 1.007676000e+00 1.635466000e+00 
1.980916000e+00 6.600800000e-02 1.994522000e-01 
1.909142000e+00 1.882059000e-01 6.598153000e-02 
2.136655000e+00 1.187572000e-02 9.920069000e-03 
9.565607000e-02 1.131354000e+00 1.608212000e+00 
4.106012000e-02 5.471855000e-03 1.899297000e+00 
9.602385000e-02 2.126964000e+00 3.250059000e-02 
7.056885000e-01 8.368483000e-01 1.723077000e+00 
6.976652000e-02 1.031842000e+00 1.845822000e+00 
6.924328000e-02 1.222371000e+00 1.291752000e+00 
8.388599000e-01 1.363819000e-01 1.824254000e+00 
1.301746000e+00 1.302475000e+00 8.606285000e-01 
1.956234000e+00 1.570237000e-02 6.324700000e-01 
1.369474000e+00 2.869656000e-01 1.178125000e+00 
5.500657000e-02 2.095575000e+00 3.482811000e-02 
1.407676000e+00 1.316002000e+00 7.192573000e-02 
3.991061000e-02 1.965538000e+00 5.925349000e-02 
3.297506000e-02 2.045953000e+00 4.608996000e-02 
1.048640000e-01 1.543987000e-02 1.865185000e+00 
9.349899000e-01 3.487663000e-02 1.757049000e+00 
1.869624000e+00 8.623779000e-01 1.101459000e-02 
2.122765000e+00 1.248984000e-01 1.031143000e-02 
2.041502000e+00 1.957086000e-02 1.063370000e-02 
3.450014000e-02 1.449465000e+00 1.154030000e+00 
4.888487000e-02 1.874722000e+00 1.818803000e-01 
1.866524000e+00 8.430471000e-01 8.399610000e-02 
1.309717000e-01 1.714295000e+00 7.306248000e-01 
6.878142000e-01 1.030695000e+00 1.628044000e+00 
1.429721000e+00 1.513036000e+00 2.035250000e-02 

7.409827000e-01 8.338211000e-01 1.668556000e+00 
1.734200000e-03 4.327260000e+00 1.105321000e+00 
1.829047000e-02 1.644361000e+00 1.553009000e+00 
2.070584000e+00 1.535194000e+00 7.675915000e-03 
1.319073000e-01 3.026578000e+00 4.557559000e-03 
1.386615000e+00 1.468538000e+00 8.428594000e-02 
1.281584000e+00 1.368843000e+00 9.520983000e-01 
1.381239000e+00 1.022277000e+00 9.066062000e-01 
3.681874000e-02 1.117876000e+00 1.816715000e+00 
1.674838000e+00 1.224282000e-03 1.481624000e+00 
4.668357000e-02 1.606437000e+00 1.322423000e+00 
8.716954000e-03 2.528119000e+00 3.968073000e-01 
1.663539000e+00 3.025935000e-02 9.415162000e-01 
6.728894000e-05 7.068979000e-06 9.406206000e+00 
2.055856000e+00 7.304989000e-02 2.313855000e-02 
1.032158000e+00 6.431472000e-01 1.698303000e+00 
2.256745000e+00 1.645598000e+00 3.601087000e-03 
1.541449000e-02 1.686987000e+00 1.610310000e+00 
8.690373000e-04 6.723563000e+00 1.404192000e+00 
1.545149000e+00 1.458730000e+00 1.404096000e-02 
7.303804000e-02 2.924641000e+00 1.310103000e-02 
7.342326000e-02 2.050182000e+00 1.141739000e-01 
3.037059000e+00 5.065535000e-02 8.913780000e-03 
4.405630000e-05 4.348140000e-04 6.880289000e+00 
1.047603000e+00 1.493177000e-02 1.668275000e+00 
1.313760000e+00 8.975435000e-03 1.747143000e+00 
1.120495000e-02 2.574134000e+00 1.523218000e-02 
2.642776000e+00 3.416526000e-04 1.745770000e-02 
8.370296000e-02 2.090648000e+00 3.564018000e-02 
1.530680000e+00 1.162621000e+00 7.866415000e-02 
1.041566000e-02 2.316106000e-04 3.172374000e+00 
7.374844000e-01 8.309624000e-01 1.723710000e+00 
1.343776000e+00 1.508747000e+00 1.500293000e-01 
1.435137000e+00 1.274898000e+00 1.410472000e-01 
1.865730000e-02 1.377412000e+00 1.690480000e+00 
3.713919000e+00 1.557168000e-01 4.159014000e-03 
7.294801000e-03 3.289344000e+00 6.462675000e-02 
7.398581000e-03 1.311290000e+00 1.857124000e+00 
5.612056000e-02 1.486131000e+00 1.284188000e+00 
1.981181000e+00 2.859525000e-01 1.469241000e-01 
1.760503000e-01 1.713749000e+00 8.979635000e-01 
1.928092000e+00 8.724795000e-03 1.195663000e+00 
1.410392000e+00 1.493404000e+00 4.283902000e-02 
3.227920000e+00 4.560939000e-02 7.926703000e-03 
9.910127000e-03 7.267896000e-04 5.347439000e+00 
6.817031000e-02 3.632440000e+00 7.246823000e-03 
1.059061000e-02 2.171027000e+00 2.553769000e-02 
1.784967000e+00 1.313616000e-02 9.088710000e-01 
1.373002000e+00 1.542790000e+00 8.399635000e-02 
1.015899000e+00 6.732149000e-01 1.516079000e+00 
2.592971000e+00 3.579506000e-01 1.556154000e-03 
1.654910000e+00 1.570372000e+00 1.067974000e-02 
1.543252000e+00 8.434989000e-03 1.340795000e+00 
3.643929000e-03 2.080880000e+00 1.120148000e+00 
1.258666000e+00 1.800431000e+00 3.265459000e-03 
1.401975000e+00 1.575157000e+00 3.814964000e-02 
2.109008000e+00 1.736535000e-02 1.861244000e-01 
3.685493000e+00 6.360931000e-01 1.481823000e-03 
4.915632000e-02 1.769345000e+00 1.052276000e+00 
1.259581000e+00 1.382919000e+00 1.139247000e+00 
4.636566000e-02 1.136836000e+00 1.683423000e+00 
5.125150000e+00 1.453113000e-01 1.721991000e-03 
2.023369000e+00 1.359249000e+00 5.338837000e-02 
1.503885000e+00 7.882004000e-03 1.784084000e+00 
1.185347000e+00 8.561124000e-01 1.392013000e+00 
3.831836000e+00 5.706684000e-01 1.492431000e-03 
2.097342000e-01 2.293486000e+00 7.940680000e-04 
3.251169000e+00 2.424561000e-01 6.446477000e-03 
9.391098000e-01 7.457327000e-01 1.771090000e+00 
1.198796000e+00 4.558477000e-02 1.655593000e+00 
4.513218000e-03 4.957178000e+00 9.272922000e-01 
9.793159000e-04 2.188255000e-02 1.888596000e+00 
1.792068000e+00 1.762077000e+00 2.171771000e-03 
2.429105000e-03 3.038817000e+00 1.668011000e+00 
1.972964000e-05 8.817257000e-04 2.096404000e+00 
1.086201000e+00 1.121630000e+00 1.460438000e+00 
3.526050000e-02 1.221134000e+00 1.730036000e+00 
3.260803000e-02 1.592417000e+00 1.517587000e+00 
1.743617000e+00 1.262341000e+00 7.225445000e-02 
1.031709000e-01 3.033298000e+00 8.730774000e-03 
1.416655000e-02 1.024815000e-02 1.949560000e+00 
7.349188000e-02 1.215484000e+00 1.530845000e+00 
3.373330000e+00 1.458618000e-01 6.438418000e-03 
1.619185000e-02 1.815378000e+00 1.420185000e+00 
2.124999000e+00 1.025881000e-03 9.803959000e-03 
1.022795000e-02 1.908186000e+00 1.799238000e+00 
1.382533000e+00 1.478665000e+00 1.861143000e-01 
4.226373000e-02 1.378238000e+00 1.445453000e+00 
1.511018000e+00 2.783943000e-02 1.450889000e+00 
4.961204000e-03 2.065197000e+00 1.221147000e+00 
1.336870000e+00 5.158481000e-03 1.877269000e+00 
1.254255000e-01 4.109151000e+00 7.099892000e-03 
1.657851000e+00 1.034115000e+00 1.448829000e-01 
4.244925000e-02 1.292684000e+00 1.626475000e+00 
1.429642000e-01 1.273946000e+00 1.521236000e+00 
9.176470000e-01 9.700919000e-01 1.574069000e+00 
5.190467000e-02 1.818707000e+00 1.309354000e-01 
2.582638000e+00 3.557591000e-01 2.742161000e-03 
1.741270000e-02 1.858671000e+00 9.443800000e-01 
1.903061000e-02 3.256699000e+00 9.366391000e-03 
1.884966000e-01 2.114541000e+00 1.708224000e-03 
1.674110000e+00 1.334929000e+00 7.343345000e-02 
1.058455000e+00 1.093210000e+00 1.483978000e+00 
1.128404000e-01 5.027715000e-03 2.051756000e+00 
1.622244000e-02 1.727513000e+00 1.376045000e+00 
2.585967000e-02 1.378803000e+00 1.602330000e+00 
1.348494000e+00 1.565536000e+00 9.953516000e-02 
5.272776000e-02 3.078649000e-03 2.076317000e+00 
1.438369000e-01 2.780825000e+00 1.517559000e-02 
2.046630000e+00 1.244210000e-01 5.833398000e-02 
1.282586000e-01 2.061721000e+00 6.015980000e-02 
1.928938000e+00 1.111294000e-01 2.080671000e-01 
7.211766000e-02 1.752329000e+00 8.324029000e-01 
1.785775000e-01 2.030836000e+00 6.096354000e-02 
2.066415000e+00 9.358434000e-02 9.580999000e-03 
1.361428000e+00 1.054987000e+00 1.081384000e+00 
2.124248000e+00 4.246943000e-02 9.515115000e-02 
1.072050000e-01 1.467288000e+00 1.392840000e+00 
1.422842000e+00 9.652223000e-01 9.022493000e-01 
1.751466000e+00 1.171932000e+00 5.971767000e-02 
3.758825000e-01 1.425601000e+00 1.360735000e+00 

