1.039418000e+00 2.901729000e-02 1.385264000e+00 
6.730824000e-02 1.306841000e+00 8.949598000e-01 
1.294332000e+00 1.186036000e+00 1.396886000e-02 
4.914309000e-02 1.497590000e+00 1.326868000e-01 
2.139267000e+00 4.859401000e-04 3.724379000e-02 
1.027335000e+00 1.524084000e+00 1.804360000e-03 
3.880953000e-03 1.783588000e+00 4.137617000e-01 
5.859779000e-01 6.081761000e-01 1.423978000e+00 
1.003909000e+00 6.925462000e-01 1.097623000e+00 
7.253391000e-01 7.785072000e-01 1.192234000e+00 
6.726739000e-02 1.321869000e+00 8.743027000e-01 
7.948145000e-01 9.384739000e-01 1.093641000e+00 
8.785603000e-01 1.242931000e+00 4.732533000e-01 
1.635609000e+00 2.215056000e-02 2.123694000e-02 
1.531261000e+00 1.231950000e-01 6.709176000e-01 
1.982382000e+00 5.387881000e-03 6.659107000e-03 
7.732654000e-01 9.655963000e-03 1.408978000e+00 
1.334094000e+00 4.070437000e-03 1.211999000e+00 
1.095819000e+00 3.539366000e-03 1.459653000e+00 
1.785711000e+00 3.628949000e-02 6.151289000e-03 
4.383787000e-04 1.134691000e+00 1.741063000e+00 
6.719076000e-01 1.730333000e+00 2.295185000e-04 
1.584227000e+00 5.172567000e-02 3.418576000e-01 
5.459539000e-01 1.516889000e+00 1.073949000e-02 
1.418653000e+00 2.255109000e-01 5.699026000e-01 
1.257043000e+00 5.910845000e-03 1.143615000e+00 
1.500240000e-02 2.470125000e+00 3.517924000e-03 
7.402931000e-04 2.162183000e+00 3.947870000e-02 
1.755438000e+00 6.984134000e-02 3.583366000e-03 
6.298473000e-01 1.204414000e+00 8.756965000e-01 
2.537903000e-02 8.666351000e-01 1.342775000e+00 
1.222698000e+00 1.068586000e+00 1.796901000e-02 
1.345534000e+00 7.769699000e-01 1.156096000e-01 
1.154008000e-04 1.848653000e+00 6.101887000e-02 
1.915011000e+00 9.036560000e-02 4.198176000e-04 
7.575765000e-03 8.641695000e-03 1.623708000e+00 
7.702806000e-01 1.056814000e-01 1.456100000e+00 
1.170012000e+00 1.567149000e-02 1.053006000e+00 
1.203498000e+00 1.446665000e-02 9.929910000e-01 
1.203192000e+00 1.235765000e+00 7.982314000e-03 
3.621706000e-04 8.567244000e-03 1.774076000e+00 
1.569470000e+00 6.248354000e-02 7.026833000e-01 
4.816552000e-05 3.908182000e-04 2.046646000e+00 
1.038796000e-01 4.942421000e+00 4.928849000e-06 
1.617424000e+00 8.127198000e-03 1.249090000e-01 
9.592036000e-01 8.886503000e-01 9.849151000e-01 
1.875099000e-04 1.538132000e-03 1.809666000e+00 
7.501630000e-02 1.339028000e+00 7.613840000e-01 
1.640903000e+00 7.785509000e-02 1.235288000e-02 
1.361787000e+00 1.192763000e-01 7.822341000e-01 
9.948933000e-01 4.487141000e-02 1.322190000e+00 
1.391338000e+00 8.320333000e-01 5.017779000e-02 
1.360652000e+00 1.358104000e-02 9.832294000e-01 
1.405753000e+00 5.921559000e-03 1.014786000e+00 
2.769425000e-01 1.457464000e+00 4.829243000e-01 
4.497927000e-03 1.197239000e+00 1.100767000e+00 
9.318207000e-01 1.362215000e+00 3.426765000e-02 
1.029442000e+00 6.695621000e-01 1.023089000e+00 
4.487350000e-02 1.449031000e+00 5.675236000e-01 
1.629037000e+00 1.931916000e-02 4.203808000e-02 
1.256017000e-01 4.510314000e+00 6.052033000e-04 
5.424062000e-01 5.735088000e-01 1.455702000e+00 
5.100698000e-01 6.233547000e-01 1.466127000e+00 
1.500870000e+00 5.854993000e-03 9.255940000e-01 
5.695627000e-01 6.213113000e-01 1.387651000e+00 
1.809526000e-02 1.089371000e+00 1.486530000e+00 
5.711878000e-01 1.074097000e+00 9.463381000e-01 
8.601791000e-06 4.096035000e-04 4.025180000e+00 
2.938358000e-02 1.677803000e+00 8.738504000e-03 
8.618455000e-01 8.236388000e-01 1.036433000e+00 
1.367656000e+00 4.526945000e-02 9.459828000e-01 
1.381675000e-03 3.303484000e-02 1.649341000e+00 
1.602318000e+00 1.128433000e-02 7.104721000e-01 
2.681138000e-03 1.839710000e+00 5.864320000e-02 
8.014182000e-01 8.479939000e-01 1.053239000e+00 
9.971443000e-01 1.234397000e+00 3.141072000e-02 
1.402373000e+00 3.834543000e-03 1.263866000e+00 
4.859228000e-01 1.063604000e+00 1.044026000e+00 
5.878685000e-02 1.179654000e+00 1.080645000e+00 
9.066028000e-01 1.423352000e+00 4.096491000e-02 
1.253893000e-02 2.937532000e+00 8.180541000e-03 
1.961936000e-03 4.172293000e-05 1.933539000e+00 
1.159894000e+00 6.317459000e-02 1.229280000e+00 
1.187022000e+00 1.120611000e-01 1.010625000e+00 
1.043528000e+00 1.223825000e+00 2.375796000e-02 
6.419274000e-01 5.839616000e-01 1.443238000e+00 
5.921567000e-01 1.050556000e+00 1.039200000e+00 
1.644664000e+00 1.224814000e-01 3.820827000e-03 
5.257208000e-05 2.974460000e-03 1.822581000e+00 
6.058354000e-01 3.829351000e-01 1.469247000e+00 
2.585174000e-01 1.341608000e+00 7.527206000e-01 
2.340711000e-01 1.165524000e+00 1.027549000e+00 
2.020260000e-01 8.415730000e-01 1.374886000e+00 
2.821513000e+00 1.836126000e-01 2.272096000e-04 
5.688712000e-01 1.490426000e+00 2.935032000e-02 
1.111776000e+00 1.226519000e+00 1.056548000e-02 
3.704454000e-02 9.811348000e-01 1.278949000e+00 
8.846831000e-01 1.210178000e+00 4.600431000e-01 
1.187005000e+00 1.115311000e-01 1.033698000e+00 
1.565220000e-01 8.974299000e-01 1.294183000e+00 
1.037542000e+00 1.225073000e+00 1.449001000e-01 
2.653523000e-02 1.451477000e+00 1.065491000e+00 
1.601539000e+00 1.381060000e-02 6.848921000e-01 
1.992386000e-02 1.087397000e+00 1.424203000e+00 
1.388966000e+00 9.885943000e-01 7.737236000e-03 
1.194874000e+00 1.491067000e-02 1.058477000e+00 
1.550189000e+00 3.796471000e-01 1.763803000e-03 
4.607766000e-03 1.121897000e-01 1.561213000e+00 
9.691668000e-01 1.429065000e+00 2.432035000e-02 
1.783446000e+00 1.424034000e-02 8.237021000e-02 
2.485462000e-02 1.912019000e+00 1.239584000e-02 
1.450508000e+00 1.479765000e-01 1.832501000e-02 
1.084258000e+00 4.442463000e-03 1.398254000e+00 
3.657319000e-03 2.517025000e-01 1.532215000e+00 
1.078085000e+00 1.105983000e+00 2.043225000e-02 
1.021132000e+00 1.497994000e+00 7.411119000e-03 
5.944259000e-01 1.857144000e+00 1.537108000e-04 
2.521259000e-02 1.796490000e+00 9.250514000e-03 
7.203695000e-01 1.397571000e+00 5.588986000e-01 
1.628547000e+00 7.385659000e-03 1.108203000e-01 
1.168516000e+00 5.490158000e-02 1.076817000e+00 
2.008652000e+00 8.904737000e-04 1.895086000e-01 
1.019285000e+00 6.423678000e-01 1.081773000e+00 
8.859947000e-02 1.164143000e+00 1.099998000e+00 
2.147816000e+00 1.215821000e-04 2.013046000e-02 
3.576216000e-03 1.810762000e+00 4.301897000e-01 
1.401775000e+00 8.501212000e-04 1.269759000e+00 
2.970781000e-01 1.499891000e+00 1.007518000e-01 
4.184316000e-02 1.574741000e+00 1.082292000e-01 
1.376943000e-03 1.843612000e+00 1.579793000e-01 
1.707927000e+00 9.058011000e-02 5.000239000e-03 
1.128287000e+00 1.073509000e+00 1.718494000e-02 
8.706477000e-01 3.261375000e-02 1.403624000e+00 
5.298041000e-02 1.101327000e+00 1.232284000e+00 
2.118037000e-02 2.588260000e-02 1.608259000e+00 
7.286970000e-02 8.182946000e-01 1.420848000e+00 
4.307123000e-03 3.593999000e-04 1.700982000e+00 
1.407043000e-02 1.062681000e+00 1.488647000e+00 
2.625664000e-01 1.130195000e+00 1.220094000e+00 
1.765866000e-02 2.047267000e-04 1.729022000e+00 
8.310503000e-02 9.417998000e-01 1.324861000e+00 
2.891957000e-02 1.283669000e+00 1.011468000e+00 
1.491006000e+00 9.968636000e-01 4.027241000e-03 
7.689971000e-01 1.061515000e-01 1.452598000e+00 
4.175399000e-03 1.629819000e+00 1.768285000e-02 
1.851134000e+00 2.823482000e-03 4.826604000e-02 
2.094187000e-01 1.563341000e+00 1.108821000e-02 
1.485176000e-01 1.703945000e+00 4.018534000e-03 
1.504183000e+00 1.414803000e-01 4.798282000e-02 
7.859823000e-01 9.163036000e-01 1.097177000e+00 
7.286297000e-01 9.592885000e-01 1.131506000e+00 
1.787280000e+00 7.227026000e-02 1.922450000e-03 
2.653165000e-02 2.801750000e-03 1.509923000e+00 
7.597258000e-01 8.929972000e-01 1.126324000e+00 
1.987240000e+00 2.846005000e-02 5.018319000e-04 
1.502510000e+00 1.822073000e-02 7.148966000e-01 
7.366611000e-02 1.624782000e+00 1.553718000e-02 
5.459296000e-01 5.862688000e-01 1.446663000e+00 
3.510115000e-01 1.544001000e+00 3.257988000e-02 
1.537121000e+00 9.244171000e-02 1.705485000e-02 
2.688134000e-01 1.494872000e+00 4.413425000e-01 
4.595126000e-01 1.243814000e+00 9.466073000e-01 
6.296439000e-01 6.849002000e-01 1.296810000e+00 
1.737528000e+00 2.271430000e-02 1.133336000e-02 
1.048497000e+00 1.126023000e+00 2.189748000e-01 
7.026754000e-01 7.568913000e-01 1.276148000e+00 
5.333050000e-01 7.835633000e-01 1.442884000e+00 
4.024426000e-03 1.823200000e+00 2.909652000e-02 
3.058733000e-02 1.351239000e+00 9.909015000e-01 
1.381471000e+00 1.665516000e-02 7.293809000e-01 
7.483234000e-01 9.501498000e-01 1.050333000e+00 
8.573930000e-03 1.091739000e+00 1.517299000e+00 
2.171405000e-02 1.598590000e+00 6.973721000e-01 
9.536315000e-01 4.436408000e-02 1.391496000e+00 
2.667588000e-02 1.891393000e+00 6.542484000e-04 
1.211805000e+00 3.299703000e-03 1.436036000e+00 
6.953229000e-02 1.631760000e+00 1.458284000e-02 
5.807457000e-02 1.387854000e+00 9.288546000e-01 
1.168352000e-01 1.606015000e+00 1.100649000e-02 
1.074090000e+00 1.159625000e+00 1.560453000e-01 
9.508644000e-01 1.118511000e+00 5.797198000e-01 
5.386043000e-01 6.305887000e-01 1.404448000e+00 
7.642750000e-01 8.947746000e-01 1.119652000e+00 
1.298879000e+00 1.157428000e+00 1.160065000e-02 
2.598023000e-03 9.710204000e-03 1.732821000e+00 
1.038513000e+00 1.281483000e+00 6.088887000e-03 
1.118345000e+00 1.564322000e-01 1.045038000e+00 
1.208388000e+00 8.388319000e-01 7.412133000e-01 
1.547756000e+00 6.980771000e-02 6.089480000e-01 
6.743000000e-01 4.263477000e-01 1.383661000e+00 
2.643465000e-02 1.570495000e+00 4.608742000e-01 
1.053448000e+00 1.130564000e+00 2.156701000e-01 
2.492692000e-02 9.919027000e-01 1.336720000e+00 
3.380051000e-01 1.439348000e+00 6.506670000e-01 
3.943334000e-02 9.519735000e-01 1.324546000e+00 
1.083016000e+00 6.917255000e-01 7.464492000e-01 
1.004154000e-03 1.606504000e-04 1.770605000e+00 
1.587248000e+00 5.674210000e-02 1.287514000e-02 
2.714502000e-02 1.697734000e+00 1.224249000e-02 
7.300448000e-01 1.380611000e+00 9.943587000e-02 
8.663436000e-01 8.106834000e-01 1.032881000e+00 
1.353591000e+00 9.981881000e-01 2.853038000e-04 
7.019624000e-01 1.731211000e-01 1.485508000e+00 
8.605004000e-01 1.357898000e-01 1.178922000e+00 
7.210269000e-02 8.387058000e-02 1.499467000e+00 
4.434902000e-02 1.593415000e+00 2.869339000e-02 
8.215316000e-01 4.838208000e-02 1.260682000e+00 
1.818050000e-01 8.439768000e-01 1.311597000e+00 

1.039967000e+00 1.668903000e-01 1.166831000e+00 
1.662363000e+00 5.418659000e-02 8.925829000e-03 
1.158892000e-02 1.013948000e+00 1.272399000e+00 
1.410057000e+00 5.956619000e-01 7.012008000e-03 
1.261549000e-02 3.636187000e-01 1.553331000e+00 
1.481205000e+00 6.230811000e-01 4.856179000e-03 
1.916107000e+00 1.207861000e-02 8.916068000e-03 
1.331954000e+00 1.305424000e-03 1.342233000e+00 
6.924234000e-01 8.892556000e-01 1.279059000e+00 
9.254988000e-01 1.905142000e-02 1.364958000e+00 
1.973735000e-01 1.432094000e+00 6.527466000e-03 
1.763343000e+00 5.156615000e-02 8.222482000e-03 
1.886438000e-03 3.889293000e-06 1.945847000e+00 
9.607867000e-02 1.545237000e+00 1.008622000e-01 
1.283504000e-01 1.192135000e+00 1.077575000e+00 
1.229178000e+00 1.079071000e+00 4.244402000e-03 
1.715983000e-02 2.350865000e+00 1.021514000e-03 
8.203698000e-01 1.500345000e-01 1.392860000e+00 
7.143076000e-02 2.380718000e+00 8.170179000e-04 
2.142151000e+00 2.280233000e-01 6.034394000e-04 
6.514241000e-01 6.914563000e-01 1.347020000e+00 
2.560507000e-02 1.178348000e+00 1.120285000e+00 
1.177813000e+00 6.295267000e-01 9.155140000e-01 
1.087122000e+00 9.568349000e-01 5.875214000e-01 
8.264969000e-04 1.227625000e+00 1.073200000e+00 
4.245644000e-03 7.918440000e-01 1.368092000e+00 
1.315086000e-01 1.199770000e+00 1.047884000e+00 
1.236538000e+00 1.891139000e-02 1.092216000e+00 
1.254162000e-01 1.201198000e+00 1.039796000e+00 
1.300149000e+00 3.150462000e-01 9.472192000e-01 
1.445852000e-02 1.006420000e+00 1.145432000e+00 
4.032646000e-01 2.098462000e+00 3.848015000e-04 
1.407988000e+00 6.064900000e-01 3.972840000e-02 
1.925266000e-02 1.548419000e+00 7.381987000e-01 
1.672184000e-03 1.686294000e-02 1.752663000e+00 
3.194519000e-04 1.458578000e-01 1.818607000e+00 
2.489912000e+00 3.946161000e-03 7.222181000e-04 
2.177298000e+00 3.953373000e-02 4.656459000e-03 
2.341504000e+00 1.444646000e-02 2.566954000e-03 
9.499238000e-01 5.060370000e-01 1.234718000e+00 
9.224335000e-01 4.595001000e-03 1.381752000e+00 
1.684251000e-03 1.746104000e+00 4.077154000e-02 
1.919489000e-02 1.612661000e+00 7.448051000e-01 
9.914186000e-03 1.289508000e-01 1.684874000e+00 
1.296029000e+00 5.364963000e-01 9.402242000e-01 
1.685296000e+00 6.322986000e-02 5.898110000e-03 
7.551474000e-01 1.608909000e-01 1.381013000e+00 
3.441847000e-02 1.170380000e+00 1.137632000e+00 
1.513235000e-03 7.261963000e-01 1.690891000e+00 
1.532064000e+00 4.863016000e-02 6.589216000e-02 
3.288894000e-03 1.623928000e+00 7.693753000e-02 
9.553627000e-01 7.584097000e-01 1.102966000e+00 
2.059764000e+00 3.850490000e-03 1.258109000e-02 
1.344585000e+00 2.047894000e-02 9.957364000e-01 
4.178263000e-02 1.467763000e+00 6.826685000e-01 
4.217480000e-02 1.483667000e+00 1.220756000e-01 
2.193955000e-02 5.451144000e-04 1.900758000e+00 
8.311331000e-01 8.175002000e-01 1.194878000e+00 
1.372074000e+00 3.197486000e-01 5.853277000e-01 
2.558860000e-02 1.681599000e-01 1.535669000e+00 
6.508914000e-01 4.710282000e-01 1.411667000e+00 
5.053430000e-02 1.235681000e+00 1.036874000e+00 
1.919489000e-02 1.612661000e+00 7.448051000e-01 
1.574775000e-01 7.595089000e+00 5.467950000e-04 
1.340842000e-03 1.050150000e+00 1.202781000e+00 
1.729120000e-04 8.583354000e-01 1.415205000e+00 
5.364212000e-01 5.570510000e-01 1.350665000e+00 
7.911728000e-01 8.527500000e-01 1.224631000e+00 
1.676008000e-03 6.127741000e+00 1.067854000e-01 
1.476620000e+00 3.393820000e-01 1.194158000e-02 
1.842480000e-03 1.732028000e+00 1.093926000e-02 
4.087305000e-03 8.064342000e-01 1.398104000e+00 
1.294414000e+00 2.012742000e-01 9.624344000e-01 
1.002013000e+00 2.544970000e-03 1.268078000e+00 
1.488698000e-03 3.649573000e+00 4.039208000e-01 
4.409463000e-02 1.579686000e+00 1.023080000e-03 
3.231809000e-02 9.241730000e-01 1.214209000e+00 
1.113878000e+00 1.064230000e+00 6.534676000e-02 
8.030773000e-01 7.524556000e-01 1.253388000e+00 
2.120121000e-01 1.538695000e+00 2.033026000e-03 
1.102379000e-03 7.456286000e-03 1.807948000e+00 
1.099344000e+00 3.339695000e-02 1.030494000e+00 
1.530140000e+00 1.533160000e-01 3.710853000e-02 
1.821444000e-01 1.323207000e+00 9.845691000e-01 
1.766068000e+00 2.655016000e-02 1.016448000e-02 
3.911717000e-01 2.059308000e+00 4.166888000e-04 
1.562972000e+00 4.948390000e-02 1.199356000e-02 
8.546390000e-01 2.196779000e-02 1.393451000e+00 
1.036263000e+00 1.128391000e+00 8.104583000e-01 
1.371657000e-02 1.003688000e+00 1.271608000e+00 
1.871212000e+00 5.483606000e-02 2.429322000e-03 
3.000740000e-02 1.648121000e+00 4.655142000e-02 
5.332742000e-02 1.632697000e+00 1.015357000e-03 
7.295391000e-02 6.925415000e-03 1.627902000e+00 
4.239639000e-03 1.006939000e+00 1.279316000e+00 
1.019307000e+00 1.301978000e+00 2.745912000e-01 
2.713448000e+00 7.125943000e-04 2.569167000e-03 
2.620147000e+00 1.714216000e-03 2.656550000e-02 
3.121055000e-01 1.064486000e+00 1.070819000e+00 
1.736057000e+00 2.848741000e-03 3.793906000e-02 
8.845798000e-01 7.623889000e-01 1.158569000e+00 
8.565281000e-01 2.958157000e-02 1.309399000e+00 
1.118757000e+00 1.634362000e-03 1.118825000e+00 
6.802029000e-01 1.453655000e-01 1.458793000e+00 
5.709103000e-04 9.779691000e-02 1.791794000e+00 
1.535113000e+00 5.612669000e-01 1.124835000e-02 
9.697630000e-02 1.566596000e-04 1.585893000e+00 
8.204285000e-01 8.509141000e-01 1.208092000e+00 
1.189846000e+00 1.278971000e+00 2.885402000e-03 
1.038798000e+00 1.096264000e+00 9.623390000e-02 
2.384699000e+00 1.159148000e-01 7.330270000e-04 
6.416069000e-02 1.421551000e+00 6.252342000e-01 
1.358008000e-02 2.421997000e+00 7.378438000e-03 
2.277416000e+00 1.868631000e-01 1.866354000e-03 
1.113182000e+00 2.988837000e-01 9.502635000e-01 
1.167273000e+00 1.059816000e+00 1.001821000e-02 
1.716552000e+00 1.496897000e+00 6.798252000e-04 
3.956753000e-02 1.383731000e+00 1.013518000e+00 
1.161984000e-02 1.617893000e+00 7.037443000e-01 
9.835879000e-01 7.472426000e-02 1.237879000e+00 
9.655158000e-03 2.423937000e-01 1.582398000e+00 
1.059308000e-03 1.077117000e+00 1.237387000e+00 
8.327174000e-01 1.212092000e-01 1.306728000e+00 
1.522527000e+00 6.440368000e-03 7.120237000e-01 
8.139119000e-01 7.641433000e-01 1.241624000e+00 
4.983638000e-01 5.920834000e-01 1.366605000e+00 
8.393009000e-02 1.155732000e+00 1.135135000e+00 
9.862267000e-03 7.607321000e-01 1.414373000e+00 
1.605116000e+00 4.398238000e-02 6.620209000e-01 
4.671282000e-01 5.998141000e-01 1.372936000e+00 
1.024771000e-01 1.244322000e-03 1.491909000e+00 
2.133033000e+00 1.183304000e-03 4.849526000e-02 
9.630024000e-01 9.585159000e-02 1.222607000e+00 
1.599159000e-01 1.110530000e+00 1.121951000e+00 
1.660665000e+00 1.557637000e-02 1.241827000e-02 
2.136655000e+00 1.187572000e-02 9.920069000e-03 
1.095771000e+00 1.104424000e-01 1.090385000e+00 
4.106012000e-02 5.471855000e-03 1.899297000e+00 
6.278911000e-01 7.250352000e-01 1.348260000e+00 
1.410473000e+00 9.530095000e-02 6.440234000e-01 
5.101432000e-04 7.479508000e-05 1.934879000e+00 
3.349844000e-04 2.192214000e-03 1.919607000e+00 
1.051042000e+00 8.881917000e-01 6.712922000e-01 
1.826610000e+00 1.797162000e-02 1.230837000e-02 
1.043966000e+00 1.161535000e+00 1.059948000e-02 
1.191800000e+00 1.056098000e+00 6.281236000e-03 
7.801200000e-01 8.691237000e-01 1.184826000e+00 
7.877802000e-04 7.531824000e-03 1.817697000e+00 
5.830453000e-02 1.453158000e+00 6.562789000e-01 
1.416160000e+00 6.308781000e-01 9.025726000e-04 
1.408594000e+00 1.467126000e-01 5.486452000e-01 
1.413125000e+00 6.497749000e-02 9.822933000e-01 
9.337164000e-04 3.332063000e-02 1.694322000e+00 
1.178082000e+00 1.057702000e+00 1.078251000e-02 
7.654704000e-01 1.784524000e-01 1.379916000e+00 
1.682592000e+00 4.729267000e-03 6.717071000e-02 
2.705280000e-05 1.032185000e-02 1.979555000e+00 
1.671351000e-02 1.210365000e+00 1.049758000e+00 
6.451665000e-02 1.155425000e+00 1.140890000e+00 
1.375438000e+00 1.864861000e-01 6.382994000e-01 
9.093078000e-01 2.415355000e-02 1.316664000e+00 
1.535444000e+00 3.452704000e-01 1.111582000e-02 
1.197097000e-01 7.928545000e-01 1.284939000e+00 
1.045984000e+00 9.216716000e-01 6.655596000e-01 
4.076250000e-01 3.746344000e-01 1.436776000e+00 
1.139673000e+00 9.928947000e-01 1.381973000e-01 
9.830942000e-01 4.951899000e-01 1.068389000e+00 
7.859892000e-02 1.328878000e+00 8.667541000e-01 
1.412186000e+00 8.544621000e-02 6.084242000e-01 
7.802865000e-01 1.625745000e-01 1.334287000e+00 
1.074582000e+00 1.138317000e+00 8.588767000e-02 
1.611212000e+00 1.034987000e-02 9.243589000e-02 
1.482855000e+00 4.965791000e-02 8.519611000e-02 
1.404179000e+00 5.885608000e-01 4.693032000e-02 
1.319756000e+00 7.413888000e-01 9.052769000e-02 
4.657230000e-03 4.392352000e-02 1.686216000e+00 
8.765474000e-01 8.085139000e-01 1.069222000e+00 
1.688896000e+00 3.291875000e-03 3.848909000e-02 
1.218017000e+00 8.997768000e-01 5.054873000e-03 
8.638583000e-01 2.273770000e-02 1.387245000e+00 
2.262150000e-02 5.627145000e-01 1.440282000e+00 
8.878692000e-03 1.711688000e+00 4.950192000e-02 
1.112851000e+00 1.036621000e+00 1.754847000e-01 
1.421401000e-01 7.612577000e-01 1.305344000e+00 
1.082832000e+00 3.823029000e-02 1.222259000e+00 
8.932508000e-03 8.921785000e-01 1.312523000e+00 
1.121090000e+00 9.869154000e-01 1.388913000e-01 
1.139569000e+00 1.023618000e+00 2.607622000e-02 
1.410173000e-02 1.692702000e+00 3.680626000e-03 
9.335300000e-02 1.562475000e+00 1.018050000e-01 
2.686488000e-01 1.990845000e+00 6.653605000e-04 

5.296693000e-02 1.889795000e+00 3.656916000e-03 
1.734200000e-03 4.327260000e+00 1.105321000e+00 
8.709497000e-01 7.965546000e-01 1.215465000e+00 
1.198047000e+00 1.074181000e+00 2.952682000e-01 
7.979764000e-03 1.318341000e+00 1.167823000e+00 
9.333498000e-01 7.863145000e-01 1.207604000e+00 
4.478187000e-02 1.596167000e+00 2.068816000e-01 
1.085321000e+00 1.148719000e+00 2.237767000e-01 
6.653988000e-02 1.308447000e+00 1.030204000e+00 
8.520090000e-02 1.149166000e+00 1.153454000e+00 
3.139454000e-02 8.619463000e-01 1.315651000e+00 
1.338138000e+00 8.621454000e-01 4.491504000e-02 
1.339897000e-01 1.646450000e+00 1.711555000e-02 
6.728894000e-05 7.068979000e-06 9.406206000e+00 
1.377707000e+00 2.706924000e-02 6.986801000e-01 
5.396199000e-01 5.735163000e-01 1.342289000e+00 
9.434110000e-01 1.293605000e+00 3.149971000e-01 
5.385001000e-03 1.716547000e+00 3.468166000e-02 
8.690373000e-04 6.723563000e+00 1.404192000e+00 
1.801640000e+00 1.737339000e-03 2.074860000e-02 
3.246310000e-02 1.205689000e+00 1.186643000e+00 
1.949284000e-01 1.210742000e+00 1.072383000e+00 
1.171007000e-02 1.622476000e+00 1.270228000e-01 
4.405630000e-05 4.348140000e-04 6.880289000e+00 
8.893976000e-03 1.056746000e+00 1.281695000e+00 
7.392653000e-01 6.946624000e-01 1.312139000e+00 
6.875893000e-01 4.404079000e-01 1.457777000e+00 
2.642776000e+00 3.416526000e-04 1.745770000e-02 
8.462330000e-01 8.898892000e-01 1.155454000e+00 
2.223708000e+00 4.734031000e-03 6.204004000e-03 
1.449791000e+00 9.089137000e-03 8.480966000e-01 
1.185854000e+00 1.198867000e+00 5.889898000e-02 
1.406216000e+00 1.126819000e+00 2.664091000e-02 
8.361394000e-04 4.334320000e-02 1.639222000e+00 
8.395191000e-01 1.557316000e-02 1.527632000e+00 
1.022023000e+00 9.944940000e-03 1.640740000e+00 
7.326393000e-01 1.015675000e+00 1.153372000e+00 
7.462798000e-01 6.671316000e-01 1.326591000e+00 
1.337632000e+00 9.574696000e-01 5.940117000e-02 
3.965207000e-02 1.199917000e+00 1.199567000e+00 
8.429553000e-01 1.336219000e-02 1.407873000e+00 
1.082722000e+00 5.743802000e-02 1.351356000e+00 
1.901411000e+00 1.797434000e-03 9.222271000e-03 
1.295573000e+00 1.207837000e+00 2.548182000e-04 
3.126008000e-02 2.086487000e+00 9.263039000e-04 
4.393473000e-02 1.548110000e+00 7.216903000e-01 
1.021002000e+00 5.413642000e-02 1.355581000e+00 
1.241447000e-01 1.411859000e+00 7.610482000e-01 
6.743347000e-02 8.446632000e-01 1.433291000e+00 
5.912130000e-02 1.207733000e+00 1.185199000e+00 
1.670248000e+00 1.856786000e-02 1.682748000e-02 
1.012524000e+00 1.310575000e+00 2.913904000e-02 
1.216467000e+00 7.855478000e-01 7.005168000e-01 
1.990451000e-03 6.598157000e-02 1.579315000e+00 
1.258666000e+00 1.800431000e+00 3.265459000e-03 
8.344778000e-01 9.048706000e-01 1.072916000e+00 
1.082579000e+00 8.905097000e-01 7.084968000e-01 
1.489241000e+00 2.282758000e-02 7.292403000e-01 
6.594487000e-01 5.648885000e-01 1.415171000e+00 
1.170990000e+00 1.051052000e-02 1.464875000e+00 
1.225401000e+00 6.087706000e-03 1.294119000e+00 
1.614498000e+00 3.110498000e-02 2.650722000e-02 
1.003332000e+00 1.314391000e+00 1.019518000e-02 
3.106128000e-02 2.182659000e+00 2.093716000e-05 
9.512160000e-02 1.646109000e+00 7.000287000e-02 
1.113529000e+00 3.466829000e-02 1.326097000e+00 
8.046804000e-01 8.549238000e-01 1.207741000e+00 
8.741686000e-02 9.818752000e-01 1.276938000e+00 
2.987039000e-02 9.018129000e-01 1.508850000e+00 
1.530637000e-01 1.771528000e-02 1.637420000e+00 
9.987514000e-01 1.308315000e-02 1.568520000e+00 
6.253472000e-02 1.151023000e+00 1.279735000e+00 
1.364868000e+00 7.181198000e-02 7.713001000e-01 
1.108750000e+00 1.058238000e+00 3.039885000e-01 
1.972964000e-05 8.817257000e-04 2.096404000e+00 
1.140167000e+00 8.861359000e-01 7.195280000e-01 
1.522738000e-01 2.040974000e+00 2.476275000e-03 
8.723071000e-01 1.127254000e+00 1.042835000e+00 
1.735431000e+00 4.523530000e-04 9.637471000e-01 
1.814558000e+00 1.004273000e-01 7.411699000e-04 
5.220276000e-01 5.955229000e-01 1.356089000e+00 
1.239593000e+00 3.271554000e-03 1.178321000e+00 
1.269463000e+00 1.170287000e+00 1.780785000e-01 
1.182349000e+00 8.571893000e-01 7.729590000e-01 
2.124999000e+00 1.025881000e-03 9.803959000e-03 
2.197288000e-03 1.501256000e+00 7.470787000e-01 
1.266814000e-01 1.454940000e+00 7.180813000e-01 
1.667004000e+00 1.007277000e+00 2.566191000e-02 
2.102937000e-04 4.482849000e-03 2.030016000e+00 
3.039638000e-03 1.252356000e+00 1.168767000e+00 
1.420525000e+00 8.191315000e-04 1.229394000e+00 
6.513839000e-03 1.719173000e+00 5.054995000e-03 
1.295158000e+00 1.161053000e+00 6.004982000e-02 
1.852564000e+00 1.721629000e-02 7.631727000e-03 
1.151721000e+00 7.288146000e-01 9.988750000e-01 
1.148006000e+00 2.842375000e-02 1.074520000e+00 
1.007672000e-02 1.467896000e+00 8.013032000e-01 
1.270647000e+00 1.114913000e+00 7.361018000e-02 
1.099992000e-01 1.909790000e+00 3.454339000e-03 
9.144939000e-01 8.285844000e-01 1.107708000e+00 
1.469773000e+00 1.024415000e+00 1.256888000e-02 
1.137870000e+00 1.625100000e-02 1.081694000e+00 
2.997153000e-03 1.232105000e+00 1.193059000e+00 
1.774895000e+00 7.703528000e-02 4.151158000e-03 
6.590009000e-03 1.069174000e+00 1.323456000e+00 
6.887025000e-01 7.848960000e-01 1.320125000e+00 
1.009753000e+00 1.291571000e-02 1.465093000e+00 
6.837377000e-01 5.191623000e-01 1.345974000e+00 
2.388433000e-03 1.716623000e+00 5.952338000e-02 
3.627610000e-01 1.613441000e+00 1.568899000e-02 
1.150299000e+00 1.206259000e+00 4.621378000e-02 
9.589178000e-02 1.715695000e+00 5.261694000e-03 
1.374182000e+00 8.847994000e-01 3.396816000e-02 
1.235290000e+00 4.510455000e-03 1.278684000e+00 
9.471620000e-02 8.602978000e-01 1.320074000e+00 
3.611454000e-03 1.541976000e+00 7.290373000e-01 
9.523194000e-03 1.658902000e+00 1.938516000e-01 
1.708481000e+00 3.338786000e-03 1.650921000e-02 
2.869654000e-03 2.170984000e-01 1.576123000e+00 
1.956375000e+00 9.832746000e-04 7.176227000e-02 
5.406899000e-01 5.868490000e-01 1.336024000e+00 
2.906892000e-01 1.628469000e+00 3.215460000e-02 
1.564954000e+00 1.528860000e-02 8.441716000e-01 
7.712494000e-01 5.927529000e-01 1.234109000e+00 
1.757355000e-03 1.539503000e+00 7.654160000e-01 
9.263236000e-01 1.350872000e+00 2.889449000e-02 
4.290283000e-03 2.309483000e+00 4.442636000e-03 
1.375535000e+00 8.591270000e-01 5.376162000e-02 
1.490893000e-04 5.095700000e-02 1.764688000e+00 
3.673621000e-01 1.166027000e+00 1.087098000e+00 
4.291688000e-04 1.861656000e-05 1.681432000e+00 
9.665588000e-01 1.350863000e+00 1.123632000e-02 
7.442986000e-01 8.601388000e-01 1.274427000e+00 
1.139360000e+00 8.209063000e-01 1.018969000e+00 
1.377664000e+00 8.724978000e-01 2.812428000e-02 
1.103367000e+00 1.163053000e-01 1.057562000e+00 
9.038065000e-02 1.441655000e+00 7.941848000e-01 
9.662829000e-01 6.153750000e-01 1.098489000e+00 
1.483103000e+00 6.886170000e-02 6.568728000e-01 
8.659783000e-01 2.507493000e-02 1.365585000e+00 
5.383561000e-01 5.848948000e-01 1.412408000e+00 
7.204190000e-01 4.544314000e-01 1.378771000e+00 
3.486525000e-01 1.602722000e+00 2.284695000e-02 
9.268567000e-01 8.281148000e-01 1.105746000e+00 
3.587538000e-02 1.248285000e+00 1.094253000e+00 
6.041601000e-02 1.181551000e+00 1.171052000e+00 
2.287088000e-03 9.238640000e-01 1.407691000e+00 
1.116769000e+00 1.223484000e+00 2.617583000e-02 
1.316743000e+00 1.155131000e-01 8.107907000e-01 
1.014989000e+00 6.782039000e-02 1.336459000e+00 
1.365977000e+00 2.872965000e-02 8.117700000e-01 
5.574745000e-02 1.349489000e+00 9.854938000e-01 
2.300096000e-02 1.691679000e+00 4.422817000e-02 
9.264158000e-01 9.996199000e-01 6.034334000e-01 
2.032961000e-01 1.231829000e+00 9.806178000e-01 
1.086341000e+00 6.809869000e-01 1.034686000e+00 
1.585392000e-02 1.064468000e-03 1.680487000e+00 
1.330758000e+00 1.231397000e-01 5.830306000e-01 

