6.586289000e+00 1.377981000e-01 4.132856000e-02 
4.994401000e+00 8.728459000e-01 3.377526000e+00 
4.497699000e+00 1.113286000e+00 3.119149000e+00 
5.867884000e+00 1.269945000e-02 2.087611000e+00 
4.641047000e-02 4.878563000e+00 3.288820000e+00 
1.677502000e+00 5.815673000e+00 6.061608000e-01 
5.774370000e+00 2.008690000e-01 1.777711000e-01 
6.743895000e-01 5.748994000e+00 1.329600000e+00 
1.313853000e-02 6.015259000e+00 2.067717000e+00 
5.167998000e+00 1.150779000e+00 2.639740000e+00 
5.799579000e+00 1.676531000e-01 1.796550000e-01 
4.923947000e+00 8.952359000e-02 4.158647000e+00 
6.564266000e+00 5.433743000e-03 5.389619000e+00 
3.401431000e+00 9.823085000e-01 4.827048000e+00 
3.286419000e-04 7.435909000e-03 6.622477000e+00 
8.611687000e-01 3.490112000e+00 4.431952000e+00 
8.363175000e-02 6.972513000e+00 1.509618000e-02 
4.192342000e+00 4.216499000e+00 1.811384000e+00 
6.567203000e-02 5.827839000e+00 7.339776000e-02 
1.698857000e+00 5.715423000e+00 6.075844000e-01 
5.781305000e+00 3.600485000e+00 2.422610000e-02 
6.486589000e+00 1.764216000e-02 2.295929000e-01 
1.446293000e-01 5.512360000e+00 1.881259000e+00 
3.385782000e+00 9.241732000e-02 4.839408000e+00 
3.688017000e-02 5.864124000e-01 5.695988000e+00 
7.261072000e+00 2.197524000e-02 4.194931000e-02 
4.753348000e-02 4.769097000e+00 3.164045000e+00 
4.996644000e+00 4.374920000e-02 4.125131000e+00 
3.175005000e+00 4.003033000e+00 2.859231000e+00 
5.728558000e+00 2.479748000e-01 7.163899000e-01 
7.356926000e+00 2.316883000e-01 2.908734000e-02 
2.358460000e-01 6.646301000e-03 7.406411000e+00 
3.662453000e+00 4.532523000e+00 1.404768000e-01 
2.229572000e-02 8.068028000e+00 7.847161000e-01 
6.926271000e+00 9.723869000e-02 8.898035000e-02 
5.264326000e+00 3.484263000e+00 1.164048000e+00 
5.450865000e+00 6.934224000e-01 2.026218000e+00 
4.927897000e+00 9.865552000e-02 3.732293000e+00 
2.899736000e+00 3.668644000e+00 3.144275000e+00 
1.963907000e+00 3.277189000e+00 4.668172000e+00 
9.564625000e-03 1.187045000e-01 6.182039000e+00 
1.084774000e+00 5.355776000e+00 3.041837000e+00 
2.831193000e+00 4.406057000e+00 3.164680000e+00 
1.377314000e-02 5.989841000e+00 1.950228000e+00 
6.949459000e+00 1.624416000e+00 7.090080000e-03 
4.714498000e+00 7.380143000e-02 4.542814000e+00 
3.740715000e-01 7.509058000e+00 2.293725000e-04 
3.761637000e-02 3.614979000e+00 4.886444000e+00 
2.763233000e-03 7.712508000e+00 2.415907000e+00 
4.604839000e+00 1.164395000e-01 4.088858000e+00 
6.053257000e-03 2.715435000e-04 7.494658000e+00 
3.437807000e-02 2.436593000e+00 5.007180000e+00 
3.453238000e+00 5.689570000e-01 4.718127000e+00 
9.887732000e-03 6.981978000e+00 9.936040000e-01 
6.563186000e+00 1.365639000e-01 1.043126000e-01 
3.236367000e+00 8.859056000e-01 4.906054000e+00 
5.596127000e-03 5.289817000e+00 3.339769000e+00 
6.851427000e+00 9.440644000e-01 2.585948000e-02 
1.999318000e-01 6.776410000e+00 2.365983000e-02 
2.969176000e+00 2.406720000e+00 4.795993000e+00 
7.036421000e+00 1.219541000e+00 9.974190000e-03 
6.571680000e+00 5.836623000e-01 1.021812000e-01 
1.876265000e-02 4.914695000e+00 6.044773000e+00 
2.974527000e+00 5.779994000e+00 4.870018000e-01 
5.276290000e-03 3.545022000e-01 6.151806000e+00 
4.308712000e+00 2.354779000e-02 6.208519000e+00 
1.257836000e-01 7.637324000e+00 4.068838000e-03 
6.220609000e-01 6.141777000e+00 7.050406000e-02 
3.809259000e+00 5.011984000e+00 7.802389000e-03 
3.579534000e-02 6.948861000e+00 4.586940000e-01 
5.692821000e+00 3.063356000e+00 3.472651000e-01 
2.483230000e-02 2.683591000e+00 5.228707000e+00 
1.244012000e-01 4.172421000e+00 4.860577000e+00 
2.523609000e+00 4.886948000e+00 5.893531000e-01 
3.581483000e+00 4.851169000e+00 2.676539000e-01 
3.417933000e+00 3.529810000e-01 4.837573000e+00 
5.727436000e+00 6.063105000e-01 1.815846000e+00 
9.933726000e-02 2.263592000e-01 5.235581000e+00 
5.855198000e+00 1.131995000e-01 1.806248000e-01 
3.181071000e+00 2.626982000e+00 4.260676000e+00 
3.292888000e+00 4.804463000e+00 5.406717000e-01 
2.555770000e-01 3.394047000e+00 4.609603000e+00 
6.289882000e+00 1.380065000e-01 1.271323000e-01 
1.109372000e-01 4.559807000e+00 3.127251000e+00 

9.559888000e+00 1.634357000e+00 1.619164000e-03 
5.514516000e+00 9.381177000e-03 5.571883000e+00 
1.200130000e-02 1.304240000e-01 9.535134000e+00 
1.125770000e-01 7.410453000e+00 7.290544000e-02 
4.543424000e+00 1.028450000e-02 4.921302000e+00 
1.279089000e-01 6.650523000e+00 7.564829000e-02 
5.631571000e-02 3.127910000e+00 5.125429000e+00 
5.431875000e+00 4.955168000e-02 5.128877000e-01 
1.951531000e+00 6.480991000e-01 5.125753000e+00 
6.797414000e+00 2.267174000e-02 5.058163000e-01 
8.737342000e-02 7.565152000e+00 8.246183000e-02 
8.080104000e-01 1.466256000e+00 5.263173000e+00 
3.791809000e+00 4.549971000e+00 2.641850000e+00 
9.139778000e-02 8.864395000e+00 7.380980000e-02 
2.029210000e-01 1.865362000e-01 6.539412000e+00 
1.235671000e-01 3.366342000e-01 6.281262000e+00 
1.763351000e-01 7.079112000e+00 9.975047000e-03 
3.717513000e+00 4.829272000e+00 8.667511000e-01 
1.891225000e-01 2.909129000e+00 4.706660000e+00 
2.650812000e-01 7.076162000e+00 6.557392000e-02 
3.091986000e-01 8.058721000e-01 6.058269000e+00 
4.703096000e+00 9.769390000e-03 4.791330000e+00 
4.062079000e+00 1.301660000e-01 3.546796000e+00 
1.020962000e-02 5.938413000e+00 6.985969000e-01 
3.738968000e-03 4.953272000e-01 7.560678000e+00 
2.179997000e+00 5.139757000e+00 3.012933000e+00 
1.808738000e-03 6.032433000e+00 2.075215000e-01 
3.247208000e+00 8.217355000e-01 4.241923000e+00 
2.633772000e+00 2.396141000e+00 4.786918000e+00 
1.078061000e-01 3.881095000e+00 4.619689000e+00 
1.399914000e-03 3.206279000e+00 4.981924000e+00 
2.586593000e+00 6.251007000e-02 5.553319000e+00 
5.686185000e+00 1.389233000e+00 3.120763000e-02 
6.924282000e+00 4.942627000e-02 1.590851000e-01 
7.104772000e-01 4.454522000e-02 6.096901000e+00 
5.150145000e-03 8.787279000e-01 7.149772000e+00 
6.982180000e-02 3.076979000e+00 4.982538000e+00 
3.795480000e+00 4.568282000e+00 2.556692000e+00 
3.455746000e+00 5.994995000e+00 1.465125000e-02 
9.895215000e-02 5.351329000e+00 2.870980000e+00 
6.401995000e-01 1.914113000e-01 6.248111000e+00 
4.257667000e-02 8.817380000e-01 6.197573000e+00 
3.806517000e-01 9.933720000e-01 5.349213000e+00 
2.488990000e+00 6.115340000e+00 6.851692000e-02 
3.622619000e-01 6.995908000e+00 1.951897000e-02 
4.647662000e-01 6.538525000e+00 3.015712000e-02 
5.263039000e-03 1.423216000e-01 7.598222000e+00 
5.217579000e+00 4.531584000e-01 3.404408000e-02 
6.533553000e+00 8.121487000e-02 4.934829000e-02 
2.953069000e+00 5.106502000e+00 1.673257000e-02 
5.216694000e+00 2.176841000e-01 5.302535000e-01 
6.148143000e+00 6.502264000e-02 4.030227000e-01 
1.171430000e-01 1.130373000e+00 5.951296000e+00 
1.726077000e+00 3.067947000e-01 5.397758000e+00 
1.105532000e-01 3.848641000e+00 4.864489000e+00 
1.964990000e+00 5.273653000e+00 2.588869000e-01 
1.964128000e-02 5.103727000e+00 4.224036000e+00 
2.821409000e-01 2.893885000e+00 3.829316000e+00 
3.499799000e+00 1.982416000e+00 3.389658000e+00 
3.363464000e-01 5.520498000e+00 8.083727000e-02 
3.930939000e+00 3.128478000e+00 1.800925000e+00 
7.861098000e-01 4.074302000e+00 3.532244000e+00 
6.839955000e+00 2.316644000e-01 4.309297000e-02 
1.574775000e-01 7.595089000e+00 5.467950000e-04 
1.936149000e-01 5.780014000e+00 6.625360000e-01 
8.136472000e+00 3.953697000e-01 2.229251000e-02 
7.292153000e+00 6.522459000e-02 7.112750000e-02 
1.679051000e-01 6.487537000e+00 8.619985000e-02 
1.676008000e-03 6.127741000e+00 1.067854000e-01 
6.508212000e+00 1.837977000e-01 3.055563000e-01 
3.620202000e+00 9.035699000e-02 4.624319000e+00 
2.668475000e-02 3.077713000e+00 5.133375000e+00 
7.053470000e-02 4.242660000e+00 4.241987000e+00 
6.043360000e+00 4.304137000e+00 1.719234000e-03 
6.984790000e-02 4.518047000e+00 4.729556000e+00 
7.460911000e-01 3.654856000e-02 5.919130000e+00 
5.988347000e+00 1.662400000e-01 3.093718000e-01 
6.120533000e-01 1.918889000e-01 5.495084000e+00 
3.797081000e-02 3.747535000e-02 6.802018000e+00 
5.023033000e-02 5.680055000e+00 1.931150000e+00 
3.764533000e+00 4.730259000e+00 2.521053000e+00 
1.326480000e-02 3.790092000e-04 6.963523000e+00 
2.411563000e-01 5.627305000e+00 5.371506000e-01 
6.406047000e+00 2.096812000e-01 6.686473000e-02 
1.942112000e-02 5.282844000e+00 4.194019000e+00 
6.516001000e+00 1.026708000e-01 6.747584000e-02 
8.132766000e-01 8.442629000e-03 5.735207000e+00 
3.059357000e+00 1.857027000e+00 3.974112000e+00 
7.272331000e-01 1.794807000e-01 5.750624000e+00 
3.865414000e+00 4.422255000e+00 7.683750000e-02 
2.748284000e+00 1.264084000e-01 4.296059000e+00 
4.499990000e+00 3.050390000e+00 2.485998000e-01 
7.038171000e+00 2.157698000e-03 7.846820000e-02 
2.335957000e-01 5.307790000e+00 3.750340000e+00 
4.839411000e+00 3.722594000e+00 1.159902000e-01 
1.810009000e-01 1.856018000e+00 5.656445000e+00 
2.213371000e+00 4.923803000e+00 3.201777000e-01 
2.442291000e-01 2.668678000e+00 3.987767000e+00 
1.913978000e-01 1.237839000e-02 6.953281000e+00 
1.076654000e-02 5.804233000e+00 6.757359000e-01 

2.798176000e-02 6.697951000e-01 6.137951000e+00 
5.872389000e+00 7.322349000e-02 2.590824000e+00 
3.391986000e+00 5.323577000e+00 4.136579000e-01 
4.652690000e+00 4.566770000e+00 2.929783000e-01 
5.340827000e-01 2.464341000e+00 5.057739000e+00 
3.651757000e+00 5.507457000e+00 3.140779000e-01 
4.547314000e-01 6.379014000e+00 7.570649000e-02 
4.913258000e+00 4.681050000e+00 1.410627000e-01 
3.794200000e+00 5.255197000e+00 3.429234000e-01 
4.943416000e+00 4.194649000e+00 2.917787000e-01 
5.801614000e+00 1.728553000e+00 3.372519000e-01 
3.050318000e+00 4.610134000e+00 3.066438000e+00 
3.747464000e+00 1.076815000e+00 4.807887000e+00 
6.728894000e-05 7.068979000e-06 9.406206000e+00 
4.670560000e+00 1.306084000e-02 5.895539000e+00 
1.106461000e-02 3.580237000e+00 3.964146000e+00 
3.737239000e+00 6.121692000e+00 1.037380000e-01 
4.227503000e+00 5.756216000e+00 6.590146000e-02 
1.487522000e-01 6.675042000e+00 2.305448000e+00 
2.501498000e-03 4.888858000e+00 5.085201000e+00 
3.952276000e-02 6.315044000e+00 3.324526000e+00 
2.976920000e-01 6.189528000e+00 6.759307000e-01 
1.873180000e-01 6.101021000e+00 2.706243000e+00 
6.551575000e+00 3.160438000e-01 1.814910000e-01 
4.097835000e+00 3.817821000e+00 2.520252000e+00 
3.413341000e+00 4.996484000e+00 5.035128000e-01 
1.440385000e-01 7.654980000e+00 2.086852000e-01 
2.155612000e+00 5.475003000e+00 7.236774000e-01 
5.151365000e-01 6.040171000e+00 2.283617000e-01 
3.894328000e-02 8.967666000e+00 8.713968000e-01 
1.511271000e-02 6.781643000e+00 1.389665000e+00 
3.679620000e+00 5.393991000e+00 2.855304000e-01 
2.982685000e-01 2.526418000e+00 5.035707000e+00 
2.976920000e-01 6.189528000e+00 6.759307000e-01 
6.430604000e+00 2.705184000e+00 1.969918000e-01 
3.960992000e+00 5.324711000e+00 3.103632000e-01 
5.523545000e+00 8.192722000e-03 5.616767000e+00 
5.265746000e+00 2.644678000e-01 5.751066000e-01 
1.125398000e+00 5.518175000e+00 2.591754000e+00 
4.690910000e+00 3.881163000e-01 3.040841000e+00 
7.168456000e+00 1.833896000e+00 2.546992000e-02 
1.965423000e-03 5.034574000e+00 5.639318000e+00 
4.874203000e+00 5.908941000e-01 2.731729000e+00 
3.385106000e+00 2.665029000e+00 4.582931000e+00 
7.070700000e+00 4.418165000e-01 1.513276000e-01 
3.173935000e+00 5.432290000e+00 3.982632000e-01 
6.064640000e+00 5.660582000e+00 9.111395000e-02 
3.079696000e+00 3.418085000e+00 4.758998000e+00 
1.259001000e-03 1.251684000e-02 6.689770000e+00 
2.976920000e-01 6.189528000e+00 6.759307000e-01 
3.865589000e-01 9.353471000e-03 6.533697000e+00 
3.071684000e+00 4.634935000e+00 2.951763000e+00 
2.394893000e+00 1.842978000e+00 5.387342000e+00 
3.647393000e+00 4.435255000e+00 4.641121000e-01 
5.710293000e+00 1.825552000e-01 3.366595000e+00 
6.542164000e+00 4.126584000e-02 5.329168000e-01 
1.512655000e-02 6.598679000e+00 3.560842000e+00 
3.354224000e+00 5.206069000e+00 6.904534000e-01 
4.654561000e+00 1.213914000e-01 4.972804000e+00 
7.007682000e-01 5.547329000e+00 1.854165000e-01 
3.552946000e+00 6.114968000e-02 5.013128000e+00 
6.356715000e+00 1.894017000e+00 2.136803000e-01 
2.975575000e+00 1.195717000e+00 5.409782000e+00 
7.297578000e+00 1.653497000e-02 3.670589000e-01 
1.632248000e-01 7.152860000e+00 3.274504000e-01 
4.284970000e+00 3.383175000e+00 2.508397000e+00 
4.187915000e+00 3.022590000e-02 6.164373000e+00 
3.193411000e-01 6.206517000e+00 2.687918000e-01 
3.723833000e+00 5.457192000e+00 1.212023000e-01 
6.927718000e+00 1.802338000e-02 3.543612000e-01 
6.479592000e+00 3.589495000e-02 6.550999000e-01 
4.109503000e+00 6.673231000e+00 1.789256000e-02 
4.136631000e+00 2.575475000e-01 3.778861000e+00 
6.057814000e+00 5.513710000e-02 2.287086000e-01 
6.028746000e+00 3.970806000e+00 3.104598000e-01 
8.158260000e-02 5.512629000e+00 2.885735000e+00 
6.590316000e-01 3.047913000e-02 5.427466000e+00 
3.751741000e-01 4.636413000e+00 2.984521000e+00 
3.443951000e+00 4.893822000e+00 8.639757000e-01 
2.877917000e-01 5.584347000e+00 8.230215000e-01 
6.954425000e-04 3.040807000e+00 6.187771000e+00 
2.847054000e+00 4.477953000e+00 3.069344000e+00 
6.885875000e+00 2.129410000e+00 9.003283000e-02 
4.405630000e-05 4.348140000e-04 6.880289000e+00 
4.093490000e-01 6.002403000e+00 2.648603000e-01 
2.855331000e-03 4.927019000e+00 4.435984000e+00 
5.617065000e+00 3.816612000e+00 3.183721000e-01 
3.003208000e-01 5.813131000e+00 2.755673000e-01 
4.030294000e-01 8.058904000e+00 2.085364000e-01 
4.931897000e+00 2.736774000e-01 1.806419000e+00 
5.715374000e-01 1.645332000e-01 6.382226000e+00 
8.833540000e-01 2.243125000e+00 4.942791000e+00 
1.206823000e+00 5.203536000e+00 2.354442000e+00 
2.836669000e-01 5.528556000e+00 2.344241000e+00 
2.348970000e-01 3.440762000e+00 3.748315000e+00 
3.208217000e+00 4.706307000e+00 1.050930000e+00 
5.083226000e+00 3.753764000e+00 8.296844000e-01 

