4.237016000e+00 1.068727000e+00 7.687917000e-04 
6.111618000e+00 8.736856000e-03 5.188545000e-02 
8.784723000e-02 3.862575000e+00 1.225928000e-02 
1.865528000e+00 3.822051000e-01 2.064453000e+00 
1.620397000e-01 4.039756000e+00 9.594376000e-03 
2.243557000e+00 2.692287000e+00 1.538762000e-01 
2.222058000e+00 1.758806000e+00 1.694393000e-01 
9.049393000e-02 1.290805000e+00 2.434854000e+00 
2.572464000e+00 2.631025000e-03 3.201699000e+00 
2.707203000e+00 7.943520000e-02 1.182660000e-01 
1.984562000e+00 2.233463000e+00 1.782814000e-01 
4.692851000e+00 3.957313000e-02 1.698895000e-02 
1.485272000e-02 1.456137000e-02 4.927089000e+00 
3.350501000e+00 1.464414000e-01 3.412217000e-02 
4.249685000e+00 1.231292000e-02 3.323610000e-02 
1.094734000e-03 5.051736000e-02 4.186590000e+00 
1.827127000e+00 2.679109000e-01 2.326754000e+00 
2.256661000e+00 1.960629000e+00 6.994589000e-03 
7.303083000e-03 2.706835000e+00 2.149014000e+00 
3.827920000e+00 1.077188000e-02 3.818366000e-01 
8.626308000e-04 3.540698000e-01 3.249177000e+00 
1.422203000e-02 3.502019000e+00 3.560016000e-02 
6.691511000e+00 5.921347000e-03 1.166074000e-01 
2.635686000e+00 5.900488000e-01 1.256136000e-01 
2.487653000e+00 1.851492000e-02 2.061911000e+00 
3.356068000e+00 6.384539000e-02 5.152746000e-02 
5.881397000e+00 5.104998000e-03 1.265972000e-01 
1.419448000e-02 2.293315000e+00 2.302872000e+00 
2.871213000e+00 2.252309000e+00 3.328117000e-03 
5.949417000e-01 3.118592000e+00 1.331983000e-01 
3.069258000e+00 5.380327000e-01 5.121052000e-02 
4.149255000e+00 7.576763000e-03 5.393103000e-01 
2.531704000e+00 5.828956000e-01 7.428466000e-01 
5.253945000e+00 3.367161000e-01 8.357507000e-04 
6.779551000e-04 3.313048000e-02 5.120948000e+00 
1.846260000e-01 3.460256000e+00 1.787676000e-02 
1.326424000e+00 1.087712000e+00 2.386035000e+00 
9.835792000e-02 4.874207000e-04 3.364255000e+00 
3.266663000e+00 1.966490000e+00 3.708297000e-03 
1.609589000e+00 2.125844000e+00 1.968832000e+00 
2.929830000e-04 6.700734000e-03 6.461768000e+00 
3.668163000e-01 2.992632000e+00 1.261375000e+00 
2.156755000e+00 2.465444000e-02 2.511185000e+00 
1.038796000e-01 4.942421000e+00 4.928849000e-06 
4.513769000e-01 2.791303000e+00 1.018766000e+00 
2.403384000e+00 1.933085000e+00 7.096772000e-02 
3.703568000e+00 1.113963000e-02 2.323199000e-01 
2.980601000e+00 1.814470000e+00 3.385518000e-02 
3.440289000e+00 1.127001000e-01 2.908069000e-03 
2.255708000e-04 1.893037000e-01 4.137804000e+00 
6.053257000e-03 2.715435000e-04 7.494658000e+00 
2.400465000e-01 3.225200000e+00 1.688837000e-02 
4.042068000e-02 2.480093000e+00 2.002576000e+00 
1.347746000e-02 4.036850000e+00 3.978697000e-01 
2.148456000e-03 4.756885000e+00 8.498217000e-02 
8.951132000e-01 1.968075000e+00 2.132532000e+00 
2.102416000e-02 2.290622000e+00 2.123177000e+00 
1.394965000e-01 3.215900000e+00 5.355948000e-02 
1.443046000e+00 1.333362000e+00 2.253783000e+00 
1.124171000e+00 2.752787000e+00 9.918217000e-01 
1.256017000e-01 4.510314000e+00 6.052033000e-04 
2.763121000e-01 3.082446000e+00 1.845080000e-01 
5.442694000e-02 3.110359000e+00 9.595767000e-01 
8.168037000e-03 6.114816000e+00 5.116005000e-02 
1.582533000e-01 2.324909000e+00 1.879636000e+00 
3.037893000e-02 2.547891000e+00 2.112941000e+00 
1.215657000e+00 2.516694000e+00 1.936077000e-01 
1.273521000e-01 2.007802000e+00 2.381911000e+00 
4.085708000e+00 3.697111000e-02 4.028733000e-02 
1.927881000e+00 3.064360000e-01 2.273628000e+00 
2.483553000e+00 4.249388000e-03 2.966177000e+00 
2.698950000e-01 3.043550000e+00 8.916787000e-01 
5.111549000e+00 4.437047000e-03 2.552760000e-01 
3.604252000e+00 1.901653000e-02 7.932898000e-02 
1.468828000e-01 3.361350000e+00 3.882607000e-02 
4.340624000e+00 4.051451000e-03 4.536814000e-01 
3.753767000e+00 7.869756000e-02 4.353415000e-02 
3.659685000e+00 2.135254000e+00 8.304575000e-04 
3.133288000e+00 9.136776000e-02 3.611127000e-02 
2.561505000e-01 3.124099000e+00 9.210715000e-01 
2.136850000e+00 2.587108000e+00 1.591811000e-01 
3.944476000e-01 1.173449000e-02 2.930191000e+00 
4.045354000e+00 3.785746000e-02 5.579583000e-02 
4.546561000e-02 3.207897000e+00 7.910034000e-02 
2.686936000e+00 1.496011000e-02 2.375276000e+00 
2.627467000e+00 1.272508000e-02 2.463781000e+00 
2.455140000e-02 3.235100000e+00 8.420862000e-02 
4.158299000e-01 2.840729000e+00 2.459347000e-01 
2.579490000e-03 2.622931000e-01 3.957865000e+00 
1.496907000e+00 1.644117000e+00 1.972377000e+00 
2.146211000e+00 6.252404000e-02 1.796562000e+00 
2.457849000e+00 5.812065000e-02 2.307579000e+00 
7.276510000e-02 3.659865000e+00 2.543143000e-02 
5.289593000e-02 6.135831000e+00 2.355093000e-03 
7.886406000e-02 2.437515000e+00 1.982847000e+00 
5.085898000e-02 8.813024000e-04 6.132412000e+00 
6.350838000e-01 2.316037000e+00 2.084697000e+00 
1.952364000e-01 1.736660000e-01 2.539973000e+00 
5.323714000e+00 9.740572000e-03 1.482875000e-01 
9.002281000e-02 7.018883000e-02 2.943202000e+00 
2.938272000e+00 4.224215000e-02 6.099271000e-02 
9.861510000e-04 6.993836000e-02 4.888906000e+00 
5.178665000e+00 3.398445000e-02 3.304176000e-02 
2.472781000e-02 3.047114000e-01 2.475009000e+00 
2.330251000e-02 3.213212000e+00 9.884397000e-01 
2.761220000e+00 8.051340000e-02 5.353053000e-02 
3.598171000e+00 1.092871000e-02 3.744728000e-01 
1.774770000e-02 2.236751000e+00 2.605476000e+00 
2.745265000e+00 5.651628000e-02 1.823046000e-01 
3.030085000e+00 3.003037000e-02 1.042824000e-01 
2.052547000e+00 2.812422000e+00 1.440630000e-02 
2.698172000e+00 2.165456000e-01 2.364317000e-01 
6.552995000e-01 2.519523000e+00 1.850258000e+00 
4.653107000e-01 3.152105000e+00 7.403521000e-02 
5.185785000e-01 3.058144000e+00 1.829518000e-01 
2.330294000e-01 1.634701000e+00 2.183202000e+00 
5.120836000e-03 2.095068000e+00 2.861593000e+00 
1.330307000e-02 9.664546000e-02 2.903251000e+00 
2.934412000e+00 4.272487000e-02 1.321993000e-01 
2.373386000e+00 1.324622000e-02 2.846052000e+00 
4.706154000e-03 1.792281000e-01 3.769596000e+00 
7.263730000e-01 1.581766000e+00 2.185863000e+00 
1.904830000e+00 2.440317000e+00 1.826926000e+00 
3.086644000e+00 2.094191000e-02 1.382285000e-01 
5.292731000e-03 1.276856000e+00 2.686006000e+00 
3.333995000e+00 3.444729000e-01 1.637086000e-02 
4.507595000e+00 1.110547000e-02 1.683091000e-01 
4.632328000e-01 2.663426000e+00 1.082813000e+00 
9.795887000e-03 1.476095000e-02 3.500604000e+00 
1.078777000e-01 3.162074000e-03 3.226397000e+00 
2.727213000e+00 3.920675000e-03 8.098503000e-01 
1.445968000e+00 2.819476000e+00 7.081718000e-04 
6.695975000e-02 4.738592000e-03 3.390382000e+00 
4.336275000e-02 2.763767000e-01 2.702748000e+00 
1.991181000e+00 2.206130000e+00 1.765417000e-01 
4.161874000e-03 2.117256000e-01 3.484468000e+00 
2.971887000e-01 3.014815000e+00 1.905185000e-01 
1.317863000e+00 2.869218000e+00 1.606038000e-03 
2.412509000e-01 2.557273000e+00 1.828071000e+00 

4.456280000e-01 2.947893000e+00 2.187359000e-02 
1.655311000e+00 4.060665000e-02 2.566264000e+00 
2.260895000e-01 5.067178000e+00 5.246726000e-03 
1.602153000e+00 1.176827000e+00 2.020562000e+00 
1.554295000e+00 5.984586000e-02 2.501614000e+00 
2.276757000e+00 1.884216000e+00 1.171082000e-01 
1.486325000e+00 2.082137000e-01 2.275561000e+00 
2.988401000e+00 5.497317000e-04 3.399417000e+00 
1.212172000e-02 5.165299000e+00 9.188977000e-02 
3.113140000e-03 1.013154000e-04 6.991614000e+00 
5.128660000e-02 3.367164000e+00 6.647888000e-03 
2.476653000e+00 2.126722000e+00 5.415859000e-02 
2.413469000e+00 7.933745000e-01 1.516230000e-01 
4.742122000e-03 3.977869000e-02 2.958253000e+00 
8.519537000e-02 3.293369000e+00 9.535077000e-03 
2.981916000e+00 4.571519000e-03 2.971734000e-01 
7.906941000e-02 2.930248000e+00 1.196175000e-01 
1.185196000e-02 3.174135000e+00 1.818722000e-01 
1.588366000e-02 3.344044000e+00 6.529846000e-02 
1.822395000e+00 1.005731000e-02 2.709908000e+00 
1.766654000e+00 2.365705000e+00 1.930863000e-01 
6.917000000e-02 6.972517000e-03 2.806745000e+00 
5.615918000e-02 3.188640000e+00 1.223945000e-01 
2.678260000e+00 3.760881000e-01 9.442237000e-01 
2.276843000e-01 1.819120000e+00 1.995214000e+00 
2.234763000e-01 3.047893000e+00 9.480774000e-02 
1.808738000e-03 6.032433000e+00 2.075215000e-01 
1.979053000e+00 7.574348000e-03 2.166039000e+00 
2.256025000e+00 1.915442000e+00 1.078700000e+00 
3.220637000e-03 5.546060000e+00 8.871765000e-02 
3.040115000e-01 3.077338000e+00 1.419588000e-02 
2.755796000e+00 4.467249000e-01 1.581122000e-03 
5.770043000e+00 2.744917000e-03 6.506082000e-01 
2.599105000e+00 1.479355000e-01 2.000176000e+00 
2.714681000e-01 2.774131000e+00 8.249235000e-02 
1.353358000e-03 4.067520000e-02 3.185581000e+00 
1.728024000e+00 3.368794000e-01 2.142728000e+00 
5.549491000e+00 6.719219000e-03 5.092412000e-02 
9.349879000e-02 6.701014000e-04 2.951212000e+00 
2.836318000e-01 2.752709000e+00 9.259818000e-01 
6.569390000e-02 1.633102000e+00 2.575859000e+00 
1.171230000e+00 2.675303000e+00 5.004438000e-02 
3.786717000e-02 1.728921000e-03 3.359715000e+00 
6.327947000e-01 1.476493000e+00 2.554915000e+00 
1.098978000e+00 2.559207000e+00 1.520619000e+00 
2.769415000e+00 7.859402000e-02 1.070148000e+00 
2.450730000e+00 3.704248000e-03 2.902321000e+00 
2.534062000e+00 2.216070000e+00 3.237139000e-02 
1.823721000e+00 3.000571000e-01 1.512930000e+00 
1.017996000e-04 5.627434000e-02 4.926456000e+00 
2.430171000e+00 5.781551000e-01 1.452506000e+00 
7.670433000e-05 5.809128000e-02 6.517648000e+00 
9.660421000e-04 9.179667000e-04 5.645097000e+00 
5.814439000e+00 9.588318000e-03 4.303845000e-02 
6.150906000e-01 2.863574000e+00 7.417961000e-02 
2.069712000e-02 3.100425000e-03 3.203752000e+00 
2.991010000e+00 7.947494000e-02 1.499158000e-01 
2.117762000e+00 1.766440000e-02 2.151211000e+00 
3.397667000e-01 3.251315000e-02 2.641489000e+00 
1.323224000e+00 1.572775000e+00 2.220215000e+00 
1.565059000e-03 2.100030000e-02 3.812441000e+00 
3.422014000e-02 3.730111000e+00 2.711691000e-02 
1.794802000e-03 5.116925000e-02 3.074008000e+00 
1.574775000e-01 7.595089000e+00 5.467950000e-04 
2.589738000e+00 2.115377000e+00 3.184806000e-02 
2.570071000e+00 2.064609000e+00 5.527594000e-02 
3.077303000e-01 3.103354000e+00 1.225033000e-02 
3.370631000e+00 1.048217000e-01 6.700688000e-03 
1.676008000e-03 6.127741000e+00 1.067854000e-01 
2.571471000e+00 2.822330000e+00 1.292631000e-03 
2.162420000e+00 2.155834000e-01 1.813143000e+00 
1.356029000e+00 2.422028000e+00 1.104306000e-01 
3.711714000e-02 3.975773000e-05 3.556665000e+00 
2.022344000e-01 2.999084000e+00 1.156429000e-01 
1.488698000e-03 3.649573000e+00 4.039208000e-01 
4.510715000e-03 1.034004000e+00 2.848703000e+00 
1.689149000e+00 2.275037000e+00 1.966396000e-01 
8.111145000e-03 4.265976000e+00 2.261610000e-01 
1.157765000e+00 8.676216000e-01 2.301957000e+00 
3.328967000e-01 3.083643000e+00 1.080451000e-03 
3.075397000e+00 2.312757000e-01 1.020936000e-01 
1.326480000e-02 3.790092000e-04 6.963523000e+00 
1.448224000e+00 2.728601000e-01 2.402676000e+00 
2.583136000e-01 3.018139000e+00 8.511011000e-02 
3.102926000e+00 1.483317000e-02 3.423355000e-02 
3.582472000e+00 9.472196000e-03 6.082179000e-02 
6.329366000e-02 2.873732000e+00 2.536503000e-01 
1.111581000e-03 2.505467000e-02 3.307405000e+00 
2.961541000e-02 1.035724000e-03 4.655670000e+00 
1.766987000e+00 2.056295000e+00 6.429880000e-02 
3.508779000e+00 6.170262000e-03 2.729057000e-01 
6.973617000e-03 5.258292000e+00 6.359635000e-02 
7.038171000e+00 2.157698000e-03 7.846820000e-02 
3.693869000e-02 3.484340000e+00 6.428011000e-02 
2.297679000e-02 3.433019000e-01 2.817307000e+00 
2.720765000e+00 5.167388000e-01 7.429658000e-03 
2.764062000e+00 1.041177000e-01 1.734446000e-01 
3.580878000e+00 2.942597000e-03 9.815645000e-02 
2.026191000e+00 1.957842000e-02 2.050723000e+00 
2.368571000e+00 2.591414000e+00 5.626038000e-02 
1.706126000e-02 3.148249000e-03 3.598776000e+00 
2.382237000e-02 1.560093000e-01 2.920449000e+00 
2.226521000e-03 1.967495000e+00 2.722463000e+00 
1.600276000e-02 1.845262000e+00 2.008420000e+00 
2.880047000e+00 1.035302000e-01 2.781239000e-01 
9.094306000e-02 2.613319000e+00 1.301693000e+00 

7.927822000e-02 3.160068000e+00 1.858565000e-01 
1.734200000e-03 4.327260000e+00 1.105321000e+00 
9.334079000e-02 2.388291000e+00 1.649155000e+00 
4.325310000e+00 4.694410000e-02 3.449837000e-02 
7.566934000e-01 2.599357000e+00 1.408013000e+00 
4.870218000e-02 3.090229000e+00 1.930146000e-01 
1.871048000e+00 2.241605000e+00 1.546598000e+00 
2.134513000e+00 2.212007000e-01 2.591736000e+00 
2.857710000e-02 1.293640000e-01 2.604809000e+00 
3.996346000e+00 5.089868000e-03 1.515998000e-01 
4.189853000e-02 2.745454000e+00 1.479699000e+00 
2.566088000e-01 8.872718000e-03 3.288494000e+00 
2.097693000e+00 2.816935000e+00 9.546390000e-03 
6.728894000e-05 7.068979000e-06 9.406206000e+00 
9.565561000e-03 2.605709000e-01 2.882386000e+00 
1.181493000e-03 4.757125000e-02 4.237633000e+00 
9.646048000e-01 1.947861000e+00 2.512014000e+00 
2.939616000e+00 7.267901000e-03 9.561885000e-02 
8.690373000e-04 6.723563000e+00 1.404192000e+00 
1.745115000e+00 2.469872000e+00 8.676975000e-02 
2.248536000e+00 2.502976000e+00 6.764161000e-02 
2.789998000e+00 3.491117000e-02 1.448060000e+00 
1.211513000e-01 2.212595000e-02 2.886077000e+00 
4.405630000e-05 4.348140000e-04 6.880289000e+00 
2.592460000e+00 1.266379000e-01 1.519214000e+00 
1.368743000e+00 1.678413000e+00 2.503239000e+00 
5.476019000e-02 2.669170000e+00 1.346543000e+00 
2.826294000e+00 2.120760000e+00 5.844849000e-02 
7.534098000e-02 3.347391000e+00 1.584706000e-01 
1.382540000e-01 2.700345000e-03 4.609916000e+00 
1.663022000e+00 1.443070000e+00 2.003900000e+00 
1.687729000e-01 1.642900000e-02 3.252493000e+00 
2.653309000e+00 2.041651000e+00 8.597059000e-02 
2.740591000e+00 5.170405000e-04 2.860212000e+00 
2.176340000e+00 5.134274000e-01 1.820763000e+00 
3.713919000e+00 1.557168000e-01 4.159014000e-03 
8.108988000e-03 2.245145000e+00 2.145191000e+00 
3.028905000e-02 3.133968000e-03 4.359864000e+00 
4.499369000e+00 4.367279000e-02 2.357154000e-02 
4.200991000e-01 2.834342000e+00 7.814911000e-03 
2.938902000e+00 1.770786000e-02 4.968204000e-02 
5.198558000e+00 2.953683000e-03 2.314288000e-01 
2.186350000e+00 2.086223000e+00 1.388652000e+00 
1.213297000e-01 2.424968000e+00 1.414497000e+00 
9.910127000e-03 7.267896000e-04 5.347439000e+00 
6.817031000e-02 3.632440000e+00 7.246823000e-03 
2.356608000e+00 2.231826000e+00 6.278575000e-03 
1.922076000e-01 2.627202000e+00 1.768048000e-01 
1.259001000e-03 1.251684000e-02 6.689770000e+00 
3.537054000e-02 4.550946000e+00 2.700403000e-02 
1.529187000e+00 1.347325000e+00 2.381550000e+00 
2.428709000e+00 2.112789000e+00 1.991639000e-01 
2.582001000e+00 4.964053000e-02 2.574681000e+00 
4.254836000e-04 6.002702000e-02 4.320461000e+00 
2.085423000e+00 9.325074000e-01 2.094599000e+00 
2.522501000e+00 7.385741000e-02 2.884334000e+00 
1.949330000e+00 2.227152000e+00 1.764147000e-01 
3.685493000e+00 6.360931000e-01 1.481823000e-03 
1.929878000e+00 3.133960000e-01 2.368289000e+00 
6.421112000e-01 3.907040000e+00 5.658671000e-03 
1.175218000e-02 3.287053000e+00 3.722902000e-01 
5.125150000e+00 1.453113000e-01 1.721991000e-03 
4.046704000e+00 4.703816000e-03 1.770397000e-01 
1.341603000e-03 5.994762000e-03 3.576756000e+00 
7.015713000e-01 3.692152000e+00 1.943611000e-03 
3.831836000e+00 5.706684000e-01 1.492431000e-03 
2.329272000e+00 3.169786000e+00 4.582129000e-03 
2.600233000e-01 3.000143000e+00 6.682677000e-02 
2.759526000e+00 2.218181000e-01 3.530972000e-01 
2.167471000e+00 7.833972000e-02 1.972921000e+00 
4.513218000e-03 4.957178000e+00 9.272922000e-01 
4.722363000e-02 3.494012000e+00 1.565487000e-01 
2.200986000e+00 1.999132000e+00 1.389817000e+00 
2.429105000e-03 3.038817000e+00 1.668011000e+00 
1.162847000e-02 4.637433000e+00 8.727272000e-01 
1.466899000e-02 5.006701000e+00 2.732159000e-01 
2.595254000e-01 5.161715000e+00 6.235200000e-03 
3.215729000e-01 1.993356000e+00 2.453956000e+00 
5.164287000e-02 3.358838000e+00 1.903422000e-02 
2.633574000e+00 1.145288000e-02 2.295778000e+00 
2.206941000e-02 1.873012000e-03 5.014449000e+00 
2.043973000e+00 2.157444000e+00 1.735563000e-01 
3.373330000e+00 1.458618000e-01 6.438418000e-03 
1.611209000e+00 1.618217000e+00 2.211078000e+00 
1.356267000e-02 4.586353000e-02 2.944894000e+00 
2.996953000e+00 3.307621000e-01 1.722200000e-02 
1.741000000e+00 1.952396000e-03 4.199203000e+00 
4.143984000e-02 3.237338000e+00 2.357811000e-01 
1.130122000e-03 1.544340000e-01 4.175806000e+00 
1.354681000e-02 2.073437000e+00 1.941719000e+00 
4.221176000e-03 6.500610000e-02 3.323560000e+00 
1.745115000e+00 2.469872000e+00 8.676975000e-02 
5.759351000e-03 2.362008000e+00 2.172421000e+00 
2.771132000e+00 3.403594000e-03 1.925301000e+00 
1.851248000e+00 1.581991000e+00 1.567860000e+00 
2.203172000e+00 2.045457000e+00 2.302106000e-01 
1.053268000e-02 2.207278000e+00 2.067032000e+00 
2.244290000e-02 3.667878000e+00 3.077971000e-02 
7.161554000e-02 2.964133000e+00 2.808302000e-01 
4.657044000e-03 2.772140000e-01 3.270042000e+00 
5.894216000e-02 3.245286000e+00 1.778198000e-01 
2.418750000e+00 3.686484000e-01 1.458635000e+00 
1.272947000e-03 2.767348000e-01 3.335028000e+00 
3.907676000e-01 2.606970000e+00 1.645837000e-01 
1.786762000e-02 3.002597000e+00 2.854043000e-01 
2.697017000e+00 6.698879000e-03 2.411556000e+00 
2.924273000e+00 3.114639000e-01 9.161078000e-02 
3.064615000e+00 6.012052000e-02 1.161827000e-02 
1.725587000e+00 2.305623000e+00 2.359991000e-01 

