8.604826000e-01 9.144453000e-01 6.147939000e-01 
6.304287000e-02 1.253379000e+00 6.399324000e-01 
1.312578000e+00 8.382078000e-01 1.731628000e-02 
4.048695000e-01 4.736107000e-01 1.364210000e+00 
2.139267000e+00 4.859401000e-04 3.724379000e-02 
1.195557000e+00 7.200447000e-01 6.805886000e-02 
3.880953000e-03 1.783588000e+00 4.137617000e-01 
1.353591000e+00 9.981881000e-01 2.853038000e-04 
3.919394000e-01 7.788282000e-01 1.161369000e+00 
1.020768000e+00 1.030835000e+00 5.459383000e-03 
9.497740000e-03 1.453001000e+00 6.302360000e-01 
2.326522000e-02 1.323302000e+00 7.232949000e-01 
5.814390000e-02 1.067728000e+00 9.712231000e-01 
1.387437000e+00 8.051611000e-02 4.869398000e-01 
5.250703000e-03 1.722660000e+00 1.486355000e-02 
1.982382000e+00 5.387881000e-03 6.659107000e-03 
6.455234000e-01 1.299324000e+00 8.593786000e-02 
1.334094000e+00 4.070437000e-03 1.211999000e+00 
4.783501000e-03 1.223421000e+00 8.086747000e-01 
1.273146000e+00 9.639133000e-03 6.197918000e-01 
4.383787000e-04 1.134691000e+00 1.741063000e+00 
6.719076000e-01 1.730333000e+00 2.295185000e-04 
7.420074000e-01 1.255352000e+00 1.344229000e-03 
1.071818000e+00 7.442016000e-01 6.859626000e-01 
1.791408000e+00 2.781167000e-02 2.529789000e-03 
1.257043000e+00 5.910845000e-03 1.143615000e+00 
1.500240000e-02 2.470125000e+00 3.517924000e-03 
7.402931000e-04 2.162183000e+00 3.947870000e-02 
4.490740000e-01 2.885556000e-01 1.330357000e+00 
1.918881000e-02 2.011452000e-02 1.527717000e+00 
1.632693000e-03 1.891944000e-02 1.588271000e+00 
9.547118000e-03 1.462919000e+00 5.590917000e-01 
1.195185000e+00 7.820489000e-01 6.801867000e-02 
1.154008000e-04 1.848653000e+00 6.101887000e-02 
1.915011000e+00 9.036560000e-02 4.198176000e-04 
7.575765000e-03 8.641695000e-03 1.623708000e+00 
9.303332000e-01 2.459751000e-02 1.132087000e+00 
9.083106000e-01 1.071984000e+00 2.403593000e-02 
1.237172000e+00 3.539484000e-02 9.171564000e-01 
1.720445000e-01 7.697416000e-01 1.230239000e+00 
3.621706000e-04 8.567244000e-03 1.774076000e+00 
9.182507000e-01 1.162792000e+00 1.229927000e-03 
4.816552000e-05 3.908182000e-04 2.046646000e+00 
1.038796000e-01 4.942421000e+00 4.928849000e-06 
2.809558000e-03 1.284063000e+00 8.964884000e-01 
8.690010000e-02 1.064538000e+00 9.389724000e-01 
1.875099000e-04 1.538132000e-03 1.809666000e+00 
3.765883000e-02 1.393372000e+00 4.146531000e-01 
5.660750000e-02 1.493447000e+00 9.153525000e-03 
5.209372000e-02 1.396245000e+00 1.734961000e-02 
6.545804000e-01 1.196656000e+00 4.355364000e-02 
1.032247000e+00 1.111976000e+00 3.167246000e-03 
1.072425000e+00 6.488972000e-02 9.232714000e-01 
1.405753000e+00 5.921559000e-03 1.014786000e+00 
1.004154000e-03 1.606504000e-04 1.770605000e+00 
4.497927000e-03 1.197239000e+00 1.100767000e+00 
2.598023000e-03 9.710204000e-03 1.732821000e+00 
8.755192000e-01 1.099648000e+00 1.381159000e-01 
4.779135000e-03 1.108113000e-01 1.414087000e+00 
1.019062000e+00 2.141495000e-01 8.993333000e-01 
1.256017000e-01 4.510314000e+00 6.052033000e-04 
1.156176000e-02 1.409932000e+00 2.234516000e-02 
5.576856000e-02 8.033925000e-01 1.251505000e+00 
1.500870000e+00 5.854993000e-03 9.255940000e-01 
9.209401000e-03 7.721965000e-02 1.445658000e+00 
1.165868000e+00 1.401467000e-02 9.981620000e-01 
1.448961000e+00 2.521135000e-02 9.013657000e-03 
8.601791000e-06 4.096035000e-04 4.025180000e+00 
2.938358000e-02 1.677803000e+00 8.738504000e-03 
1.801591000e-03 6.520858000e-02 1.481574000e+00 
6.686651000e-01 1.096885000e+00 7.173147000e-01 
1.470607000e+00 1.217728000e-01 6.488389000e-03 
8.211100000e-01 8.061518000e-01 9.281665000e-01 
2.681138000e-03 1.839710000e+00 5.864320000e-02 
8.421105000e-01 4.138013000e-02 1.134017000e+00 
1.432751000e+00 8.918916000e-03 5.237711000e-01 
1.402373000e+00 3.834543000e-03 1.263866000e+00 
6.378500000e-01 2.223331000e-02 1.345213000e+00 
9.024231000e-01 1.074184000e+00 5.527913000e-01 
1.097840000e-02 1.553346000e+00 1.679117000e-02 
1.253893000e-02 2.937532000e+00 8.180541000e-03 
1.961936000e-03 4.172293000e-05 1.933539000e+00 
5.259789000e-01 5.393701000e-01 1.255770000e+00 
7.299917000e-01 8.396590000e-01 9.163582000e-01 
1.473403000e+00 1.775533000e-01 3.143045000e-03 
2.667588000e-02 1.891393000e+00 6.542484000e-04 
8.895450000e-01 1.116213000e+00 9.032909000e-02 
1.112077000e+00 6.443528000e-02 9.158775000e-01 
5.257208000e-05 2.974460000e-03 1.822581000e+00 
6.093880000e-01 1.035122000e+00 7.765019000e-01 
1.157799000e+00 2.101991000e-02 9.429375000e-01 
1.059609000e+00 2.925192000e-02 1.030114000e+00 
1.358094000e+00 3.325618000e-01 5.716337000e-03 
2.821513000e+00 1.836126000e-01 2.272096000e-04 
7.987612000e-03 1.157462000e+00 9.942502000e-01 
2.963096000e-01 5.118378000e-01 1.264595000e+00 
8.568181000e-03 1.512772000e+00 1.680570000e-02 
4.900671000e-02 8.165026000e-01 1.195582000e+00 
1.116332000e-02 1.219114000e+00 7.964435000e-01 
3.075337000e-01 1.356144000e+00 6.839312000e-02 
9.786199000e-01 1.167748000e+00 6.068697000e-04 
8.358228000e-01 8.041533000e-01 9.446660000e-01 
2.719214000e-02 1.318964000e+00 7.024450000e-01 
1.211805000e+00 3.299703000e-03 1.436036000e+00 
9.287877000e-02 1.038169000e+00 9.123242000e-01 
7.671109000e-03 1.109984000e+00 1.022603000e+00 
1.550189000e+00 3.796471000e-01 1.763803000e-03 
6.455439000e-01 1.175205000e+00 7.321904000e-01 
3.509411000e-02 1.081630000e+00 9.197380000e-01 
4.924063000e-02 7.252506000e-01 1.258949000e+00 
2.485462000e-02 1.912019000e+00 1.239584000e-02 
3.732956000e-01 5.075444000e-01 1.270405000e+00 
1.084258000e+00 4.442463000e-03 1.398254000e+00 
9.606589000e-01 9.012695000e-01 7.808357000e-01 
6.503379000e-01 8.141447000e-03 1.360081000e+00 
3.135414000e-02 8.668350000e-01 1.181508000e+00 
5.944259000e-01 1.857144000e+00 1.537108000e-04 
2.521259000e-02 1.796490000e+00 9.250514000e-03 
7.190359000e-01 1.082439000e+00 7.075691000e-01 
6.890948000e-01 4.408571000e-01 1.117133000e+00 
6.491355000e-01 1.298961000e+00 1.347708000e-02 
2.008652000e+00 8.904737000e-04 1.895086000e-01 
4.030552000e-02 1.267582000e+00 6.282037000e-01 
6.415198000e-01 8.517250000e-03 1.396534000e+00 
2.147816000e+00 1.215821000e-04 2.013046000e-02 
3.576216000e-03 1.810762000e+00 4.301897000e-01 
1.401775000e+00 8.501212000e-04 1.269759000e+00 
1.033013000e+00 1.030596000e+00 5.780799000e-03 
8.578708000e-02 6.234312000e-01 1.342781000e+00 
1.376943000e-03 1.843612000e+00 1.579793000e-01 
1.116410000e+00 2.230041000e-02 9.210800000e-01 
7.735174000e-01 7.327448000e-03 1.183517000e+00 
1.083016000e+00 6.917255000e-01 7.464492000e-01 
1.224903000e+00 5.196690000e-02 7.905018000e-01 
6.071521000e-01 6.708883000e-01 1.129535000e+00 
1.917344000e-02 7.344159000e-01 1.377822000e+00 
4.307123000e-03 3.593999000e-04 1.700982000e+00 
7.037860000e-03 8.325805000e-01 1.261734000e+00 
2.789669000e-01 9.245591000e-01 9.716631000e-01 
1.765866000e-02 2.047267000e-04 1.729022000e+00 
8.075666000e-01 8.719829000e-02 1.113780000e+00 
1.053778000e+00 8.277707000e-02 9.098169000e-01 
1.114296000e+00 1.007714000e+00 5.475543000e-03 
4.797116000e-01 6.273891000e-01 1.216400000e+00 
4.175399000e-03 1.629819000e+00 1.768285000e-02 
1.851134000e+00 2.823482000e-03 4.826604000e-02 
8.622323000e-01 1.169731000e+00 4.270978000e-01 
1.485176000e-01 1.703945000e+00 4.018534000e-03 
2.209939000e-02 1.097670000e+00 9.658607000e-01 
6.950433000e-01 1.260071000e+00 2.501091000e-03 
9.093077000e-05 1.221078000e+00 9.445833000e-01 
1.787280000e+00 7.227026000e-02 1.922450000e-03 
8.512955000e-01 6.990322000e-01 9.799998000e-01 
8.313591000e-02 1.431388000e+00 6.266590000e-03 
1.987240000e+00 2.846005000e-02 5.018319000e-04 
2.714502000e-02 1.697734000e+00 1.224249000e-02 
1.024481000e+00 8.775216000e-01 7.693854000e-01 
7.680862000e-02 1.553537000e+00 4.315179000e-03 
2.151553000e-02 8.204856000e-01 1.327703000e+00 
8.199681000e-02 1.413587000e+00 1.685977000e-02 
3.920290000e-01 3.698124000e-01 1.378395000e+00 
1.642943000e+00 1.354849000e-02 7.733620000e-03 
4.358867000e-01 4.772131000e-01 1.326502000e+00 
7.752628000e-03 8.214345000e-01 1.291667000e+00 
1.387180000e+00 2.511245000e-01 2.080356000e-02 
8.348659000e-01 4.903449000e-02 1.098328000e+00 
1.166163000e+00 1.348083000e-02 9.697660000e-01 
4.024426000e-03 1.823200000e+00 2.909652000e-02 
6.598879000e-01 7.438946000e-01 1.003863000e+00 
5.556598000e-03 1.612076000e+00 1.537309000e-01 
1.642083000e-01 8.502430000e-01 1.189564000e+00 
7.954622000e-01 9.858568000e-01 6.213896000e-01 
1.090199000e+00 9.928219000e-01 5.697382000e-03 
8.903835000e-01 3.915106000e-02 1.084320000e+00 
4.283059000e-01 4.388839000e-01 1.333108000e+00 
1.098764000e+00 1.472968000e-02 9.985075000e-01 
2.768453000e-03 1.200025000e+00 1.099037000e+00 
6.471462000e-04 1.886864000e-02 1.638750000e+00 
4.367816000e-02 7.425774000e-01 1.267131000e+00 
1.264768000e+00 8.782052000e-01 2.137747000e-02 
1.149463000e+00 9.643278000e-01 1.697676000e-01 
3.170429000e-03 1.934837000e-03 1.663298000e+00 
2.963310000e-01 4.932437000e-01 1.290992000e+00 
6.418700000e-02 1.060049000e+00 9.703623000e-01 
6.199321000e-01 1.291515000e+00 1.004522000e-01 
2.359792000e-01 3.287419000e-02 1.440909000e+00 
6.678976000e-01 7.894314000e-01 9.841155000e-01 
6.568124000e-01 1.085889000e+00 7.478676000e-01 
8.136936000e-02 9.071608000e-01 1.144567000e+00 
3.442004000e-03 3.720561000e-02 1.456151000e+00 
3.007762000e-02 1.559021000e+00 6.378799000e-03 
5.338969000e-01 1.029536000e+00 8.976025000e-01 
1.269799000e+00 8.072421000e-01 1.745018000e-02 
8.561087000e-01 7.775515000e-01 9.065946000e-01 
1.888130000e-03 4.093327000e-02 1.587028000e+00 
8.239291000e-01 9.711781000e-01 6.819085000e-01 
6.489166000e-03 5.172600000e-01 1.378186000e+00 
6.672685000e-01 1.196633000e+00 2.465786000e-02 
6.327864000e-01 2.211110000e-02 1.355885000e+00 
2.111404000e-03 8.582410000e-01 1.200900000e+00 
9.603601000e-03 1.087105000e+00 9.988126000e-01 
2.742660000e-01 8.350920000e-01 1.090918000e+00 
4.866102000e-04 9.293747000e-01 1.158833000e+00 
1.508898000e-01 7.718240000e-01 1.226540000e+00 
6.454492000e-01 7.862536000e-03 1.381877000e+00 
8.006905000e-01 7.765648000e-01 9.667674000e-01 
3.140835000e-02 1.279387000e+00 6.384854000e-01 
1.417269000e+00 8.895313000e-03 5.473720000e-01 
2.599809000e-03 4.505215000e-03 1.653102000e+00 
6.606380000e-01 8.070184000e-03 1.374547000e+00 
9.509429000e-01 1.379325000e-02 1.175228000e+00 
5.250374000e-01 5.900140000e-01 1.239238000e+00 
1.084110000e+00 6.535301000e-01 6.641650000e-01 
9.562822000e-01 1.019043000e+00 4.875023000e-01 
1.172512000e+00 1.988900000e-02 9.687053000e-01 
1.384418000e+00 2.416363000e-01 8.381848000e-02 
1.407109000e+00 2.823466000e-02 4.956370000e-01 
4.148985000e-01 4.871930000e-01 1.323955000e+00 
2.059521000e-01 1.053861000e+00 8.914688000e-01 
1.309254000e+00 8.001312000e-01 1.961166000e-02 
8.053703000e-04 1.533560000e-01 1.480195000e+00 
4.935886000e-01 2.352515000e-02 1.294033000e+00 
7.489412000e-01 9.632659000e-01 8.069798000e-01 
7.527501000e-01 7.362178000e-02 1.247442000e+00 
8.699972000e-01 1.131759000e+00 4.621919000e-01 
1.295213000e-02 1.511648000e+00 1.649560000e-02 
8.629267000e-01 9.062320000e-01 7.022695000e-01 
1.316318000e-01 1.349195000e+00 5.242307000e-01 
1.186064000e+00 4.357493000e-02 9.152556000e-01 
1.537416000e+00 1.787205000e-02 6.300281000e-03 
1.412399000e+00 1.881471000e-01 2.261884000e-02 
9.213740000e-01 1.592142000e-02 1.144699000e+00 
2.455912000e-02 2.961504000e-02 1.494169000e+00 
8.311160000e-01 7.908391000e-01 9.569390000e-01 
2.915905000e-01 1.384232000e+00 1.486406000e-02 
1.888865000e-02 1.187268000e+00 9.084642000e-01 
5.839940000e-01 7.161716000e-01 1.150737000e+00 
1.514252000e+00 6.908357000e-02 4.933144000e-03 
8.226375000e-02 8.799447000e-01 1.109334000e+00 
6.698887000e-01 1.107693000e-01 1.237508000e+00 
6.682679000e-01 8.434576000e-01 8.790530000e-01 
6.619931000e-01 1.098528000e+00 7.346041000e-01 
4.590455000e-02 1.388158000e+00 5.090395000e-01 
5.275151000e-02 1.101953000e+00 9.096026000e-01 
7.439549000e-02 9.305000000e-01 1.071891000e+00 
5.629563000e-01 5.339715000e-01 1.178719000e+00 
1.415160000e+00 1.476615000e-02 1.328364000e-02 
1.025072000e+00 9.656535000e-01 1.080471000e-01 
6.685853000e-01 1.235564000e+00 1.456346000e-02 
1.182469000e-01 1.235755000e+00 6.070130000e-01 
8.209483000e-01 4.742949000e-02 1.136872000e+00 
1.392226000e+00 5.158576000e-02 8.787971000e-02 
7.994451000e-01 8.288228000e-01 9.471519000e-01 
7.257759000e-01 1.228760000e-01 1.234953000e+00 
8.837816000e-01 1.132952000e+00 1.840276000e-03 
3.162079000e-02 1.288250000e+00 5.962313000e-01 
7.572839000e-01 1.030494000e+00 6.285134000e-01 
1.461656000e+00 1.209109000e-02 2.554901000e-02 
7.859403000e-01 9.761442000e-01 6.438651000e-01 
3.986869000e-01 8.694711000e-01 1.082022000e+00 
2.085134000e-02 1.396111000e+00 9.812472000e-02 
2.071039000e-02 3.506046000e-02 1.490728000e+00 
4.748907000e-02 6.262518000e-01 1.312271000e+00 
6.398475000e-01 7.479373000e-01 9.952354000e-01 
2.564262000e-02 2.268340000e-04 1.442476000e+00 
2.773826000e-01 8.343919000e-01 1.092110000e+00 
1.032680000e+00 3.796582000e-02 1.016240000e+00 
1.206628000e+00 7.517207000e-01 2.373362000e-02 
7.014821000e-01 4.398108000e-01 1.147120000e+00 
1.358794000e+00 2.108948000e-01 4.754065000e-01 
8.421349000e-01 9.288390000e-01 8.220582000e-01 
1.272013000e+00 1.308009000e-02 6.172262000e-01 
5.470247000e-02 5.896774000e-01 1.349988000e+00 
1.602846000e+00 2.868520000e-02 2.294705000e-03 
8.754658000e-01 1.133248000e+00 1.329410000e-01 
7.298705000e-01 4.352546000e-01 1.191029000e+00 
4.531118000e-02 1.150713000e+00 8.300987000e-01 
4.005200000e-01 8.225414000e-01 1.011677000e+00 
4.913248000e-03 5.383219000e-01 1.404438000e+00 
1.302307000e-02 1.062901000e+00 9.903510000e-01 
1.194779000e+00 7.036915000e-02 5.675727000e-01 
4.347647000e-01 7.587817000e-01 1.166898000e+00 
7.983177000e-01 1.301713000e-01 1.107168000e+00 
4.973025000e-01 6.000574000e-01 1.180785000e+00 
5.887032000e-02 8.816893000e-01 1.180960000e+00 
1.169803000e+00 9.508747000e-02 7.549611000e-01 
2.268839000e-02 9.191569000e-01 1.079435000e+00 
4.176791000e-01 1.298552000e+00 1.338670000e-01 
1.236454000e-01 1.179595000e+00 7.855092000e-01 
1.512631000e+00 7.070642000e-03 2.412002000e-02 
1.009525000e-02 1.142109000e+00 9.451122000e-01 

1.449900000e+00 1.295753000e-02 4.323739000e-02 
7.384353000e-04 2.408260000e-02 1.707212000e+00 
7.162682000e-01 9.414720000e-01 1.066274000e+00 
9.663111000e-01 5.701133000e-01 8.674162000e-01 
1.410173000e-02 1.692702000e+00 3.680626000e-03 
1.272013000e+00 5.651386000e-01 5.157376000e-02 
1.916107000e+00 1.207861000e-02 8.916068000e-03 
8.505997000e-01 1.174070000e+00 8.593608000e-02 
1.360950000e+00 7.063451000e-01 1.088684000e-02 
9.075797000e-01 1.184640000e+00 6.297744000e-03 
1.973735000e-01 1.432094000e+00 6.527466000e-03 
6.266313000e-04 7.330963000e-01 1.288787000e+00 
1.886438000e-03 3.889293000e-06 1.945847000e+00 
6.935667000e-05 1.109121000e-03 1.794424000e+00 
2.254433000e-01 1.293623000e+00 4.976219000e-01 
7.384341000e-01 4.978567000e-01 1.107567000e+00 
1.715983000e-02 2.350865000e+00 1.021514000e-03 
5.109018000e-03 1.471057000e+00 5.637600000e-02 
9.745214000e-01 8.605576000e-01 7.030067000e-01 
2.142151000e+00 2.280233000e-01 6.034394000e-04 
9.850500000e-01 8.069130000e-01 5.352416000e-01 
1.501031000e+00 3.092030000e-03 1.353981000e-01 
1.200549000e+00 4.078968000e-03 8.441495000e-01 
1.277977000e+00 7.002067000e-03 6.884910000e-01 
8.264969000e-04 1.227625000e+00 1.073200000e+00 
1.167482000e+00 5.483468000e-03 8.918246000e-01 
1.202971000e+00 8.887579000e-01 4.294777000e-03 
9.081914000e-02 1.085964000e+00 8.840516000e-01 
9.580075000e-01 1.008085000e+00 7.741690000e-02 
1.175332000e+00 8.477556000e-01 1.189776000e-02 
8.610586000e-01 1.171871000e+00 2.169298000e-02 
3.442558000e-01 9.075105000e-02 1.328758000e+00 
1.091990000e+00 1.221208000e-01 9.133565000e-01 
7.463412000e-02 2.502632000e-03 1.421859000e+00 
8.884765000e-03 8.727642000e-01 1.193149000e+00 
1.005052000e+00 1.015065000e+00 6.120797000e-02 
2.489912000e+00 3.946161000e-03 7.222181000e-04 
8.353567000e-01 6.834885000e-01 8.898129000e-01 
2.341504000e+00 1.444646000e-02 2.566954000e-03 
3.700222000e-02 4.668597000e-04 1.512328000e+00 
1.112317000e+00 2.046869000e-01 8.886929000e-01 
2.440595000e-02 1.424953000e+00 4.898852000e-01 
4.416008000e-03 5.676011000e-01 1.379337000e+00 
1.353521000e+00 7.290094000e-03 5.780971000e-01 
4.253175000e-01 4.494221000e-01 1.270634000e+00 
1.196396000e+00 8.720996000e-01 6.751190000e-03 
7.819955000e-01 8.061511000e-01 8.679059000e-01 
1.214805000e+00 3.778265000e-03 8.559173000e-01 
9.038282000e-01 5.879189000e-02 1.104433000e+00 
1.308449000e-01 1.471002000e+00 1.873462000e-03 
3.288894000e-03 1.623928000e+00 7.693753000e-02 
1.278615000e+00 5.572111000e-01 2.857542000e-02 
2.059764000e+00 3.850490000e-03 1.258109000e-02 
9.147450000e-01 1.440990000e-02 1.104759000e+00 
1.388421000e+00 6.161625000e-01 8.718522000e-03 
8.673192000e-01 3.533230000e-01 1.109757000e+00 
2.193955000e-02 5.451144000e-04 1.900758000e+00 
8.538234000e-01 7.920348000e-01 7.891695000e-01 
1.611212000e+00 1.034987000e-02 9.243589000e-02 
1.601045000e-02 1.319386000e+00 8.620671000e-01 
4.958097000e-02 9.624415000e-01 1.007396000e+00 
6.979175000e-02 1.319178000e+00 5.477787000e-01 
2.079835000e-03 5.986642000e-01 1.327440000e+00 
1.275441000e-01 1.421699000e+00 1.131442000e-02 
1.340842000e-03 1.050150000e+00 1.202781000e+00 
1.729120000e-04 8.583354000e-01 1.415205000e+00 
1.056108000e-01 7.454722000e-06 1.581935000e+00 
1.942703000e-02 1.331405000e-03 1.523777000e+00 
1.561380000e+00 1.472103000e-02 7.066138000e-03 
1.044953000e-01 6.761076000e-01 1.238293000e+00 
1.842480000e-03 1.732028000e+00 1.093926000e-02 
8.042299000e-01 7.689394000e-01 1.006430000e+00 
1.496539000e-03 1.679956000e+00 3.663791000e-02 
8.664693000e-01 2.652197000e-03 1.242193000e+00 
9.721083000e-01 1.042081000e-02 1.125481000e+00 
5.778570000e-03 5.318290000e-01 1.407522000e+00 
1.397056000e+00 1.431630000e-01 1.577057000e-03 
1.211718000e-02 1.454984000e+00 6.366621000e-02 
7.765271000e-01 6.835807000e-01 1.046438000e+00 
1.335398000e+00 6.911328000e-03 6.445016000e-01 
7.868333000e-02 1.431801000e+00 2.871001000e-02 
7.578309000e-01 7.104152000e-01 1.037640000e+00 
1.092473000e-01 2.153673000e-05 1.411492000e+00 
1.361085000e-03 1.681069000e+00 5.546545000e-02 
3.151817000e-03 1.665024000e+00 5.290048000e-02 
1.432848000e+00 5.541395000e-02 1.636045000e-02 
8.963964000e-01 1.157733000e+00 5.193096000e-02 
1.198617000e+00 1.440060000e-02 8.543089000e-01 
1.032841000e-01 7.446690000e-01 1.112799000e+00 
3.225778000e-02 1.200065000e-03 1.513082000e+00 
1.871212000e+00 5.483606000e-02 2.429322000e-03 
1.294447000e+00 6.960860000e-01 1.204543000e-02 
7.888589000e-01 8.616245000e-01 7.973805000e-01 
1.144756000e-01 1.195863000e-01 1.382806000e+00 
4.239639000e-03 1.006939000e+00 1.279316000e+00 
1.416272000e+00 1.688982000e-01 1.450100000e-03 
2.713448000e+00 7.125943000e-04 2.569167000e-03 
2.620147000e+00 1.714216000e-03 2.656550000e-02 
1.223041000e+00 3.762540000e-03 8.582245000e-01 
1.736057000e+00 2.848741000e-03 3.793906000e-02 
1.128896000e+00 3.232267000e-04 1.033226000e+00 
1.989909000e-04 3.344022000e-02 1.567053000e+00 
1.118757000e+00 1.634362000e-03 1.118825000e+00 
1.353583000e+00 2.936807000e-03 5.209331000e-01 
4.132200000e-02 1.474306000e+00 1.668335000e-02 
4.125176000e-01 4.389173000e-01 1.304473000e+00 
9.697630000e-02 1.566596000e-04 1.585893000e+00 
4.042330000e-03 1.573149000e+00 1.101516000e-02 
9.647937000e-03 8.984102000e-01 1.093376000e+00 
1.080949000e+00 3.623635000e-03 9.807088000e-01 
2.384699000e+00 1.159148000e-01 7.330270000e-04 
3.501721000e-01 1.330747000e+00 7.120873000e-02 
1.358008000e-02 2.421997000e+00 7.378438000e-03 
6.987644000e-01 7.854148000e-03 1.247308000e+00 
6.330684000e-01 6.906350000e-01 1.124581000e+00 
1.478199000e+00 3.818977000e-02 3.102547000e-03 
8.808623000e-01 3.172474000e-01 1.129737000e+00 
8.408880000e-01 7.960778000e-01 7.563542000e-01 
1.326514000e+00 3.937378000e-02 4.841322000e-01 
4.197749000e-02 1.543798000e+00 3.533264000e-04 
1.019013000e-02 5.727020000e-01 1.363932000e+00 
1.059308000e-03 1.077117000e+00 1.237387000e+00 
1.688896000e+00 3.291875000e-03 3.848909000e-02 
8.110600000e-01 8.596939000e-01 8.352318000e-01 
9.524222000e-01 9.151257000e-01 6.782374000e-01 
5.998618000e-01 5.394309000e-02 1.198973000e+00 
7.063038000e-01 6.195389000e-01 1.153091000e+00 
9.645014000e-01 1.044640000e+00 6.204022000e-02 
4.762000000e-02 1.487297000e+00 1.276272000e-02 
1.947586000e-01 1.193403000e+00 7.851536000e-01 
1.024771000e-01 1.244322000e-03 1.491909000e+00 
2.133033000e+00 1.183304000e-03 4.849526000e-02 
1.258608000e+00 1.129396000e-01 6.880020000e-01 
1.072105000e+00 4.423022000e-01 8.306111000e-01 
1.022349000e-01 1.433723000e+00 1.364047000e-02 
2.136655000e+00 1.187572000e-02 9.920069000e-03 
8.828868000e-01 2.016006000e-03 1.267838000e+00 
1.057173000e-01 1.172471000e+00 8.216945000e-01 
7.025304000e-04 2.509528000e-02 1.566385000e+00 
1.275414000e+00 5.375043000e-01 8.673307000e-02 
5.101432000e-04 7.479508000e-05 1.934879000e+00 
1.811578000e-01 1.365228000e+00 5.135110000e-02 
8.319228000e-01 4.227364000e-01 1.109029000e+00 
3.042007000e-03 1.671595000e+00 1.503874000e-02 
6.287600000e-02 7.423182000e-01 1.253268000e+00 
1.191800000e+00 1.056098000e+00 6.281236000e-03 
1.077704000e+00 2.666592000e-01 8.752662000e-01 
3.591027000e-02 1.957621000e-05 1.592919000e+00 
1.416853000e+00 1.780186000e-02 6.166848000e-02 
1.416160000e+00 6.308781000e-01 9.025726000e-04 
2.336129000e-03 9.426334000e-02 1.464519000e+00 
9.303148000e-01 1.212752000e+00 5.146709000e-03 
1.007248000e-02 1.173375000e+00 9.229419000e-01 
1.057851000e+00 4.564181000e-01 8.028814000e-01 
1.017520000e+00 9.265187000e-01 8.109935000e-03 
1.682592000e+00 4.729267000e-03 6.717071000e-02 
2.705280000e-05 1.032185000e-02 1.979555000e+00 
4.965932000e-01 7.947816000e-03 1.372701000e+00 
9.835871000e-03 3.462716000e-01 1.376102000e+00 
4.378455000e-02 1.496725000e+00 1.124025000e-03 
7.273942000e-01 6.136946000e-01 1.167011000e+00 
1.605232000e-01 7.075882000e-01 1.167687000e+00 
1.370100000e+00 4.352529000e-02 1.030356000e-01 
1.907510000e-01 1.463382000e+00 7.005109000e-04 
2.269559000e-02 4.337191000e-01 1.362016000e+00 
1.630597000e-02 1.438213000e+00 8.045848000e-02 
2.987305000e-02 8.024314000e-01 1.221554000e+00 
1.141978000e+00 2.409502000e-02 7.981450000e-01 
4.756484000e-02 1.134926000e+00 8.995651000e-01 
9.847742000e-01 5.015906000e-02 1.018318000e+00 
9.992062000e-03 3.537847000e-01 1.370723000e+00 
1.068268000e-01 5.574579000e-01 1.306426000e+00 
1.084816000e-02 1.488722000e+00 1.910681000e-02 
1.035321000e+00 4.715067000e-01 7.874713000e-01 
6.326782000e-01 6.756516000e-01 1.170656000e+00 
6.509531000e-02 9.580495000e-01 1.093181000e+00 
8.185347000e-03 8.556737000e-01 1.258562000e+00 
1.037674000e+00 1.077705000e+00 6.229172000e-03 
9.325764000e-01 1.143810000e+00 8.358848000e-02 
1.034426000e+00 1.084710000e+00 6.768883000e-03 
5.329451000e-01 2.382979000e-04 1.338484000e+00 
1.463915000e+00 4.268289000e-02 3.889811000e-02 
6.653027000e-03 6.291330000e-03 1.451178000e+00 
3.833190000e-02 1.406930000e+00 7.286021000e-02 
1.103829000e+00 1.065860000e+00 2.645592000e-03 
1.018693000e+00 8.998445000e-01 5.054197000e-01 
5.208387000e-01 8.313107000e-04 1.270620000e+00 
1.415965000e+00 6.351349000e-01 6.616871000e-04 
5.002519000e-01 5.455811000e-03 1.382166000e+00 
8.234542000e-01 7.449197000e-01 1.018075000e+00 
1.058093000e+00 1.321393000e+00 1.278511000e-03 
4.645062000e-02 7.999587000e-01 1.162100000e+00 
2.172548000e-03 1.687751000e+00 3.114797000e-02 
9.196304000e-01 6.345555000e-01 8.667356000e-01 
1.108712000e+00 2.516891000e-03 1.032278000e+00 
6.217490000e-02 7.821026000e-01 1.264007000e+00 
8.584359000e-01 7.598988000e-01 8.062514000e-01 
8.739852000e-01 9.642519000e-01 6.028215000e-01 
2.717162000e-01 1.380495000e+00 2.937351000e-02 
6.887813000e-01 1.449780000e-02 1.243370000e+00 
3.283206000e-03 4.059362000e-02 1.458678000e+00 
2.022152000e-01 1.249477000e+00 6.300392000e-01 
7.903998000e-02 1.445907000e+00 1.358812000e-02 
4.558073000e-02 1.495211000e+00 1.668992000e-03 
7.068592000e-02 3.888345000e-02 1.436785000e+00 
8.106423000e-01 6.847200000e-01 1.035938000e+00 
1.500734000e+00 2.396213000e-02 4.885544000e-03 
8.455590000e-01 3.831562000e-01 1.130261000e+00 
4.721561000e-01 6.480457000e-02 1.341017000e+00 
8.906000000e-01 1.207958000e+00 6.730805000e-03 
1.152126000e+00 2.341646000e-02 8.869312000e-01 
1.568179000e+00 1.239534000e-02 4.163135000e-02 
2.277943000e-02 1.406286000e+00 5.036946000e-01 
1.408616000e+00 5.396014000e-03 1.378018000e-01 
1.005104000e+00 1.066467000e+00 2.328436000e-02 
1.671272000e-01 9.669190000e-01 9.643529000e-01 
5.048863000e-01 6.070977000e-03 1.380516000e+00 
4.611678000e-02 1.516582000e+00 6.838002000e-04 
6.692475000e-02 1.177766000e+00 8.817444000e-01 
1.433709000e+00 6.124856000e-02 1.636359000e-03 
1.133411000e+00 1.948583000e-02 9.079282000e-01 
4.765554000e-02 1.267638000e+00 8.417171000e-01 
6.792857000e-02 1.116747000e+00 8.537828000e-01 
1.005743000e+00 1.493356000e-02 1.021202000e+00 
1.172582000e+00 8.459333000e-01 1.461755000e-02 
1.090825000e+00 1.193511000e-02 9.358936000e-01 
1.238294000e-01 1.383673000e+00 3.926614000e-02 
6.870928000e-02 1.241714000e+00 8.335733000e-01 
1.009512000e+00 4.284389000e-01 8.851529000e-01 
9.137489000e-01 9.921262000e-01 5.188186000e-01 
9.154091000e-01 1.175243000e+00 6.959703000e-03 
1.452944000e+00 4.913307000e-02 4.535381000e-03 
8.999941000e-03 1.503949000e+00 9.024725000e-03 
1.103175000e+00 7.498352000e-01 4.963825000e-01 
1.362240000e+00 1.410767000e-01 1.111239000e-01 
1.267711000e+00 3.129683000e-01 4.952482000e-01 
4.603560000e-01 4.868394000e-01 1.254596000e+00 
1.092166000e+00 2.725605000e-01 8.512259000e-01 
2.585376000e-01 1.354169000e+00 6.677334000e-02 
4.345608000e-01 5.776129000e-02 1.369789000e+00 
4.215646000e-01 4.389297000e-01 1.299670000e+00 
8.895755000e-01 9.191779000e-01 5.592456000e-01 
9.707525000e-01 5.662234000e-02 9.740721000e-01 
7.422154000e-02 1.277043000e+00 6.298794000e-01 
7.466159000e-02 1.309472000e+00 5.230466000e-01 
4.288615000e-03 7.096095000e-01 1.270433000e+00 
1.421176000e-02 8.606058000e-02 1.445391000e+00 
1.410345000e+00 2.701048000e-02 4.768533000e-02 
1.543851000e-01 1.412970000e+00 7.981601000e-03 
1.845775000e-01 8.865831000e-01 1.108871000e+00 
1.239460000e+00 6.777006000e-01 2.187741000e-02 
1.420493000e+00 5.009917000e-02 4.215149000e-02 
1.339569000e+00 7.547274000e-03 4.957547000e-01 
8.106497000e-01 9.385113000e-03 1.141469000e+00 
9.695304000e-01 3.896883000e-01 9.684772000e-01 
1.392750000e+00 2.911747000e-01 8.010125000e-03 
1.346861000e+00 1.828637000e-01 9.368332000e-02 
4.749873000e-02 1.146016000e+00 8.838787000e-01 
5.846271000e-03 4.512351000e-03 1.501003000e+00 
1.270991000e+00 5.681556000e-01 6.963069000e-02 
1.904032000e-02 9.626933000e-01 1.092657000e+00 
1.040779000e-02 1.339738000e+00 5.080693000e-01 
1.043833000e-03 7.899060000e-03 1.469412000e+00 
1.112743000e+00 2.607044000e-01 8.035454000e-01 
3.931651000e-03 1.008306000e+00 1.028649000e+00 
2.558491000e-01 1.260294000e+00 5.095902000e-01 
1.052982000e+00 1.103722000e+00 3.312214000e-03 
1.111096000e+00 8.044860000e-01 7.929519000e-02 
1.010663000e+00 9.593777000e-01 6.076615000e-02 
7.154879000e-03 9.740898000e-01 9.338808000e-01 
1.235301000e+00 4.955172000e-01 5.809278000e-01 
9.959147000e-01 1.146570000e-02 1.109397000e+00 
9.355177000e-01 2.293793000e-02 1.051739000e+00 
1.160950000e+00 7.839289000e-01 8.758566000e-02 
1.018122000e+00 2.569356000e-03 1.009209000e+00 
1.314925000e+00 1.332649000e-02 6.093989000e-01 
1.145734000e+00 6.072805000e-01 4.960726000e-01 
1.069506000e-01 1.427458000e+00 6.741008000e-02 
1.209541000e+00 2.072765000e-01 6.059827000e-01 
5.790454000e-01 1.525831000e-01 1.248005000e+00 
8.074223000e-02 4.304375000e-01 1.319188000e+00 
1.992792000e-02 1.298232000e+00 5.956034000e-01 
9.916107000e-01 6.037649000e-01 8.208283000e-01 
3.074115000e-03 1.337387000e+00 6.613748000e-01 

1.516717000e-02 1.351074000e+00 5.827003000e-01 
6.636006000e-01 1.284742000e+00 2.216795000e-02 
1.938381000e-01 1.018360000e+00 1.101576000e+00 
1.341120000e+00 2.668215000e-02 6.365542000e-01 
1.503577000e+00 1.640805000e-02 2.834843000e-02 
7.035036000e-01 7.250544000e-01 1.025021000e+00 
7.228060000e-01 3.230669000e-02 1.309760000e+00 
1.748802000e+00 6.089152000e-03 8.423819000e-03 
4.142821000e-01 5.725199000e-01 1.281208000e+00 
6.344591000e-01 4.777990000e-01 1.271243000e+00 
1.632950000e+00 1.083692000e-02 8.469406000e-02 
4.203048000e-01 5.754806000e-01 1.275040000e+00 
1.404642000e+00 1.798658000e-01 3.620100000e-03 
6.728894000e-05 7.068979000e-06 9.406206000e+00 
1.349210000e+00 1.657288000e-01 5.446324000e-01 
1.702320000e+00 5.586369000e-03 2.220356000e-02 
6.646059000e-01 1.219898000e+00 3.088188000e-01 
4.796107000e-01 5.478906000e-01 1.237700000e+00 
9.995240000e-01 9.963943000e-02 1.052504000e+00 
1.801640000e+00 1.737339000e-03 2.074860000e-02 
1.898863000e-01 1.123675000e+00 9.692899000e-01 
1.269399000e+00 7.624306000e-01 5.415512000e-02 
1.700909000e-01 1.030326000e+00 1.124047000e+00 
4.405630000e-05 4.348140000e-04 6.880289000e+00 
9.629240000e-01 8.725541000e-01 5.573714000e-01 
1.451258000e+00 2.899936000e-02 1.152176000e-02 
6.563072000e-03 1.069642000e+00 1.040809000e+00 
2.642776000e+00 3.416526000e-04 1.745770000e-02 
1.339182000e+00 3.451421000e-02 7.375250000e-01 
2.223708000e+00 4.734031000e-03 6.204004000e-03 
1.449791000e+00 9.089137000e-03 8.480966000e-01 
1.645600000e+00 9.949328000e-03 4.467200000e-02 
7.900712000e-01 1.141786000e+00 6.475300000e-01 
1.778306000e-02 1.768517000e-03 1.427334000e+00 
1.317104000e+00 7.088775000e-03 1.029482000e+00 
7.535445000e-01 1.113562000e+00 6.666411000e-01 
2.656278000e-04 3.750392000e-02 1.423651000e+00 
1.715062000e+00 2.372687000e-02 9.971068000e-03 
1.034113000e+00 9.366081000e-01 1.234736000e-01 
7.183706000e-01 1.217241000e+00 5.878939000e-01 
1.399423000e+00 7.308299000e-02 6.331361000e-02 
1.650796000e+00 5.863791000e-03 5.698905000e-02 
1.901411000e+00 1.797434000e-03 9.222271000e-03 
1.295573000e+00 1.207837000e+00 2.548182000e-04 
3.126008000e-02 2.086487000e+00 9.263039000e-04 
2.989459000e-03 8.465596000e-01 1.335876000e+00 
1.278370000e+00 9.195086000e-03 7.382142000e-01 
8.124482000e-01 1.010919000e+00 6.416240000e-01 
2.837711000e-02 1.205488000e+00 9.499441000e-01 
1.089598000e+00 2.124292000e-02 1.087584000e+00 
1.670248000e+00 1.856786000e-02 1.682748000e-02 
1.163484000e+00 4.639497000e-02 7.533759000e-01 
1.374319000e+00 9.771690000e-02 5.525420000e-01 
1.250519000e+00 2.709348000e-02 8.006878000e-01 
5.376668000e-01 9.288218000e-01 1.050663000e+00 
1.527744000e+00 3.801375000e-02 9.055863000e-03 
1.012591000e-02 7.752869000e-01 1.230898000e+00 
1.489241000e+00 2.282758000e-02 7.292403000e-01 
1.078396000e+00 3.938972000e-02 1.005611000e+00 
1.882265000e-01 1.205582000e+00 8.989782000e-01 
8.082424000e-01 1.014821000e+00 6.508973000e-01 
8.558397000e-01 5.302687000e-02 1.185120000e+00 
1.060945000e+00 2.751536000e-02 1.117308000e+00 
3.106128000e-02 2.182659000e+00 2.093716000e-05 
6.242063000e-01 8.407904000e-01 9.358542000e-01 
1.202653000e+00 7.591981000e-01 5.171694000e-01 
9.451671000e-01 6.516110000e-01 9.931059000e-01 
7.154701000e-01 3.463953000e-02 1.277696000e+00 
7.789133000e-01 8.740844000e-01 7.310866000e-01 
9.039603000e-01 1.208353000e+00 8.065456000e-02 
8.910910000e-03 1.449530000e+00 7.303953000e-02 
1.431586000e+00 6.524863000e-02 3.234425000e-01 
1.741117000e-02 1.395456000e+00 5.123557000e-03 
1.614676000e+00 7.104407000e-02 7.572442000e-03 
1.972964000e-05 8.817257000e-04 2.096404000e+00 
6.429608000e-01 3.910379000e-01 1.311675000e+00 
7.081729000e-03 1.457638000e+00 1.944468000e-02 
3.244057000e-03 7.565654000e-01 1.405595000e+00 
1.735431000e+00 4.523530000e-04 9.637471000e-01 
1.814558000e+00 1.004273000e-01 7.411699000e-04 
3.692188000e-02 8.140137000e-01 1.187483000e+00 
1.010978000e+00 9.341777000e-01 3.098214000e-01 
6.394926000e-01 6.322560000e-01 1.197466000e+00 
1.520452000e-01 9.098841000e-03 1.402139000e+00 
2.124999000e+00 1.025881000e-03 9.803959000e-03 
8.972224000e-01 5.536375000e-01 1.035589000e+00 
8.035226000e-01 1.220913000e+00 2.020589000e-02 
5.864703000e-01 1.190742000e+00 6.993897000e-01 
2.102937000e-04 4.482849000e-03 2.030016000e+00 
2.851977000e-02 1.224341000e+00 7.342071000e-01 
1.420525000e+00 8.191315000e-04 1.229394000e+00 
1.026008000e+00 1.108288000e+00 1.111906000e-02 
1.246390000e+00 7.640103000e-01 1.728105000e-02 
1.852564000e+00 1.721629000e-02 7.631727000e-03 
2.521356000e-03 1.230355000e+00 9.266479000e-01 
1.148006000e+00 2.842375000e-02 1.074520000e+00 
1.555006000e+00 1.261357000e-02 1.572080000e-01 
8.131053000e-01 1.128382000e+00 5.792734000e-01 
8.736666000e-03 1.405521000e+00 3.687560000e-01 
6.553699000e-01 4.287274000e-01 1.256054000e+00 
1.196441000e+00 1.054898000e-03 1.105933000e+00 
1.137870000e+00 1.625100000e-02 1.081694000e+00 
7.976863000e-01 1.071477000e+00 6.024898000e-01 
1.774895000e+00 7.703528000e-02 4.151158000e-03 
2.099440000e-01 1.277893000e+00 7.324085000e-01 
4.196083000e-01 5.683550000e-01 1.294932000e+00 
6.019997000e-03 8.204097000e-01 1.181373000e+00 
9.351938000e-01 8.742855000e-02 1.183050000e+00 
1.378731000e+00 8.520137000e-02 4.130603000e-01 
1.571089000e-02 1.059756000e+00 9.964484000e-01 
9.195255000e-01 1.185013000e+00 6.167928000e-02 
8.356349000e-01 7.575299000e-02 1.191735000e+00 
3.922317000e-03 1.448712000e+00 3.899165000e-01 
6.930052000e-04 1.473422000e+00 1.219820000e-02 
1.212652000e+00 3.604295000e-02 7.974377000e-01 
1.266914000e-01 2.747132000e-03 1.412115000e+00 
1.321415000e+00 6.998306000e-02 7.049708000e-01 
1.708481000e+00 3.338786000e-03 1.650921000e-02 
1.500503000e-01 7.028795000e-01 1.265571000e+00 
1.956375000e+00 9.832746000e-04 7.176227000e-02 
2.429594000e-01 1.463562000e+00 1.022617000e-03 
5.208402000e-03 1.313954000e+00 7.303884000e-01 
5.741005000e-01 5.978856000e-01 1.209465000e+00 
9.747711000e-01 1.192483000e+00 2.026452000e-02 
1.572218000e+00 7.354261000e-02 8.602382000e-03 
7.828930000e-01 1.399901000e-02 1.314295000e+00 
7.748332000e-01 1.551430000e-02 1.224258000e+00 
6.980898000e-01 7.983911000e-01 1.131269000e+00 
1.490893000e-04 5.095700000e-02 1.764688000e+00 
1.028169000e+00 9.969917000e-01 3.920923000e-02 
4.291688000e-04 1.861656000e-05 1.681432000e+00 
1.609302000e+00 1.060973000e-01 2.060585000e-03 
1.562203000e+00 1.490311000e-02 1.826650000e-02 
8.578823000e-01 9.701839000e-01 5.819263000e-01 
1.173073000e+00 4.467812000e-03 1.058545000e+00 
1.046052000e+00 8.232090000e-02 1.099342000e+00 
8.323400000e-01 5.772600000e-01 1.008509000e+00 
1.907278000e-03 1.422400000e+00 6.247511000e-01 
6.726275000e-01 1.219871000e+00 3.139826000e-01 
1.306984000e+00 7.236734000e-02 6.954510000e-01 
1.092587000e+00 6.643233000e-01 6.501131000e-01 
3.250272000e-03 9.594614000e-01 1.288410000e+00 
1.170083000e+00 8.318195000e-03 1.098925000e+00 
1.517210000e+00 8.821057000e-02 6.989750000e-03 
1.452896000e+00 9.424889000e-02 7.241108000e-03 
1.141678000e+00 1.532103000e-02 1.076374000e+00 
2.287088000e-03 9.238640000e-01 1.407691000e+00 
1.053953000e+00 6.233957000e-02 1.034551000e+00 
9.721972000e-01 4.391328000e-03 1.344539000e+00 
1.100663000e+00 1.025966000e+00 8.814951000e-03 
1.391800000e+00 4.843859000e-03 8.664945000e-01 
2.102560000e-02 1.051040000e+00 1.004925000e+00 
1.168540000e-02 1.197896000e+00 1.023416000e+00 
6.241763000e-01 1.163508000e+00 5.907466000e-01 
1.251746000e+00 9.858064000e-02 6.348772000e-01 
1.056486000e-02 1.376759000e+00 1.561510000e-02 
3.382245000e-03 1.673313000e+00 1.096926000e-03 
2.865424000e-02 1.340058000e+00 5.769119000e-01 
1.260198000e+00 8.272504000e-01 2.018550000e-03 
1.143986000e+00 1.461245000e-02 1.077734000e+00 
1.099600000e+00 1.054885000e+00 1.838044000e-02 
1.705868000e+00 9.793973000e-02 1.221746000e-03 
9.273827000e-01 1.229719000e+00 2.668101000e-04 
7.131053000e-01 7.204330000e-01 9.958169000e-01 
1.005189000e+00 1.077015000e+00 1.581499000e-02 
1.225551000e+00 7.926499000e-01 8.813543000e-03 
1.121896000e+00 7.291252000e-01 5.771609000e-01 
8.852805000e-01 9.775073000e-01 5.271757000e-01 
5.792277000e-01 1.071646000e+00 7.673154000e-01 
6.532945000e-01 1.223255000e+00 5.811071000e-01 
5.053179000e-04 8.109793000e-03 1.526501000e+00 
6.669251000e-01 4.221328000e-01 1.207262000e+00 
7.305165000e-03 6.758209000e-05 1.505469000e+00 
7.256503000e-01 1.077380000e+00 6.699828000e-01 
1.481734000e+00 2.678206000e-02 3.769786000e-02 
1.600654000e+00 5.928945000e-04 1.409975000e-01 
3.642123000e-01 7.063443000e-01 1.149248000e+00 
1.197263000e+00 2.327890000e-02 9.538511000e-01 
1.502872000e-01 6.599633000e-05 1.658850000e+00 
1.923936000e-01 1.167774000e+00 9.425019000e-01 
2.450349000e-03 6.787567000e-04 1.433603000e+00 
8.651233000e-03 1.288602000e+00 9.106068000e-01 
9.581827000e-01 1.193432000e+00 2.773946000e-02 
7.920878000e-01 1.193397000e+00 1.743421000e-01 
4.657531000e-01 5.234511000e-01 1.263152000e+00 
9.685930000e-01 1.003454000e+00 1.823407000e-01 
6.181504000e-01 1.200461000e+00 6.002785000e-01 
8.160817000e-01 9.802318000e-03 1.203543000e+00 
1.318112000e+00 8.482711000e-02 6.027903000e-01 
1.109848000e+00 3.825427000e-02 1.016451000e+00 
1.541676000e+00 2.493360000e-02 2.504854000e-02 
5.228866000e-01 5.419674000e-01 1.255888000e+00 
8.684379000e-03 1.221558000e+00 9.750932000e-01 
8.388246000e-01 5.336055000e-01 1.036639000e+00 
4.668260000e-03 1.415900000e+00 3.643901000e-01 
7.159182000e-01 1.327808000e+00 4.847420000e-03 
7.998716000e-03 1.289287000e+00 6.380313000e-01 
8.875623000e-01 9.448514000e-01 5.946830000e-01 
1.288642000e+00 1.135429000e-01 5.495675000e-01 
4.898159000e-01 5.016906000e-01 1.266726000e+00 
9.885424000e-01 1.028305000e+00 1.324537000e-01 
9.538196000e-02 1.040589000e+00 1.025614000e+00 
5.105131000e-01 5.477808000e-01 1.255161000e+00 
1.139545000e+00 5.425313000e-02 9.933578000e-01 
5.689675000e-01 5.118430000e-01 1.211689000e+00 
7.429731000e-01 7.141730000e-01 1.099065000e+00 
1.354686000e-02 8.488501000e-01 1.140920000e+00 
1.446332000e+00 1.303146000e-01 1.322214000e-02 
1.223652000e+00 7.688376000e-01 6.219172000e-02 
6.084505000e-01 8.026444000e-01 1.029402000e+00 
6.406935000e-02 1.111991000e-01 1.379944000e+00 
9.431668000e-01 1.050871000e+00 5.006045000e-02 
1.985034000e-03 1.504337000e+00 1.101563000e-03 
7.557551000e-01 9.958790000e-02 1.258642000e+00 
4.892934000e-02 5.115621000e-03 1.408308000e+00 
1.408598000e+00 9.142263000e-02 3.725358000e-02 
9.723777000e-01 1.028911000e+00 4.299097000e-02 
7.542560000e-01 7.992881000e-01 9.530365000e-01 
3.899756000e-02 8.105433000e-01 1.182569000e+00 
4.753413000e-01 5.498935000e-01 1.232300000e+00 
4.527037000e-03 7.862057000e-01 1.241667000e+00 
9.816578000e-01 1.211528000e+00 6.114287000e-04 

