6.729583000e-02 2.076720000e+00 2.995805000e-02 
6.111618000e+00 8.736856000e-03 5.188545000e-02 
3.367911000e-01 2.344930000e+00 6.700840000e-03 
1.089425000e+00 6.081323000e-02 1.920831000e+00 
7.100021000e-03 1.331626000e+00 2.231127000e+00 
1.423061000e-01 1.795781000e+00 1.295772000e+00 
1.934936000e+00 6.221518000e-01 9.479599000e-01 
2.524869000e+00 2.181682000e-01 5.314794000e-03 
1.691882000e-01 1.790248000e+00 1.398549000e+00 
1.464700000e+00 1.253894000e-01 1.496295000e+00 
3.928991000e-03 3.271622000e-02 2.435918000e+00 
4.692851000e+00 3.957313000e-02 1.698895000e-02 
9.119266000e-02 1.936005000e+00 1.487819000e+00 
5.549378000e-01 2.059676000e+00 1.286775000e-01 
4.249685000e+00 1.231292000e-02 3.323610000e-02 
3.029395000e+00 2.048490000e-02 3.464369000e-02 
2.055350000e-01 1.156481000e-02 2.318466000e+00 
4.353041000e-01 2.421802000e+00 5.310081000e-03 
1.305746000e+00 1.908843000e+00 3.997534000e-03 
7.299970000e-03 9.993417000e-01 1.866892000e+00 
1.837854000e+00 6.719052000e-01 7.746868000e-01 
2.203011000e+00 3.372158000e-01 6.084586000e-03 
6.691511000e+00 5.921347000e-03 1.166074000e-01 
2.875482000e+00 8.547552000e-02 8.749975000e-03 
2.727213000e+00 3.920675000e-03 8.098503000e-01 
2.241732000e-03 1.862545000e-02 2.464527000e+00 
5.881397000e+00 5.104998000e-03 1.265972000e-01 
2.837060000e-02 1.783854000e-03 2.501602000e+00 
2.482760000e+00 9.380789000e-02 4.314854000e-02 
2.111208000e+00 7.055305000e-02 7.344571000e-01 
1.396588000e-02 2.269211000e+00 4.101561000e-02 
4.149255000e+00 7.576763000e-03 5.393103000e-01 
1.157002000e-01 1.839843000e+00 1.613963000e+00 
1.112691000e+00 3.801970000e-01 1.565739000e+00 
3.029119000e+00 2.275353000e-02 1.431730000e-01 
1.598008000e+00 7.078264000e-02 1.571167000e+00 
1.391292000e+00 3.669042000e-03 2.361458000e+00 
1.711979000e+00 5.697367000e-02 1.687267000e+00 
1.046398000e-02 2.597583000e+00 2.093876000e-02 
1.445968000e+00 2.819476000e+00 7.081718000e-04 
2.074767000e+00 1.465949000e-01 8.094716000e-01 
1.631132000e+00 1.028414000e-03 2.182356000e+00 
9.345257000e-03 2.024221000e-01 2.168630000e+00 
1.038796000e-01 4.942421000e+00 4.928849000e-06 
2.287853000e+00 1.584756000e-01 5.529923000e-03 
2.860155000e-02 2.530242000e-02 2.444952000e+00 
3.703568000e+00 1.113963000e-02 2.323199000e-01 
6.204741000e-03 1.760967000e+00 2.350446000e+00 
3.440289000e+00 1.127001000e-01 2.908069000e-03 
1.025919000e-02 6.923903000e-05 2.733046000e+00 
6.053257000e-03 2.715435000e-04 7.494658000e+00 
2.743166000e-02 3.006341000e+00 1.470656000e-03 
2.213900000e+00 2.564826000e-01 3.040017000e-02 
2.822437000e+00 9.509479000e-02 1.214785000e-02 
2.148456000e-03 4.756885000e+00 8.498217000e-02 
2.011076000e+00 2.264135000e-01 1.267695000e+00 
2.931517000e-02 2.262517000e+00 1.003029000e-02 
4.507595000e+00 1.110547000e-02 1.683091000e-01 
1.105402000e+00 1.789335000e+00 1.788768000e-01 
1.334691000e-03 4.300283000e-02 2.429957000e+00 
1.256017000e-01 4.510314000e+00 6.052033000e-04 
1.995335000e-01 1.726252000e-02 2.266301000e+00 
9.795887000e-03 1.476095000e-02 3.500604000e+00 
8.168037000e-03 6.114816000e+00 5.116005000e-02 
1.575194000e+00 1.434241000e+00 1.156238000e-01 
2.289819000e+00 8.650205000e-02 1.738500000e-01 
9.121436000e-02 1.913477000e+00 1.589662000e+00 
8.601791000e-06 4.096035000e-04 4.025180000e+00 
1.633343000e+00 3.775418000e-02 1.695360000e+00 
1.462235000e+00 2.320170000e-01 1.662752000e+00 
1.683518000e+00 1.336360000e+00 1.853960000e-02 
5.600081000e-03 2.100759000e+00 8.693564000e-01 
5.111549000e+00 4.437047000e-03 2.552760000e-01 
3.604252000e+00 1.901653000e-02 7.932898000e-02 
1.259233000e+00 2.003131000e+00 4.513874000e-02 
4.340624000e+00 4.051451000e-03 4.536814000e-01 
2.499839000e+00 5.684191000e-02 7.923057000e-02 
2.117610000e-03 2.440344000e+00 1.044225000e-01 
2.307281000e+00 1.311543000e-01 4.111068000e-02 
8.209601000e-01 1.246957000e+00 1.513018000e+00 
1.253893000e-02 2.937532000e+00 8.180541000e-03 
2.535202000e+00 3.241646000e-02 6.724635000e-02 
1.047641000e-01 9.518643000e-01 1.792450000e+00 
1.273984000e+00 1.686931000e-03 2.441590000e+00 
2.293079000e+00 8.159971000e-03 2.494486000e-01 
4.057868000e-02 2.112676000e+00 3.007443000e-02 
1.149293000e+00 2.054677000e+00 2.842719000e-02 
4.928182000e-01 1.989007000e-01 2.063735000e+00 
1.537158000e+00 5.405574000e-02 1.796881000e+00 
2.300921000e-01 2.026055000e-02 2.110196000e+00 
2.023984000e+00 1.286276000e-01 1.260703000e+00 
1.595398000e+00 7.265448000e-02 1.672209000e+00 
1.408076000e+00 1.125039000e-01 1.737574000e+00 
2.821513000e+00 1.836126000e-01 2.272096000e-04 
2.224272000e+00 8.832842000e-03 2.453108000e-01 
1.948356000e-02 2.166908000e+00 1.863226000e-02 
1.317863000e+00 2.869218000e+00 1.606038000e-03 
1.726088000e-01 2.279789000e-02 2.103545000e+00 
5.323714000e+00 9.740572000e-03 1.482875000e-01 
7.109642000e-01 1.413349000e+00 1.436619000e+00 
2.111455000e-01 1.963084000e+00 7.569135000e-01 
1.484504000e+00 1.159043000e-01 1.519868000e+00 
1.886775000e-02 4.428956000e-03 2.495921000e+00 
7.329881000e-01 1.475176000e+00 1.378529000e+00 
6.916631000e-01 1.490586000e+00 1.482048000e+00 
2.761220000e+00 8.051340000e-02 5.353053000e-02 
1.862010000e+00 1.554081000e+00 1.773686000e-02 
5.849739000e-02 1.539620000e+00 1.621219000e+00 
1.200705000e-02 2.270022000e+00 1.049469000e-01 
1.266122000e-03 2.398370000e+00 9.580706000e-01 
2.667959000e-04 3.219017000e-01 2.435473000e+00 
2.069262000e-01 1.934086000e+00 7.672092000e-01 
2.144258000e+00 1.791334000e-02 2.671166000e-01 
2.437514000e+00 1.225049000e-01 6.046353000e-02 
1.826954000e-01 1.647010000e+00 1.612108000e+00 
2.008716000e+00 3.440694000e-01 4.243244000e-04 
2.855912000e+00 2.565068000e-02 3.297489000e-02 
1.702779000e+00 1.288967000e+00 1.304032000e-01 
4.006749000e-02 2.066067000e+00 8.124302000e-01 
1.344612000e-02 1.403564000e-03 2.722344000e+00 
8.574835000e-02 1.353128000e-01 2.267294000e+00 
9.231760000e-03 2.133750000e+00 4.594865000e-01 
1.644342000e+00 1.521935000e+00 6.703876000e-02 
1.891254000e-02 2.662273000e-01 2.168413000e+00 
8.975901000e-03 2.475234000e+00 2.357114000e-02 
1.536717000e+00 1.073377000e-01 1.591451000e+00 
1.283922000e-02 1.330176000e+00 1.630460000e+00 
1.500240000e-02 2.470125000e+00 3.517924000e-03 
6.857560000e-02 4.515405000e-02 2.364128000e+00 
1.364802000e+00 1.140908000e+00 1.135418000e+00 
6.055489000e-01 2.022343000e+00 4.197770000e-02 
1.595924000e+00 1.427092000e+00 2.231460000e-01 
1.491800000e+00 2.287139000e-01 1.294688000e+00 
9.324742000e-03 1.308170000e+00 1.666359000e+00 
1.645922000e+00 1.178166000e+00 8.991086000e-01 
1.309446000e-01 2.115430000e+00 1.425529000e-02 
1.443606000e+00 1.236369000e+00 1.113735000e+00 
1.004319000e-02 1.105540000e-01 2.351484000e+00 

2.062087000e+00 1.632907000e-01 6.212513000e-01 
2.388080000e+00 2.896369000e-02 6.991195000e-02 
1.706126000e-02 3.148249000e-03 3.598776000e+00 
1.678352000e+00 1.824370000e+00 6.788409000e-03 
1.540970000e+00 1.319071000e+00 3.047702000e-02 
1.310816000e+00 4.458959000e-01 1.690080000e+00 
1.606241000e+00 1.762451000e+00 1.714030000e-02 
2.960968000e-01 1.957673000e+00 7.843900000e-02 
1.212172000e-02 5.165299000e+00 9.188977000e-02 
3.113140000e-03 1.013154000e-04 6.991614000e+00 
5.128660000e-02 3.367164000e+00 6.647888000e-03 
1.917538000e+00 7.380864000e-01 7.483806000e-01 
1.672528000e-03 1.230974000e-02 2.959239000e+00 
8.178802000e-02 5.249679000e-03 2.264766000e+00 
1.382213000e+00 1.580615000e-01 1.756508000e+00 
7.445822000e-03 1.322832000e+00 1.984727000e+00 
5.060332000e-03 5.624678000e-02 2.259230000e+00 
1.185196000e-02 3.174135000e+00 1.818722000e-01 
7.143076000e-02 2.380718000e+00 8.170179000e-04 
1.304566000e+00 1.420624000e-01 1.909512000e+00 
4.902872000e-02 1.364239000e+00 1.636406000e+00 
1.638505000e+00 9.990579000e-04 1.591271000e+00 
3.109438000e-02 2.457182000e-03 3.293295000e+00 
1.707134000e+00 1.501563000e+00 2.999840000e-03 
3.897906000e-01 7.416516000e-03 2.155682000e+00 
1.078295000e-03 2.476439000e-02 2.960965000e+00 
1.808738000e-03 6.032433000e+00 2.075215000e-01 
1.992120000e+00 2.624046000e-01 7.976480000e-01 
1.683379000e+00 2.019202000e+00 3.994732000e-03 
3.220637000e-03 5.546060000e+00 8.871765000e-02 
1.432050000e+00 1.420497000e+00 1.166521000e-01 
4.032646000e-01 2.098462000e+00 3.848015000e-04 
1.937146000e-03 1.904854000e-02 2.450427000e+00 
2.679249000e-01 2.226475000e+00 2.180449000e-02 
1.958370000e-01 1.003662000e+00 1.874980000e+00 
2.322136000e+00 1.201819000e-02 1.294257000e+00 
2.489912000e+00 3.946161000e-03 7.222181000e-04 
5.475837000e-02 1.606339000e-02 2.379340000e+00 
6.267496000e-02 2.145081000e+00 3.679663000e-02 
1.510121000e+00 1.770009000e+00 1.760347000e-02 
2.246097000e+00 1.692076000e-01 3.298267000e-03 
1.162351000e-01 2.067068000e+00 3.218569000e-02 
7.305691000e-02 1.268457000e+00 1.533827000e+00 
1.710588000e-02 1.861294000e+00 1.013747000e+00 
1.768580000e-01 1.991497000e+00 8.329904000e-02 
1.059508000e-01 1.994850000e-05 2.995915000e+00 
1.448645000e+00 1.563555000e+00 3.830492000e-02 
2.014178000e+00 8.231741000e-01 3.762113000e-02 
6.005841000e-02 2.299329000e+00 1.893647000e-02 
1.017996000e-04 5.627434000e-02 4.926456000e+00 
6.556503000e-03 1.728773000e-01 2.074291000e+00 
7.670433000e-05 5.809128000e-02 6.517648000e+00 
9.660421000e-04 9.179667000e-04 5.645097000e+00 
2.060859000e-01 2.364190000e+00 6.291204000e-03 
1.091334000e+00 1.506074000e-01 1.819030000e+00 
2.069712000e-02 3.100425000e-03 3.203752000e+00 
7.339001000e-03 5.348077000e-02 2.158921000e+00 
1.369527000e+00 2.247810000e-01 1.756286000e+00 
2.071905000e+00 1.628417000e-02 8.109905000e-01 
2.266270000e+00 5.984978000e-02 6.082868000e-03 
1.565059000e-03 2.100030000e-02 3.812441000e+00 
9.425979000e-01 3.276246000e-01 1.848817000e+00 
1.494960000e+00 3.036874000e-02 1.806539000e+00 
1.574775000e-01 7.595089000e+00 5.467950000e-04 
2.305219000e-03 3.048384000e-02 2.310307000e+00 
7.857669000e-03 1.224533000e-01 1.959776000e+00 
4.365022000e-02 1.212213000e+00 1.811107000e+00 
4.291163000e-03 1.454329000e+00 1.205918000e+00 
1.676008000e-03 6.127741000e+00 1.067854000e-01 
1.195090000e+00 9.959845000e-01 1.656192000e+00 
7.763803000e-02 1.350655000e-04 2.691940000e+00 
8.298521000e-02 1.061279000e+00 1.935970000e+00 
1.407067000e+00 2.442112000e-01 1.533808000e+00 
4.499723000e-01 6.993494000e-03 2.229943000e+00 
1.488698000e-03 3.649573000e+00 4.039208000e-01 
6.825561000e-02 2.655958000e+00 2.987678000e-03 
3.301020000e-02 2.158032000e+00 9.554436000e-02 
8.111145000e-03 4.265976000e+00 2.261610000e-01 
3.296478000e-02 5.295315000e-03 2.596468000e+00 
1.064522000e-01 2.014665000e+00 7.653862000e-02 
3.463113000e-02 3.177206000e-05 2.930280000e+00 
1.326480000e-02 3.790092000e-04 6.963523000e+00 
1.830136000e+00 7.596693000e-02 1.341604000e+00 
2.155758000e+00 1.091841000e-01 9.835438000e-03 
3.727034000e-01 1.874321000e-02 2.075858000e+00 
3.911717000e-01 2.059308000e+00 4.166888000e-04 
1.895246000e-01 2.059251000e+00 6.206483000e-02 
2.168453000e+00 3.672291000e-01 1.551384000e-03 
2.961541000e-02 1.035724000e-03 4.655670000e+00 
2.254652000e+00 3.520520000e-02 6.063477000e-02 
1.139123000e+00 1.671295000e+00 2.756138000e-02 
6.973617000e-03 5.258292000e+00 6.359635000e-02 
3.069838000e-02 2.204181000e+00 6.980667000e-01 
6.096585000e-02 1.628047000e-04 2.394548000e+00 
1.691694000e+00 2.813262000e-01 1.319437000e+00 
2.461259000e+00 6.551239000e-03 2.648009000e-01 
2.713448000e+00 7.125943000e-04 2.569167000e-03 
2.620147000e+00 1.714216000e-03 2.656550000e-02 
2.078071000e-03 1.534364000e-02 2.502747000e+00 
1.956323000e+00 3.353255000e-02 8.152199000e-01 
1.094277000e-01 1.414032000e+00 1.376294000e+00 
1.027063000e-02 1.390578000e+00 1.616024000e+00 
1.902736000e+00 3.146284000e-01 1.071014000e+00 
2.082285000e-02 6.097217000e-03 2.573194000e+00 
9.918082000e-01 1.637314000e+00 1.105401000e+00 
1.292031000e-01 1.175928000e+00 1.930475000e+00 
1.528406000e+00 1.826600000e+00 6.562509000e-03 
1.417133000e+00 1.486513000e-01 1.653485000e+00 
1.653276000e+00 1.988848000e-01 1.336168000e+00 
1.096066000e+00 1.319585000e+00 1.394081000e+00 
2.384699000e+00 1.159148000e-01 7.330270000e-04 
1.208851000e+00 1.195376000e+00 1.606254000e+00 
1.358008000e-02 2.421997000e+00 7.378438000e-03 
2.277416000e+00 1.868631000e-01 1.866354000e-03 
1.382452000e+00 2.287021000e-01 1.665778000e+00 
1.561794000e+00 2.263745000e-01 1.410061000e+00 
1.716552000e+00 1.496897000e+00 6.798252000e-04 
1.554393000e+00 2.346475000e-02 1.659175000e+00 
5.847241000e-02 7.916454000e-03 2.149710000e+00 
5.865332000e-02 2.053154000e+00 1.228751000e-01 
2.780821000e-01 4.224034000e-03 2.269132000e+00 

3.103627000e-01 2.213065000e+00 9.850654000e-02 
1.734200000e-03 4.327260000e+00 1.105321000e+00 
1.829047000e-02 1.644361000e+00 1.553009000e+00 
2.070584000e+00 1.535194000e+00 7.675915000e-03 
1.319073000e-01 3.026578000e+00 4.557559000e-03 
1.342475000e+00 1.902896000e+00 6.306881000e-02 
1.281584000e+00 1.368843000e+00 9.520983000e-01 
3.738817000e-01 1.848419000e+00 1.274243000e+00 
1.362349000e+00 6.306542000e-02 1.772712000e+00 
1.674838000e+00 1.224282000e-03 1.481624000e+00 
3.446102000e-01 2.301618000e+00 2.304450000e-02 
8.716954000e-03 2.528119000e+00 3.968073000e-01 
2.076937000e-01 2.958526000e+00 4.000295000e-03 
6.728894000e-05 7.068979000e-06 9.406206000e+00 
1.336214000e-01 2.585105000e+00 1.575753000e-02 
1.892282000e-03 8.153892000e-03 2.536264000e+00 
2.256745000e+00 1.645598000e+00 3.601087000e-03 
1.541449000e-02 1.686987000e+00 1.610310000e+00 
8.690373000e-04 6.723563000e+00 1.404192000e+00 
1.183759000e-02 7.644563000e-02 2.250018000e+00 
7.303804000e-02 2.924641000e+00 1.310103000e-02 
8.943323000e-01 1.102911000e+00 1.967282000e+00 
3.037059000e+00 5.065535000e-02 8.913780000e-03 
4.405630000e-05 4.348140000e-04 6.880289000e+00 
1.286866000e-01 2.651474000e+00 2.223258000e-02 
2.265172000e-03 2.923125000e-01 2.280881000e+00 
9.069456000e-01 9.913442000e-01 1.887735000e+00 
2.642776000e+00 3.416526000e-04 1.745770000e-02 
4.066500000e-02 3.099195000e-02 2.267919000e+00 
1.350361000e+00 1.996702000e+00 5.384999000e-02 
1.041566000e-02 2.316106000e-04 3.172374000e+00 
6.175799000e-02 1.902674000e+00 1.129173000e+00 
1.399844000e+00 1.531663000e-02 1.916462000e+00 
1.648617000e+00 1.811125000e+00 2.716967000e-02 
1.156077000e+00 1.184024000e+00 1.763029000e+00 
3.713919000e+00 1.557168000e-01 4.159014000e-03 
7.294801000e-03 3.289344000e+00 6.462675000e-02 
1.462762000e+00 1.145299000e+00 1.181604000e+00 
1.943408000e-01 2.219461000e+00 3.359495000e-01 
4.200991000e-01 2.834342000e+00 7.814911000e-03 
1.765996000e-01 1.649201000e+00 1.305420000e+00 
1.977570000e+00 1.624583000e+00 5.896210000e-02 
7.207540000e-04 2.204623000e-02 2.288163000e+00 
3.227920000e+00 4.560939000e-02 7.926703000e-03 
9.910127000e-03 7.267896000e-04 5.347439000e+00 
6.817031000e-02 3.632440000e+00 7.246823000e-03 
1.618334000e-01 1.852991000e+00 9.455485000e-01 
1.246654000e-01 1.868619000e+00 9.449234000e-01 
2.234480000e+00 1.758844000e-02 1.443357000e-01 
2.445018000e+00 5.801018000e-03 3.414763000e-01 
2.592971000e+00 3.579506000e-01 1.556154000e-03 
1.372991000e-02 4.937250000e-03 3.003204000e+00 
2.239539000e+00 2.985207000e-01 4.845845000e-02 
3.643929000e-03 2.080880000e+00 1.120148000e+00 
2.480166000e+00 1.247866000e-01 1.322623000e-02 
5.067625000e-04 2.868571000e-01 2.352675000e+00 
3.920796000e-01 2.686520000e+00 1.132065000e-02 
3.685493000e+00 6.360931000e-01 1.481823000e-03 
3.869619000e-02 2.251403000e+00 2.779552000e-02 
3.513101000e-01 8.830131000e-03 2.469929000e+00 
1.175218000e-02 3.287053000e+00 3.722902000e-01 
5.125150000e+00 1.453113000e-01 1.721991000e-03 
3.920148000e-01 2.571937000e+00 1.292006000e-02 
1.341603000e-03 5.994762000e-03 3.576756000e+00 
7.015713000e-01 3.692152000e+00 1.943611000e-03 
3.831836000e+00 5.706684000e-01 1.492431000e-03 
1.875769000e-02 6.307127000e-02 2.179213000e+00 
3.251169000e+00 2.424561000e-01 6.446477000e-03 
2.048935000e+00 1.646735000e+00 1.549517000e-02 
1.636838000e+00 2.178804000e+00 3.241867000e-02 
4.513218000e-03 4.957178000e+00 9.272922000e-01 
1.902630000e+00 3.113291000e-01 9.713126000e-01 
1.237170000e+00 1.090725000e+00 1.619900000e+00 
2.429105000e-03 3.038817000e+00 1.668011000e+00 
2.537220000e+00 1.040250000e-01 1.978024000e-02 
1.574858000e+00 2.368620000e+00 2.027171000e-02 
1.397699000e-02 2.731768000e+00 1.866324000e-01 
2.598639000e+00 9.269975000e-02 1.536935000e-02 
1.891195000e-04 8.250861000e-03 2.562378000e+00 
1.031709000e-01 3.033298000e+00 8.730774000e-03 
1.631481000e+00 1.376169000e+00 2.808240000e-01 
1.421870000e+00 1.998018000e+00 3.340331000e-02 
3.373330000e+00 1.458618000e-01 6.438418000e-03 
1.125035000e+00 1.191537000e+00 1.769675000e+00 
9.968528000e-01 1.002539000e+00 1.856996000e+00 
1.022795000e-02 1.908186000e+00 1.799238000e+00 
9.448974000e-02 3.537229000e-03 3.128748000e+00 
1.182308000e-02 7.463601000e-03 2.930168000e+00 
2.462427000e+00 8.554950000e-02 2.837492000e-02 
1.657333000e+00 1.541823000e+00 2.570231000e-01 
1.125073000e-01 1.685562000e+00 1.345828000e+00 
1.254255000e-01 4.109151000e+00 7.099892000e-03 
2.854202000e-01 2.383916000e+00 2.729245000e-02 
1.617134000e+00 1.742492000e+00 7.129900000e-02 
1.288094000e+00 9.800728000e-01 1.531558000e+00 
1.701399000e-02 2.899140000e+00 1.713860000e-02 
8.549549000e-01 2.938923000e+00 3.450112000e-03 
2.582638000e+00 3.557591000e-01 2.742161000e-03 
9.016808000e-01 1.334170000e+00 1.525921000e+00 
1.903061000e-02 3.256699000e+00 9.366391000e-03 
2.333525000e+00 4.306723000e-02 3.959707000e-02 
3.453343000e-02 1.824831000e+00 1.401585000e+00 
2.306368000e+00 4.705051000e-02 5.567053000e-02 
5.951352000e-02 2.879484000e+00 1.692580000e-02 
1.277885000e+00 1.003407000e+00 1.822026000e+00 
8.994405000e-01 9.845890000e-01 1.895315000e+00 
6.961355000e-04 2.719637000e-01 2.300097000e+00 
1.616166000e+00 1.603509000e+00 7.741340000e-02 
1.438369000e-01 2.780825000e+00 1.517559000e-02 
2.280084000e+00 1.672860000e-01 1.604181000e-02 
2.271500000e+00 1.136666000e-02 3.931548000e-01 
1.212477000e+00 1.199494000e+00 1.522963000e+00 
1.343168000e-01 1.718894000e-02 2.446137000e+00 
4.618706000e-01 2.565285000e+00 6.082170000e-03 
1.284444000e-01 1.422714000e+00 1.697326000e+00 
1.101715000e+00 8.694160000e-01 1.859266000e+00 
1.308938000e+00 9.640412000e-01 1.533513000e+00 
9.152415000e-01 1.006294000e+00 1.842148000e+00 
3.288430000e-01 2.510335000e+00 1.509882000e-02 
1.098956000e+00 8.170377000e-01 1.914894000e+00 
1.769270000e+00 4.105888000e-02 9.878905000e-01 
7.398581000e-03 1.311290000e+00 1.857124000e+00 
1.116523000e-01 1.433416000e+00 1.685943000e+00 
9.178494000e-01 9.306825000e-01 1.913253000e+00 
1.312890000e+00 1.063351000e+00 1.466899000e+00 
2.083893000e+00 2.530313000e-01 6.205236000e-02 
1.877588000e+00 2.215376000e-01 9.747788000e-01 
1.854924000e-02 2.633004000e+00 4.710355000e-02 
1.373002000e+00 1.542790000e+00 8.399635000e-02 
1.792068000e+00 1.762077000e+00 2.171771000e-03 
2.359372000e+00 1.417612000e-01 1.377709000e-02 
1.511018000e+00 2.783943000e-02 1.450889000e+00 
1.979096000e+00 1.294834000e+00 1.195843000e-01 
1.291833000e+00 8.684590000e-02 1.697464000e+00 
1.834420000e+00 1.289160000e+00 1.560718000e-01 
1.674110000e+00 1.334929000e+00 7.343345000e-02 

