1.062347000e+00 7.329598000e-01 1.245894000e+00 
8.975901000e-03 2.475234000e+00 2.357114000e-02 
1.294332000e+00 1.186036000e+00 1.396886000e-02 
2.110512000e-01 2.073259000e+00 1.314003000e-03 
2.139267000e+00 4.859401000e-04 3.724379000e-02 
1.027335000e+00 1.524084000e+00 1.804360000e-03 
3.880953000e-03 1.783588000e+00 4.137617000e-01 
1.226798000e+00 1.093631000e+00 2.054121000e-02 
2.819013000e-02 1.712582000e+00 1.898033000e-02 
7.253391000e-01 7.785072000e-01 1.192234000e+00 
7.457060000e-01 1.037005000e+00 1.134050000e+00 
7.948145000e-01 9.384739000e-01 1.093641000e+00 
1.680389000e+00 7.508066000e-02 3.869017000e-02 
3.448736000e-02 9.273420000e-01 1.503705000e+00 
1.531261000e+00 1.231950000e-01 6.709176000e-01 
1.982382000e+00 5.387881000e-03 6.659107000e-03 
1.321387000e+00 6.375692000e-02 1.124334000e+00 
1.334094000e+00 4.070437000e-03 1.211999000e+00 
1.095819000e+00 3.539366000e-03 1.459653000e+00 
1.785711000e+00 3.628949000e-02 6.151289000e-03 
4.383787000e-04 1.134691000e+00 1.741063000e+00 
6.719076000e-01 1.730333000e+00 2.295185000e-04 
5.736711000e-01 6.011998000e-01 1.462728000e+00 
9.627711000e-02 1.668725000e+00 2.676737000e-02 
1.175596000e+00 1.107630000e+00 5.209233000e-02 
1.783598000e-01 1.842683000e+00 7.536669000e-03 
1.500240000e-02 2.470125000e+00 3.517924000e-03 
7.402931000e-04 2.162183000e+00 3.947870000e-02 
1.755438000e+00 6.984134000e-02 3.583366000e-03 
6.926490000e-01 1.636424000e+00 3.132082000e-02 
1.172485000e+00 1.782434000e-01 1.055531000e+00 
6.650005000e-01 1.571138000e+00 5.901739000e-02 
1.305515000e+00 1.484565000e-01 1.062164000e+00 
1.154008000e-04 1.848653000e+00 6.101887000e-02 
1.915011000e+00 9.036560000e-02 4.198176000e-04 
1.688904000e-02 1.323100000e+00 1.204429000e+00 
1.174394000e+00 1.066448000e+00 8.014574000e-01 
7.762762000e-02 2.318696000e+00 5.397774000e-03 
1.046398000e-02 2.597583000e+00 2.093876000e-02 
5.922915000e-01 1.191171000e+00 1.188224000e+00 
3.621706000e-04 8.567244000e-03 1.774076000e+00 
1.569470000e+00 6.248354000e-02 7.026833000e-01 
4.816552000e-05 3.908182000e-04 2.046646000e+00 
1.038796000e-01 4.942421000e+00 4.928849000e-06 
2.371853000e-02 1.680085000e+00 6.937786000e-01 
2.612843000e-01 1.664501000e+00 3.321991000e-02 
1.875099000e-04 1.538132000e-03 1.809666000e+00 
1.178736000e+00 1.419660000e+00 1.448237000e-02 
7.521927000e-01 9.783533000e-01 1.070457000e+00 
7.701145000e-01 1.526984000e+00 2.866616000e-02 
9.948933000e-01 4.487141000e-02 1.322190000e+00 
2.743166000e-02 3.006341000e+00 1.470656000e-03 
1.514135000e+00 3.451203000e-01 8.703366000e-01 
1.405753000e+00 5.921559000e-03 1.014786000e+00 
5.868313000e-02 1.707986000e+00 8.036047000e-02 
7.084821000e-03 1.352042000e+00 1.647982000e+00 
9.318207000e-01 1.362215000e+00 3.426765000e-02 
1.674692000e+00 1.757534000e-02 6.670922000e-01 
8.260034000e-01 1.631772000e+00 2.846055000e-02 
2.545672000e-01 3.978675000e-02 1.559627000e+00 
1.256017000e-01 4.510314000e+00 6.052033000e-04 
4.043463000e-02 1.209305000e+00 1.305915000e+00 
9.972885000e-02 8.704181000e-01 1.462280000e+00 
1.500870000e+00 5.854993000e-03 9.255940000e-01 
1.517622000e-01 1.307510000e+00 1.062565000e+00 
1.289230000e+00 4.991840000e-02 1.244963000e+00 
2.525519000e-02 1.056317000e+00 1.455139000e+00 
8.601791000e-06 4.096035000e-04 4.025180000e+00 
9.396864000e-02 1.019348000e-02 1.614647000e+00 
6.366314000e-02 8.724001000e-01 1.450020000e+00 
1.367656000e+00 4.526945000e-02 9.459828000e-01 
1.525972000e+00 2.861810000e-01 6.989074000e-01 
1.602318000e+00 1.128433000e-02 7.104721000e-01 
2.681138000e-03 1.839710000e+00 5.864320000e-02 
7.350651000e-02 1.366329000e+00 9.843988000e-01 
8.256890000e-01 4.130954000e-02 1.541256000e+00 
1.402373000e+00 3.834543000e-03 1.263866000e+00 
1.268355000e+00 1.211192000e+00 1.794105000e-02 
9.992160000e-01 9.107059000e-03 1.554158000e+00 
1.301941000e+00 6.457459000e-03 1.182773000e+00 
1.253893000e-02 2.937532000e+00 8.180541000e-03 
1.961936000e-03 4.172293000e-05 1.933539000e+00 
3.994291000e-02 7.975622000e-01 1.526273000e+00 
1.563517000e+00 1.909207000e-01 4.475405000e-02 
4.430437000e-02 9.614661000e-01 1.341867000e+00 
6.211361000e-01 6.788568000e-01 1.453437000e+00 
1.213485000e+00 1.300296000e+00 7.457924000e-03 
1.644664000e+00 1.224814000e-01 3.820827000e-03 
5.257208000e-05 2.974460000e-03 1.822581000e+00 
4.153576000e-02 1.702631000e+00 1.427677000e-01 
1.608818000e+00 4.732140000e-01 4.068286000e-02 
7.964411000e-01 1.477327000e+00 1.366150000e-01 
1.542268000e+00 2.432048000e-01 6.025374000e-01 
2.821513000e+00 1.836126000e-01 2.272096000e-04 
1.422200000e+00 1.213454000e+00 8.865693000e-03 
1.948356000e-02 2.166908000e+00 1.863226000e-02 
6.171678000e-01 1.162851000e+00 1.187460000e+00 
2.745351000e-01 1.450628000e+00 5.801748000e-01 
7.832918000e-02 2.179811000e+00 3.513521000e-03 
5.790872000e-02 2.485101000e-01 1.596985000e+00 
1.037542000e+00 1.225073000e+00 1.449001000e-01 
2.653523000e-02 1.451477000e+00 1.065491000e+00 
1.601539000e+00 1.381060000e-02 6.848921000e-01 
1.992386000e-02 1.087397000e+00 1.424203000e+00 
1.170482000e+00 1.372645000e+00 2.405283000e-02 
1.222191000e+00 1.305290000e+00 7.108959000e-03 
1.599178000e+00 1.637742000e-01 1.220769000e-01 
1.416518000e-02 8.374061000e-01 1.560609000e+00 
9.691668000e-01 1.429065000e+00 2.432035000e-02 
1.783446000e+00 1.424034000e-02 8.237021000e-02 
2.485462000e-02 1.912019000e+00 1.239584000e-02 
6.553358000e-01 1.164578000e+00 1.166607000e+00 
1.084258000e+00 4.442463000e-03 1.398254000e+00 
9.065357000e-02 1.206386000e+00 1.098704000e+00 
1.827199000e-02 1.888405000e+00 2.236174000e-02 
1.021132000e+00 1.497994000e+00 7.411119000e-03 
5.944259000e-01 1.857144000e+00 1.537108000e-04 
2.521259000e-02 1.796490000e+00 9.250514000e-03 
8.529999000e-01 1.681388000e+00 2.230307000e-02 
1.203872000e+00 1.085827000e+00 6.812528000e-01 
2.906423000e-01 1.573508000e+00 3.721216000e-02 
2.008652000e+00 8.904737000e-04 1.895086000e-01 
6.598792000e-01 5.662334000e-01 1.531348000e+00 
1.068077000e+00 1.257162000e+00 1.041169000e-01 
2.147816000e+00 1.215821000e-04 2.013046000e-02 
3.576216000e-03 1.810762000e+00 4.301897000e-01 
1.180035000e+00 1.270509000e+00 2.460534000e-02 
2.865127000e-01 2.757604000e-02 1.611723000e+00 
1.693403000e+00 1.106696000e+00 2.675086000e-03 
1.376943000e-03 1.843612000e+00 1.579793000e-01 
1.707927000e+00 9.058011000e-02 5.000239000e-03 
1.448769000e+00 1.079042000e+00 2.277690000e-02 
3.100001000e-02 1.115663000e+00 1.401736000e+00 
1.049754000e+00 3.028033000e-02 1.391298000e+00 
4.149969000e-02 1.208816000e+00 1.284878000e+00 
3.451682000e-02 8.995616000e-01 1.481712000e+00 
4.307123000e-03 3.593999000e-04 1.700982000e+00 
1.407043000e-02 1.062681000e+00 1.488647000e+00 
2.518378000e-01 1.204646000e+00 1.134544000e+00 
1.765866000e-02 2.047267000e-04 1.729022000e+00 
1.730950000e+00 4.944379000e-02 3.519394000e-02 
1.226284000e+00 8.495430000e-02 1.114364000e+00 
1.491006000e+00 9.968636000e-01 4.027241000e-03 
1.157455000e+00 1.207428000e+00 7.338712000e-02 
1.008044000e-02 1.386473000e+00 1.317338000e+00 
1.851134000e+00 2.823482000e-03 4.826604000e-02 
1.279718000e-01 1.808220000e+00 9.223149000e-03 
6.338025000e-02 1.218955000e+00 1.131507000e+00 
3.042480000e-01 1.500117000e+00 5.357711000e-01 
5.955022000e-02 1.703813000e+00 1.132384000e-01 
7.127413000e-01 4.686377000e-01 1.407355000e+00 
1.787280000e+00 7.227026000e-02 1.922450000e-03 
1.963270000e-01 7.629017000e-01 1.560781000e+00 
2.007141000e-01 8.726663000e-01 1.436107000e+00 
1.987240000e+00 2.846005000e-02 5.018319000e-04 
1.297033000e+00 1.308293000e-01 1.101084000e+00 
8.197535000e-01 9.467432000e-02 1.498691000e+00 
7.984031000e-01 1.095138000e-01 1.510442000e+00 
2.285413000e-01 1.481646000e+00 6.072390000e-01 
1.135296000e-01 8.283740000e-01 1.505287000e+00 
3.279505000e-01 1.601028000e+00 3.362214000e-02 
9.491572000e-01 8.387449000e-01 1.069001000e+00 
1.466817000e+00 9.798204000e-01 1.121640000e-01 
1.737528000e+00 2.271430000e-02 1.133336000e-02 
1.386274000e+00 1.023373000e+00 5.856668000e-02 
1.170031000e+00 1.283040000e+00 5.368603000e-02 
5.333050000e-01 7.835633000e-01 1.442884000e+00 
4.024426000e-03 1.823200000e+00 2.909652000e-02 
3.058733000e-02 1.351239000e+00 9.909015000e-01 
1.005147000e-01 1.560707000e+00 4.918581000e-01 
5.001140000e-02 1.328930000e+00 1.177648000e+00 
8.573930000e-03 1.091739000e+00 1.517299000e+00 
2.171405000e-02 1.598590000e+00 6.973721000e-01 
5.212420000e-02 1.539720000e+00 7.228289000e-01 
2.891850000e-02 1.412317000e+00 1.172954000e+00 
1.211805000e+00 3.299703000e-03 1.436036000e+00 
1.226974000e+00 1.084596000e+00 3.275164000e-02 
4.371979000e-02 9.367128000e-01 1.362217000e+00 
1.075352000e+00 1.987721000e-02 1.427772000e+00 
1.483746000e+00 9.729838000e-01 3.720061000e-02 
8.434450000e-01 6.239233000e-01 1.351563000e+00 
2.502212000e-01 1.316872000e+00 9.145916000e-01 
7.642750000e-01 8.947746000e-01 1.119652000e+00 
1.298879000e+00 1.157428000e+00 1.160065000e-02 
1.658946000e+00 7.939035000e-02 1.848022000e-02 
1.516055000e+00 1.763683000e-01 7.496617000e-01 
1.600624000e+00 1.610478000e-01 1.257606000e-01 
1.208388000e+00 8.388319000e-01 7.412133000e-01 
1.547756000e+00 6.980771000e-02 6.089480000e-01 
8.717335000e-01 2.687494000e-02 1.420668000e+00 
2.643465000e-02 1.570495000e+00 4.608742000e-01 
2.740016000e-01 1.567451000e+00 1.227276000e-01 
9.688482000e-01 8.355528000e-01 1.154893000e+00 
1.684272000e+00 3.169941000e-02 4.495669000e-02 
6.806802000e-02 1.617931000e+00 1.030281000e-01 
1.203192000e+00 1.235765000e+00 7.982314000e-03 
1.217472000e+00 1.165772000e+00 4.952523000e-02 
7.718624000e-02 1.307722000e+00 1.089793000e+00 
7.575765000e-03 8.641695000e-03 1.623708000e+00 

1.520110000e+00 5.912510000e-01 1.905612000e-01 
7.563183000e-01 1.063965000e+00 1.222264000e+00 
1.158892000e-02 1.013948000e+00 1.272399000e+00 
2.335012000e-03 1.131282000e+00 1.527648000e+00 
1.301420000e-02 3.598178000e-01 1.667258000e+00 
1.118858000e+00 2.304058000e-03 1.353355000e+00 
1.916107000e+00 1.207861000e-02 8.916068000e-03 
1.331954000e+00 1.305424000e-03 1.342233000e+00 
1.143089000e+00 1.114247000e+00 1.855374000e-01 
9.254988000e-01 1.905142000e-02 1.364958000e+00 
1.121109000e+00 1.523430000e-02 1.344157000e+00 
1.724035000e-01 1.670739000e+00 2.202567000e-03 
1.886438000e-03 3.889293000e-06 1.945847000e+00 
8.890834000e-01 1.884002000e-01 1.324059000e+00 
1.283504000e-01 1.192135000e+00 1.077575000e+00 
1.229178000e+00 1.079071000e+00 4.244402000e-03 
1.715983000e-02 2.350865000e+00 1.021514000e-03 
1.499837000e+00 7.428628000e-01 9.430451000e-02 
7.143076000e-02 2.380718000e+00 8.170179000e-04 
2.142151000e+00 2.280233000e-01 6.034394000e-04 
6.514241000e-01 6.914563000e-01 1.347020000e+00 
1.638505000e+00 9.990579000e-04 1.591271000e+00 
1.459799000e+00 1.000703000e+00 3.625755000e-02 
7.413490000e-01 3.674106000e-01 1.470424000e+00 
1.608860000e+00 1.033319000e-01 1.537792000e-02 
1.552434000e+00 5.210363000e-02 6.312829000e-01 
1.315086000e-01 1.199770000e+00 1.047884000e+00 
4.054904000e-02 8.396802000e-01 1.423030000e+00 
1.254162000e-01 1.201198000e+00 1.039796000e+00 
1.300149000e+00 3.150462000e-01 9.472192000e-01 
9.856601000e-02 1.545129000e+00 5.482492000e-01 
4.032646000e-01 2.098462000e+00 3.848015000e-04 
2.316345000e-02 9.724039000e-01 1.486806000e+00 
1.925266000e-02 1.548419000e+00 7.381987000e-01 
1.672184000e-03 1.686294000e-02 1.752663000e+00 
3.194519000e-04 1.458578000e-01 1.818607000e+00 
2.489912000e+00 3.946161000e-03 7.222181000e-04 
2.177298000e+00 3.953373000e-02 4.656459000e-03 
2.341504000e+00 1.444646000e-02 2.566954000e-03 
9.499238000e-01 5.060370000e-01 1.234718000e+00 
9.224335000e-01 4.595001000e-03 1.381752000e+00 
1.684251000e-03 1.746104000e+00 4.077154000e-02 
1.919489000e-02 1.612661000e+00 7.448051000e-01 
8.622277000e-02 1.637515000e+00 3.612677000e-02 
1.296029000e+00 5.364963000e-01 9.402242000e-01 
6.352084000e-02 1.611626000e+00 7.010646000e-01 
7.027266000e-02 1.461053000e+00 6.561639000e-01 
3.441847000e-02 1.170380000e+00 1.137632000e+00 
1.513235000e-03 7.261963000e-01 1.690891000e+00 
1.065727000e+00 9.306280000e-01 1.008838000e+00 
6.080278000e-02 1.746299000e+00 8.336235000e-03 
1.174871000e+00 1.141121000e+00 8.043684000e-02 
2.059764000e+00 3.850490000e-03 1.258109000e-02 
3.207538000e-03 1.511012000e+00 1.210663000e+00 
1.160934000e+00 1.198151000e+00 8.469802000e-02 
1.533044000e+00 7.512998000e-01 5.579599000e-02 
2.193955000e-02 5.451144000e-04 1.900758000e+00 
8.311331000e-01 8.175002000e-01 1.194878000e+00 
1.303010000e+00 1.985373000e-03 1.237987000e+00 
6.397469000e-02 1.526719000e+00 7.114803000e-01 
9.110142000e-02 1.492401000e+00 5.511509000e-01 
5.053430000e-02 1.235681000e+00 1.036874000e+00 
1.919489000e-02 1.612661000e+00 7.448051000e-01 
1.574775000e-01 7.595089000e+00 5.467950000e-04 
6.741256000e-02 1.537997000e+00 6.849509000e-01 
3.204243000e-02 9.011840000e-01 1.508351000e+00 
1.570266000e+00 3.371360000e-02 7.226881000e-01 
4.291163000e-03 1.454329000e+00 1.205918000e+00 
1.676008000e-03 6.127741000e+00 1.067854000e-01 
1.648738000e+00 3.305115000e-02 7.519101000e-01 
1.842480000e-03 1.732028000e+00 1.093926000e-02 
1.193949000e+00 1.236555000e+00 5.908465000e-02 
1.387475000e-01 1.686235000e+00 9.426929000e-03 
3.846162000e-01 2.316316000e-03 1.738160000e+00 
1.488698000e-03 3.649573000e+00 4.039208000e-01 
1.887638000e+00 1.273385000e-02 4.327958000e-02 
1.540200000e-02 3.918335000e-01 1.636397000e+00 
3.926768000e-01 2.352085000e-03 1.737025000e+00 
8.030773000e-01 7.524556000e-01 1.253388000e+00 
5.612466000e-02 1.132262000e+00 1.190756000e+00 
1.102379000e-03 7.456286000e-03 1.807948000e+00 
3.301647000e-01 1.485989000e+00 3.066683000e-02 
1.102445000e+00 1.266301000e+00 5.587321000e-02 
1.542078000e+00 8.308345000e-01 8.245823000e-03 
8.295190000e-02 1.653761000e+00 2.634336000e-01 
3.911717000e-01 2.059308000e+00 4.166888000e-04 
2.037707000e+00 3.572422000e-03 7.111219000e-02 
1.120847000e+00 1.200063000e+00 2.341700000e-01 
1.036263000e+00 1.128391000e+00 8.104583000e-01 
3.080531000e-01 1.964939000e-03 1.801905000e+00 
1.871212000e+00 5.483606000e-02 2.429322000e-03 
1.114214000e+00 1.087366000e+00 6.716717000e-01 
6.438464000e-02 1.553826000e+00 5.687941000e-01 
3.831248000e-01 1.473099000e-01 1.580297000e+00 
1.148342000e-01 1.133155000e-01 1.669287000e+00 
1.558257000e+00 3.767724000e-02 8.234726000e-01 
2.713448000e+00 7.125943000e-04 2.569167000e-03 
2.620147000e+00 1.714216000e-03 2.656550000e-02 
1.946438000e+00 8.327809000e-03 6.814957000e-01 
4.999879000e-01 6.386421000e-01 1.468649000e+00 
7.521356000e-02 1.658827000e+00 8.649445000e-02 
1.407962000e+00 9.065081000e-01 1.402126000e-01 
1.220276000e+00 2.574266000e-01 1.059812000e+00 
1.144228000e+00 4.328555000e-03 1.134783000e+00 
1.320189000e+00 7.659370000e-02 1.085640000e+00 
1.483757000e+00 2.554768000e-01 6.207221000e-01 
1.834849000e+00 1.484167000e-02 1.224914000e-01 
1.817071000e+00 8.098690000e-03 1.074152000e+00 
1.189846000e+00 1.278971000e+00 2.885402000e-03 
1.469088000e-02 3.540879000e-01 1.655918000e+00 
2.384699000e+00 1.159148000e-01 7.330270000e-04 
7.699250000e-01 1.640870000e-01 1.424237000e+00 
1.358008000e-02 2.421997000e+00 7.378438000e-03 
2.277416000e+00 1.868631000e-01 1.866354000e-03 
1.108387000e-01 1.752363000e+00 1.974505000e-03 
1.475670000e+00 8.121683000e-01 2.244136000e-01 
1.716552000e+00 1.496897000e+00 6.798252000e-04 
3.956753000e-02 1.383731000e+00 1.013518000e+00 
1.161984000e-02 1.617893000e+00 7.037443000e-01 
1.130486000e+00 6.004758000e-02 1.261569000e+00 
9.765916000e-01 4.740010000e-01 1.244427000e+00 
1.535148000e+00 1.122273000e-01 1.408542000e-01 
1.647631000e+00 2.141973000e-02 8.549252000e-01 
1.504781000e+00 1.499520000e+00 1.714949000e-03 
8.139119000e-01 7.641433000e-01 1.241624000e+00 
9.227167000e-01 9.724256000e-02 1.376785000e+00 
8.393009000e-02 1.155732000e+00 1.135135000e+00 
1.120503000e+00 5.568343000e-01 1.068412000e+00 
1.605116000e+00 4.398238000e-02 6.620209000e-01 
1.166140000e+00 1.137912000e+00 1.854604000e-01 
1.525856000e-01 5.685791000e-03 1.682076000e+00 
2.133033000e+00 1.183304000e-03 4.849526000e-02 
4.609181000e-02 1.686581000e+00 2.245435000e-02 
1.599159000e-01 1.110530000e+00 1.121951000e+00 
1.660665000e+00 1.557637000e-02 1.241827000e-02 
2.136655000e+00 1.187572000e-02 9.920069000e-03 
1.649954000e+00 6.064348000e-01 9.180916000e-03 
4.106012000e-02 5.471855000e-03 1.899297000e+00 
6.278911000e-01 7.250352000e-01 1.348260000e+00 
1.584749000e+00 8.141146000e-01 3.929359000e-02 
5.101432000e-04 7.479508000e-05 1.934879000e+00 
3.349844000e-04 2.192214000e-03 1.919607000e+00 
9.123835000e-02 1.649641000e+00 2.198210000e-02 
1.826610000e+00 1.797162000e-02 1.230837000e-02 
9.308777000e-03 1.023509000e+00 1.353216000e+00 
1.192177000e+00 3.856660000e-03 1.190886000e+00 
7.801200000e-01 8.691237000e-01 1.184826000e+00 
1.655954000e+00 4.388061000e-02 7.217335000e-01 
1.410210000e+00 5.252096000e-02 1.083295000e+00 
1.540069000e+00 3.242377000e-02 1.131658000e+00 
1.138490000e+00 9.891944000e-01 7.945889000e-01 
9.135446000e-01 1.032440000e+00 1.081956000e+00 
9.337164000e-04 3.332063000e-02 1.694322000e+00 
5.035955000e-02 1.792295000e+00 6.106996000e-03 
1.132680000e-01 1.266009000e-01 1.668479000e+00 
1.073236000e+00 9.195064000e-01 1.021778000e+00 
2.705280000e-05 1.032185000e-02 1.979555000e+00 
1.671351000e-02 1.210365000e+00 1.049758000e+00 
1.324954000e+00 2.076371000e-01 9.883647000e-01 
1.387747000e-01 1.667691000e+00 9.415840000e-03 
1.390414000e+00 6.325518000e-01 6.712165000e-01 
1.202383000e+00 1.048890000e+00 1.380218000e-01 
1.179828000e-02 1.704574000e+00 1.022224000e-01 
6.335248000e-01 5.793070000e-01 1.360365000e+00 
1.625104000e-02 1.920303000e+00 5.564949000e-03 
2.120121000e-01 1.538695000e+00 2.033026000e-03 
1.260406000e+00 1.173528000e-01 1.116969000e+00 
2.518365000e-02 2.673819000e-01 1.643536000e+00 
9.893419000e-01 1.073098000e-01 1.261804000e+00 
1.763343000e+00 5.156615000e-02 8.222482000e-03 
9.914186000e-03 1.289508000e-01 1.684874000e+00 
1.685296000e+00 6.322986000e-02 5.898110000e-03 
1.172736000e+00 9.713920000e-01 8.166266000e-01 
1.458764000e+00 3.383450000e-02 1.042531000e+00 
7.185604000e-03 1.056058000e+00 1.680279000e+00 
8.845798000e-01 7.623889000e-01 1.158569000e+00 
2.094714000e-01 1.555026000e+00 1.026270000e-02 
1.116668000e+00 1.153714000e+00 2.431171000e-01 
8.203698000e-01 1.500345000e-01 1.392860000e+00 
1.209503000e+00 2.263351000e-01 1.105629000e+00 
1.821444000e-01 1.323207000e+00 9.845691000e-01 

5.296693000e-02 1.889795000e+00 3.656916000e-03 
1.734200000e-03 4.327260000e+00 1.105321000e+00 
9.703015000e-01 2.794701000e-02 1.570720000e+00 
1.642936000e-01 1.380212000e+00 1.046851000e+00 
1.516372000e+00 9.455469000e-01 1.836739000e-01 
1.046320000e+00 8.164439000e-01 1.277077000e+00 
2.630969000e-03 9.564547000e-05 1.852569000e+00 
1.091492000e-01 1.027250000e+00 1.335142000e+00 
8.849747000e-04 3.010764000e-02 1.852675000e+00 
1.447328000e-01 1.416867000e+00 1.077084000e+00 
2.074302000e+00 1.520724000e-01 3.635694000e-03 
1.709249000e+00 2.074856000e-01 1.063969000e-01 
3.291405000e-03 2.054782000e+00 1.122505000e-01 
6.728894000e-05 7.068979000e-06 9.406206000e+00 
1.450879000e+00 1.078469000e+00 1.117869000e-01 
1.662937000e+00 1.372426000e-01 4.564418000e-01 
6.055669000e-01 7.145377000e-01 1.556038000e+00 
1.155709000e-01 1.128079000e+00 1.315294000e+00 
8.690373000e-04 6.723563000e+00 1.404192000e+00 
1.593080000e-01 1.390255000e+00 1.095719000e+00 
9.752179000e-01 8.631451000e-01 1.169053000e+00 
1.114644000e+00 1.502007000e+00 1.374578000e-02 
1.893830000e-03 4.300927000e-02 1.761889000e+00 
4.405630000e-05 4.348140000e-04 6.880289000e+00 
1.189317000e+00 9.411766000e-01 8.900284000e-01 
7.392653000e-01 6.946624000e-01 1.312139000e+00 
8.529385000e-01 9.782422000e-01 1.177035000e+00 
2.642776000e+00 3.416526000e-04 1.745770000e-02 
1.715941000e+00 3.805657000e-02 3.426606000e-01 
2.223708000e+00 4.734031000e-03 6.204004000e-03 
9.342913000e-01 9.668167000e-01 1.155119000e+00 
1.023005000e+00 8.173015000e-01 1.294613000e+00 
1.101096000e+00 1.376045000e-01 1.421813000e+00 
4.213696000e-02 3.735048000e-03 1.730807000e+00 
3.875659000e-02 9.890143000e-01 1.461580000e+00 
1.022023000e+00 9.944940000e-03 1.640740000e+00 
9.079161000e-02 1.708944000e+00 5.891686000e-02 
9.314460000e-01 1.284029000e+00 8.585406000e-01 
2.938010000e-02 1.900442000e+00 5.011785000e-02 
3.965207000e-02 1.199917000e+00 1.199567000e+00 
1.053830000e+00 1.118100000e+00 8.838967000e-01 
9.433570000e-01 8.632072000e-01 1.144525000e+00 
1.901411000e+00 1.797434000e-03 9.222271000e-03 
1.295573000e+00 1.207837000e+00 2.548182000e-04 
3.126008000e-02 2.086487000e+00 9.263039000e-04 
1.845383000e+00 1.675504000e-02 1.381207000e-01 
1.059061000e-02 2.171027000e+00 2.553769000e-02 
2.522893000e-01 1.634836000e+00 4.085374000e-01 
6.366850000e-01 7.462769000e-01 1.457120000e+00 
1.432868000e+00 1.058804000e+00 3.309842000e-01 
2.592971000e+00 3.579506000e-01 1.556154000e-03 
1.388036000e+00 1.198618000e+00 8.403968000e-02 
2.177551000e-01 1.709594000e+00 5.294670000e-02 
5.337624000e-02 9.288666000e-01 1.450536000e+00 
1.258666000e+00 1.800431000e+00 3.265459000e-03 
1.351191000e+00 8.939233000e-01 9.269079000e-01 
2.144918000e-01 1.701248000e+00 5.600588000e-02 
3.685493000e+00 6.360931000e-01 1.481823000e-03 
1.054014000e+00 8.380439000e-01 1.252602000e+00 
1.170990000e+00 1.051052000e-02 1.464875000e+00 
1.225401000e+00 6.087706000e-03 1.294119000e+00 
5.125150000e+00 1.453113000e-01 1.721991000e-03 
1.588107000e-02 1.985308000e+00 5.083400000e-02 
3.106128000e-02 2.182659000e+00 2.093716000e-05 
1.069902000e+00 7.595183000e-01 1.165174000e+00 
3.831836000e+00 5.706684000e-01 1.492431000e-03 
8.046804000e-01 8.549238000e-01 1.207741000e+00 
1.777585000e+00 3.355351000e-02 3.775320000e-02 
1.300691000e+00 1.202960000e+00 1.824348000e-01 
9.114688000e-01 3.808151000e-02 1.467783000e+00 
1.363463000e+00 1.162143000e+00 1.206279000e-01 
9.793159000e-04 2.188255000e-02 1.888596000e+00 
4.465412000e-02 9.107642000e-01 1.492126000e+00 
2.429105000e-03 3.038817000e+00 1.668011000e+00 
1.972964000e-05 8.817257000e-04 2.096404000e+00 
4.812946000e-02 2.770445000e-04 1.784157000e+00 
1.522738000e-01 2.040974000e+00 2.476275000e-03 
7.523611000e-01 4.956959000e-01 1.531195000e+00 
1.735431000e+00 4.523530000e-04 9.637471000e-01 
1.328899000e+00 1.187320000e+00 1.198780000e-01 
1.153411000e+00 1.002848000e+00 8.679907000e-01 
4.723469000e-02 1.807131000e+00 6.502910000e-03 
1.918710000e-02 1.217856000e+00 1.401978000e+00 
2.810368000e-03 9.263294000e-01 1.509857000e+00 
2.124999000e+00 1.025881000e-03 9.803959000e-03 
8.606566000e-02 1.417492000e+00 1.148421000e+00 
1.541973000e+00 2.745491000e-02 8.411466000e-01 
3.226826000e-02 1.916841000e+00 4.740887000e-02 
2.102937000e-04 4.482849000e-03 2.030016000e+00 
1.661300000e+00 1.006596000e+00 5.620205000e-02 
1.420525000e+00 8.191315000e-04 1.229394000e+00 
1.031389000e+00 1.412933000e-02 1.638395000e+00 
8.510705000e-02 1.034647000e+00 1.409968000e+00 
1.691505000e+00 5.279208000e-02 4.014644000e-01 
4.982724000e-02 1.821048000e+00 5.263995000e-03 
3.602443000e-03 1.534583000e+00 7.604202000e-01 
1.007672000e-02 1.467896000e+00 8.013032000e-01 
2.582638000e+00 3.557591000e-01 2.742161000e-03 
1.099992000e-01 1.909790000e+00 3.454339000e-03 
1.382575000e+00 1.251327000e-02 1.229187000e+00 
1.469773000e+00 1.024415000e+00 1.256888000e-02 
1.137870000e+00 1.625100000e-02 1.081694000e+00 
1.844002000e-02 1.804765000e+00 1.289304000e-01 
1.774895000e+00 7.703528000e-02 4.151158000e-03 
9.404864000e-01 1.147978000e+00 7.994587000e-01 
1.786618000e+00 2.553269000e-02 5.025761000e-01 
9.457391000e-01 1.296798000e+00 3.157744000e-01 
1.178854000e+00 9.507002000e-01 8.039785000e-01 
1.152955000e+00 1.568829000e+00 1.145419000e-02 
7.109813000e-02 1.112376000e+00 1.389399000e+00 
1.150299000e+00 1.206259000e+00 4.621378000e-02 
9.589178000e-02 1.715695000e+00 5.261694000e-03 
1.025396000e+00 1.600945000e-02 1.595297000e+00 
1.235290000e+00 4.510455000e-03 1.278684000e+00 
1.456891000e+00 2.846044000e-02 7.603177000e-01 
1.982770000e-02 1.249292000e+00 1.232015000e+00 
6.283192000e-02 1.423402000e+00 1.160242000e+00 
1.580919000e+00 7.072917000e-02 7.401110000e-01 
9.348533000e-01 2.813073000e-02 1.436439000e+00 
1.956375000e+00 9.832746000e-04 7.176227000e-02 
2.293712000e-02 1.720496000e+00 2.402289000e-01 
1.722355000e+00 3.181741000e-02 4.815851000e-02 
1.371426000e+00 1.202043000e+00 4.533963000e-02 
1.128373000e+00 1.224513000e+00 4.595886000e-02 
1.444240000e+00 1.147594000e+00 2.837044000e-02 
1.361622000e-02 1.763464000e+00 1.306672000e-01 
4.290283000e-03 2.309483000e+00 4.442636000e-03 
2.844985000e-02 1.964794000e+00 5.203450000e-02 
7.527628000e-01 4.947727000e-01 1.523596000e+00 
8.716664000e-01 9.133785000e-01 1.184397000e+00 
7.611886000e-02 1.726634000e+00 5.681407000e-02 
6.437270000e-01 7.277499000e-01 1.441084000e+00 
1.609658000e-02 1.789648000e+00 1.291220000e-01 
1.459057000e+00 9.951243000e-01 1.024398000e-01 
6.323683000e-01 7.616280000e-01 1.505694000e+00 
1.667004000e+00 1.007277000e+00 2.566191000e-02 
1.012524000e+00 1.310575000e+00 2.913904000e-02 
7.354899000e-01 5.705716000e-01 1.460937000e+00 
1.852564000e+00 1.721629000e-02 7.631727000e-03 
7.535774000e-02 1.775193000e+00 2.084779000e-02 
1.141611000e+00 7.374109000e-01 1.070564000e+00 
2.158668000e-01 1.276342000e+00 1.014044000e+00 
7.979764000e-03 1.318341000e+00 1.167823000e+00 
3.039638000e-03 1.252356000e+00 1.168767000e+00 
1.491514000e+00 1.037195000e-02 8.639349000e-01 

