1.407183000e+00 1.496010000e-02 7.143967000e-01 
6.304287000e-02 1.253379000e+00 6.399324000e-01 
1.312578000e+00 8.382078000e-01 1.731628000e-02 
4.048695000e-01 4.736107000e-01 1.364210000e+00 
2.139267000e+00 4.859401000e-04 3.724379000e-02 
6.545747000e-01 1.315289000e+00 7.678990000e-02 
3.880953000e-03 1.783588000e+00 4.137617000e-01 
1.353591000e+00 9.981881000e-01 2.853038000e-04 
3.919394000e-01 7.788282000e-01 1.161369000e+00 
1.020768000e+00 1.030835000e+00 5.459383000e-03 
9.497740000e-03 1.453001000e+00 6.302360000e-01 
2.326522000e-02 1.323302000e+00 7.232949000e-01 
5.814390000e-02 1.067728000e+00 9.712231000e-01 
1.387437000e+00 8.051611000e-02 4.869398000e-01 
5.250703000e-03 1.722660000e+00 1.486355000e-02 
1.982382000e+00 5.387881000e-03 6.659107000e-03 
6.455234000e-01 1.299324000e+00 8.593786000e-02 
1.334094000e+00 4.070437000e-03 1.211999000e+00 
1.095819000e+00 3.539366000e-03 1.459653000e+00 
1.785711000e+00 3.628949000e-02 6.151289000e-03 
4.383787000e-04 1.134691000e+00 1.741063000e+00 
6.719076000e-01 1.730333000e+00 2.295185000e-04 
1.158515000e-01 7.290673000e-03 1.479704000e+00 
1.211359000e+00 7.668810000e-01 2.505329000e-02 
1.791408000e+00 2.781167000e-02 2.529789000e-03 
1.257043000e+00 5.910845000e-03 1.143615000e+00 
1.500240000e-02 2.470125000e+00 3.517924000e-03 
7.402931000e-04 2.162183000e+00 3.947870000e-02 
1.755438000e+00 6.984134000e-02 3.583366000e-03 
1.918881000e-02 2.011452000e-02 1.527717000e+00 
1.632693000e-03 1.891944000e-02 1.588271000e+00 
9.547118000e-03 1.462919000e+00 5.590917000e-01 
1.195185000e+00 7.820489000e-01 6.801867000e-02 
1.154008000e-04 1.848653000e+00 6.101887000e-02 
1.915011000e+00 9.036560000e-02 4.198176000e-04 
7.575765000e-03 8.641695000e-03 1.623708000e+00 
1.261739000e+00 2.025773000e-01 8.339394000e-01 
9.083106000e-01 1.071984000e+00 2.403593000e-02 
1.237172000e+00 3.539484000e-02 9.171564000e-01 
1.720445000e-01 7.697416000e-01 1.230239000e+00 
3.621706000e-04 8.567244000e-03 1.774076000e+00 
9.182507000e-01 1.162792000e+00 1.229927000e-03 
4.816552000e-05 3.908182000e-04 2.046646000e+00 
1.038796000e-01 4.942421000e+00 4.928849000e-06 
1.617424000e+00 8.127198000e-03 1.249090000e-01 
5.272551000e-02 1.501865000e+00 1.821863000e-02 
1.875099000e-04 1.538132000e-03 1.809666000e+00 
7.246082000e-01 8.533016000e-02 1.320673000e+00 
5.660750000e-02 1.493447000e+00 9.153525000e-03 
8.519939000e-01 9.732431000e-03 1.324247000e+00 
1.642117000e+00 8.363702000e-02 4.101619000e-03 
1.032247000e+00 1.111976000e+00 3.167246000e-03 
1.072425000e+00 6.488972000e-02 9.232714000e-01 
1.405753000e+00 5.921559000e-03 1.014786000e+00 
1.004154000e-03 1.606504000e-04 1.770605000e+00 
4.497927000e-03 1.197239000e+00 1.100767000e+00 
2.598023000e-03 9.710204000e-03 1.732821000e+00 
1.029442000e+00 6.695621000e-01 1.023089000e+00 
4.779135000e-03 1.108113000e-01 1.414087000e+00 
1.369275000e-01 1.185034000e+00 8.708520000e-01 
1.256017000e-01 4.510314000e+00 6.052033000e-04 
1.156176000e-02 1.409932000e+00 2.234516000e-02 
5.576856000e-02 8.033925000e-01 1.251505000e+00 
1.500870000e+00 5.854993000e-03 9.255940000e-01 
1.259515000e-01 1.196038000e+00 8.692459000e-01 
1.165868000e+00 1.401467000e-02 9.981620000e-01 
1.448961000e+00 2.521135000e-02 9.013657000e-03 
8.601791000e-06 4.096035000e-04 4.025180000e+00 
2.938358000e-02 1.677803000e+00 8.738504000e-03 
1.319532000e+00 1.572501000e-02 6.389654000e-01 
6.686651000e-01 1.096885000e+00 7.173147000e-01 
1.470607000e+00 1.217728000e-01 6.488389000e-03 
8.211100000e-01 8.061518000e-01 9.281665000e-01 
2.681138000e-03 1.839710000e+00 5.864320000e-02 
8.421105000e-01 4.138013000e-02 1.134017000e+00 
1.432751000e+00 8.918916000e-03 5.237711000e-01 
1.402373000e+00 3.834543000e-03 1.263866000e+00 
6.378500000e-01 2.223331000e-02 1.345213000e+00 
9.024231000e-01 1.074184000e+00 5.527913000e-01 
1.097840000e-02 1.553346000e+00 1.679117000e-02 
1.253893000e-02 2.937532000e+00 8.180541000e-03 
1.961936000e-03 4.172293000e-05 1.933539000e+00 
5.259789000e-01 5.393701000e-01 1.255770000e+00 
9.085178000e-01 1.261520000e-02 1.217406000e+00 
1.473403000e+00 1.775533000e-01 3.143045000e-03 
2.667588000e-02 1.891393000e+00 6.542484000e-04 
4.563549000e-02 7.987164000e-01 1.310775000e+00 
1.644664000e+00 1.224814000e-01 3.820827000e-03 
5.257208000e-05 2.974460000e-03 1.822581000e+00 
6.093880000e-01 1.035122000e+00 7.765019000e-01 
1.157799000e+00 2.101991000e-02 9.429375000e-01 
1.059609000e+00 2.925192000e-02 1.030114000e+00 
3.326561000e-02 9.487623000e-01 1.146727000e+00 
2.821513000e+00 1.836126000e-01 2.272096000e-04 
7.987612000e-03 1.157462000e+00 9.942502000e-01 
6.986092000e-01 9.015197000e-01 9.733637000e-01 
8.568181000e-03 1.512772000e+00 1.680570000e-02 
1.315417000e+00 1.155621000e-01 6.337213000e-01 
7.058119000e-01 8.587785000e-01 9.768757000e-01 
8.582862000e-01 1.211658000e+00 4.551247000e-01 
9.786199000e-01 1.167748000e+00 6.068697000e-04 
8.358228000e-01 8.041533000e-01 9.446660000e-01 
2.719214000e-02 1.318964000e+00 7.024450000e-01 
1.211805000e+00 3.299703000e-03 1.436036000e+00 
1.388966000e+00 9.885943000e-01 7.737236000e-03 
7.671109000e-03 1.109984000e+00 1.022603000e+00 
1.550189000e+00 3.796471000e-01 1.763803000e-03 
6.455439000e-01 1.175205000e+00 7.321904000e-01 
5.921232000e-01 3.930966000e-02 1.358852000e+00 
4.924063000e-02 7.252506000e-01 1.258949000e+00 
2.485462000e-02 1.912019000e+00 1.239584000e-02 
7.649711000e-01 8.734202000e-01 9.697116000e-01 
1.084258000e+00 4.442463000e-03 1.398254000e+00 
5.123602000e-01 3.557114000e-01 1.402092000e+00 
1.346431000e-01 1.452265000e-02 1.461882000e+00 
3.135414000e-02 8.668350000e-01 1.181508000e+00 
5.944259000e-01 1.857144000e+00 1.537108000e-04 
2.521259000e-02 1.796490000e+00 9.250514000e-03 
7.190359000e-01 1.082439000e+00 7.075691000e-01 
1.628547000e+00 7.385659000e-03 1.108203000e-01 
8.979277000e-01 2.276074000e-02 1.283263000e+00 
2.008652000e+00 8.904737000e-04 1.895086000e-01 
1.019285000e+00 6.423678000e-01 1.081773000e+00 
6.415198000e-01 8.517250000e-03 1.396534000e+00 
2.147816000e+00 1.215821000e-04 2.013046000e-02 
3.576216000e-03 1.810762000e+00 4.301897000e-01 
1.401775000e+00 8.501212000e-04 1.269759000e+00 
1.033013000e+00 1.030596000e+00 5.780799000e-03 
8.375036000e-01 3.187833000e-02 1.276498000e+00 
1.376943000e-03 1.843612000e+00 1.579793000e-01 
1.116410000e+00 2.230041000e-02 9.210800000e-01 
1.681820000e+00 1.558455000e-01 3.137435000e-03 
1.083016000e+00 6.917255000e-01 7.464492000e-01 
4.949997000e-01 5.142479000e-01 1.273544000e+00 
5.512402000e-01 9.868722000e-01 9.732989000e-01 
1.917344000e-02 7.344159000e-01 1.377822000e+00 
4.307123000e-03 3.593999000e-04 1.700982000e+00 
7.037860000e-03 8.325805000e-01 1.261734000e+00 
6.785832000e-01 1.239882000e+00 1.473045000e-02 
1.765866000e-02 2.047267000e-04 1.729022000e+00 
2.972848000e-01 5.226425000e-01 1.378064000e+00 
5.026643000e-02 1.396570000e+00 4.926580000e-01 
1.114296000e+00 1.007714000e+00 5.475543000e-03 
4.797116000e-01 6.273891000e-01 1.216400000e+00 
4.175399000e-03 1.629819000e+00 1.768285000e-02 
1.851134000e+00 2.823482000e-03 4.826604000e-02 
8.622323000e-01 1.169731000e+00 4.270978000e-01 
1.485176000e-01 1.703945000e+00 4.018534000e-03 
1.257962000e+00 7.417221000e-01 7.117921000e-02 
6.950433000e-01 1.260071000e+00 2.501091000e-03 
9.093077000e-05 1.221078000e+00 9.445833000e-01 
1.787280000e+00 7.227026000e-02 1.922450000e-03 
2.653165000e-02 2.801750000e-03 1.509923000e+00 
8.313591000e-02 1.431388000e+00 6.266590000e-03 
1.987240000e+00 2.846005000e-02 5.018319000e-04 
2.714502000e-02 1.697734000e+00 1.224249000e-02 
1.024481000e+00 8.775216000e-01 7.693854000e-01 
7.680862000e-02 1.553537000e+00 4.315179000e-03 
2.151553000e-02 8.204856000e-01 1.327703000e+00 
8.199681000e-02 1.413587000e+00 1.685977000e-02 
4.206925000e-01 8.659042000e-01 1.082320000e+00 
1.642943000e+00 1.354849000e-02 7.733620000e-03 
4.358867000e-01 4.772131000e-01 1.326502000e+00 
7.752628000e-03 8.214345000e-01 1.291667000e+00 
1.387180000e+00 2.511245000e-01 2.080356000e-02 
6.147098000e-01 3.780620000e-01 1.322997000e+00 
1.166163000e+00 1.348083000e-02 9.697660000e-01 
4.024426000e-03 1.823200000e+00 2.909652000e-02 
1.219034000e+00 2.106823000e-01 8.062303000e-01 
5.556598000e-03 1.612076000e+00 1.537309000e-01 
1.642083000e-01 8.502430000e-01 1.189564000e+00 
7.954622000e-01 9.858568000e-01 6.213896000e-01 
1.090199000e+00 9.928219000e-01 5.697382000e-03 
1.273600000e-01 1.191017000e+00 8.378731000e-01 
4.283059000e-01 4.388839000e-01 1.333108000e+00 
1.098764000e+00 1.472968000e-02 9.985075000e-01 
2.768453000e-03 1.200025000e+00 1.099037000e+00 
6.471462000e-04 1.886864000e-02 1.638750000e+00 
1.290237000e+00 7.359881000e-01 5.794560000e-01 
1.264768000e+00 8.782052000e-01 2.137747000e-02 
1.149463000e+00 9.643278000e-01 1.697676000e-01 
3.170429000e-03 1.934837000e-03 1.663298000e+00 
2.716943000e-01 4.999699000e-03 1.482353000e+00 
6.418700000e-02 1.060049000e+00 9.703623000e-01 
1.744233000e-02 1.229999000e+00 8.277142000e-01 
2.359792000e-01 3.287419000e-02 1.440909000e+00 
9.402455000e-01 9.483439000e-01 6.922607000e-01 
6.568124000e-01 1.085889000e+00 7.478676000e-01 
1.027837000e+00 1.024086000e+00 4.653281000e-01 
3.442004000e-03 3.720561000e-02 1.456151000e+00 
3.007762000e-02 1.559021000e+00 6.378799000e-03 
5.725506000e-01 1.043482000e+00 9.271518000e-01 
1.269799000e+00 8.072421000e-01 1.745018000e-02 
8.561087000e-01 7.775515000e-01 9.065946000e-01 
1.888130000e-03 4.093327000e-02 1.587028000e+00 
8.239291000e-01 9.711781000e-01 6.819085000e-01 
6.698547000e-01 1.248569000e+00 8.673886000e-02 
2.664265000e-02 9.140006000e-01 1.239274000e+00 
6.327864000e-01 2.211110000e-02 1.355885000e+00 
6.198795000e-01 2.403089000e-02 1.355044000e+00 
9.603601000e-03 1.087105000e+00 9.988126000e-01 
1.878637000e-01 8.478885000e-01 1.217267000e+00 
4.866102000e-04 9.293747000e-01 1.158833000e+00 
1.508898000e-01 7.718240000e-01 1.226540000e+00 
6.454492000e-01 7.862536000e-03 1.381877000e+00 
8.006905000e-01 7.765648000e-01 9.667674000e-01 
3.140835000e-02 1.279387000e+00 6.384854000e-01 
1.417269000e+00 8.895313000e-03 5.473720000e-01 
2.599809000e-03 4.505215000e-03 1.653102000e+00 
6.606380000e-01 8.070184000e-03 1.374547000e+00 
9.509429000e-01 1.379325000e-02 1.175228000e+00 
5.250374000e-01 5.900140000e-01 1.239238000e+00 
1.084110000e+00 6.535301000e-01 6.641650000e-01 
9.562822000e-01 1.019043000e+00 4.875023000e-01 
8.041724000e-01 4.771349000e-02 1.254605000e+00 
4.611679000e-02 1.137609000e+00 9.632771000e-01 
3.544117000e-02 1.401862000e+00 1.432673000e-01 
1.172277000e-01 1.541940000e-02 1.474976000e+00 
2.059521000e-01 1.053861000e+00 8.914688000e-01 
1.309254000e+00 8.001312000e-01 1.961166000e-02 
8.053703000e-04 1.533560000e-01 1.480195000e+00 
7.099589000e-01 9.151787000e-01 9.111746000e-01 
7.489412000e-01 9.632659000e-01 8.069798000e-01 
7.914938000e-01 8.504808000e-01 9.677535000e-01 
8.699972000e-01 1.131759000e+00 4.621919000e-01 
1.295213000e-02 1.511648000e+00 1.649560000e-02 
8.629267000e-01 9.062320000e-01 7.022695000e-01 
3.160416000e-02 4.449233000e-04 1.515861000e+00 
1.186064000e+00 4.357493000e-02 9.152556000e-01 
1.537416000e+00 1.787205000e-02 6.300281000e-03 
1.412399000e+00 1.881471000e-01 2.261884000e-02 
9.213740000e-01 1.592142000e-02 1.144699000e+00 
2.455912000e-02 2.961504000e-02 1.494169000e+00 
6.571538000e-02 6.451851000e-01 1.332844000e+00 
2.915905000e-01 1.384232000e+00 1.486406000e-02 
1.888865000e-02 1.187268000e+00 9.084642000e-01 
5.839940000e-01 7.161716000e-01 1.150737000e+00 
1.514252000e+00 6.908357000e-02 4.933144000e-03 
8.226375000e-02 8.799447000e-01 1.109334000e+00 
6.698887000e-01 1.107693000e-01 1.237508000e+00 
8.929432000e-01 4.207375000e-02 1.088671000e+00 
6.619931000e-01 1.098528000e+00 7.346041000e-01 
4.590455000e-02 1.388158000e+00 5.090395000e-01 
5.275151000e-02 1.101953000e+00 9.096026000e-01 
7.439549000e-02 9.305000000e-01 1.071891000e+00 
5.629563000e-01 5.339715000e-01 1.178719000e+00 
1.415160000e+00 1.476615000e-02 1.328364000e-02 
5.126400000e-01 5.135705000e-01 1.275429000e+00 
1.228002000e+00 7.699211000e-01 2.479263000e-02 
1.182469000e-01 1.235755000e+00 6.070130000e-01 
8.209483000e-01 4.742949000e-02 1.136872000e+00 
1.408694000e+00 6.958466000e-02 4.734947000e-01 
7.994451000e-01 8.288228000e-01 9.471519000e-01 
7.257759000e-01 1.228760000e-01 1.234953000e+00 
8.837816000e-01 1.132952000e+00 1.840276000e-03 
1.270347000e+00 1.163797000e-01 6.276120000e-01 
7.572839000e-01 1.030494000e+00 6.285134000e-01 
7.913230000e-01 9.499318000e-01 9.009744000e-01 
7.859403000e-01 9.761442000e-01 6.438651000e-01 
3.986869000e-01 8.694711000e-01 1.082022000e+00 
6.503379000e-01 8.141447000e-03 1.360081000e+00 
4.148985000e-01 4.871930000e-01 1.323955000e+00 

1.449900000e+00 1.295753000e-02 4.323739000e-02 
7.384353000e-04 2.408260000e-02 1.707212000e+00 
7.162682000e-01 9.414720000e-01 1.066274000e+00 
9.663111000e-01 5.701133000e-01 8.674162000e-01 
1.410173000e-02 1.692702000e+00 3.680626000e-03 
1.018693000e-01 7.296890000e-03 1.453321000e+00 
1.916107000e+00 1.207861000e-02 8.916068000e-03 
5.900839000e-01 5.521370000e-01 1.286799000e+00 
1.360950000e+00 7.063451000e-01 1.088684000e-02 
9.075797000e-01 1.184640000e+00 6.297744000e-03 
1.973735000e-01 1.432094000e+00 6.527466000e-03 
6.266313000e-04 7.330963000e-01 1.288787000e+00 
1.886438000e-03 3.889293000e-06 1.945847000e+00 
6.935667000e-05 1.109121000e-03 1.794424000e+00 
1.173544000e+00 9.257247000e-01 4.094950000e-02 
7.384341000e-01 4.978567000e-01 1.107567000e+00 
1.715983000e-02 2.350865000e+00 1.021514000e-03 
5.109018000e-03 1.471057000e+00 5.637600000e-02 
9.745214000e-01 8.605576000e-01 7.030067000e-01 
2.142151000e+00 2.280233000e-01 6.034394000e-04 
2.206223000e-02 1.080700000e+00 1.014560000e+00 
1.501031000e+00 3.092030000e-03 1.353981000e-01 
1.200549000e+00 4.078968000e-03 8.441495000e-01 
4.511255000e-02 1.361653000e+00 5.468056000e-01 
8.264969000e-04 1.227625000e+00 1.073200000e+00 
7.959479000e-01 1.706397000e-01 1.243079000e+00 
1.202971000e+00 8.887579000e-01 4.294777000e-03 
9.108530000e-01 6.850212000e-01 9.720995000e-01 
9.580075000e-01 1.008085000e+00 7.741690000e-02 
1.175332000e+00 8.477556000e-01 1.189776000e-02 
1.445852000e-02 1.006420000e+00 1.145432000e+00 
7.860361000e-02 6.878707000e-02 1.451829000e+00 
4.864416000e-02 4.228993000e-01 1.374284000e+00 
1.072676000e+00 8.273405000e-01 6.630887000e-01 
1.672184000e-03 1.686294000e-02 1.752663000e+00 
1.005052000e+00 1.015065000e+00 6.120797000e-02 
2.489912000e+00 3.946161000e-03 7.222181000e-04 
5.808155000e-01 7.881491000e-01 1.165000000e+00 
2.341504000e+00 1.444646000e-02 2.566954000e-03 
3.700222000e-02 4.668597000e-04 1.512328000e+00 
1.020550000e+00 1.006232000e+00 7.858440000e-02 
2.440595000e-02 1.424953000e+00 4.898852000e-01 
4.416008000e-03 5.676011000e-01 1.379337000e+00 
1.353521000e+00 7.290094000e-03 5.780971000e-01 
1.031044000e-02 9.536971000e-01 1.150433000e+00 
1.196396000e+00 8.720996000e-01 6.751190000e-03 
1.018387000e+00 7.448707000e-01 8.237802000e-01 
1.214805000e+00 3.778265000e-03 8.559173000e-01 
9.038282000e-01 5.879189000e-02 1.104433000e+00 
1.308449000e-01 1.471002000e+00 1.873462000e-03 
3.288894000e-03 1.623928000e+00 7.693753000e-02 
1.320119000e+00 7.274843000e-01 1.248275000e-02 
2.059764000e+00 3.850490000e-03 1.258109000e-02 
9.147450000e-01 1.440990000e-02 1.104759000e+00 
1.388421000e+00 6.161625000e-01 8.718522000e-03 
8.673192000e-01 3.533230000e-01 1.109757000e+00 
2.193955000e-02 5.451144000e-04 1.900758000e+00 
8.538234000e-01 7.920348000e-01 7.891695000e-01 
1.611212000e+00 1.034987000e-02 9.243589000e-02 
1.601045000e-02 1.319386000e+00 8.620671000e-01 
4.138870000e-02 1.436348000e+00 8.345183000e-02 
1.736349000e-01 1.045162000e+00 9.990501000e-01 
9.811942000e-02 1.365485000e+00 5.283816000e-01 
1.275441000e-01 1.421699000e+00 1.131442000e-02 
1.340842000e-03 1.050150000e+00 1.202781000e+00 
1.729120000e-04 8.583354000e-01 1.415205000e+00 
1.056108000e-01 7.454722000e-06 1.581935000e+00 
1.139569000e+00 1.023618000e+00 2.607622000e-02 
1.561380000e+00 1.472103000e-02 7.066138000e-03 
7.189201000e-01 2.406023000e-03 1.306519000e+00 
1.842480000e-03 1.732028000e+00 1.093926000e-02 
8.042299000e-01 7.689394000e-01 1.006430000e+00 
1.358699000e+00 7.269265000e-01 3.139906000e-02 
8.664693000e-01 2.652197000e-03 1.242193000e+00 
9.721083000e-01 1.042081000e-02 1.125481000e+00 
5.778570000e-03 5.318290000e-01 1.407522000e+00 
1.397056000e+00 1.431630000e-01 1.577057000e-03 
1.211718000e-02 1.454984000e+00 6.366621000e-02 
7.765271000e-01 6.835807000e-01 1.046438000e+00 
1.335398000e+00 6.911328000e-03 6.445016000e-01 
7.868333000e-02 1.431801000e+00 2.871001000e-02 
6.634147000e-02 1.278798000e+00 8.684698000e-01 
1.092473000e-01 2.153673000e-05 1.411492000e+00 
1.361085000e-03 1.681069000e+00 5.546545000e-02 
3.151817000e-03 1.665024000e+00 5.290048000e-02 
1.432848000e+00 5.541395000e-02 1.636045000e-02 
8.053356000e-01 1.763241000e-01 1.208030000e+00 
1.198617000e+00 1.440060000e-02 8.543089000e-01 
8.539398000e-01 1.174588000e-01 1.227311000e+00 
6.667565000e-01 1.498418000e-02 1.328649000e+00 
1.871212000e+00 5.483606000e-02 2.429322000e-03 
9.777362000e-01 1.059382000e+00 6.560940000e-02 
1.493562000e+00 6.601968000e-03 1.462027000e-01 
4.805496000e-02 1.195356000e+00 8.943690000e-01 
4.239639000e-03 1.006939000e+00 1.279316000e+00 
9.876958000e-01 8.956950000e-01 6.133644000e-01 
2.713448000e+00 7.125943000e-04 2.569167000e-03 
2.620147000e+00 1.714216000e-03 2.656550000e-02 
1.223041000e+00 3.762540000e-03 8.582245000e-01 
1.736057000e+00 2.848741000e-03 3.793906000e-02 
1.128896000e+00 3.232267000e-04 1.033226000e+00 
2.420816000e-01 1.311848000e+00 5.422358000e-01 
1.118757000e+00 1.634362000e-03 1.118825000e+00 
1.353583000e+00 2.936807000e-03 5.209331000e-01 
5.709103000e-04 9.779691000e-02 1.791794000e+00 
4.125176000e-01 4.389173000e-01 1.304473000e+00 
9.697630000e-02 1.566596000e-04 1.585893000e+00 
4.042330000e-03 1.573149000e+00 1.101516000e-02 
1.307445000e+00 5.589811000e-01 6.174197000e-02 
1.080949000e+00 3.623635000e-03 9.807088000e-01 
2.384699000e+00 1.159148000e-01 7.330270000e-04 
6.246367000e-03 1.032580000e+00 1.182405000e+00 
1.358008000e-02 2.421997000e+00 7.378438000e-03 
6.987644000e-01 7.854148000e-03 1.247308000e+00 
6.330684000e-01 6.906350000e-01 1.124581000e+00 
1.167273000e+00 1.059816000e+00 1.001821000e-02 
8.808623000e-01 3.172474000e-01 1.129737000e+00 
4.492324000e-02 1.436161000e+00 8.052802000e-02 
3.918595000e-01 4.287222000e-01 1.356903000e+00 
4.197749000e-02 1.543798000e+00 3.533264000e-04 
1.019013000e-02 5.727020000e-01 1.363932000e+00 
1.059308000e-03 1.077117000e+00 1.237387000e+00 
1.688896000e+00 3.291875000e-03 3.848909000e-02 
8.110600000e-01 8.596939000e-01 8.352318000e-01 
9.524222000e-01 9.151257000e-01 6.782374000e-01 
9.514485000e-03 9.205434000e-01 1.212469000e+00 
1.043166000e+00 3.264733000e-03 1.043784000e+00 
1.091249000e+00 9.978071000e-01 8.271467000e-02 
4.762000000e-02 1.487297000e+00 1.276272000e-02 
1.947586000e-01 1.193403000e+00 7.851536000e-01 
1.024771000e-01 1.244322000e-03 1.491909000e+00 
2.133033000e+00 1.183304000e-03 4.849526000e-02 
1.258608000e+00 1.129396000e-01 6.880020000e-01 
2.621327000e-03 5.668951000e-02 1.550613000e+00 
1.096926000e+00 8.198884000e-01 6.698462000e-01 
2.136655000e+00 1.187572000e-02 9.920069000e-03 
8.828868000e-01 2.016006000e-03 1.267838000e+00 
1.057173000e-01 1.172471000e+00 8.216945000e-01 
7.025304000e-04 2.509528000e-02 1.566385000e+00 
1.275414000e+00 5.375043000e-01 8.673307000e-02 
5.101432000e-04 7.479508000e-05 1.934879000e+00 
1.811578000e-01 1.365228000e+00 5.135110000e-02 
1.051042000e+00 8.881917000e-01 6.712922000e-01 
3.042007000e-03 1.671595000e+00 1.503874000e-02 
6.287600000e-02 7.423182000e-01 1.253268000e+00 
1.191800000e+00 1.056098000e+00 6.281236000e-03 
1.077704000e+00 2.666592000e-01 8.752662000e-01 
3.591027000e-02 1.957621000e-05 1.592919000e+00 
3.511795000e-01 1.023137000e+00 1.013844000e+00 
1.416160000e+00 6.308781000e-01 9.025726000e-04 
2.336129000e-03 9.426334000e-02 1.464519000e+00 
9.303148000e-01 1.212752000e+00 5.146709000e-03 
1.007248000e-02 1.173375000e+00 9.229419000e-01 
1.178082000e+00 1.057702000e+00 1.078251000e-02 
1.021657000e-01 1.397923000e+00 5.264819000e-01 
1.682592000e+00 4.729267000e-03 6.717071000e-02 
2.705280000e-05 1.032185000e-02 1.979555000e+00 
4.965932000e-01 7.947816000e-03 1.372701000e+00 
9.835871000e-03 3.462716000e-01 1.376102000e+00 
4.378455000e-02 1.496725000e+00 1.124025000e-03 
7.273942000e-01 6.136946000e-01 1.167011000e+00 
9.795434000e-03 9.340918000e-01 1.156852000e+00 
1.962122000e-03 7.158847000e-02 1.551007000e+00 
1.907510000e-01 1.463382000e+00 7.005109000e-04 
2.269559000e-02 4.337191000e-01 1.362016000e+00 
1.630597000e-02 1.438213000e+00 8.045848000e-02 
2.987305000e-02 8.024314000e-01 1.221554000e+00 
1.353134000e-01 9.238067000e-01 1.128662000e+00 
1.894385000e-01 9.544669000e-01 1.126656000e+00 
6.846159000e-01 6.151693000e-01 1.277677000e+00 
7.044115000e-01 9.955728000e-01 1.082428000e+00 
3.057058000e-01 1.034516000e+00 1.022866000e+00 
1.084816000e-02 1.488722000e+00 1.910681000e-02 
8.061744000e-01 1.764792000e-01 1.204326000e+00 
6.326782000e-01 6.756516000e-01 1.170656000e+00 
6.509531000e-02 9.580495000e-01 1.093181000e+00 
8.185347000e-03 8.556737000e-01 1.258562000e+00 
1.037674000e+00 1.077705000e+00 6.229172000e-03 
2.209502000e-01 1.320156000e+00 5.967898000e-01 
1.034426000e+00 1.084710000e+00 6.768883000e-03 
5.329451000e-01 2.382979000e-04 1.338484000e+00 
1.463915000e+00 4.268289000e-02 3.889811000e-02 
4.108869000e-02 1.006958000e+00 1.142166000e+00 
8.725640000e-03 1.162104000e-01 1.456974000e+00 
1.103829000e+00 1.065860000e+00 2.645592000e-03 
1.797416000e-02 1.038059000e+00 1.069839000e+00 
1.554822000e-02 1.063260000e+00 1.115018000e+00 
1.415965000e+00 6.351349000e-01 6.616871000e-04 
5.002519000e-01 5.455811000e-03 1.382166000e+00 
8.234542000e-01 7.449197000e-01 1.018075000e+00 
1.058093000e+00 1.321393000e+00 1.278511000e-03 
4.645062000e-02 7.999587000e-01 1.162100000e+00 
2.172548000e-03 1.687751000e+00 3.114797000e-02 
1.194184000e+00 6.902148000e-01 5.220663000e-01 
1.108712000e+00 2.516891000e-03 1.032278000e+00 
6.217490000e-02 7.821026000e-01 1.264007000e+00 
2.264748000e-01 8.241616000e-01 1.157434000e+00 
6.524195000e-02 1.010450000e+00 1.029637000e+00 
2.717162000e-01 1.380495000e+00 2.937351000e-02 
6.887813000e-01 1.449780000e-02 1.243370000e+00 
3.283206000e-03 4.059362000e-02 1.458678000e+00 
2.022152000e-01 1.249477000e+00 6.300392000e-01 
7.903998000e-02 1.445907000e+00 1.358812000e-02 
4.558073000e-02 1.495211000e+00 1.668992000e-03 
1.056184000e+00 5.479315000e-02 1.010163000e+00 
8.106423000e-01 6.847200000e-01 1.035938000e+00 
1.500734000e+00 2.396213000e-02 4.885544000e-03 
8.455590000e-01 3.831562000e-01 1.130261000e+00 
4.721561000e-01 6.480457000e-02 1.341017000e+00 
8.906000000e-01 1.207958000e+00 6.730805000e-03 
1.152126000e+00 2.341646000e-02 8.869312000e-01 
1.568179000e+00 1.239534000e-02 4.163135000e-02 
2.277943000e-02 1.406286000e+00 5.036946000e-01 
3.116429000e-01 3.014686000e-01 1.394221000e+00 
1.005104000e+00 1.066467000e+00 2.328436000e-02 
3.814144000e-01 5.188297000e-01 1.353783000e+00 
5.048863000e-01 6.070977000e-03 1.380516000e+00 
4.611678000e-02 1.516582000e+00 6.838002000e-04 
3.027758000e-03 2.363792000e-02 1.547694000e+00 
1.433709000e+00 6.124856000e-02 1.636359000e-03 
1.133411000e+00 1.948583000e-02 9.079282000e-01 
4.633414000e-02 1.147213000e-02 1.505193000e+00 
6.792857000e-02 1.116747000e+00 8.537828000e-01 
8.576326000e-01 1.784345000e-02 1.203541000e+00 
1.092745000e+00 9.598932000e-01 8.151348000e-02 
1.090825000e+00 1.193511000e-02 9.358936000e-01 
1.238294000e-01 1.383673000e+00 3.926614000e-02 
6.870928000e-02 1.241714000e+00 8.335733000e-01 
8.897745000e-02 1.051056000e+00 9.825570000e-01 
2.406817000e-01 1.337167000e+00 5.437651000e-01 
9.154091000e-01 1.175243000e+00 6.959703000e-03 
1.452944000e+00 4.913307000e-02 4.535381000e-03 
8.999941000e-03 1.503949000e+00 9.024725000e-03 
1.103175000e+00 7.498352000e-01 4.963825000e-01 
3.283917000e-02 1.081364000e+00 9.711248000e-01 
8.551980000e-02 4.955589000e-03 1.466179000e+00 
1.337881000e+00 3.955178000e-02 5.159980000e-01 
1.092166000e+00 2.725605000e-01 8.512259000e-01 
1.351927000e+00 1.275098000e-02 6.003868000e-01 
4.345608000e-01 5.776129000e-02 1.369789000e+00 
4.215646000e-01 4.389297000e-01 1.299670000e+00 
8.895755000e-01 9.191779000e-01 5.592456000e-01 
9.707525000e-01 5.662234000e-02 9.740721000e-01 
7.422154000e-02 1.277043000e+00 6.298794000e-01 
1.288030000e-01 7.961366000e-01 1.180465000e+00 
3.837171000e-02 1.064195000e+00 1.051087000e+00 
1.942703000e-02 1.331405000e-03 1.523777000e+00 
1.478199000e+00 3.818977000e-02 3.102547000e-03 
1.496539000e-03 1.679956000e+00 3.663791000e-02 
8.610586000e-01 1.171871000e+00 2.169298000e-02 
1.027180000e-01 1.344178000e+00 5.175807000e-01 
1.120586000e+00 9.330680000e-01 2.825426000e-02 
1.141978000e+00 2.409502000e-02 7.981450000e-01 
9.991642000e-02 1.325744000e+00 5.930001000e-01 
1.272013000e+00 5.651386000e-01 5.157376000e-02 
2.782554000e-01 1.264317000e+00 5.896654000e-01 
1.416853000e+00 1.780186000e-02 6.166848000e-02 

8.452460000e-01 1.265726000e+00 2.768847000e-02 
1.734200000e-03 4.327260000e+00 1.105321000e+00 
1.463597000e+00 9.711950000e-02 1.639073000e-01 
1.345220000e+00 1.213917000e-01 5.926905000e-01 
1.503577000e+00 1.640805000e-02 2.834843000e-02 
5.792934000e-01 1.382582000e+00 3.052526000e-02 
6.531630000e-01 8.523338000e-01 1.130454000e+00 
1.748802000e+00 6.089152000e-03 8.423819000e-03 
3.914175000e-03 1.483238000e+00 8.416891000e-02 
1.621003000e+00 6.762762000e-02 1.107620000e-02 
1.632950000e+00 1.083692000e-02 8.469406000e-02 
7.712431000e-03 3.284167000e-04 1.609840000e+00 
1.517490000e+00 8.686680000e-02 1.259962000e-02 
6.728894000e-05 7.068979000e-06 9.406206000e+00 
1.377707000e+00 2.706924000e-02 6.986801000e-01 
1.702320000e+00 5.586369000e-03 2.220356000e-02 
8.220086000e-01 8.922977000e-01 1.059472000e+00 
4.796107000e-01 5.478906000e-01 1.237700000e+00 
8.690373000e-04 6.723563000e+00 1.404192000e+00 
1.801640000e+00 1.737339000e-03 2.074860000e-02 
1.898863000e-01 1.123675000e+00 9.692899000e-01 
1.334910000e+00 1.551135000e-01 5.723668000e-01 
1.700909000e-01 1.030326000e+00 1.124047000e+00 
4.405630000e-05 4.348140000e-04 6.880289000e+00 
9.629240000e-01 8.725541000e-01 5.573714000e-01 
2.179379000e-02 1.066826000e+00 1.040069000e+00 
1.002849000e+00 1.312167000e+00 4.102043000e-03 
2.642776000e+00 3.416526000e-04 1.745770000e-02 
1.742549000e-03 1.498688000e+00 7.124092000e-01 
2.223708000e+00 4.734031000e-03 6.204004000e-03 
1.449791000e+00 9.089137000e-03 8.480966000e-01 
1.645600000e+00 9.949328000e-03 4.467200000e-02 
7.900712000e-01 1.141786000e+00 6.475300000e-01 
5.220626000e-01 5.349925000e-01 1.267703000e+00 
1.317104000e+00 7.088775000e-03 1.029482000e+00 
7.535445000e-01 1.113562000e+00 6.666411000e-01 
1.278713000e+00 7.879649000e-01 1.828991000e-01 
1.715062000e+00 2.372687000e-02 9.971068000e-03 
1.034113000e+00 9.366081000e-01 1.234736000e-01 
1.482636000e+00 5.356690000e-02 5.867075000e-01 
4.530179000e-04 6.844186000e-02 1.580529000e+00 
1.650796000e+00 5.863791000e-03 5.698905000e-02 
1.901411000e+00 1.797434000e-03 9.222271000e-03 
1.295573000e+00 1.207837000e+00 2.548182000e-04 
3.126008000e-02 2.086487000e+00 9.263039000e-04 
2.989459000e-03 8.465596000e-01 1.335876000e+00 
1.278370000e+00 9.195086000e-03 7.382142000e-01 
1.544710000e-02 1.763701000e-02 1.468416000e+00 
8.452783000e-01 1.232355000e+00 1.005582000e-01 
1.089598000e+00 2.124292000e-02 1.087584000e+00 
1.670248000e+00 1.856786000e-02 1.682748000e-02 
8.090035000e-01 9.089109000e-01 7.590520000e-01 
1.374319000e+00 9.771690000e-02 5.525420000e-01 
1.250519000e+00 2.709348000e-02 8.006878000e-01 
5.376668000e-01 9.288218000e-01 1.050663000e+00 
1.367707000e+00 5.128286000e-02 6.845269000e-01 
1.012591000e-02 7.752869000e-01 1.230898000e+00 
1.489241000e+00 2.282758000e-02 7.292403000e-01 
8.012697000e-01 5.765216000e-02 1.250769000e+00 
1.882265000e-01 1.205582000e+00 8.989782000e-01 
8.097770000e-02 2.360942000e-04 1.550253000e+00 
8.558397000e-01 5.302687000e-02 1.185120000e+00 
1.060945000e+00 2.751536000e-02 1.117308000e+00 
3.106128000e-02 2.182659000e+00 2.093716000e-05 
1.330758000e+00 1.231397000e-01 5.830306000e-01 
1.202653000e+00 7.591981000e-01 5.171694000e-01 
9.451671000e-01 6.516110000e-01 9.931059000e-01 
7.154701000e-01 3.463953000e-02 1.277696000e+00 
1.468392000e+00 1.093004000e-01 1.603700000e-01 
9.039603000e-01 1.208353000e+00 8.065456000e-02 
8.910910000e-03 1.449530000e+00 7.303953000e-02 
5.078049000e-02 8.585899000e-01 1.145482000e+00 
5.713097000e-02 1.574455000e+00 4.292236000e-03 
1.614676000e+00 7.104407000e-02 7.572442000e-03 
1.972964000e-05 8.817257000e-04 2.096404000e+00 
4.250136000e-02 1.457836000e+00 5.724502000e-03 
8.007471000e-01 6.468985000e-02 1.264559000e+00 
3.244057000e-03 7.565654000e-01 1.405595000e+00 
1.735431000e+00 4.523530000e-04 9.637471000e-01 
1.814558000e+00 1.004273000e-01 7.411699000e-04 
1.262452000e+00 1.256433000e-01 6.945773000e-01 
1.010978000e+00 9.341777000e-01 3.098214000e-01 
1.402728000e+00 9.555285000e-02 1.681484000e-01 
8.377493000e-02 1.329657000e+00 7.091484000e-01 
2.124999000e+00 1.025881000e-03 9.803959000e-03 
8.972224000e-01 5.536375000e-01 1.035589000e+00 
6.649988000e-01 9.931124000e-01 9.657380000e-01 
5.864703000e-01 1.190742000e+00 6.993897000e-01 
2.102937000e-04 4.482849000e-03 2.030016000e+00 
2.851977000e-02 1.224341000e+00 7.342071000e-01 
1.420525000e+00 8.191315000e-04 1.229394000e+00 
1.026008000e+00 1.108288000e+00 1.111906000e-02 
1.457907000e+00 2.292921000e-01 5.309913000e-02 
1.852564000e+00 1.721629000e-02 7.631727000e-03 
2.521356000e-03 1.230355000e+00 9.266479000e-01 
1.148006000e+00 2.842375000e-02 1.074520000e+00 
1.555006000e+00 1.261357000e-02 1.572080000e-01 
8.131053000e-01 1.128382000e+00 5.792734000e-01 
8.736666000e-03 1.405521000e+00 3.687560000e-01 
6.553699000e-01 4.287274000e-01 1.256054000e+00 
1.196441000e+00 1.054898000e-03 1.105933000e+00 
1.137870000e+00 1.625100000e-02 1.081694000e+00 
7.976863000e-01 1.071477000e+00 6.024898000e-01 
1.774895000e+00 7.703528000e-02 4.151158000e-03 
1.384314000e+00 7.111752000e-02 6.683194000e-01 
1.023674000e-02 1.836864000e-03 1.507237000e+00 
6.019997000e-03 8.204097000e-01 1.181373000e+00 
9.351938000e-01 8.742855000e-02 1.183050000e+00 
7.284609000e-03 6.936047000e-04 1.537565000e+00 
9.566779000e-01 9.699996000e-01 6.756022000e-01 
9.195255000e-01 1.185013000e+00 6.167928000e-02 
6.947853000e-01 9.068195000e-01 9.930638000e-01 
3.922317000e-03 1.448712000e+00 3.899165000e-01 
1.867301000e-02 1.390554000e+00 7.234267000e-01 
4.784870000e-01 5.799672000e-01 1.291600000e+00 
5.448482000e-03 1.624179000e+00 3.305970000e-02 
1.321415000e+00 6.998306000e-02 7.049708000e-01 
1.708481000e+00 3.338786000e-03 1.650921000e-02 
4.883544000e-02 8.514663000e-01 1.172734000e+00 
1.956375000e+00 9.832746000e-04 7.176227000e-02 
2.429594000e-01 1.463562000e+00 1.022617000e-03 
5.208402000e-03 1.313954000e+00 7.303884000e-01 
6.421876000e-01 6.764361000e-01 1.224360000e+00 
9.747711000e-01 1.192483000e+00 2.026452000e-02 
1.572218000e+00 7.354261000e-02 8.602382000e-03 
7.828930000e-01 1.399901000e-02 1.314295000e+00 
3.968133000e-02 4.170171000e-02 1.456945000e+00 
9.886851000e-01 1.028509000e+00 1.890632000e-01 
1.490893000e-04 5.095700000e-02 1.764688000e+00 
1.028169000e+00 9.969917000e-01 3.920923000e-02 
4.291688000e-04 1.861656000e-05 1.681432000e+00 
1.609302000e+00 1.060973000e-01 2.060585000e-03 
1.562203000e+00 1.490311000e-02 1.826650000e-02 
8.578823000e-01 9.701839000e-01 5.819263000e-01 
1.173073000e+00 4.467812000e-03 1.058545000e+00 
1.046052000e+00 8.232090000e-02 1.099342000e+00 
8.575682000e-01 1.281953000e+00 2.682131000e-02 
1.907278000e-03 1.422400000e+00 6.247511000e-01 
1.017602000e-02 9.656805000e-04 1.517637000e+00 
1.306984000e+00 7.236734000e-02 6.954510000e-01 
1.092587000e+00 6.643233000e-01 6.501131000e-01 
3.250272000e-03 9.594614000e-01 1.288410000e+00 
1.170083000e+00 8.318195000e-03 1.098925000e+00 
1.517210000e+00 8.821057000e-02 6.989750000e-03 
2.305436000e-03 1.653571000e+00 1.873780000e-02 
1.141678000e+00 1.532103000e-02 1.076374000e+00 
2.287088000e-03 9.238640000e-01 1.407691000e+00 
1.053953000e+00 6.233957000e-02 1.034551000e+00 
9.721972000e-01 4.391328000e-03 1.344539000e+00 
8.062691000e-01 8.150810000e-01 1.108288000e+00 
1.391800000e+00 4.843859000e-03 8.664945000e-01 
2.685143000e-02 2.825948000e-02 1.457815000e+00 
1.168540000e-02 1.197896000e+00 1.023416000e+00 
6.241763000e-01 1.163508000e+00 5.907466000e-01 
1.262457000e+00 1.027422000e-01 7.386217000e-01 
6.464278000e-01 4.120233000e-01 1.322478000e+00 
3.382245000e-03 1.673313000e+00 1.096926000e-03 
2.434967000e-02 1.589685000e+00 2.226795000e-02 
1.260198000e+00 8.272504000e-01 2.018550000e-03 
1.143986000e+00 1.461245000e-02 1.077734000e+00 
1.099600000e+00 1.054885000e+00 1.838044000e-02 
1.705868000e+00 9.793973000e-02 1.221746000e-03 
1.485181000e+00 1.325966000e-01 9.859600000e-03 
1.252383000e+00 7.838408000e-01 2.365850000e-01 
1.005189000e+00 1.077015000e+00 1.581499000e-02 
1.225551000e+00 7.926499000e-01 8.813543000e-03 
7.126500000e-02 1.582138000e+00 1.965397000e-03 
6.655121000e-01 8.999146000e-01 9.975003000e-01 
4.628717000e-03 1.569563000e+00 6.528851000e-02 
6.532945000e-01 1.223255000e+00 5.811071000e-01 
5.053179000e-04 8.109793000e-03 1.526501000e+00 
6.669251000e-01 4.221328000e-01 1.207262000e+00 
9.994519000e-01 1.077905000e+00 1.473246000e-01 
2.782395000e-03 1.520561000e+00 8.814696000e-02 
1.064911000e-02 1.310162000e+00 7.311966000e-01 
1.600654000e+00 5.928945000e-04 1.409975000e-01 
3.642123000e-01 7.063443000e-01 1.149248000e+00 
1.197263000e+00 2.327890000e-02 9.538511000e-01 
1.502872000e-01 6.599633000e-05 1.658850000e+00 
1.923936000e-01 1.167774000e+00 9.425019000e-01 
1.300137000e+00 1.087380000e-01 6.684463000e-01 
8.651233000e-03 1.288602000e+00 9.106068000e-01 
9.581827000e-01 1.193432000e+00 2.773946000e-02 
7.920878000e-01 1.193397000e+00 1.743421000e-01 
7.124550000e-01 8.974146000e-01 1.039766000e+00 
6.738032000e-01 8.676454000e-01 1.096280000e+00 
6.181504000e-01 1.200461000e+00 6.002785000e-01 
8.160817000e-01 9.802318000e-03 1.203543000e+00 
1.464415000e+00 1.336923000e-01 7.354975000e-03 
1.109848000e+00 3.825427000e-02 1.016451000e+00 
1.541676000e+00 2.493360000e-02 2.504854000e-02 
1.378239000e+00 9.157790000e-02 6.824618000e-01 
8.684379000e-03 1.221558000e+00 9.750932000e-01 
6.325068000e-01 8.950861000e-01 1.066377000e+00 
1.180884000e+00 4.730929000e-02 7.654550000e-01 
7.159182000e-01 1.327808000e+00 4.847420000e-03 
1.520452000e-01 9.098841000e-03 1.402139000e+00 
6.636006000e-01 1.284742000e+00 2.216795000e-02 
1.451072000e+00 6.035867000e-02 6.375583000e-01 
9.995240000e-01 9.963943000e-02 1.052504000e+00 
1.339182000e+00 3.451421000e-02 7.375250000e-01 
1.266914000e-01 2.747132000e-03 1.412115000e+00 
1.243743000e+00 7.440702000e-02 7.651084000e-01 
2.865424000e-02 1.340058000e+00 5.769119000e-01 
4.761107000e-02 1.059086000e+00 1.012395000e+00 
7.256503000e-01 1.077380000e+00 6.699828000e-01 

