1.205881000e+00 7.155335000e-01 2.124063000e-03 
7.218884000e-01 6.485729000e-01 7.821613000e-01 
1.175631000e+00 6.587908000e-01 8.723182000e-02 
9.000802000e-05 1.064843000e-02 1.296085000e+00 
2.139267000e+00 4.859401000e-04 3.724379000e-02 
3.205652000e-02 1.259289000e+00 1.555610000e-02 
2.861010000e-02 1.121069000e+00 5.689988000e-01 
1.353591000e+00 9.981881000e-01 2.853038000e-04 
3.476703000e-02 7.005594000e-01 1.091150000e+00 
1.573492000e-01 1.375541000e+00 1.285594000e-03 
9.105753000e-01 9.149957000e-01 3.189730000e-02 
1.902987000e-02 5.982646000e-01 1.163642000e+00 
1.682217000e-01 3.046666000e-02 1.257495000e+00 
1.075578000e+00 8.281743000e-01 3.748781000e-03 
5.253374000e-02 9.764573000e-01 9.006486000e-01 
1.982382000e+00 5.387881000e-03 6.659107000e-03 
7.043896000e-01 1.097168000e+00 9.622506000e-03 
1.007125000e+00 1.625065000e-01 7.991510000e-01 
5.714249000e-01 9.797397000e-01 5.729291000e-01 
8.193739000e-04 8.841950000e-03 1.391567000e+00 
7.043347000e-01 4.831505000e-01 1.030964000e+00 
1.285905000e+00 3.423718000e-03 2.545325000e-02 
1.153948000e+00 5.622171000e-05 5.447469000e-01 
8.336774000e-02 8.861816000e-01 9.259203000e-01 
1.791408000e+00 2.781167000e-02 2.529789000e-03 
9.975977000e-01 8.119025000e-01 4.581862000e-01 
1.219324000e+00 3.442183000e-02 4.826897000e-01 
7.402931000e-04 2.162183000e+00 3.947870000e-02 
4.486252000e-03 8.093494000e-01 1.127558000e+00 
7.789741000e-01 8.824213000e-01 5.158935000e-01 
8.384116000e-04 9.046297000e-01 9.327857000e-01 
1.068788000e+00 1.663804000e-01 7.659324000e-01 
5.813773000e-01 1.000992000e+00 5.389234000e-01 
1.154008000e-04 1.848653000e+00 6.101887000e-02 
1.915011000e+00 9.036560000e-02 4.198176000e-04 
1.117632000e+00 3.521174000e-01 5.551937000e-01 
1.542817000e-02 1.042943000e+00 8.540572000e-01 
3.186327000e-01 9.796972000e-01 7.938208000e-01 
1.428851000e+00 5.804088000e-03 1.628215000e-02 
7.395306000e-01 8.647128000e-01 6.504009000e-01 
3.168721000e-01 9.879636000e-01 8.003248000e-01 
8.228874000e-01 1.036310000e+00 2.211331000e-02 
4.816552000e-05 3.908182000e-04 2.046646000e+00 
1.038796000e-01 4.942421000e+00 4.928849000e-06 
2.289194000e-04 2.471030000e-03 1.420482000e+00 
1.163696000e-02 4.377287000e-01 1.247311000e+00 
1.875099000e-04 1.538132000e-03 1.809666000e+00 
5.981596000e-01 3.617970000e-02 1.128402000e+00 
9.483187000e-01 8.587573000e-01 3.824221000e-02 
3.934132000e-02 1.155042000e+00 5.098366000e-01 
6.859785000e-01 8.662577000e-01 7.205139000e-01 
1.268281000e+00 3.218628000e-02 8.954466000e-02 
9.911587000e-01 8.170260000e-01 4.891232000e-03 
6.581985000e-01 2.074509000e-01 1.066748000e+00 
1.004154000e-03 1.606504000e-04 1.770605000e+00 
5.234142000e-01 5.277863000e-01 1.096397000e+00 
8.184027000e-01 6.050811000e-01 8.744669000e-01 
1.012960000e+00 4.121801000e-03 7.919974000e-01 
1.921177000e-02 1.312612000e+00 1.977237000e-03 
9.888316000e-01 8.265759000e-01 4.493982000e-02 
1.256017000e-01 4.510314000e+00 6.052033000e-04 
9.988902000e-03 1.368958000e+00 2.342443000e-03 
7.542358000e-01 6.709987000e-01 7.578953000e-01 
1.319742000e+00 1.558105000e-02 1.934743000e-02 
1.277870000e+00 3.616171000e-01 7.164461000e-03 
1.054716000e-02 7.940705000e-01 1.091223000e+00 
1.448961000e+00 2.521135000e-02 9.013657000e-03 
8.601791000e-06 4.096035000e-04 4.025180000e+00 
5.236469000e-01 8.658757000e-01 7.701182000e-01 
3.291375000e-01 2.558531000e-01 1.205974000e+00 
8.566911000e-01 1.014523000e+00 2.546619000e-02 
1.194825000e+00 3.787839000e-01 3.285463000e-02 
9.471661000e-01 7.263428000e-01 6.026679000e-01 
4.536490000e-01 4.538695000e-03 1.186328000e+00 
1.002475000e+00 8.985335000e-01 2.352281000e-03 
8.929596000e-02 1.103104000e+00 7.310598000e-01 
8.298875000e-01 1.030618000e+00 1.499352000e-02 
7.796749000e-01 3.079768000e-03 1.021779000e+00 
8.791623000e-03 5.953989000e-01 1.209288000e+00 
1.021874000e+00 9.333873000e-01 1.276134000e-03 
3.846959000e-01 6.735760000e-01 1.066778000e+00 
2.984967000e-01 5.446154000e-01 1.140745000e+00 
9.716799000e-01 2.653552000e-03 9.841904000e-01 
4.158478000e-03 7.117717000e-03 1.355421000e+00 
3.916913000e-01 7.137003000e-01 1.048949000e+00 
2.667588000e-02 1.891393000e+00 6.542484000e-04 
1.157654000e+00 7.664332000e-01 2.114221000e-03 
1.263937000e+00 6.047415000e-02 1.488535000e-02 
5.257208000e-05 2.974460000e-03 1.822581000e+00 
7.628284000e-01 3.011915000e-03 1.033331000e+00 
5.837248000e-01 6.614667000e-01 9.355015000e-01 
5.090352000e-02 1.135421000e+00 5.490825000e-01 
1.134791000e+00 1.483699000e-02 5.314698000e-01 
2.821513000e+00 1.836126000e-01 2.272096000e-04 
6.836751000e-01 8.258574000e-03 1.125520000e+00 
9.844171000e-01 6.704767000e-01 6.653454000e-01 
3.698052000e-01 5.579778000e-01 1.069217000e+00 
1.098179000e+00 6.113983000e-01 1.651628000e-01 
8.094078000e-01 2.947358000e-03 1.037216000e+00 
8.780229000e-01 1.033637000e+00 1.188712000e-02 
8.747047000e-01 6.112398000e-02 8.668779000e-01 
5.987319000e-01 1.535841000e-02 1.122628000e+00 
1.478105000e+00 5.576882000e-02 1.074894000e-03 
8.634403000e-03 2.684492000e-02 1.290640000e+00 
1.140197000e+00 5.359663000e-05 5.605720000e-01 
4.269684000e-01 3.252167000e-03 1.195098000e+00 
8.929124000e-01 3.969697000e-03 9.438074000e-01 
1.289940000e-01 4.286369000e-01 1.184168000e+00 
8.220671000e-01 1.072273000e+00 1.588378000e-02 
5.262582000e-01 1.185857000e+00 2.448560000e-02 
5.333111000e-01 8.449904000e-01 7.808064000e-01 
5.088704000e-02 1.257284000e+00 2.744272000e-01 
1.513898000e-03 1.341302000e+00 1.457425000e-01 
1.385964000e+00 2.653239000e-03 4.878287000e-02 
1.073073000e-02 9.891523000e-05 1.476813000e+00 
8.184250000e-02 8.855751000e-01 9.782577000e-01 
5.944259000e-01 1.857144000e+00 1.537108000e-04 
1.854529000e-02 6.394082000e-01 1.154436000e+00 
1.427241000e-02 9.285021000e-04 1.332186000e+00 
1.457812000e-01 6.927937000e-01 1.064637000e+00 
1.261000000e+00 3.088817000e-01 7.974100000e-02 
2.008652000e+00 8.904737000e-04 1.895086000e-01 
8.311947000e-01 1.512569000e-03 1.055805000e+00 
8.096845000e-01 6.009657000e-01 9.076943000e-01 
2.147816000e+00 1.215821000e-04 2.013046000e-02 
4.328543000e-01 9.610203000e-01 7.754239000e-01 
7.526618000e-01 1.089355000e+00 3.878591000e-03 
5.171553000e-03 1.313583000e+00 7.767819000e-03 
4.680540000e-01 4.379898000e-01 1.150138000e+00 
1.376943000e-03 1.843612000e+00 1.579793000e-01 
6.252094000e-01 9.631700000e-01 6.225198000e-01 
9.143229000e-02 1.133335000e+00 5.340954000e-01 
3.026363000e-01 9.452468000e-01 8.535828000e-01 
1.022533000e+00 4.410045000e-01 6.871326000e-01 
4.561034000e-01 4.408856000e-01 1.136654000e+00 
8.266690000e-01 3.565443000e-01 9.089090000e-01 
1.146406000e+00 3.668491000e-01 4.661864000e-01 
5.237182000e-01 8.938280000e-01 7.536981000e-01 
9.938913000e-01 5.534431000e-01 5.593844000e-01 
4.398723000e-01 7.738124000e-01 9.148449000e-01 
7.840568000e-01 8.023205000e-01 5.598847000e-01 
3.043644000e-04 8.242681000e-01 1.123145000e+00 
4.342510000e-01 4.430680000e-01 1.121966000e+00 
1.412516000e+00 1.213915000e-01 9.687384000e-04 
1.243012000e+00 4.227590000e-01 4.280327000e-03 
1.851134000e+00 2.823482000e-03 4.826604000e-02 
1.449297000e+00 1.053072000e-02 1.600189000e-02 
9.291674000e-01 8.678947000e-01 2.358231000e-03 
1.065300000e+00 7.018272000e-01 1.481343000e-02 
3.336542000e-01 1.057163000e+00 6.952982000e-01 
9.093077000e-05 1.221078000e+00 9.445833000e-01 
5.676772000e-03 8.339485000e-01 1.011905000e+00 
5.133278000e-01 5.794518000e-01 1.012181000e+00 
6.882894000e-02 8.892319000e-01 9.314074000e-01 
1.987240000e+00 2.846005000e-02 5.018319000e-04 
3.131854000e-01 5.095463000e-01 1.103342000e+00 
1.030108000e-01 9.503562000e-03 1.267193000e+00 
7.950641000e-02 8.653958000e-01 1.001251000e+00 
1.212575000e-02 1.061394000e+00 8.484308000e-01 
2.536439000e-03 4.714427000e-01 1.242165000e+00 
1.282843000e-01 1.001144000e+00 8.398979000e-01 
1.642943000e+00 1.354849000e-02 7.733620000e-03 
1.200959000e+00 3.622529000e-02 4.463879000e-01 
4.948089000e-01 9.018754000e-01 8.744896000e-01 
7.380133000e-01 8.878999000e-01 5.808553000e-01 
9.676435000e-03 4.875130000e-04 1.372313000e+00 
4.439733000e-03 1.442095000e+00 6.557197000e-03 
7.074958000e-02 9.459223000e-01 8.850780000e-01 
8.682636000e-01 6.117207000e-02 9.179539000e-01 
9.799850000e-01 5.959626000e-01 7.792241000e-01 
1.301966000e+00 2.843419000e-02 7.966780000e-03 
1.077745000e-03 1.117342000e+00 6.051549000e-01 
5.471906000e-01 1.071482000e+00 5.417634000e-01 
6.039382000e-01 3.201654000e-01 1.113266000e+00 
8.892569000e-01 1.063148000e+00 7.429366000e-03 
8.385825000e-03 1.269598000e+00 8.030132000e-03 
5.617900000e-01 1.140612000e+00 1.945568000e-01 
1.518481000e-02 5.900709000e-01 1.183696000e+00 
1.254385000e+00 3.923515000e-01 2.261098000e-02 
5.663709000e-01 9.661323000e-01 6.570009000e-01 
5.112665000e-01 2.878856000e-01 1.118756000e+00 
1.225093000e-01 6.513034000e-01 1.134842000e+00 
6.877275000e-01 1.129349000e+00 1.550089000e-02 
8.901330000e-01 2.914338000e-02 9.388925000e-01 
1.180256000e-01 3.942548000e-01 1.225915000e+00 
5.597928000e-01 6.719475000e-01 9.246275000e-01 
6.708933000e-01 6.003378000e-01 9.150824000e-01 
5.469790000e-01 1.232488000e+00 1.269532000e-02 
7.042855000e-01 2.268467000e-02 1.103082000e+00 
6.252297000e-01 1.227681000e-02 1.160963000e+00 
3.205084000e-03 5.934704000e-01 1.230351000e+00 
1.613550000e-03 1.278344000e+00 5.904201000e-01 
6.429719000e-01 1.117026000e+00 7.118295000e-02 
6.651065000e-01 7.806451000e-01 7.906064000e-01 
6.317871000e-03 8.106973000e-01 1.110892000e+00 
4.185273000e-01 9.509135000e-01 7.869176000e-01 
2.178683000e-02 1.020658000e+00 8.240297000e-01 
4.485909000e-02 4.024499000e-02 1.262616000e+00 
1.049036000e+00 3.288264000e-01 7.200591000e-01 
1.911872000e-05 5.664998000e-03 1.399472000e+00 
4.295210000e-01 7.841936000e-01 9.297387000e-01 
2.158245000e-03 1.330813000e+00 1.611347000e-02 
1.906910000e-02 9.105044000e-01 9.272435000e-01 
1.282346000e+00 9.250225000e-02 7.375490000e-03 
1.955356000e-02 1.109771000e-03 1.315142000e+00 
1.192311000e+00 6.125217000e-01 2.300641000e-02 
9.121384000e-01 5.986006000e-01 8.508216000e-01 
1.579011000e-02 9.951852000e-01 8.732534000e-01 
4.193947000e-02 5.874833000e-01 1.142922000e+00 
1.926942000e-02 9.139996000e-01 9.266131000e-01 
1.260958000e+00 1.283449000e-03 4.444846000e-01 
6.124664000e-01 8.949191000e-01 7.265197000e-01 
5.156345000e-01 8.089577000e-01 8.860132000e-01 
1.685090000e-01 1.164131000e+00 5.027460000e-01 
7.333033000e-01 3.493039000e-02 1.057512000e+00 
5.823810000e-01 9.278387000e-01 6.562001000e-01 
8.137654000e-01 3.078294000e-03 9.817461000e-01 
9.873059000e-03 7.501695000e-01 1.109657000e+00 
8.274071000e-01 7.403713000e-01 6.903055000e-01 
6.378807000e-01 1.096152000e+00 1.282176000e-01 
6.956228000e-03 1.039234000e+00 8.567237000e-01 
3.291545000e-01 1.071780000e+00 6.946999000e-01 
2.312027000e-03 5.991145000e-01 1.289850000e+00 
2.412222000e-02 7.465851000e-01 1.007467000e+00 
7.201074000e-01 8.639304000e-01 6.605897000e-01 
1.167513000e-01 3.978153000e-01 1.225893000e+00 
8.687144000e-01 1.076968000e+00 2.344447000e-04 
1.223441000e+00 3.877056000e-01 2.667033000e-02 
4.395223000e-01 6.776819000e-01 1.056934000e+00 
1.537416000e+00 1.787205000e-02 6.300281000e-03 
7.884295000e-01 1.069414000e+00 1.675835000e-02 
9.340443000e-02 1.098155000e+00 7.272038000e-01 
6.929396000e-04 8.918490000e-01 1.064861000e+00 
8.304390000e-01 7.512850000e-01 5.670965000e-01 
1.457187000e+00 3.073990000e-02 1.872885000e-03 
1.212884000e-03 8.215183000e-01 1.128789000e+00 
2.082705000e-02 8.779079000e-02 1.233529000e+00 
3.993405000e-01 7.013204000e-01 1.040267000e+00 
3.889848000e-02 9.316567000e-01 9.212037000e-01 
4.106362000e-02 3.749482000e-04 1.359053000e+00 
6.431569000e-01 4.510673000e-01 1.068316000e+00 
6.183083000e-01 6.694737000e-03 1.169673000e+00 
1.524369000e-01 1.279310000e+00 6.465714000e-03 
8.972756000e-01 8.713618000e-04 1.097823000e+00 
1.297404000e+00 3.343263000e-02 1.922586000e-03 
3.742433000e-02 1.115256000e+00 5.695436000e-01 
1.415160000e+00 1.476615000e-02 1.328364000e-02 
2.789755000e-01 6.583054000e-01 1.091277000e+00 
3.640112000e-02 9.322147000e-01 9.229556000e-01 
7.476713000e-01 7.774383000e-01 7.110149000e-01 
8.714659000e-01 9.054946000e-01 1.440265000e-01 
1.060668000e+00 1.725314000e-01 7.696500000e-01 
6.316087000e-01 1.165523000e+00 7.706564000e-02 
3.693469000e-03 6.217459000e-01 1.216641000e+00 
7.940298000e-01 1.044032000e+00 3.524341000e-02 
1.163573000e+00 6.940203000e-02 5.241897000e-01 
6.478348000e-01 4.917134000e-01 1.025614000e+00 
9.014780000e-01 2.899956000e-02 8.913594000e-01 
1.393438000e-01 4.328525000e-01 1.162914000e+00 
6.538490000e-01 6.065487000e-01 9.275132000e-01 
2.459269000e-02 9.637477000e-01 9.023262000e-01 
7.926558000e-01 9.021092000e-01 4.939578000e-01 
6.875874000e-01 8.333081000e-01 7.086942000e-01 
3.557506000e-01 6.390476000e-01 1.098146000e+00 
2.564262000e-02 2.268340000e-04 1.442476000e+00 
2.784916000e-02 7.021902000e-01 1.092289000e+00 
1.094111000e+00 4.584453000e-04 7.275976000e-01 
2.756003000e-01 8.794044000e-01 9.264804000e-01 
1.386627000e-01 4.651728000e-01 1.150302000e+00 
1.404932000e-02 4.439011000e-03 1.291470000e+00 
4.993399000e-03 1.378508000e+00 9.156617000e-03 
1.719043000e-03 1.437688000e-05 1.494397000e+00 
4.054545000e-01 6.965490000e-01 1.058290000e+00 
1.602846000e+00 2.868520000e-02 2.294705000e-03 
1.095725000e-01 1.951846000e-02 1.262173000e+00 
1.103775000e+00 2.597652000e-02 6.712028000e-01 
3.150591000e-01 4.946719000e-01 1.149574000e+00 
3.544396000e-01 1.032346000e+00 7.315653000e-01 
6.532474000e-01 7.996211000e-01 8.558368000e-01 
8.617587000e-01 7.603943000e-01 5.078837000e-01 
3.312121000e-04 1.090875000e+00 9.021747000e-01 
5.636889000e-01 1.089373000e+00 1.320714000e-01 
1.233401000e-01 3.847910000e-01 1.214394000e+00 
9.079673000e-02 1.069030000e+00 8.123698000e-01 
7.629309000e-01 8.795816000e-01 6.401564000e-01 
6.263304000e-01 4.034404000e-02 1.102744000e+00 
5.961315000e-01 3.039496000e-03 1.189703000e+00 
6.462567000e-01 5.062869000e-01 1.029764000e+00 
9.549263000e-01 6.907345000e-01 6.059906000e-01 
3.994708000e-01 7.010335000e-01 1.059596000e+00 
5.849400000e-01 1.004341000e+00 5.297527000e-01 
1.081871000e+00 7.721340000e-01 5.280456000e-03 
7.939215000e-01 1.074249000e+00 8.081250000e-03 
1.112528000e-01 1.013448000e+00 8.207718000e-01 
1.197039000e+00 3.610304000e-02 4.745399000e-01 
4.903987000e-01 6.089153000e-01 1.068938000e+00 
6.046678000e-01 1.314321000e-02 1.130517000e+00 
6.318421000e-01 4.060431000e-02 1.078421000e+00 
3.698842000e-03 6.207008000e-01 1.216665000e+00 
1.077134000e+00 6.305177000e-01 1.115085000e-01 
1.361493000e-01 9.878214000e-01 8.449873000e-01 
9.840802000e-01 7.053394000e-01 5.634265000e-01 
1.073128000e+00 7.767445000e-01 5.212526000e-03 
2.034383000e-03 1.105252000e+00 8.207484000e-01 
8.037028000e-01 1.038129000e+00 4.805185000e-02 
4.243428000e-01 3.966636000e-02 1.185671000e+00 
4.063032000e-02 1.245512000e+00 4.010163000e-01 
8.782940000e-01 5.899142000e-02 9.214805000e-01 
6.394898000e-01 1.135266000e+00 1.409859000e-04 
2.811833000e-01 1.232893000e+00 1.522506000e-02 
5.060162000e-01 8.668936000e-01 7.919882000e-01 
1.907673000e-02 1.006947000e+00 8.295516000e-01 
8.107823000e-01 9.702423000e-01 5.086234000e-02 
9.965895000e-01 6.843373000e-01 5.457361000e-01 
2.303825000e-02 1.149128000e+00 5.696680000e-01 
1.613131000e-02 1.157883000e+00 5.688117000e-01 
7.062743000e-01 6.301737000e-03 1.063084000e+00 
5.818157000e-03 1.206403000e+00 4.555181000e-01 
6.011985000e-02 7.247330000e-01 1.089753000e+00 
1.024264000e+00 7.349104000e-01 7.474074000e-03 
1.244659000e+00 3.993193000e-01 1.480577000e-02 
5.754241000e-01 9.097607000e-01 6.667786000e-01 
2.744473000e-02 1.161997000e+00 5.288732000e-01 
7.277627000e-01 9.196336000e-01 5.811464000e-01 
4.950895000e-02 1.122784000e+00 5.655287000e-01 
1.264785000e-02 4.284487000e-01 1.194558000e+00 
1.048591000e+00 4.403886000e-01 7.028186000e-01 
2.487236000e-02 7.516786000e-01 1.006152000e+00 
9.441622000e-01 4.377035000e-02 8.904040000e-01 
1.121838000e+00 6.771060000e-02 6.124188000e-01 
7.626405000e-01 4.884189000e-02 1.003279000e+00 
7.311084000e-03 1.261741000e+00 1.154722000e-01 
2.627976000e-01 1.791963000e-03 1.238371000e+00 
1.174751000e+00 3.559933000e-01 1.712892000e-01 
9.033403000e-01 9.161400000e-01 1.175246000e-01 
1.272503000e+00 5.422836000e-02 1.495403000e-02 
9.529741000e-01 3.179512000e-02 8.597187000e-01 
8.814699000e-01 8.248311000e-01 4.567060000e-01 
8.400724000e-01 2.648193000e-01 9.305207000e-01 
7.679361000e-01 9.090069000e-01 4.842973000e-01 
8.649026000e-01 2.563366000e-01 9.245905000e-01 
8.916895000e-01 5.231314000e-03 9.476748000e-01 
1.124171000e+00 7.054016000e-02 5.470393000e-01 
3.164466000e-01 1.075750000e+00 5.506743000e-01 
8.287039000e-01 6.417670000e-01 7.266533000e-01 
6.176977000e-01 1.114227000e+00 1.166118000e-01 
3.675233000e-01 5.666964000e-01 1.077951000e+00 
1.057553000e+00 6.614125000e-01 6.642036000e-02 
1.191119000e+00 3.604363000e-01 3.291240000e-02 

1.062160000e+00 6.741072000e-01 6.916349000e-02 
7.113691000e-01 7.862792000e-01 6.342873000e-01 
3.523032000e-03 8.509549000e-01 9.028611000e-01 
1.510604000e+00 7.706486000e-03 7.552182000e-03 
1.410173000e-02 1.692702000e+00 3.680626000e-03 
7.589233000e-01 4.846387000e-01 9.030556000e-01 
4.551073000e-01 3.624785000e-02 1.124613000e+00 
1.409460000e-02 5.240077000e-01 1.125305000e+00 
2.132702000e-03 1.134711000e+00 7.381835000e-01 
3.483732000e-03 1.368740000e+00 6.729453000e-02 
2.947516000e-03 7.640273000e-01 9.932389000e-01 
6.266313000e-04 7.330963000e-01 1.288787000e+00 
1.886438000e-03 3.889293000e-06 1.945847000e+00 
6.935667000e-05 1.109121000e-03 1.794424000e+00 
1.895080000e-02 1.038540000e+00 8.425306000e-01 
5.831686000e-01 9.084636000e-01 6.195154000e-01 
1.715983000e-02 2.350865000e+00 1.021514000e-03 
4.412233000e-02 1.102898000e+00 5.335978000e-01 
4.556875000e-01 1.079533000e+00 5.603570000e-01 
2.142151000e+00 2.280233000e-01 6.034394000e-04 
1.059170000e+00 8.668483000e-01 1.147797000e-04 
9.150713000e-01 1.572056000e-02 8.288911000e-01 
1.190730000e+00 5.375779000e-02 9.152897000e-02 
1.197973000e-02 6.332607000e-01 1.065574000e+00 
5.798510000e-01 7.837468000e-01 7.618423000e-01 
1.167482000e+00 5.483468000e-03 8.918246000e-01 
1.043382000e+00 1.600229000e-02 6.307857000e-01 
1.018880000e+00 5.418339000e-01 6.208296000e-01 
1.262543000e+00 3.871365000e-01 4.892577000e-03 
1.364811000e-01 1.210157000e+00 9.829805000e-02 
5.961813000e-01 3.787314000e-01 1.030245000e+00 
3.430143000e-03 1.165692000e+00 5.500302000e-01 
4.787257000e-01 5.238310000e-01 1.022972000e+00 
1.165220000e+00 5.049085000e-01 1.419682000e-01 
7.863014000e-01 1.101364000e+00 1.388065000e-03 
1.793179000e-02 1.094449000e+00 6.630752000e-01 
2.489912000e+00 3.946161000e-03 7.222181000e-04 
7.360906000e-01 4.773413000e-02 1.018937000e+00 
2.341504000e+00 1.444646000e-02 2.566954000e-03 
5.489144000e-01 9.501889000e-01 6.887651000e-01 
1.261669000e+00 3.786479000e-02 2.253802000e-02 
7.230500000e-01 9.852054000e-01 3.966763000e-01 
7.785511000e-01 1.254563000e-02 9.394935000e-01 
8.859837000e-01 2.491595000e-02 8.173086000e-01 
8.599102000e-01 8.146342000e-02 9.154608000e-01 
9.075323000e-02 1.051157000e+00 6.040236000e-01 
1.153836000e+00 5.152502000e-01 9.208785000e-02 
1.077495000e+00 8.060829000e-01 1.094531000e-03 
7.349598000e-01 8.180995000e-03 1.165792000e+00 
2.173977000e-01 1.174280000e+00 4.948015000e-01 
1.020180000e+00 7.849204000e-01 1.680608000e-02 
3.994808000e-01 5.985840000e-01 9.480280000e-01 
2.059764000e+00 3.850490000e-03 1.258109000e-02 
1.049459000e-02 9.073645000e-01 8.784353000e-01 
8.739287000e-01 8.678571000e-01 1.142346000e-03 
1.007020000e+00 7.213736000e-01 3.165160000e-02 
6.072269000e-02 1.217349000e+00 4.716285000e-02 
4.730744000e-01 5.458895000e-01 1.050341000e+00 
4.686607000e-01 5.503750000e-01 1.102351000e+00 
6.823940000e-01 5.355906000e-01 8.581410000e-01 
4.452693000e-03 2.586217000e-03 1.239130000e+00 
7.910442000e-01 9.908558000e-01 1.109394000e-01 
8.072457000e-01 7.854916000e-01 6.153952000e-01 
1.173506000e+00 2.374537000e-02 5.837217000e-01 
1.272375000e+00 4.848446000e-02 2.175671000e-02 
1.729120000e-04 8.583354000e-01 1.415205000e+00 
1.056108000e-01 7.454722000e-06 1.581935000e+00 
1.037832000e+00 7.581576000e-01 1.470890000e-03 
1.561380000e+00 1.472103000e-02 7.066138000e-03 
4.155654000e-03 8.757838000e-01 8.940191000e-01 
1.842480000e-03 1.732028000e+00 1.093926000e-02 
1.201914000e+00 2.856910000e-04 3.914283000e-01 
1.496539000e-03 1.679956000e+00 3.663791000e-02 
1.318388000e-02 5.242810000e-01 1.235247000e+00 
5.135053000e-01 2.245900000e-02 1.140725000e+00 
2.288459000e-02 1.386808000e+00 1.408259000e-02 
1.397056000e+00 1.431630000e-01 1.577057000e-03 
1.536821000e-03 1.013870000e+00 8.804549000e-01 
9.942585000e-01 5.799791000e-01 5.160928000e-01 
1.200435000e+00 2.807737000e-03 5.359199000e-01 
4.124911000e-01 8.017986000e-01 8.736393000e-01 
7.478295000e-01 7.979075000e-03 1.069347000e+00 
1.092473000e-01 2.153673000e-05 1.411492000e+00 
1.361085000e-03 1.681069000e+00 5.546545000e-02 
3.151817000e-03 1.665024000e+00 5.290048000e-02 
8.647492000e-01 5.031272000e-01 8.212560000e-01 
4.377627000e-02 6.646900000e-01 1.011117000e+00 
6.403659000e-01 1.094612000e+00 6.336191000e-02 
9.407002000e-01 7.173325000e-01 3.969395000e-01 
1.141953000e+00 6.494880000e-01 2.863860000e-03 
1.871212000e+00 5.483606000e-02 2.429322000e-03 
7.077981000e-01 2.194771000e-02 1.056862000e+00 
6.867951000e-01 2.698221000e-01 1.045896000e+00 
6.492372000e-01 9.002478000e-01 5.412221000e-01 
1.107704000e+00 5.893138000e-01 2.470133000e-02 
1.416272000e+00 1.688982000e-01 1.450100000e-03 
2.713448000e+00 7.125943000e-04 2.569167000e-03 
2.714754000e-01 5.220940000e-01 1.105034000e+00 
6.058403000e-03 6.306752000e-01 1.135881000e+00 
9.716864000e-01 7.949680000e-01 4.622790000e-02 
1.128896000e+00 3.232267000e-04 1.033226000e+00 
1.333905000e+00 3.145105000e-04 1.306713000e-02 
1.118757000e+00 1.634362000e-03 1.118825000e+00 
8.009395000e-01 9.981966000e-01 1.019551000e-01 
7.350683000e-01 9.688782000e-01 4.387898000e-01 
7.458446000e-01 5.305252000e-01 8.202149000e-01 
7.175210000e-01 1.107911000e+00 4.847207000e-02 
4.042330000e-03 1.573149000e+00 1.101516000e-02 
7.278673000e-01 9.621946000e-01 4.396372000e-01 
1.431775000e-02 5.677169000e-01 1.124684000e+00 
2.384699000e+00 1.159148000e-01 7.330270000e-04 
1.481231000e-02 1.429954000e+00 4.638947000e-03 
1.358008000e-02 2.421997000e+00 7.378438000e-03 
3.607128000e-03 9.152040000e-01 8.893971000e-01 
1.312507000e+00 7.248838000e-04 1.373149000e-02 
5.870737000e-02 1.301563000e+00 2.373847000e-04 
2.640752000e-02 1.617678000e-04 1.313434000e+00 
6.137616000e-01 1.067676000e+00 1.628963000e-01 
4.679609000e-01 1.050786000e+00 5.417603000e-01 
4.197749000e-02 1.543798000e+00 3.533264000e-04 
5.828163000e-01 1.169035000e-02 1.065324000e+00 
6.693829000e-02 1.213175000e+00 3.573187000e-01 
4.931508000e-03 5.811249000e-01 1.176045000e+00 
3.770544000e-03 1.374244000e+00 6.563576000e-02 
3.912798000e-03 1.281523000e+00 4.915278000e-01 
7.968966000e-01 5.771964000e-01 7.799139000e-01 
1.256856000e+00 1.492410000e-02 6.236504000e-02 
7.648623000e-04 5.733906000e-04 1.332923000e+00 
9.388657000e-01 1.834133000e-03 8.955651000e-01 
7.400835000e-01 7.434242000e-01 8.222633000e-01 
7.653188000e-01 1.036098000e+00 2.011511000e-02 
8.813593000e-01 3.034515000e-02 9.218643000e-01 
1.144035000e+00 7.938096000e-01 9.068579000e-04 
1.027173000e+00 7.175894000e-01 7.292692000e-02 
3.147796000e-02 7.081077000e-04 1.257505000e+00 
3.597415000e-01 5.031006000e-01 1.126968000e+00 
1.085815000e+00 7.132556000e-01 1.018249000e-02 
9.857898000e-01 7.026001000e-01 4.111129000e-01 
9.388886000e-01 8.255775000e-01 4.757266000e-01 
8.290312000e-03 6.027970000e-01 1.102715000e+00 
5.101432000e-04 7.479508000e-05 1.934879000e+00 
1.898895000e-03 1.388986000e+00 8.073798000e-02 
1.002439000e+00 4.908573000e-01 8.049271000e-01 
3.042007000e-03 1.671595000e+00 1.503874000e-02 
3.562344000e-02 5.533154000e-01 1.090523000e+00 
3.141621000e-02 8.444988000e-01 8.634081000e-01 
1.804229000e-03 1.400540000e+00 5.404005000e-02 
3.591027000e-02 1.957621000e-05 1.592919000e+00 
1.121963000e-01 9.793631000e-01 7.858896000e-01 
1.416160000e+00 6.308781000e-01 9.025726000e-04 
1.058166000e-02 5.511381000e-01 1.130255000e+00 
4.318290000e-01 4.156725000e-02 1.191798000e+00 
1.281420000e+00 7.900725000e-02 2.134373000e-02 
8.379127000e-03 1.242424000e+00 1.880948000e-01 
7.524641000e-01 4.888653000e-01 8.846743000e-01 
3.768912000e-01 2.899813000e-01 1.108955000e+00 
2.705280000e-05 1.032185000e-02 1.979555000e+00 
1.287850000e+00 5.917759000e-02 7.335694000e-03 
8.986039000e-01 1.498749000e-02 9.284892000e-01 
1.031638000e+00 7.698806000e-01 1.542778000e-02 
8.282829000e-01 9.500560000e-01 1.470716000e-01 
7.999002000e-01 8.291307000e-01 5.182740000e-01 
6.021283000e-03 1.320608000e+00 2.844203000e-02 
8.593214000e-01 9.390147000e-01 4.870712000e-02 
7.209472000e-01 7.584822000e-01 6.393760000e-01 
3.612541000e-01 9.867842000e-01 7.107617000e-01 
2.302516000e-03 1.380616000e+00 6.514315000e-02 
6.422150000e-01 8.813016000e-01 6.315720000e-01 
9.427548000e-03 8.719773000e-01 8.816288000e-01 
1.009866000e+00 7.578086000e-01 2.261714000e-02 
7.705029000e-01 4.730305000e-01 8.916231000e-01 
7.672695000e-01 5.711806000e-01 8.011506000e-01 
1.299477000e-01 4.965373000e-01 1.152940000e+00 
4.735687000e-01 1.180409000e+00 9.377132000e-02 
5.978998000e-01 1.323009000e-02 1.063172000e+00 
7.596669000e-01 1.059554000e+00 1.347089000e-02 
5.296376000e-01 1.122523000e+00 1.689707000e-03 
1.439055000e+00 2.281140000e-02 3.522869000e-03 
1.087914000e+00 6.984096000e-01 8.863232000e-03 
9.974270000e-01 7.550819000e-01 9.829243000e-02 
8.636446000e-01 8.990535000e-01 1.196159000e-02 
9.917027000e-01 4.718648000e-02 8.078543000e-01 
7.341384000e-02 1.158038000e+00 5.167245000e-01 
5.789499000e-01 1.011854000e+00 3.732084000e-01 
1.325387000e+00 1.135050000e-02 1.070842000e-02 
8.436792000e-01 6.433342000e-01 6.369232000e-01 
2.275812000e-02 1.233644000e+00 5.217952000e-01 
1.415965000e+00 6.351349000e-01 6.616871000e-04 
7.510628000e-03 1.301699000e+00 7.315956000e-02 
4.496671000e-01 2.726829000e-02 1.210196000e+00 
9.839472000e-01 6.140690000e-02 8.171768000e-01 
9.707598000e-01 1.509470000e-02 8.805088000e-01 
2.172548000e-03 1.687751000e+00 3.114797000e-02 
1.998234000e-02 1.041455000e+00 6.348929000e-01 
9.810899000e-01 5.475142000e-01 6.056105000e-01 
2.513594000e-02 1.059262000e+00 5.862052000e-01 
1.266720000e-02 9.417474000e-01 8.521999000e-01 
1.017080000e+00 4.615139000e-02 8.103226000e-01 
9.191814000e-02 1.004039000e+00 8.216712000e-01 
5.739689000e-04 9.296361000e-01 9.229723000e-01 
8.157722000e-01 1.040409000e+00 9.267998000e-03 
8.766098000e-01 5.183009000e-02 9.172759000e-01 
1.259312000e+00 6.022277000e-03 3.422804000e-02 
1.219338000e+00 1.964360000e-02 4.232011000e-02 
1.057355000e+00 6.815162000e-01 1.332959000e-02 
1.164544000e+00 1.086979000e-01 3.768818000e-01 
1.128750000e+00 7.810734000e-01 1.200082000e-03 
5.856071000e-05 1.207467000e+00 5.672527000e-01 
7.617404000e-01 4.248949000e-03 1.143789000e+00 
8.855628000e-01 7.067325000e-01 5.996794000e-01 
1.144480000e+00 2.488758000e-02 5.245751000e-01 
4.844657000e-01 3.117603000e-01 1.104899000e+00 
1.398882000e+00 3.498597000e-02 2.991716000e-03 
2.915215000e-03 6.061940000e-01 1.137083000e+00 
1.105371000e+00 5.334117000e-02 5.909858000e-01 
4.952509000e-02 1.035303000e+00 7.741093000e-01 
2.453086000e-02 1.246618000e+00 1.703234000e-03 
4.611678000e-02 1.516582000e+00 6.838002000e-04 
5.667254000e-01 4.261974000e-01 1.058839000e+00 
1.433709000e+00 6.124856000e-02 1.636359000e-03 
7.970913000e-02 1.027607000e+00 7.483879000e-01 
2.749021000e-02 6.594471000e-04 1.264604000e+00 
4.781169000e-04 4.403856000e-04 1.460189000e+00 
7.692108000e-01 1.018888000e+00 6.339463000e-02 
3.994711000e-01 4.329317000e-01 1.107387000e+00 
7.636604000e-01 2.325693000e-02 1.013490000e+00 
8.390470000e-01 8.643872000e-01 4.954190000e-01 
7.024340000e-01 9.507662000e-01 4.408448000e-01 
4.784043000e-01 5.386161000e-01 9.914754000e-01 
1.126316000e+00 5.890673000e-01 4.734319000e-01 
6.873465000e-01 5.070514000e-01 8.426761000e-01 
5.226929000e-01 3.392336000e-01 1.086085000e+00 
1.020100000e+00 4.141626000e-02 7.335600000e-01 
6.108365000e-01 8.774240000e-03 1.070069000e+00 
4.112313000e-02 1.221188000e+00 1.764661000e-01 
6.893065000e-01 7.641910000e-01 8.083071000e-01 
7.571702000e-01 4.813310000e-01 9.043703000e-01 
5.581761000e-02 5.941658000e-01 1.038731000e+00 
7.808263000e-01 1.105674000e+00 1.183964000e-02 
2.902373000e-01 1.435506000e+00 8.881911000e-05 
8.360928000e-01 6.230065000e-01 6.819993000e-01 
6.069456000e-01 1.001093000e+00 3.979529000e-01 
8.062039000e-03 1.445510000e+00 8.204708000e-03 
5.842076000e-01 3.590364000e-03 1.167598000e+00 
1.067292000e-04 1.345157000e-02 1.431125000e+00 
1.216335000e-02 7.095902000e-04 1.285673000e+00 
5.075054000e-02 1.244087000e+00 1.193522000e-02 
1.163959000e+00 3.315406000e-02 3.831888000e-01 
7.709946000e-01 2.444665000e-03 1.139756000e+00 
6.252211000e-01 7.576939000e-01 9.175787000e-01 
3.605061000e-02 7.145525000e-04 1.238655000e+00 
1.375209000e+00 3.697325000e-01 3.445184000e-03 
6.662589000e-01 1.094345000e+00 5.202380000e-02 
2.155703000e-02 8.829914000e-01 8.511380000e-01 
2.908092000e-03 6.098876000e-01 1.205468000e+00 
7.792171000e-01 4.785032000e-01 8.891502000e-01 
3.198713000e-02 1.174483000e+00 5.240671000e-01 
3.671316000e-02 1.240780000e+00 1.952336000e-01 
5.080245000e-03 1.132938000e+00 7.080925000e-01 
4.573986000e-01 1.056002000e+00 5.661149000e-01 
6.627436000e-01 8.924556000e-01 5.434341000e-01 
5.236623000e-04 1.286314000e-01 1.345247000e+00 
1.282580000e+00 5.495631000e-03 1.291755000e-01 
1.293194000e+00 3.098052000e-02 5.538324000e-03 
8.058208000e-01 3.785036000e-01 8.637213000e-01 
1.290288000e+00 1.501749000e-02 7.670428000e-03 
5.724627000e-02 3.456816000e-03 1.217481000e+00 
1.131875000e+00 3.607557000e-02 5.156850000e-01 
3.513256000e-01 4.980396000e-01 1.131509000e+00 
1.247583000e+00 7.910067000e-02 3.186121000e-02 
2.317873000e-02 1.256541000e+00 1.869510000e-03 
1.038674000e+00 1.418060000e-02 6.773775000e-01 
9.538957000e-01 8.096365000e-01 6.723577000e-02 
1.510399000e-02 9.513830000e-05 1.317467000e+00 
4.800453000e-02 1.233374000e+00 5.364448000e-02 
5.652309000e-01 7.147093000e-01 9.244753000e-01 
5.512650000e-02 7.131305000e-01 9.416789000e-01 
6.766815000e-03 7.170254000e-01 1.072681000e+00 
5.384546000e-01 1.014639000e+00 5.218421000e-01 
9.260573000e-02 9.858787000e-01 8.070589000e-01 
9.717503000e-01 7.589407000e-01 3.664433000e-02 
4.595994000e-01 1.195459000e+00 6.721084000e-02 
2.337646000e-02 1.313621000e+00 9.573504000e-04 
1.035226000e+00 3.467419000e-02 7.623433000e-01 
7.803092000e-01 1.006080000e+00 1.501181000e-02 
6.769957000e-01 9.470095000e-01 5.263094000e-01 
4.605597000e-01 1.180145000e+00 1.022238000e-01 
1.223971000e+00 3.930361000e-01 3.383881000e-03 
1.035492000e+00 4.626285000e-01 5.169393000e-01 
6.765567000e-02 6.512955000e-04 1.287669000e+00 
2.716446000e-02 1.152847000e+00 5.537705000e-01 
1.055788000e+00 7.040855000e-01 8.780685000e-02 
1.065429000e-02 7.106029000e-01 1.057433000e+00 
7.779826000e-01 3.719310000e-01 9.054073000e-01 
1.071958000e+00 6.581019000e-01 1.468824000e-02 
1.026136000e+00 6.552224000e-01 3.706087000e-01 
9.410676000e-01 4.959038000e-01 6.794645000e-01 
6.811701000e-01 1.064139000e+00 7.605865000e-02 
1.123502000e+00 6.019929000e-01 5.078463000e-03 
5.704840000e-01 4.154416000e-01 1.051296000e+00 
1.271501000e+00 3.775582000e-01 5.971151000e-03 
8.020528000e-01 9.461215000e-01 4.839465000e-01 
1.178818000e+00 4.012906000e-01 3.276836000e-03 
1.262538000e-02 1.314384000e+00 6.353612000e-02 
1.790975000e-02 1.289035000e+00 4.750499000e-02 
9.771628000e-01 7.907336000e-01 1.884021000e-02 
7.682176000e-01 5.689501000e-01 7.881011000e-01 
7.703150000e-02 1.219318000e+00 4.576191000e-02 
8.630159000e-01 9.765753000e-01 2.280272000e-03 
1.064065000e+00 1.628601000e-01 5.999088000e-01 
8.814916000e-01 6.121580000e-03 9.742005000e-01 
6.713805000e-01 1.121768000e+00 2.886760000e-02 
8.983164000e-01 1.557495000e-02 9.231175000e-01 
1.100955000e+00 6.440704000e-01 7.318604000e-02 
4.207047000e-02 1.135791000e+00 5.275989000e-01 
3.024164000e-01 5.014313000e-01 1.142092000e+00 
7.606181000e-01 5.885640000e-01 7.441529000e-01 
1.953617000e-02 2.271090000e-01 1.236972000e+00 
8.989735000e-01 6.857405000e-01 6.309960000e-01 
2.131664000e-01 1.199570000e+00 5.014659000e-03 
6.042567000e-01 4.961990000e-02 1.062879000e+00 
2.431323000e-02 7.012049000e-01 1.045493000e+00 
9.099540000e-03 7.247342000e-01 9.420625000e-01 
8.026197000e-04 3.700691000e-03 1.241127000e+00 
7.482753000e-01 1.029626000e+00 8.170163000e-02 
5.589064000e-01 1.131926000e-02 1.080200000e+00 
1.140194000e+00 3.611921000e-02 4.879542000e-01 

5.995248000e-01 8.450054000e-01 7.487452000e-01 
1.289101000e-01 1.183755000e+00 4.857829000e-01 
4.957058000e-01 8.088677000e-01 8.564685000e-01 
4.738472000e-01 4.741782000e-01 1.098556000e+00 
7.774339000e-01 1.045921000e+00 2.675338000e-02 
4.460645000e-01 1.018638000e+00 6.115820000e-01 
8.563438000e-01 8.853144000e-01 3.661378000e-02 
2.741265000e-02 1.269504000e+00 5.125094000e-03 
5.285055000e-01 1.005647000e+00 5.446821000e-01 
7.673035000e-02 1.240550000e+00 1.779248000e-02 
8.421531000e-02 1.153480000e+00 5.104886000e-01 
9.516208000e-03 5.322265000e-01 1.179196000e+00 
8.491472000e-01 9.098259000e-01 1.704756000e-01 
6.728894000e-05 7.068979000e-06 9.406206000e+00 
1.015094000e+00 4.345589000e-02 8.297814000e-01 
4.449671000e-01 2.862969000e-01 1.148685000e+00 
7.634840000e-01 5.108116000e-01 8.663948000e-01 
2.607189000e-04 1.002302000e+00 9.216503000e-01 
5.262430000e-01 8.864844000e-01 8.010273000e-01 
1.801640000e+00 1.737339000e-03 2.074860000e-02 
6.755002000e-01 7.919792000e-01 7.275111000e-01 
4.647777000e-01 2.329906000e-01 1.175943000e+00 
5.235827000e-01 1.020216000e+00 5.917770000e-01 
4.405630000e-05 4.348140000e-04 6.880289000e+00 
1.265022000e+00 8.327740000e-03 2.021962000e-01 
8.917107000e-01 5.510516000e-01 7.463621000e-01 
1.332386000e-03 1.191116000e+00 5.169282000e-01 
2.642776000e+00 3.416526000e-04 1.745770000e-02 
8.261175000e-01 9.520624000e-01 2.274341000e-02 
2.223708000e+00 4.734031000e-03 6.204004000e-03 
6.490680000e-01 9.363428000e-01 6.417291000e-01 
1.439180000e+00 4.844901000e-03 1.693226000e-02 
9.951909000e-01 2.088629000e-01 7.386435000e-01 
1.688482000e-02 7.011585000e-01 1.042122000e+00 
3.298255000e-01 5.537330000e-01 1.126674000e+00 
1.050467000e+00 7.810328000e-01 4.527117000e-02 
9.518527000e-01 9.214085000e-01 1.007085000e-02 
1.898010000e-03 1.081496000e+00 6.792295000e-01 
2.861030000e-03 6.366761000e-01 1.045370000e+00 
9.218239000e-01 7.862582000e-02 8.446207000e-01 
7.730061000e-01 4.650017000e-01 8.588089000e-01 
1.620560000e-03 8.211009000e-02 1.242365000e+00 
1.901411000e+00 1.797434000e-03 9.222271000e-03 
4.200023000e-01 5.016745000e-01 1.085876000e+00 
6.221221000e-01 8.354046000e-01 7.538578000e-01 
1.237599000e+00 3.516861000e-02 4.628564000e-01 
1.084477000e+00 3.654785000e-02 7.003381000e-01 
9.926801000e-02 1.005996000e-01 1.233493000e+00 
7.416658000e-01 7.392637000e-01 6.928696000e-01 
8.797220000e-01 5.509653000e-01 7.492473000e-01 
5.695276000e-01 1.028625000e+00 5.220034000e-01 
6.127150000e-02 1.043152000e+00 7.536406000e-01 
6.523872000e-01 8.105706000e-01 7.682403000e-01 
8.309916000e-01 9.308495000e-01 6.147750000e-02 
5.714246000e-03 8.572529000e-01 1.037885000e+00 
1.119159000e-03 1.230402000e+00 4.763115000e-01 
5.391920000e-05 3.326057000e-05 1.308313000e+00 
1.076588000e+00 6.887277000e-01 4.153479000e-02 
4.517015000e-01 7.810965000e-01 8.858294000e-01 
8.206141000e-01 9.894541000e-01 1.314013000e-02 
1.459501000e-02 1.104753000e+00 6.168325000e-01 
7.682982000e-02 1.033313000e+00 7.532045000e-01 
5.886666000e-01 1.041136000e+00 1.991769000e-01 
3.106128000e-02 2.182659000e+00 2.093716000e-05 
9.848479000e-06 5.765023000e-03 1.394635000e+00 
8.025694000e-01 9.064173000e-01 1.709392000e-01 
9.718283000e-01 2.508188000e-02 8.770646000e-01 
6.150985000e-03 6.032748000e-01 1.101088000e+00 
8.547951000e-01 8.857125000e-01 2.347707000e-02 
1.246790000e+00 1.650766000e-02 6.230483000e-01 
8.680313000e-01 4.995778000e-01 7.954753000e-01 
9.209053000e-01 8.931554000e-01 1.371195000e-02 
4.547405000e-01 2.593524000e-01 1.204440000e+00 
4.920816000e-02 9.240331000e-01 8.743171000e-01 
1.972964000e-05 8.817257000e-04 2.096404000e+00 
6.835985000e-04 1.305229000e+00 5.689845000e-02 
6.208064000e-01 9.551750000e-01 5.417438000e-01 
7.936220000e-02 9.059630000e-01 8.473938000e-01 
5.287892000e-02 5.964206000e-01 1.098936000e+00 
2.159092000e-03 1.163260000e+00 4.981759000e-01 
4.239548000e-01 5.670804000e-01 1.054289000e+00 
2.467275000e-02 1.173420000e+00 4.958536000e-01 
6.919804000e-01 6.876021000e-01 8.699423000e-01 
6.903753000e-01 9.133926000e-01 5.611517000e-01 
2.124999000e+00 1.025881000e-03 9.803959000e-03 
8.841119000e-01 2.031538000e-02 1.001747000e+00 
8.279941000e-01 8.240337000e-01 4.940221000e-01 
5.848185000e-01 2.733030000e-01 1.100894000e+00 
7.054108000e-01 1.410761000e-03 1.061873000e+00 
9.373693000e-01 8.462757000e-02 7.958840000e-01 
1.183110000e+00 3.672975000e-02 5.735434000e-01 
6.900607000e-01 9.244077000e-01 5.586197000e-01 
4.279019000e-02 1.324308000e+00 6.292485000e-04 
1.776206000e-04 1.226416000e+00 5.167255000e-01 
9.498009000e-01 9.548177000e-01 9.405895000e-03 
1.069527000e+00 6.321311000e-01 1.952740000e-01 
5.120227000e-02 1.120278000e+00 5.976900000e-01 
1.106425000e+00 6.518817000e-01 1.303073000e-02 
1.062341000e+00 7.023721000e-01 4.601123000e-02 
2.711605000e-01 3.651018000e-01 1.161143000e+00 
1.291516000e+00 2.121459000e-02 7.880644000e-04 
5.680103000e-01 5.732841000e-01 9.269173000e-01 
1.003877000e+00 2.081100000e-01 7.482623000e-01 
8.182944000e-01 8.300799000e-01 4.884042000e-01 
7.332457000e-01 1.058018000e+00 1.385764000e-02 
2.066187000e-03 2.216974000e-03 1.305014000e+00 
1.220936000e+00 3.461687000e-01 1.640850000e-02 
1.048052000e+00 6.139426000e-01 5.203589000e-01 
5.121874000e-01 9.688791000e-01 6.665731000e-01 
2.549750000e-03 6.971977000e-01 1.208755000e+00 
1.218390000e+00 1.687573000e-02 4.807171000e-01 
7.234112000e-01 6.910237000e-01 8.566625000e-01 
9.623947000e-01 3.283912000e-02 8.725372000e-01 
6.930052000e-04 1.473422000e+00 1.219820000e-02 
1.197952000e+00 7.144798000e-02 4.778231000e-01 
4.952334000e-01 4.866340000e-01 1.030331000e+00 
6.227668000e-02 5.880764000e-01 1.101253000e+00 
1.708481000e+00 3.338786000e-03 1.650921000e-02 
4.364163000e-01 5.300255000e-01 1.033187000e+00 
1.956375000e+00 9.832746000e-04 7.176227000e-02 
9.351905000e-01 1.930799000e-02 1.049946000e+00 
8.882191000e-01 8.087895000e-01 5.178053000e-01 
1.760738000e-03 6.260954000e-02 1.236261000e+00 
1.036610000e+00 4.221732000e-04 7.222570000e-01 
1.077821000e+00 6.896433000e-01 1.366364000e-02 
6.768488000e-01 8.095766000e-01 7.237078000e-01 
1.284520000e+00 2.164807000e-02 5.073684000e-03 
1.006882000e-03 1.318085000e+00 8.380033000e-04 
6.605927000e-01 9.435697000e-01 5.387636000e-01 
1.210189000e+00 1.114388000e-01 4.275625000e-01 
4.291688000e-04 1.861656000e-05 1.681432000e+00 
4.547986000e-02 1.046635000e+00 7.127550000e-01 
6.017290000e-03 1.233721000e+00 7.768802000e-02 
2.171287000e-03 8.924673000e-01 9.999063000e-01 
8.968187000e-01 2.552020000e-01 8.495349000e-01 
5.842465000e-01 1.117179000e+00 6.744253000e-02 
6.271739000e-04 8.342905000e-01 1.198893000e+00 
1.074988000e+00 2.872200000e-01 4.607800000e-01 
8.318010000e-01 9.799101000e-01 9.295937000e-03 
5.358777000e-02 8.845233000e-01 9.880293000e-01 
6.896767000e-01 1.061432000e+00 1.303175000e-02 
1.281477000e+00 2.560353000e-02 1.191151000e-03 
1.443540000e-01 1.119851000e+00 4.963904000e-01 
4.445814000e-01 7.502435000e-01 9.096169000e-01 
8.248377000e-01 8.699702000e-01 1.772334000e-01 
2.760231000e-01 9.292905000e-01 8.134958000e-01 
1.559962000e+00 6.000557000e-03 7.507819000e-03 
4.048041000e-02 6.971338000e-01 1.043766000e+00 
9.686389000e-01 2.602680000e-02 8.726940000e-01 
1.320890000e-01 3.485587000e-03 1.248880000e+00 
7.072114000e-01 1.061636000e+00 9.318831000e-03 
4.662066000e-01 9.780404000e-01 7.302255000e-01 
3.967163000e-01 5.392005000e-01 1.096692000e+00 
7.095636000e-01 7.753817000e-01 8.438452000e-01 
3.597636000e-01 4.034340000e-01 1.122483000e+00 
9.708929000e-01 6.737387000e-02 8.228112000e-01 
1.065690000e+00 7.118971000e-01 2.983627000e-04 
2.256826000e-02 1.012630000e+00 7.935926000e-01 
6.646622000e-01 9.522393000e-01 5.371901000e-01 
9.803238000e-01 8.646506000e-01 1.664293000e-02 
1.253724000e+00 1.619501000e-02 6.026042000e-01 
2.178893000e-03 8.968792000e-01 9.931187000e-01 
6.820373000e-01 2.314439000e-02 1.031982000e+00 
1.089177000e+00 1.475126000e-01 6.671154000e-01 
1.370862000e-03 1.224775000e+00 4.748108000e-01 
1.357374000e-02 9.374372000e-01 9.380210000e-01 
6.819887000e-02 9.000774000e-01 8.521173000e-01 
1.085280000e-03 1.240048000e+00 5.030529000e-01 
1.289011000e+00 3.606418000e-02 2.284605000e-05 
1.542819000e-02 1.137687000e+00 6.040939000e-01 
3.048928000e-01 5.568736000e-01 1.111610000e+00 
1.174726000e-01 1.141607000e+00 4.980929000e-01 
4.175953000e-01 8.891677000e-01 7.307550000e-01 
9.447369000e-01 5.964881000e-01 6.094774000e-01 
8.026946000e-01 1.055552000e+00 1.428256000e-02 
1.600654000e+00 5.928945000e-04 1.409975000e-01 
6.600461000e-01 1.644607000e-01 9.758195000e-01 
4.113474000e-01 6.055575000e-01 1.090403000e+00 
4.743330000e-01 5.314825000e-01 9.928376000e-01 
7.717805000e-01 9.576599000e-01 2.947633000e-01 
8.049997000e-01 4.470682000e-01 8.742336000e-01 
5.629260000e-01 9.877555000e-01 5.472967000e-01 
6.220174000e-04 4.486176000e-02 1.246438000e+00 
5.559560000e-01 9.777218000e-03 1.203213000e+00 
4.870920000e-05 6.274631000e-02 1.358598000e+00 
2.320190000e-02 4.801207000e-01 1.167811000e+00 
6.208918000e-01 1.007606000e+00 5.045628000e-01 
8.553579000e-01 8.060011000e-01 5.501266000e-01 
6.475320000e-01 8.516066000e-01 7.410319000e-01 
6.646125000e-01 9.126025000e-01 6.920382000e-01 
4.896034000e-01 1.184517000e+00 7.604944000e-02 
4.317444000e-03 2.916305000e-03 1.275775000e+00 
1.085053000e-03 1.193790000e+00 5.174064000e-01 
4.223149000e-02 2.111168000e-03 1.254998000e+00 
1.138425000e+00 8.186951000e-02 4.858824000e-01 
1.290130000e+00 1.315051000e-02 6.210150000e-03 
1.194858000e+00 3.534531000e-02 6.293658000e-01 
4.692743000e-01 4.931428000e-01 1.010907000e+00 
8.900090000e-01 5.409190000e-01 7.531894000e-01 
7.966387000e-01 9.547176000e-01 1.915171000e-01 
6.064647000e-01 1.116440000e+00 5.278603000e-02 
4.559845000e-01 1.034587000e+00 6.103008000e-01 
1.250415000e+00 2.477334000e-02 4.563256000e-01 
1.286383000e+00 6.309435000e-02 5.145718000e-04 
5.269609000e-01 1.122917000e+00 1.237104000e-02 
1.082793000e+00 2.797444000e-02 7.145312000e-01 
1.231369000e+00 6.517833000e-02 1.649880000e-02 
1.261490000e+00 6.288391000e-02 5.801634000e-04 
1.099957000e+00 8.781800000e-02 6.713588000e-01 
5.722493000e-01 9.976119000e-01 5.402334000e-01 
7.621975000e-01 3.980112000e-01 9.197705000e-01 
6.033769000e-01 8.197737000e-01 8.542536000e-01 
1.377121000e+00 2.715816000e-03 6.274860000e-01 
6.086691000e-03 6.202103000e-01 1.138571000e+00 
4.667636000e-01 4.897068000e-01 1.036488000e+00 
1.261148000e+00 1.337908000e-02 2.954334000e-01 
1.141604000e+00 8.005979000e-02 4.880496000e-01 
6.827042000e-02 1.191713000e-01 1.212500000e+00 
1.194928000e+00 3.108246000e-02 4.975126000e-01 
6.132587000e-01 1.076707000e+00 5.435083000e-02 
1.390048000e-03 1.027130000e+00 7.658613000e-01 
4.002593000e-03 1.290374000e+00 2.427285000e-03 
9.634094000e-01 5.878215000e-02 8.262733000e-01 
1.072317000e+00 6.548200000e-01 5.834173000e-02 
2.229511000e-02 2.362447000e-02 1.258447000e+00 
1.342031000e+00 4.026525000e-03 7.971228000e-02 
1.054205000e+00 6.366129000e-01 1.848281000e-01 
7.352007000e-01 3.724620000e-01 9.312891000e-01 
2.975588000e-01 3.922631000e-01 1.150540000e+00 
6.355383000e-01 3.774406000e-02 1.050762000e+00 
9.623947000e-01 3.283912000e-02 8.725372000e-01 
1.129237000e+00 1.544272000e-02 7.121273000e-01 
6.632400000e-01 9.970279000e-03 1.201751000e+00 
6.392592000e-01 9.494945000e-01 5.622921000e-01 
6.903778000e-01 4.018590000e-02 9.873773000e-01 
1.074868000e+00 3.213097000e-01 5.116679000e-01 
6.840778000e-01 1.909950000e-02 1.132182000e+00 
5.452454000e-01 1.831287000e-02 1.211326000e+00 
1.378482000e-02 8.499398000e-01 1.018718000e+00 
6.111405000e-02 1.315325000e+00 6.112172000e-04 
1.115708000e+00 6.501560000e-01 1.299135000e-02 
1.045420000e+00 6.055220000e-01 5.249378000e-01 
4.374177000e-02 9.096495000e-01 8.803363000e-01 
2.841144000e-03 6.935649000e-01 1.125435000e+00 
4.812666000e-01 9.381839000e-01 7.101015000e-01 
7.035648000e-01 1.065401000e+00 4.900672000e-04 
7.169475000e-01 7.049592000e-01 8.379200000e-01 
9.643181000e-01 5.279960000e-01 5.860130000e-01 
1.106945000e-02 1.278100000e+00 1.695208000e-03 
5.475021000e-01 2.525829000e-02 1.134532000e+00 
9.506390000e-01 6.349685000e-01 4.841000000e-01 
5.648471000e-01 1.815770000e-03 1.233538000e+00 
5.589938000e-01 9.873818000e-01 5.583428000e-01 
8.787810000e-01 7.633581000e-01 5.543682000e-01 
8.533694000e-01 9.193141000e-01 1.818601000e-02 
6.713048000e-01 2.512490000e-02 1.129061000e+00 
1.089243000e+00 6.478091000e-01 7.989514000e-02 
5.070170000e-01 4.866350000e-01 1.028378000e+00 
8.675174000e-01 3.507781000e-02 9.567819000e-01 
8.968823000e-01 9.150162000e-01 2.084202000e-02 
2.824568000e-01 6.203895000e-01 1.064800000e+00 
5.060720000e-04 9.438432000e-01 8.261514000e-01 
3.511010000e-01 3.550123000e-01 1.142677000e+00 
1.025240000e+00 5.778998000e-02 8.140080000e-01 
6.419684000e-01 9.476814000e-01 5.500624000e-01 
5.622758000e-01 9.705142000e-01 6.207368000e-01 
8.425816000e-01 5.211645000e-02 9.565567000e-01 
3.601735000e-01 3.775825000e-01 1.127951000e+00 
5.951561000e-01 9.789680000e-01 5.982135000e-01 
2.433438000e-02 1.236128000e+00 7.611017000e-02 
6.215148000e-01 8.183222000e-01 8.086707000e-01 
2.860820000e-03 5.976449000e-01 1.139655000e+00 
1.358474000e-03 1.292307000e+00 1.433900000e-02 
3.059692000e-01 3.687050000e-01 1.130942000e+00 
6.131898000e-01 1.090684000e+00 2.294344000e-04 
1.290559000e+00 1.119713000e-02 8.764523000e-04 
2.860905000e-01 5.674672000e-01 1.099529000e+00 
3.498202000e-04 2.240603000e-02 1.279258000e+00 
1.124304000e+00 6.182879000e-01 1.168882000e-01 
8.211310000e-01 7.763871000e-01 6.905986000e-01 
5.114768000e-01 9.520773000e-01 6.913453000e-01 
7.402648000e-01 7.123125000e-01 8.133747000e-01 
1.006743000e+00 2.975392000e-02 8.324069000e-01 
4.135884000e-02 1.142985000e+00 5.108250000e-01 
2.646597000e-01 9.337776000e-01 8.054791000e-01 
1.333129000e-02 9.245792000e-01 9.461302000e-01 
2.600611000e-01 9.251550000e-03 1.238355000e+00 
6.803161000e-01 6.915128000e-01 8.550109000e-01 
3.004284000e-02 8.453830000e-01 1.030002000e+00 
9.725853000e-01 5.198545000e-01 6.015062000e-01 
1.214078000e+00 2.448345000e-01 1.104911000e-01 
7.281354000e-02 6.915036000e-01 1.002617000e+00 
1.258903000e+00 2.269483000e-02 2.851652000e-01 
8.278367000e-02 9.143672000e-01 8.135086000e-01 
8.338313000e-01 9.653482000e-01 9.567708000e-04 
8.958006000e-01 8.850625000e-01 2.280117000e-02 
8.083317000e-01 9.726067000e-01 4.053170000e-02 
5.929995000e-01 1.015794000e+00 5.307001000e-01 
3.627605000e-01 3.845688000e-01 1.106334000e+00 
1.133668000e+00 5.611539000e-02 5.943842000e-01 
9.510769000e-01 6.021074000e-01 5.563032000e-01 
1.077883000e+00 7.125827000e-01 1.889621000e-04 
1.061232000e+00 6.337601000e-01 9.004941000e-02 
8.893375000e-01 8.109182000e-01 5.138965000e-01 
2.417655000e-01 1.066762000e+00 7.020903000e-01 
9.857107000e-01 6.163526000e-01 5.453135000e-01 
5.328275000e-01 8.298589000e-01 8.045427000e-01 
5.250642000e-02 1.237781000e+00 7.160954000e-02 
6.492161000e-01 1.637153000e-01 9.968359000e-01 
9.003236000e-01 2.392775000e-01 7.854528000e-01 
3.222274000e-02 2.319238000e-03 1.261644000e+00 
1.079130000e+00 6.716342000e-01 5.405532000e-03 
8.681799000e-01 8.848462000e-01 8.552499000e-02 
6.733999000e-01 7.060340000e-01 8.537625000e-01 
1.223900000e+00 1.696879000e-01 1.163498000e-01 
5.487333000e-02 9.502274000e-01 8.183280000e-01 
1.249703000e+00 6.116919000e-02 7.097744000e-02 
4.119862000e-01 7.454725000e-01 9.405043000e-01 
1.110690000e+00 7.715975000e-02 6.024138000e-01 
1.200748000e+00 5.622661000e-01 5.273152000e-03 

