1.898393000e-02 1.151718000e+00 1.777628000e-01 
7.218884000e-01 6.485729000e-01 7.821613000e-01 
7.687852000e-01 7.918100000e-01 5.606263000e-01 
4.719500000e-01 3.407620000e-01 1.070520000e+00 
3.942132000e-02 1.158132000e+00 7.020430000e-02 
1.101338000e+00 3.778083000e-02 4.121479000e-01 
1.182029000e+00 1.050881000e-01 1.574200000e-03 
7.485933000e-02 7.679351000e-01 8.978415000e-01 
6.695232000e-01 1.753148000e-02 1.055640000e+00 
7.047269000e-01 6.557488000e-01 7.047377000e-01 
4.109370000e-03 1.188192000e+00 1.435795000e-03 
6.584991000e-01 7.686592000e-01 5.938760000e-01 
7.163096000e-01 6.486234000e-01 7.993862000e-01 
7.550260000e-01 3.243407000e-01 8.938454000e-01 
9.260876000e-01 7.096760000e-01 1.320267000e-01 
9.027160000e-01 7.495083000e-01 1.047931000e-01 
9.549419000e-01 8.020876000e-03 8.212358000e-01 
8.945962000e-02 4.750400000e-01 1.072864000e+00 
7.124690000e-01 1.049895000e+00 1.993725000e-04 
4.856957000e-01 7.981135000e-01 7.806290000e-01 
5.457373000e-01 7.796675000e-01 7.575281000e-01 
1.185909000e+00 4.614892000e-03 6.233114000e-02 
1.153948000e+00 5.622171000e-05 5.447469000e-01 
8.313152000e-03 1.150111000e+00 5.301356000e-01 
2.958161000e-01 9.044529000e-01 7.765238000e-01 
2.945913000e-03 5.020496000e-01 1.083019000e+00 
7.047897000e-01 6.171434000e-02 9.774626000e-01 
1.135694000e+00 5.055583000e-01 1.268606000e-02 
1.209176000e+00 8.011763000e-03 8.972144000e-03 
9.059762000e-01 6.495318000e-01 4.327765000e-01 
5.590652000e-01 9.613349000e-01 5.187225000e-01 
1.072029000e+00 5.014305000e-01 3.634578000e-02 
3.551269000e-04 6.132356000e-01 1.066827000e+00 
3.120042000e-01 1.033468000e+00 4.486469000e-01 
1.915011000e+00 9.036560000e-02 4.198176000e-04 
9.766761000e-01 2.072776000e-02 7.003494000e-01 
5.061477000e-01 8.450431000e-01 7.027405000e-01 
8.614553000e-01 3.760412000e-01 7.488786000e-01 
1.048200000e+00 2.811060000e-02 5.708542000e-01 
9.706136000e-01 6.950856000e-01 8.586508000e-03 
1.212821000e+00 2.158958000e-04 2.846950000e-03 
2.666076000e-02 7.887492000e-01 8.652686000e-01 
4.816552000e-05 3.908182000e-04 2.046646000e+00 
1.038796000e-01 4.942421000e+00 4.928849000e-06 
2.629602000e-01 1.055384000e+00 4.560266000e-01 
3.874400000e-01 1.013187000e+00 5.156572000e-01 
9.073379000e-01 2.112044000e-01 7.346799000e-01 
1.400777000e-01 4.668104000e-01 1.077832000e+00 
1.119107000e+00 3.744625000e-01 8.670574000e-02 
7.427777000e-01 3.076289000e-01 9.005909000e-01 
8.537324000e-01 3.785983000e-02 8.314099000e-01 
7.285332000e-01 6.537892000e-01 7.110176000e-01 
6.583733000e-01 4.350895000e-01 9.427409000e-01 
7.443316000e-01 6.010501000e-01 7.673759000e-01 
3.436634000e-01 8.894960000e-01 7.452174000e-01 
7.863938000e-01 7.773071000e-01 5.040149000e-01 
5.281325000e-01 9.120029000e-01 6.105931000e-01 
1.142248000e+00 4.258759000e-01 5.854734000e-03 
6.655649000e-02 5.590490000e-01 1.013507000e+00 
8.483533000e-01 6.406148000e-01 5.261775000e-01 
1.256017000e-01 4.510314000e+00 6.052033000e-04 
4.185635000e-03 4.667995000e-01 1.107948000e+00 
2.237561000e-01 1.064584000e+00 5.144668000e-01 
9.474620000e-01 7.399427000e-01 1.232415000e-02 
9.003815000e-01 7.605514000e-01 3.359593000e-02 
1.099167000e-02 1.075157000e+00 5.768016000e-01 
3.469964000e-04 8.077055000e-01 9.031202000e-01 
8.601791000e-06 4.096035000e-04 4.025180000e+00 
6.800891000e-01 2.699435000e-02 1.037846000e+00 
6.066355000e-01 2.676211000e-01 9.756652000e-01 
5.372862000e-01 1.987311000e-02 1.043818000e+00 
4.563405000e-01 1.010981000e+00 4.927651000e-01 
1.137006000e+00 1.883528000e-02 4.738204000e-01 
4.536490000e-01 4.538695000e-03 1.186328000e+00 
1.019317000e+00 3.459583000e-02 6.095199000e-01 
2.871796000e-05 9.615258000e-02 1.224905000e+00 
6.383013000e-04 1.363692000e-01 1.180362000e+00 
9.570547000e-01 4.691692000e-01 6.042399000e-01 
3.534516000e-03 1.058178000e+00 5.895341000e-01 
7.507674000e-01 7.997613000e-01 5.507164000e-01 
3.317308000e-01 1.110749000e+00 1.653207000e-02 
5.208464000e-01 8.289349000e-01 7.031926000e-01 
5.667472000e-01 4.869615000e-01 9.666618000e-01 
1.167692000e+00 1.701027000e-01 3.575181000e-02 
5.358078000e-02 9.346566000e-01 7.117488000e-01 
2.667588000e-02 1.891393000e+00 6.542484000e-04 
1.157654000e+00 7.664332000e-01 2.114221000e-03 
8.675228000e-01 8.001560000e-01 1.040549000e-01 
5.257208000e-05 2.974460000e-03 1.822581000e+00 
2.010519000e-01 9.977509000e-01 6.155618000e-01 
7.097518000e-03 8.087854000e-01 8.545060000e-01 
5.559206000e-01 9.599048000e-03 1.065372000e+00 
2.826637000e-01 8.100497000e-01 8.367375000e-01 
2.821513000e+00 1.836126000e-01 2.272096000e-04 
5.901468000e-01 8.452060000e-01 6.182123000e-01 
4.125829000e-01 1.020244000e+00 4.910488000e-01 
3.766420000e-01 9.227126000e-01 7.004497000e-01 
1.299268000e-02 1.126705000e+00 3.873316000e-01 
1.170728000e+00 8.941441000e-04 4.465179000e-01 
7.487603000e-01 9.457848000e-01 1.083344000e-01 
2.832631000e-01 6.877942000e-01 9.633555000e-01 
1.148629000e+00 3.582769000e-01 7.125105000e-02 
6.267169000e-01 8.817518000e-01 4.547776000e-01 
1.411923000e-01 1.329974000e+00 1.387883000e-04 
1.140197000e+00 5.359663000e-05 5.605720000e-01 
1.056129000e+00 1.788113000e-01 5.642008000e-01 
7.509068000e-01 9.044884000e-03 9.422696000e-01 
1.146517000e+00 3.914146000e-01 5.140440000e-02 
1.094716000e+00 3.517356000e-01 4.578555000e-01 
8.374359000e-01 8.205589000e-01 1.214781000e-02 
9.266120000e-01 6.958541000e-01 1.324790000e-01 
7.103559000e-04 4.559082000e-01 1.170307000e+00 
6.339809000e-01 8.803415000e-01 4.801870000e-01 
9.058337000e-01 7.393921000e-01 7.354142000e-02 
1.042329000e+00 3.474627000e-03 6.992774000e-01 
7.256352000e-01 3.574855000e-01 9.119257000e-01 
9.346502000e-01 3.794790000e-01 6.449122000e-01 
4.529637000e-01 8.002461000e-01 7.971610000e-01 
9.086579000e-01 1.775685000e-01 7.453222000e-01 
6.917996000e-02 2.722027000e-02 1.166363000e+00 
7.384997000e-01 8.847861000e-01 4.479825000e-01 
2.221841000e-03 2.308908000e-02 1.171290000e+00 
5.821592000e-01 1.040330000e+00 2.144015000e-02 
4.499792000e-01 4.838702000e-02 1.086320000e+00 
2.147816000e+00 1.215821000e-04 2.013046000e-02 
1.528261000e-02 1.015471000e+00 5.843644000e-01 
8.090719000e-01 2.712821000e-03 9.100757000e-01 
6.948656000e-01 7.574741000e-01 5.910921000e-01 
8.970090000e-01 6.147483000e-01 5.228306000e-01 
4.636362000e-02 1.144341000e+00 1.732388000e-01 
2.295030000e-01 1.132932000e+00 9.221412000e-02 
1.614340000e-01 5.249339000e-01 1.046984000e+00 
9.851010000e-05 2.155444000e-01 1.173742000e+00 
7.678457000e-05 2.197981000e-03 1.187262000e+00 
9.738000000e-01 7.490296000e-01 7.506554000e-03 
1.298965000e-03 3.673372000e-02 1.159385000e+00 
9.539139000e-01 5.420120000e-01 5.160759000e-01 
6.848184000e-01 6.620450000e-01 7.643966000e-01 
4.080408000e-03 1.178612000e+00 1.114782000e-02 
1.234689000e-02 7.947256000e-01 8.829033000e-01 
4.241498000e-01 5.965315000e-01 9.503219000e-01 
3.764490000e-04 9.832384000e-01 7.781955000e-01 
3.515801000e-01 1.154135000e+00 6.099289000e-03 
8.341344000e-01 6.457263000e-01 5.203395000e-01 
6.664018000e-01 7.908716000e-01 5.823389000e-01 
8.520317000e-01 6.640536000e-01 4.952662000e-01 
4.531541000e-01 1.582154000e-01 1.084239000e+00 
2.841183000e-01 1.035113000e+00 5.197599000e-01 
5.711789000e-01 3.842167000e-02 1.039088000e+00 
6.188414000e-01 2.288833000e-01 9.869486000e-01 
5.638035000e-01 3.260818000e-01 9.972160000e-01 
1.168605000e+00 1.462530000e-02 4.729989000e-03 
5.524685000e-01 1.062245000e+00 5.616210000e-02 
1.143108000e+00 1.998475000e-03 5.439544000e-01 
1.987240000e+00 2.846005000e-02 5.018319000e-04 
9.459456000e-01 1.758327000e-02 7.717051000e-01 
2.420433000e-01 3.480142000e-01 1.102280000e+00 
7.830839000e-01 6.267411000e-01 7.089855000e-01 
1.019204000e-01 1.078891000e+00 5.018792000e-01 
7.423042000e-01 9.641245000e-01 1.520510000e-02 
6.344960000e-01 8.925133000e-01 4.524220000e-01 
8.763665000e-01 6.275652000e-01 5.225131000e-01 
7.513597000e-01 9.354024000e-01 1.321429000e-04 
1.011828000e+00 8.176994000e-04 7.286641000e-01 
3.635671000e-01 6.850231000e-01 9.078177000e-01 
1.202715000e+00 1.594508000e-03 1.765869000e-02 
1.029811000e+00 3.376873000e-02 5.986495000e-01 
3.077744000e-01 1.128690000e+00 2.018515000e-02 
6.307132000e-01 4.359821000e-01 9.501990000e-01 
1.482167000e-03 1.068614000e+00 5.777205000e-01 
3.741533000e-03 7.754476000e-01 8.994474000e-01 
1.077745000e-03 1.117342000e+00 6.051549000e-01 
2.058407000e-03 1.222799000e+00 6.327055000e-03 
7.567877000e-01 3.449475000e-01 8.908899000e-01 
5.809649000e-01 9.242707000e-01 4.953288000e-01 
3.526259000e-05 6.216273000e-01 1.096107000e+00 
1.016428000e+00 5.913648000e-01 8.844366000e-03 
7.012580000e-01 3.738808000e-02 1.030758000e+00 
2.616388000e-01 1.148539000e+00 2.413322000e-02 
5.983096000e-01 6.009889000e-01 8.804808000e-01 
4.945764000e-01 1.683731000e-01 1.064704000e+00 
2.622370000e-03 2.220170000e-01 1.133647000e+00 
5.157271000e-03 6.463933000e-01 9.677923000e-01 
6.834240000e-01 9.815472000e-01 1.884119000e-02 
1.111267000e+00 2.489938000e-02 4.207114000e-01 
9.239118000e-03 1.012057000e+00 6.331658000e-01 
9.974250000e-01 3.503072000e-02 6.637538000e-01 
3.606617000e-01 6.961524000e-01 9.000652000e-01 
7.926490000e-01 1.042619000e-02 9.163523000e-01 
7.817085000e-01 7.851172000e-01 4.146211000e-01 
2.953655000e-01 5.169425000e-01 1.004972000e+00 
8.372640000e-01 1.376781000e-02 8.874141000e-01 
1.402237000e-04 1.296933000e-03 1.280515000e+00 
7.066050000e-01 6.212620000e-03 9.536616000e-01 
1.086291000e+00 4.394620000e-01 1.456182000e-01 
1.022205000e+00 8.439886000e-02 5.956277000e-01 
6.478666000e-01 6.189267000e-01 8.244280000e-01 
9.250289000e-03 3.745842000e-01 1.130358000e+00 
5.275610000e-01 9.562523000e-01 6.162590000e-01 
1.911872000e-05 5.664998000e-03 1.399472000e+00 
8.775259000e-01 2.648999000e-01 7.145156000e-01 
1.921522000e-03 3.828576000e-01 1.151236000e+00 
9.954615000e-01 7.038367000e-01 6.992584000e-03 
4.227741000e-03 9.113036000e-01 7.277964000e-01 
1.499892000e-03 9.389531000e-01 8.468572000e-01 
1.124799000e+00 1.329023000e-02 4.944071000e-01 
2.229761000e-02 7.301179000e-01 9.399968000e-01 
8.601877000e-01 3.302337000e-01 7.721665000e-01 
8.376150000e-01 1.434014000e-04 8.830999000e-01 
4.025960000e-02 1.161164000e+00 2.498097000e-02 
7.662919000e-01 9.353876000e-01 1.237026000e-02 
6.995168000e-01 7.889305000e-01 5.801563000e-01 
1.968857000e-03 1.150715000e+00 4.377767000e-01 
5.056913000e-01 7.977868000e-01 7.868252000e-01 
8.258485000e-01 4.862235000e-01 7.345392000e-01 
1.144517000e+00 1.038091000e-03 4.154675000e-01 
2.471533000e-01 3.498119000e-01 1.101204000e+00 
3.555103000e-01 2.691595000e-02 1.154638000e+00 
5.924704000e-01 1.042147000e+00 2.140618000e-02 
4.937689000e-01 8.312035000e-01 7.411722000e-01 
1.052322000e+00 2.778448000e-02 6.143156000e-01 
1.620997000e-04 5.708346000e-03 1.182430000e+00 
9.626600000e-01 4.989053000e-03 7.758115000e-01 
9.936138000e-01 6.190026000e-01 8.776300000e-03 
7.553144000e-01 6.126657000e-01 7.183515000e-01 
7.507169000e-03 5.920538000e-01 1.029787000e+00 
1.020246000e+00 4.506032000e-03 6.150140000e-01 
3.891150000e-01 1.799031000e-01 1.113036000e+00 
3.355987000e-01 8.282851000e-01 8.198101000e-01 
3.780239000e-01 5.407250000e-01 9.677403000e-01 
9.839414000e-01 4.679641000e-03 7.120440000e-01 
8.876772000e-01 7.633841000e-03 8.754838000e-01 
6.830466000e-01 8.124935000e-01 5.795428000e-01 
8.304390000e-01 7.512850000e-01 5.670965000e-01 
6.498308000e-01 7.576155000e-01 6.757648000e-01 
4.940135000e-01 5.910864000e-01 9.387826000e-01 
7.165048000e-01 2.658490000e-02 9.223794000e-01 
5.729664000e-01 8.594978000e-01 6.032871000e-01 
6.561996000e-01 1.014447000e+00 7.859610000e-03 
5.118670000e-01 9.153051000e-01 6.540855000e-01 
3.847390000e-01 7.600740000e-01 9.000561000e-01 
4.914385000e-01 7.774558000e-01 8.142257000e-01 
4.011897000e-01 3.723193000e-01 1.033165000e+00 
5.443046000e-03 8.369865000e-01 8.530873000e-01 
5.011301000e-04 8.186162000e-05 1.289372000e+00 
8.837317000e-01 7.908976000e-01 1.309349000e-01 
1.025933000e+00 4.627423000e-01 4.074933000e-01 
7.817845000e-01 3.231608000e-01 8.677907000e-01 
8.203022000e-02 4.473872000e-01 1.091431000e+00 
3.830012000e-01 2.015711000e-01 1.102893000e+00 
2.564770000e-01 7.913813000e-03 1.177706000e+00 
6.034992000e-01 2.731127000e-03 1.145205000e+00 
8.379996000e-01 4.237620000e-01 8.030500000e-01 
7.275906000e-01 7.543936000e-01 6.141356000e-01 
1.918038000e-01 1.083189000e+00 4.649903000e-01 
1.268124000e+00 1.330852000e-02 5.169321000e-04 
7.027843000e-01 7.208693000e-03 1.052231000e+00 
8.667608000e-01 8.134328000e-01 1.259723000e-02 
7.283749000e-01 6.318731000e-01 7.904731000e-01 
1.017200000e+00 4.839614000e-03 6.153346000e-01 
9.068373000e-01 7.118830000e-01 1.269396000e-01 
7.699176000e-01 9.063734000e-01 3.368493000e-02 
7.125079000e-01 6.084137000e-03 9.587938000e-01 
9.477277000e-02 5.023327000e-01 1.050760000e+00 
5.393874000e-01 8.402877000e-01 6.618341000e-01 
6.241756000e-01 8.821847000e-01 5.126829000e-01 
1.094111000e+00 4.584453000e-04 7.275976000e-01 
9.280674000e-01 6.045429000e-01 4.062967000e-01 
7.311198000e-01 6.060012000e-01 8.463961000e-01 
5.452407000e-01 4.097959000e-01 9.719291000e-01 
6.682067000e-01 7.646540000e-01 5.844382000e-01 
1.719043000e-03 1.437688000e-05 1.494397000e+00 
7.429006000e-01 8.863166000e-01 4.349019000e-01 
6.048717000e-01 1.112005000e+00 1.579235000e-03 
7.751798000e-01 7.584873000e-01 5.245905000e-01 
1.082841000e+00 4.747938000e-01 4.124823000e-02 
4.538283000e-01 6.386878000e-01 8.959589000e-01 
1.058797000e+00 4.089530000e-02 5.182323000e-01 
5.305355000e-01 9.980817000e-01 5.348983000e-01 
5.508758000e-01 9.651435000e-03 1.059352000e+00 
3.312121000e-04 1.090875000e+00 9.021747000e-01 
4.845701000e-01 1.059773000e+00 4.183328000e-01 
8.689470000e-01 8.249728000e-01 6.466339000e-03 
8.274939000e-01 3.683317000e-02 8.440975000e-01 
5.606148000e-01 1.051991000e+00 4.052970000e-03 
9.838994000e-01 4.878757000e-01 4.846017000e-01 
1.149177000e+00 2.478448000e-02 3.730271000e-01 
3.650996000e-01 6.369555000e-01 9.265220000e-01 
1.071193000e+00 1.042668000e-02 5.603145000e-01 
4.767714000e-01 3.081243000e-01 1.076714000e+00 
7.642596000e-01 8.029018000e-01 5.043084000e-01 
1.128129000e+00 3.701833000e-01 8.622274000e-02 
6.156366000e-01 4.770525000e-01 9.237027000e-01 
7.440819000e-01 1.436557000e-03 9.644041000e-01 
9.754805000e-01 6.920949000e-04 7.398507000e-01 
4.528647000e-01 7.205741000e-01 8.778972000e-01 
7.942519000e-01 9.174897000e-01 1.139962000e-02 
1.122793000e+00 2.501096000e-01 8.905128000e-02 
8.616721000e-01 1.548118000e-02 7.984357000e-01 
9.379408000e-01 3.196119000e-02 7.604723000e-01 
9.890613000e-01 4.557436000e-01 5.525435000e-01 
1.020322000e+00 3.387136000e-01 5.284985000e-01 
5.539642000e-01 7.943468000e-01 7.087236000e-01 
6.831912000e-01 8.622081000e-01 4.860730000e-01 
6.418186000e-01 4.837014000e-02 9.921109000e-01 
3.262957000e-02 1.172667000e+00 9.059674000e-02 
6.347609000e-01 1.073746000e-01 9.888630000e-01 
1.243191000e+00 1.968808000e-02 2.009557000e-03 
6.394898000e-01 1.135266000e+00 1.409859000e-04 
6.850580000e-01 1.040762000e+00 1.770172000e-03 
4.614429000e-01 1.963211000e-03 1.172227000e+00 
1.856884000e-04 9.828985000e-04 1.222928000e+00 
7.375333000e-01 1.282014000e-02 9.385120000e-01 
7.248416000e-01 9.068676000e-01 4.290624000e-01 
5.274950000e-01 1.021473000e+00 4.424488000e-01 
2.249487000e-01 1.078000000e+00 4.664276000e-01 
7.062743000e-01 6.301737000e-03 1.063084000e+00 
2.459706000e-01 9.833216000e-01 6.162130000e-01 
1.009982000e+00 5.909022000e-01 5.373349000e-02 
6.114985000e-01 5.239471000e-01 8.928536000e-01 
7.374002000e-01 5.431364000e-03 9.633274000e-01 
9.611677000e-01 1.069339000e-01 7.017798000e-01 
4.138183000e-01 7.747336000e-01 8.888451000e-01 
7.078409000e-01 8.323746000e-01 4.748502000e-01 
5.361437000e-01 7.904253000e-01 7.581973000e-01 
5.149559000e-04 1.176088000e+00 1.491403000e-02 
2.322702000e-01 1.035122000e+00 5.680793000e-01 
1.009564000e+00 3.974867000e-01 5.208706000e-01 
6.000452000e-01 7.226921000e-01 7.003455000e-01 
6.708283000e-01 9.695205000e-01 2.496170000e-01 
1.095719000e+00 4.357916000e-01 1.408392000e-01 
9.273553000e-01 1.200113000e-01 7.439491000e-01 
6.584672000e-01 4.947515000e-01 8.920034000e-01 
1.161935000e+00 2.321945000e-01 1.055740000e-01 
5.471919000e-03 1.173851000e+00 9.325055000e-02 
9.176096000e-01 5.464298000e-01 5.302060000e-01 
6.887631000e-01 9.691076000e-01 2.684608000e-02 
1.109012000e+00 4.055083000e-01 1.883432000e-02 
7.884991000e-01 7.038882000e-01 6.640194000e-01 
4.094117000e-01 3.275624000e-02 1.122411000e+00 
8.723951000e-01 8.185614000e-01 5.289373000e-03 
6.398851000e-01 5.475147000e-01 8.551462000e-01 
3.987548000e-01 9.835665000e-01 5.360553000e-01 
9.497377000e-01 9.978203000e-02 7.382237000e-01 
9.305220000e-01 7.456748000e-01 1.209923000e-02 
1.335464000e-02 7.994042000e-01 8.584835000e-01 
9.587499000e-01 5.106368000e-03 7.072912000e-01 
8.110680000e-01 1.517243000e-02 8.937038000e-01 
5.471166000e-01 5.354552000e-02 1.036789000e+00 
6.496917000e-01 1.026644000e+00 3.351716000e-02 
9.282348000e-01 7.792926000e-02 7.799679000e-01 
2.238661000e-01 1.022934000e-02 1.176737000e+00 
8.660590000e-01 5.622879000e-01 5.912506000e-01 
5.785563000e-01 9.884569000e-01 4.361717000e-01 
7.191549000e-01 6.441122000e-01 7.883716000e-01 
7.126380000e-01 1.943758000e-02 9.315654000e-01 
8.226552000e-01 4.880839000e-01 7.339705000e-01 
4.698782000e-01 7.372134000e-01 8.511509000e-01 
6.840889000e-01 6.680492000e-01 7.695029000e-01 
1.152083000e-03 9.664932000e-01 7.123665000e-01 
4.156539000e-01 1.023992000e-02 1.105203000e+00 
5.646130000e-01 5.794499000e-01 8.834365000e-01 
1.089361000e+00 1.439766000e-01 4.926418000e-01 
1.245917000e+00 3.907470000e-03 1.632038000e-03 
5.570904000e-01 4.376773000e-01 9.671136000e-01 
7.559199000e-01 4.730947000e-01 8.474483000e-01 
4.426966000e-03 5.427861000e-01 1.068652000e+00 
1.752916000e-02 5.671114000e-01 1.046632000e+00 
5.618603000e-01 7.032227000e-03 1.074022000e+00 
5.607631000e-01 1.000639000e+00 4.894361000e-01 
4.913743000e-01 1.489862000e-02 1.085860000e+00 
4.224328000e-01 7.386794000e-01 8.375658000e-01 
3.399118000e-04 7.860162000e-01 9.141402000e-01 
2.262047000e-03 1.616720000e-01 1.143388000e+00 
9.616195000e-03 9.942937000e-01 6.530447000e-01 
5.176494000e-01 8.264772000e-01 7.113590000e-01 
6.050429000e-03 4.296316000e-01 1.101988000e+00 
1.811546000e-02 1.084974000e+00 3.500051000e-01 
9.930568000e-01 5.998281000e-01 3.834506000e-01 
5.572881000e-05 3.087756000e-03 1.186515000e+00 
7.527671000e-01 7.856017000e-01 5.611767000e-01 
2.465825000e-01 7.668649000e-01 9.207301000e-01 
4.609978000e-01 3.032872000e-01 1.081880000e+00 
2.406779000e-01 3.327623000e-01 1.119395000e+00 
1.193110000e+00 7.859027000e-03 1.999284000e-02 
1.039407000e+00 2.184106000e-01 4.811898000e-01 
8.800650000e-03 1.184241000e+00 1.085167000e-02 
1.016239000e+00 2.833398000e-01 5.764627000e-01 
4.986289000e-01 9.749866000e-01 5.986243000e-01 
6.619569000e-01 5.204448000e-01 8.741719000e-01 
1.033027000e+00 6.011347000e-01 3.034565000e-03 
3.625682000e-01 2.874909000e-02 1.135069000e+00 
2.100882000e-02 9.534717000e-01 7.234835000e-01 
6.227223000e-01 4.702642000e-01 9.130375000e-01 
1.119456000e+00 4.706625000e-01 1.844328000e-02 
2.282715000e-02 5.847209000e-01 1.025455000e+00 
9.837499000e-01 6.885679000e-01 1.073757000e-02 
7.876719000e-01 5.709152000e-01 7.135226000e-01 
5.184765000e-01 8.241692000e-01 7.587082000e-01 
4.465061000e-01 1.103894000e+00 1.934438000e-02 
4.779893000e-05 1.187740000e+00 1.264115000e-02 
1.099937000e+00 3.892186000e-02 5.220404000e-01 
7.972233000e-01 9.226679000e-01 9.268550000e-04 
1.110276000e-02 6.463438000e-01 9.855799000e-01 
6.458919000e-01 4.629904000e-01 9.294607000e-01 
4.902322000e-01 5.637521000e-03 1.118687000e+00 
4.149418000e-01 5.873462000e-01 9.657525000e-01 
2.841413000e-01 7.218197000e-01 9.271308000e-01 
2.765543000e-02 1.031036000e+00 5.818938000e-01 
1.229923000e+00 2.135088000e-02 2.109156000e-03 
7.415532000e-04 1.088594000e+00 6.202248000e-01 
9.067796000e-03 1.130496000e+00 4.577757000e-01 
1.147039000e-02 1.127902000e+00 4.573458000e-01 
1.037811000e+00 5.291101000e-02 5.662222000e-01 
7.145261000e-01 8.922459000e-01 4.337141000e-01 
7.874662000e-01 7.723156000e-01 4.177258000e-01 
8.460555000e-01 7.531040000e-01 4.325119000e-01 
7.836663000e-01 6.208815000e-01 7.052132000e-01 
1.128137000e+00 4.277673000e-02 4.019902000e-01 
1.043845000e+00 2.076169000e-01 4.844263000e-01 
4.947238000e-01 1.097261000e+00 1.105251000e-01 
4.158416000e-01 7.284795000e-01 8.863119000e-01 
1.651230000e-01 4.650916000e-01 1.052766000e+00 
6.477558000e-01 9.991944000e-01 8.507645000e-02 
4.302364000e-01 1.110283000e+00 2.131121000e-02 
4.339429000e-01 1.150096000e+00 2.328071000e-03 
2.491960000e-01 1.042436000e+00 5.077101000e-01 
9.928687000e-01 4.010840000e-01 4.322594000e-01 
9.332683000e-01 3.189158000e-02 7.822540000e-01 
9.219038000e-01 7.508492000e-01 2.446413000e-03 
1.087116000e+00 5.403188000e-01 7.647996000e-03 
1.028434000e+00 5.772308000e-01 3.509412000e-02 
9.398381000e-01 1.034332000e-01 7.307646000e-01 
6.310764000e-01 1.077236000e-01 1.014826000e+00 
1.092250000e+00 6.660684000e-03 5.617437000e-01 
6.998223000e-01 6.795314000e-01 7.208677000e-01 
6.983365000e-01 2.654935000e-01 9.452257000e-01 
9.318862000e-01 5.552473000e-01 4.849437000e-01 
1.444811000e-01 4.756805000e-01 1.057761000e+00 
2.917310000e-01 4.760813000e-01 1.046546000e+00 
1.439275000e-01 1.151157000e+00 7.970245000e-03 
6.016044000e-01 1.044338000e+00 8.956634000e-03 
5.617459000e-01 1.041973000e+00 1.305471000e-01 
9.344588000e-01 7.196684000e-01 7.275582000e-02 
5.809399000e-01 9.057989000e-01 5.557319000e-01 
7.066866000e-02 1.055863000e-02 1.180582000e+00 
6.379899000e-01 8.211593000e-01 5.521063000e-01 
1.243598000e+00 1.496728000e-02 7.768428000e-04 
9.138509000e-01 6.269556000e-01 4.301622000e-01 
5.061787000e-01 8.586803000e-01 6.980735000e-01 
1.725755000e-01 8.371083000e-01 8.283510000e-01 
3.852142000e-01 4.626509000e-01 1.029143000e+00 
5.697131000e-01 1.007807000e+00 3.755207000e-02 
1.158473000e+00 3.705779000e-01 2.570283000e-02 
3.216245000e-01 3.009101000e-01 1.112462000e+00 
6.906979000e-01 9.729469000e-01 5.851022000e-04 
1.758045000e-02 5.922772000e-01 1.016024000e+00 
6.951820000e-03 1.163409000e+00 9.185569000e-02 
1.356017000e-03 1.821853000e-04 1.190020000e+00 
1.060088000e+00 1.951621000e-01 5.024250000e-01 
6.399222000e-01 9.995784000e-01 6.506957000e-02 
3.901898000e-01 9.825351000e-01 5.373024000e-01 
2.104689000e-03 8.118038000e-01 8.688116000e-01 
1.032608000e+00 3.659071000e-01 3.979630000e-01 
8.632551000e-01 8.093784000e-01 2.306079000e-02 
8.074037000e-01 8.455205000e-01 2.105070000e-03 
3.245592000e-01 4.554588000e-01 1.034974000e+00 
9.402443000e-01 7.364039000e-01 4.138115000e-02 
9.385830000e-01 1.860619000e-01 6.440382000e-01 
2.920273000e-01 9.640758000e-01 6.080708000e-01 
4.283531000e-03 1.039910000e+00 5.983192000e-01 
1.499710000e-02 1.050904000e+00 5.855835000e-01 
7.922391000e-01 3.053970000e-02 8.882635000e-01 
2.798503000e-01 1.133513000e+00 1.024123000e-02 
4.456714000e-01 4.398785000e-01 9.955909000e-01 
1.033402000e+00 4.519821000e-01 3.820434000e-01 
1.712554000e-02 8.448652000e-01 8.263475000e-01 
1.058697000e+00 2.033698000e-01 5.164729000e-01 
4.618866000e-01 6.395127000e-01 8.830287000e-01 
3.527328000e-03 7.762635000e-01 9.025658000e-01 
2.307052000e-01 1.136919000e+00 5.821116000e-02 
1.062262000e+00 4.757581000e-01 3.999500000e-02 
2.406009000e-01 1.130514000e+00 8.246063000e-02 
7.505709000e-01 8.522786000e-01 4.298427000e-02 
5.834917000e-02 9.703823000e-01 6.816933000e-01 
9.218277000e-01 7.603323000e-01 5.760951000e-02 

6.547568000e-03 1.015105000e+00 5.569811000e-01 
4.692040000e-01 9.630773000e-01 4.955910000e-01 
3.523032000e-03 8.509549000e-01 9.028611000e-01 
4.102421000e-01 7.655757000e-01 7.492425000e-01 
7.027938000e-01 1.213269000e-04 9.295792000e-01 
6.027109000e-01 8.952410000e-01 3.687199000e-01 
6.023835000e-01 3.583811000e-01 9.139609000e-01 
9.186462000e-01 2.173197000e-01 6.436435000e-01 
2.298235000e-01 3.754249000e-01 1.065706000e+00 
9.112656000e-01 7.589860000e-01 1.423766000e-03 
5.979237000e-01 4.350999000e-01 8.760000000e-01 
5.291911000e-01 7.384251000e-01 7.069049000e-01 
1.886438000e-03 3.889293000e-06 1.945847000e+00 
6.935667000e-05 1.109121000e-03 1.794424000e+00 
5.956125000e-01 1.007069000e+00 5.996870000e-03 
1.071309000e+00 8.750082000e-02 3.983883000e-01 
1.715983000e-02 2.350865000e+00 1.021514000e-03 
1.352137000e-02 9.736653000e-01 6.062963000e-01 
3.782999000e-01 2.578123000e-01 1.054942000e+00 
2.142151000e+00 2.280233000e-01 6.034394000e-04 
1.059170000e+00 8.668483000e-01 1.147797000e-04 
9.089970000e-01 6.026740000e-01 4.669600000e-01 
1.152672000e+00 1.422489000e-03 1.234077000e-02 
2.634307000e-02 8.415112000e-01 8.007070000e-01 
1.866069000e-03 1.202909000e+00 1.398746000e-02 
8.583482000e-01 8.122920000e-01 5.683917000e-04 
1.770091000e-04 1.237265000e+00 9.346076000e-02 
1.126151000e-02 8.599717000e-01 7.898675000e-01 
5.909516000e-01 7.895699000e-01 5.789805000e-01 
2.792575000e-02 7.805461000e-01 8.861792000e-01 
1.325202000e-02 1.003075000e+00 6.173580000e-01 
4.559594000e-01 9.428773000e-01 5.058260000e-01 
5.917822000e-01 9.711578000e-01 5.043943000e-02 
3.043226000e-01 3.536894000e-01 1.104098000e+00 
4.599173000e-01 6.883528000e-01 8.296623000e-01 
9.116451000e-01 6.508834000e-01 9.319664000e-03 
2.489912000e+00 3.946161000e-03 7.222181000e-04 
6.225599000e-01 5.764283000e-01 8.061448000e-01 
6.938145000e-01 4.311576000e-02 9.229761000e-01 
6.048355000e-01 9.155773000e-01 3.647891000e-01 
5.299414000e-02 7.238898000e-01 9.416223000e-01 
6.025259000e-01 8.623846000e-03 9.929495000e-01 
1.076236000e+00 2.342485000e-02 3.638396000e-01 
6.780709000e-01 5.089945000e-01 8.103579000e-01 
3.084261000e-01 5.060219000e-01 9.847130000e-01 
4.662237000e-01 9.466977000e-01 5.018328000e-01 
6.079029000e-01 9.094580000e-01 3.657047000e-01 
5.771010000e-01 7.703088000e-03 1.018411000e+00 
7.767397000e-01 8.036138000e-01 3.626458000e-01 
1.230081000e+00 2.703475000e-01 5.137750000e-04 
6.610182000e-02 7.123813000e-01 9.045872000e-01 
4.439786000e-01 1.431369000e-03 1.103412000e+00 
5.764001000e-01 8.324676000e-01 6.187490000e-01 
4.288728000e-01 9.840454000e-01 3.364941000e-01 
1.188558000e-01 6.871002000e-01 9.364744000e-01 
7.864962000e-01 4.184931000e-01 6.890700000e-01 
8.213499000e-04 4.886947000e-01 1.108771000e+00 
7.071434000e-01 9.607240000e-01 3.029047000e-03 
2.924645000e-01 6.037685000e-01 9.129338000e-01 
4.136329000e-01 3.975550000e-01 1.031873000e+00 
7.225193000e-01 5.557248000e-01 7.004378000e-01 
6.564288000e-01 9.253245000e-01 1.651910000e-02 
8.763274000e-01 6.906918000e-01 1.616904000e-01 
8.066068000e-01 5.471078000e-01 5.682302000e-01 
4.676226000e-01 8.812578000e-01 5.679093000e-01 
1.729120000e-04 8.583354000e-01 1.415205000e+00 
1.056108000e-01 7.454722000e-06 1.581935000e+00 
3.911493000e-01 2.550834000e-01 1.062083000e+00 
6.532673000e-01 9.283305000e-01 7.653811000e-03 
4.155654000e-03 8.757838000e-01 8.940191000e-01 
6.993025000e-01 1.524211000e-02 9.237368000e-01 
1.201914000e+00 2.856910000e-04 3.914283000e-01 
5.079611000e-01 2.581920000e-01 1.007405000e+00 
5.970088000e-01 8.424887000e-01 5.444967000e-01 
6.070621000e-01 6.243105000e-01 7.348479000e-01 
1.227100000e+00 7.797334000e-03 1.650670000e-03 
7.149248000e-01 6.196267000e-02 8.932057000e-01 
1.536821000e-03 1.013870000e+00 8.804549000e-01 
5.025161000e-02 1.152385000e+00 5.722739000e-03 
1.026705000e+00 4.848869000e-01 2.877586000e-02 
1.035347000e+00 4.415258000e-02 4.986774000e-01 
1.011151000e+00 1.459888000e-02 6.069033000e-01 
1.092473000e-01 2.153673000e-05 1.411492000e+00 
3.772324000e-03 7.294948000e-01 9.072768000e-01 
9.099540000e-03 7.247342000e-01 9.420625000e-01 
1.145328000e+00 1.263986000e-02 2.657426000e-02 
4.857831000e-02 1.120460000e+00 2.863002000e-02 
8.361385000e-01 6.520443000e-01 5.087669000e-01 
4.019910000e-02 9.037430000e-01 7.303776000e-01 
9.627548000e-01 6.461658000e-01 7.477519000e-04 
1.008070000e+00 6.381138000e-02 5.208420000e-01 
4.389232000e-01 4.850725000e-01 9.429257000e-01 
4.694836000e-01 1.035056000e+00 1.074882000e-02 
1.645109000e-02 9.240982000e-01 7.047447000e-01 
1.125199000e+00 5.224626000e-03 3.597186000e-01 
2.910995000e-03 1.186890000e+00 5.136502000e-03 
2.713448000e+00 7.125943000e-04 2.569167000e-03 
6.586126000e-01 1.113513000e-02 9.373724000e-01 
5.867352000e-01 9.717052000e-01 6.840799000e-03 
5.839797000e-01 5.746897000e-01 8.772672000e-01 
7.377081000e-04 1.080708000e+00 5.452782000e-01 
1.333905000e+00 3.145105000e-04 1.306713000e-02 
3.596198000e-02 1.076195000e+00 3.589306000e-01 
4.837615000e-01 1.008622000e+00 8.661936000e-02 
6.439767000e-01 9.193098000e-01 2.838913000e-02 
5.813313000e-01 9.854727000e-01 1.140033000e-02 
8.507246000e-01 6.575449000e-01 3.862954000e-01 
8.688934000e-01 7.700290000e-01 9.096951000e-03 
9.329898000e-01 5.180969000e-01 3.534478000e-01 
1.202171000e+00 8.905189000e-03 7.504668000e-03 
2.384699000e+00 1.159148000e-01 7.330270000e-04 
1.484765000e-01 1.115933000e+00 1.441404000e-02 
3.807594000e-01 6.439390000e-01 8.900594000e-01 
1.233934000e-02 4.709951000e-01 1.061816000e+00 
4.552605000e-01 2.675128000e-02 1.062095000e+00 
5.870737000e-02 1.301563000e+00 2.373847000e-04 
7.808122000e-02 1.125453000e+00 5.940614000e-03 
9.624050000e-01 6.372510000e-01 1.211116000e-02 
1.065367000e-01 1.220178000e+00 1.315605000e-03 
4.197749000e-02 1.543798000e+00 3.533264000e-04 
1.225076000e+00 1.099397000e-02 1.837855000e-03 
1.710099000e-02 1.017568000e+00 4.877629000e-01 
7.536870000e-01 8.060375000e-01 3.467445000e-01 
2.459420000e-02 3.979507000e-01 1.086481000e+00 
6.517861000e-01 1.156706000e-02 9.330931000e-01 
1.022198000e+00 5.335328000e-01 8.565418000e-03 
3.561461000e-01 2.432715000e-01 1.089663000e+00 
7.648623000e-04 5.733906000e-04 1.332923000e+00 
8.609594000e-01 4.121236000e-01 6.521440000e-01 
1.065667000e+00 8.569438000e-04 5.052875000e-01 
8.228901000e-01 4.229836000e-01 6.804827000e-01 
6.051378000e-01 9.025612000e-03 9.926515000e-01 
5.115352000e-02 9.743717000e-01 5.928943000e-01 
9.145920000e-03 1.512839000e-04 1.156396000e+00 
5.243001000e-01 4.969531000e-01 8.914803000e-01 
6.770435000e-01 9.192872000e-01 3.345566000e-01 
9.631621000e-01 1.843029000e-01 6.255334000e-01 
1.423650000e-02 4.315269000e-01 1.059453000e+00 
3.143760000e-01 9.560694000e-02 1.090884000e+00 
4.572255000e-01 9.014925000e-01 5.910134000e-01 
5.101432000e-04 7.479508000e-05 1.934879000e+00 
1.392790000e-01 8.067863000e-01 7.745225000e-01 
1.141962000e+00 2.708269000e-02 2.615019000e-02 
5.643183000e-01 7.295686000e-01 6.918817000e-01 
3.976601000e-01 6.028525000e-01 9.119436000e-01 
8.755916000e-01 3.417145000e-04 7.638223000e-01 
7.604120000e-01 5.267767000e-01 6.978112000e-01 
3.591027000e-02 1.957621000e-05 1.592919000e+00 
9.655110000e-01 3.330591000e-02 6.287591000e-01 
3.637785000e-01 3.721295000e-01 1.075004000e+00 
4.015161000e-01 9.407883000e-01 6.412872000e-01 
4.846681000e-01 1.034162000e+00 1.019497000e-02 
2.233517000e-02 8.489852000e-01 8.474089000e-01 
8.290928000e-01 7.817798000e-01 6.862877000e-02 
1.082973000e+00 2.083185000e-05 6.122086000e-01 
8.049304000e-01 5.460502000e-01 5.714989000e-01 
2.705280000e-05 1.032185000e-02 1.979555000e+00 
3.849469000e-01 7.021471000e-02 1.099144000e+00 
5.563239000e-01 9.390143000e-01 3.532381000e-01 
7.817656000e-01 3.639057000e-01 7.513802000e-01 
5.341554000e-01 4.786931000e-01 8.990796000e-01 
4.465185000e-03 4.491577000e-01 1.104519000e+00 
1.082727000e+00 3.794214000e-02 3.482989000e-01 
8.389879000e-01 7.794503000e-01 1.138838000e-02 
7.259140000e-01 5.737361000e-02 9.139254000e-01 
9.138416000e-01 5.148204000e-01 5.275512000e-01 
9.064140000e-02 2.599661000e-03 1.130773000e+00 
7.544698000e-01 3.129652000e-04 8.674610000e-01 
4.816011000e-03 1.028421000e+00 5.643879000e-01 
1.071309000e+00 8.750082000e-02 3.983883000e-01 
1.522355000e-02 7.829255000e-01 8.673922000e-01 
3.614441000e-01 7.007397000e-01 8.392081000e-01 
3.798536000e-02 4.047708000e-01 1.041535000e+00 
5.440476000e-01 9.198656000e-01 3.653783000e-01 
7.187601000e-01 4.769413000e-01 7.978156000e-01 
6.519826000e-03 5.522214000e-01 9.786859000e-01 
5.296376000e-01 1.122523000e+00 1.689707000e-03 
6.818298000e-01 7.551177000e-01 6.646139000e-01 
7.777407000e-01 8.548937000e-01 2.440723000e-02 
9.349114000e-01 2.228307000e-01 6.432738000e-01 
9.714627000e-01 4.476352000e-01 5.157419000e-01 
3.829452000e-01 8.253112000e-01 7.119359000e-01 
6.973295000e-01 4.904804000e-01 7.515877000e-01 
6.026486000e-01 8.381919000e-01 4.806248000e-01 
5.195411000e-01 8.940290000e-01 5.141636000e-01 
7.846683000e-01 8.473143000e-01 1.060987000e-02 
4.812870000e-01 5.371739000e-01 8.899637000e-01 
6.590812000e-01 9.703269000e-01 1.245391000e-03 
5.203238000e-01 1.004325000e+00 3.758087000e-02 
1.204310000e-01 7.760071000e-01 7.969987000e-01 
4.519718000e-01 1.043687000e+00 7.358208000e-03 
7.246634000e-02 7.723024000e-01 8.990081000e-01 
1.223536000e-03 7.592405000e-03 1.152375000e+00 
1.044778000e+00 5.404629000e-01 8.055263000e-03 
5.991674000e-01 9.564454000e-01 2.592521000e-02 
6.158924000e-01 9.093214000e-01 3.507555000e-01 
7.407960000e-01 5.333622000e-01 7.403514000e-01 
5.618670000e-01 9.857428000e-01 1.823155000e-02 
5.971952000e-01 8.805562000e-03 9.980497000e-01 
5.739689000e-04 9.296361000e-01 9.229723000e-01 
1.021537000e+00 5.601868000e-01 9.094876000e-02 
6.614508000e-02 7.085467000e-03 1.119777000e+00 
9.722879000e-02 8.989346000e-01 7.121098000e-01 
1.509928000e-02 1.107917000e+00 3.094296000e-01 
9.373941000e-01 4.572576000e-01 3.835473000e-01 
6.487787000e-01 1.058099000e+00 8.961382000e-04 
7.144667000e-02 1.009289000e+00 5.311963000e-01 
5.856071000e-05 1.207467000e+00 5.672527000e-01 
5.868971000e-01 6.162604000e-01 8.100371000e-01 
1.028959000e+00 8.410856000e-03 6.139413000e-01 
4.674347000e-01 1.337444000e-02 1.046874000e+00 
6.428217000e-01 7.027165000e-01 6.682282000e-01 
7.360586000e-01 8.644502000e-01 1.013050000e-01 
9.381933000e-01 6.263076000e-01 1.620775000e-01 
6.345129000e-01 1.046112000e+00 1.652994000e-03 
5.382376000e-01 1.011251000e+00 2.730156000e-02 
1.893693000e-03 1.175203000e+00 7.871430000e-02 
4.611678000e-02 1.516582000e+00 6.838002000e-04 
4.127709000e-01 9.687398000e-01 5.203706000e-01 
9.127442000e-04 1.221345000e+00 7.114382000e-03 
5.691130000e-01 3.839057000e-01 9.118642000e-01 
4.561702000e-01 9.734608000e-01 3.703480000e-01 
4.781169000e-04 4.403856000e-04 1.460189000e+00 
9.136268000e-01 4.850659000e-02 7.120099000e-01 
1.151894000e+00 2.838788000e-02 9.896733000e-04 
4.360268000e-01 8.715935000e-01 7.013318000e-01 
7.208946000e-01 8.780059000e-01 2.003213000e-03 
1.084110000e+00 5.631825000e-01 3.055955000e-03 
5.437738000e-01 9.090827000e-03 1.067866000e+00 
6.882452000e-01 4.848145000e-01 7.543433000e-01 
6.873465000e-01 5.070514000e-01 8.426761000e-01 
8.167374000e-01 7.246875000e-01 3.283683000e-01 
4.152909000e-01 3.746071000e-01 9.638358000e-01 
8.526824000e-01 5.245332000e-01 6.120892000e-01 
7.116951000e-01 7.563243000e-01 5.452352000e-01 
3.523171000e-01 2.538836000e-01 1.089167000e+00 
1.057758000e+00 6.411196000e-01 6.325945000e-03 
3.416404000e-01 6.985315000e-01 8.562289000e-01 
6.015883000e-04 5.267518000e-01 1.090579000e+00 
2.902373000e-01 1.435506000e+00 8.881911000e-05 
1.174395000e+00 7.592618000e-03 8.635663000e-03 
6.643107000e-02 8.705342000e-01 7.428993000e-01 
1.182366000e-02 4.763093000e-01 1.045397000e+00 
4.956128000e-01 1.012771000e+00 1.069100000e-02 
1.067292000e-04 1.345157000e-02 1.431125000e+00 
6.376587000e-01 3.858342000e-03 9.816441000e-01 
5.296799000e-01 1.034937000e+00 2.495143000e-03 
1.246695000e+00 9.232946000e-03 1.400551000e-03 
9.673373000e-01 5.565124000e-01 2.927877000e-01 
1.002922000e+00 5.600437000e-01 2.751833000e-01 
7.662819000e-01 6.159434000e-01 5.439180000e-01 
1.096204000e+00 5.635689000e-01 2.927522000e-03 
4.193809000e-01 6.047139000e-03 1.125081000e+00 
1.068160000e+00 9.214182000e-03 4.370945000e-01 
8.382451000e-01 8.198677000e-01 1.130335000e-02 
1.209141000e+00 1.546723000e-02 4.384158000e-03 
8.366369000e-01 7.997863000e-01 1.179481000e-02 
7.992393000e-01 8.329232000e-01 3.296342000e-01 
9.942673000e-01 6.059731000e-01 4.568760000e-02 
8.043685000e-01 7.817087000e-01 3.649561000e-01 
4.576190000e-01 9.154758000e-01 5.300142000e-01 
5.236623000e-04 1.286314000e-01 1.345247000e+00 
6.972756000e-01 3.284164000e-02 9.329432000e-01 
6.306341000e-01 1.915510000e-02 9.918312000e-01 
1.028384000e-02 4.324793000e-01 1.081404000e+00 
1.806476000e-02 1.078627000e+00 3.470117000e-01 
1.951563000e-03 3.849546000e-05 1.163623000e+00 
1.201615000e+00 7.637384000e-03 7.767646000e-03 
4.442147000e-01 2.674577000e-03 1.097671000e+00 
1.167796000e+00 1.685125000e-02 6.122316000e-03 
8.847775000e-01 4.506657000e-01 5.856131000e-01 
9.700703000e-01 5.415229000e-01 3.531629000e-01 
4.521383000e-02 5.773082000e-01 9.757095000e-01 
7.126010000e-01 4.809708000e-01 7.586970000e-01 
5.308845000e-01 3.020056000e-01 9.758325000e-01 
7.164079000e-01 8.744640000e-01 2.238904000e-03 
5.512650000e-02 7.131305000e-01 9.416789000e-01 
6.436848000e-01 9.409555000e-01 1.275912000e-02 
1.053533000e+00 1.383533000e-01 3.076455000e-01 
3.369991000e-02 7.809098000e-01 7.949888000e-01 
3.378358000e-01 6.007652000e-01 9.242927000e-01 
3.994744000e-01 5.985744000e-01 9.480127000e-01 
2.337646000e-02 1.313621000e+00 9.573504000e-04 
5.927481000e-01 6.110325000e-01 7.912244000e-01 
1.223649000e+00 3.815041000e-01 2.901386000e-04 
3.584616000e-01 2.623912000e-01 1.080548000e+00 
7.968204000e-01 6.000715000e-01 5.854031000e-01 
8.702067000e-01 6.981348000e-01 1.299679000e-01 
1.071309000e+00 8.750082000e-02 3.983883000e-01 
3.885270000e-01 7.301488000e-01 7.937819000e-01 
3.629730000e-04 1.219366000e+00 3.997303000e-01 
1.140434000e+00 5.464375000e-03 2.677108000e-02 
1.513517000e-02 1.203298000e+00 1.498001000e-03 
2.007279000e-03 1.274773000e-03 1.159302000e+00 
5.852396000e-03 1.274218000e+00 1.974965000e-03 
4.482372000e-01 9.382213000e-01 5.596623000e-01 
8.822411000e-01 5.543199000e-01 5.147621000e-01 
6.807720000e-01 4.989894000e-02 9.242299000e-01 
6.989418000e-01 3.939083000e-01 8.441367000e-01 
7.349810000e-02 9.648418000e-01 6.372325000e-01 
5.027608000e-01 7.463830000e-01 7.330862000e-01 
9.768240000e-01 4.271141000e-02 5.749043000e-01 
5.789975000e-01 6.094438000e-01 8.779835000e-01 
2.772020000e-03 4.779207000e-01 1.066440000e+00 
5.763332000e-01 1.019577000e-02 1.017183000e+00 
4.667784000e-01 5.325491000e-03 1.076841000e+00 
1.881835000e-02 1.268356000e-02 1.140694000e+00 
7.140179000e-01 4.899293000e-01 7.510541000e-01 
9.515816000e-01 7.315075000e-01 5.730453000e-04 
7.938998000e-01 1.898745000e-02 8.034489000e-01 
8.847877000e-01 2.000643000e-02 7.167175000e-01 
4.747163000e-01 7.092986000e-01 8.137884000e-01 
8.482865000e-01 5.325343000e-01 5.652814000e-01 
1.121979000e+00 1.153061000e-01 3.256894000e-03 
6.090699000e-02 1.226673000e+00 5.620472000e-04 
4.312961000e-01 7.268251000e-01 7.527869000e-01 
7.223671000e-01 7.120915000e-01 5.966645000e-01 
3.889194000e-03 7.091988000e-01 9.443606000e-01 
8.813339000e-01 5.499564000e-01 5.292547000e-01 
7.672970000e-01 8.580591000e-01 1.016103000e-01 
5.956830000e-03 8.026180000e-01 8.799244000e-01 
1.067627000e+00 4.864715000e-01 1.222159000e-02 
6.786108000e-01 9.094202000e-01 2.571562000e-01 
6.182344000e-01 5.243252000e-03 1.026362000e+00 
3.848988000e-01 4.489392000e-01 1.014169000e+00 
4.410878000e-01 8.658445000e-01 6.317092000e-01 
5.330261000e-01 8.510335000e-01 5.526469000e-01 
8.675548000e-01 7.898141000e-01 8.818713000e-04 
5.812757000e-01 4.961124000e-01 8.934151000e-01 
1.099646000e+00 1.460712000e-02 3.302383000e-02 
9.705004000e-01 4.708260000e-01 3.642688000e-01 
7.720134000e-02 1.121583000e+00 9.539980000e-03 
8.645354000e-01 6.637204000e-01 3.218000000e-01 
5.947676000e-02 1.148698000e+00 5.047363000e-03 
4.522132000e-01 1.520734000e-02 1.065433000e+00 
1.165358000e+00 6.851189000e-04 9.047644000e-03 
4.019717000e-02 4.508570000e-03 1.129888000e+00 
4.405960000e-01 1.110787000e-02 1.093574000e+00 
7.143143000e-01 5.326571000e-04 9.294496000e-01 
1.295620000e-02 9.075424000e-01 7.058021000e-01 
1.356771000e-01 8.197514000e-01 7.656226000e-01 
4.465698000e-01 8.639787000e-01 6.113906000e-01 
8.920583000e-01 8.491432000e-02 6.996774000e-01 
5.853495000e-01 5.309179000e-01 8.732714000e-01 
1.234480000e-01 1.040752000e+00 4.049515000e-01 
1.026573000e+00 5.256528000e-01 1.149601000e-02 
6.691802000e-03 1.176909000e+00 1.501263000e-03 
3.973759000e-01 8.249782000e-01 7.336465000e-01 
5.750922000e-01 7.294714000e-01 7.029735000e-01 
8.764734000e-01 5.214939000e-01 6.514294000e-01 
1.205141000e+00 7.432681000e-04 6.353069000e-03 
2.377293000e-03 2.534527000e-02 1.128568000e+00 
6.307156000e-04 3.171707000e-03 1.188829000e+00 
6.194692000e-01 5.782221000e-01 7.976100000e-01 
4.002970000e-01 7.342849000e-01 7.879932000e-01 
8.736703000e-01 7.592099000e-01 5.618151000e-03 
1.002268000e+00 6.424026000e-02 5.184262000e-01 
8.950101000e-01 6.906616000e-01 9.637184000e-03 
5.420418000e-01 5.443837000e-01 8.859827000e-01 
9.988256000e-01 5.350791000e-01 3.337620000e-01 
5.592872000e-01 1.847595000e-02 1.039067000e+00 
4.625021000e-01 1.126079000e-04 1.092091000e+00 
3.925277000e-01 7.228574000e-02 1.042697000e+00 
8.980135000e-01 6.082446000e-01 3.594073000e-01 
6.213397000e-01 5.836036000e-01 7.896997000e-01 
6.029696000e-01 6.956544000e-01 6.999586000e-01 
6.947097000e-01 7.075175000e-01 6.265026000e-01 
2.575860000e-01 3.648112000e-01 1.082065000e+00 
1.406171000e-02 4.364830000e-01 1.062581000e+00 
8.457256000e-01 7.745468000e-01 8.964703000e-02 
6.504291000e-01 6.107833000e-01 7.474208000e-01 
8.309658000e-01 7.955585000e-01 3.062498000e-02 
9.446533000e-01 6.489495000e-01 5.029749000e-02 
2.522634000e-01 3.993715000e-01 1.029106000e+00 
7.639205000e-01 4.776162000e-01 7.169006000e-01 
5.924854000e-01 6.113657000e-01 8.004256000e-01 
7.676627000e-01 8.374856000e-01 9.464003000e-02 
7.095878000e-01 5.592396000e-01 6.969461000e-01 
3.079506000e-01 7.010308000e-01 8.185770000e-01 
3.145294000e-01 7.402620000e-01 7.587533000e-01 
5.266155000e-01 8.856944000e-01 4.918278000e-01 
1.524467000e-03 7.362605000e-01 9.157176000e-01 
6.297577000e-01 8.601112000e-01 3.422813000e-01 
8.282664000e-01 7.160500000e-02 7.467581000e-01 
8.146342000e-02 8.511600000e-01 7.644839000e-01 
5.953961000e-01 6.229836000e-01 7.839782000e-01 
1.057039000e+00 1.385562000e-02 5.049865000e-01 
2.306859000e-03 8.779012000e-01 7.433311000e-01 
6.689606000e-01 9.230013000e-01 2.099802000e-02 
4.714661000e-01 1.350395000e-02 1.041722000e+00 
9.427215000e-01 2.182090000e-01 6.363769000e-01 
1.140580000e+00 4.525891000e-02 2.173870000e-02 
3.817971000e-01 7.848171000e-01 7.534684000e-01 
6.250955000e-01 2.869619000e-01 8.960441000e-01 
3.427288000e-01 4.725333000e-01 9.525946000e-01 
2.757388000e-03 1.202233000e+00 4.525242000e-02 
3.979199000e-04 1.477940000e-01 1.153099000e+00 
7.181231000e-01 7.588504000e-01 5.329123000e-01 
4.876187000e-01 5.301234000e-01 8.974099000e-01 
3.206187000e-02 8.220405000e-01 7.758671000e-01 
1.494077000e-03 3.471702000e-01 1.110076000e+00 
7.333937000e-02 8.661716000e-01 7.670051000e-01 
5.252080000e-01 8.833069000e-01 5.062900000e-01 
3.746873000e-02 1.117096000e+00 2.529413000e-01 
7.876628000e-01 2.988291000e-02 8.519487000e-01 
2.194658000e-02 1.170762000e+00 9.126843000e-03 
9.797792000e-01 3.246210000e-04 6.157176000e-01 
8.316376000e-01 5.761487000e-03 7.843057000e-01 
6.853109000e-02 6.325026000e-01 9.728843000e-01 
7.248065000e-01 8.007262000e-01 3.797751000e-01 
2.989503000e-01 4.874265000e-01 9.850580000e-01 
8.418517000e-01 5.666070000e-01 5.410326000e-01 
1.983523000e-02 1.142228000e+00 9.581846000e-03 
9.600075000e-01 6.523126000e-01 7.984427000e-03 
4.574640000e-01 2.171034000e-02 1.054882000e+00 
4.701006000e-01 2.944684000e-02 1.046148000e+00 
7.373564000e-01 7.215631000e-01 5.507049000e-01 
6.326477000e-01 7.732165000e-01 5.229634000e-01 
8.634492000e-01 6.367056000e-02 7.337864000e-01 
4.931295000e-01 5.181969000e-01 9.298798000e-01 
8.378418000e-01 5.921184000e-01 4.781030000e-01 
8.988086000e-01 5.596331000e-02 6.933315000e-01 
7.536463000e-01 2.660207000e-02 8.593397000e-01 
6.666980000e-01 5.234986000e-01 7.417893000e-01 
9.463670000e-01 6.235832000e-01 2.853963000e-02 
4.502409000e-01 9.017139000e-01 5.721588000e-01 
5.420136000e-01 6.993329000e-01 7.782716000e-01 
7.655256000e-02 9.146487000e-01 6.907192000e-01 
1.097918000e-01 9.708894000e-01 6.352453000e-01 
7.345835000e-01 7.283836000e-01 5.485356000e-01 
7.463872000e-01 8.076885000e-01 3.528064000e-01 
3.959379000e-01 4.253061000e-01 9.759125000e-01 
1.175937000e-01 6.719480000e-01 9.439316000e-01 
7.314532000e-01 5.790041000e-01 6.801307000e-01 
8.084560000e-01 5.684328000e-02 7.673867000e-01 
1.404609000e-01 8.355958000e-01 7.159220000e-01 
6.135823000e-01 4.241864000e-01 8.685284000e-01 
6.371244000e-01 8.359172000e-01 4.140577000e-01 
6.043500000e-01 6.313156000e-01 7.337219000e-01 
1.050330000e+00 1.563661000e-02 5.194575000e-01 
4.045963000e-01 6.711985000e-01 8.709501000e-01 
4.058165000e-01 1.051449000e+00 3.480539000e-01 
1.884148000e-02 1.095586000e+00 3.106780000e-01 
1.030073000e+00 5.283677000e-01 8.355697000e-03 
5.260877000e-03 3.837926000e-01 1.087713000e+00 
9.414439000e-01 3.228752000e-01 5.908833000e-01 
1.542146000e-02 1.122328000e+00 7.603544000e-02 
1.044503000e+00 4.968148000e-01 1.204071000e-02 
2.934896000e-01 4.785123000e-01 9.953539000e-01 
3.749585000e-01 1.009502000e+00 3.512209000e-01 
7.225016000e-02 1.067487000e+00 3.788200000e-01 
7.972219000e-01 2.015069000e-01 7.784683000e-01 
8.977021000e-01 6.582508000e-02 6.989785000e-01 
5.926630000e-03 1.059924000e+00 4.285740000e-01 
1.137041000e+00 4.930217000e-02 1.109741000e-02 
9.708673000e-01 1.537858000e-02 6.087547000e-01 
8.335645000e-01 7.190834000e-01 3.140476000e-01 
8.394788000e-01 3.516271000e-04 7.400838000e-01 
1.095367000e+00 2.408827000e-02 3.515025000e-01 
3.709004000e-02 5.999865000e-01 9.748597000e-01 
4.963767000e-01 8.332646000e-01 5.527795000e-01 
8.173187000e-01 1.970321000e-02 7.679155000e-01 
8.534554000e-01 7.092631000e-01 9.151138000e-03 
4.518958000e-01 1.042812000e+00 3.441780000e-02 
4.777879000e-01 6.300074000e-01 8.115375000e-01 
8.041719000e-01 9.319916000e-03 7.989573000e-01 
2.027130000e-02 1.048260000e+00 4.489571000e-01 
8.372613000e-01 9.174708000e-02 7.211964000e-01 
2.991244000e-02 8.491934000e-01 7.890538000e-01 
5.966035000e-01 3.198600000e-02 9.788962000e-01 
2.918101000e-01 4.752201000e-01 1.009870000e+00 
2.753045000e-01 5.169484000e-01 9.713996000e-01 
3.943689000e-01 8.872034000e-01 6.418653000e-01 
5.669097000e-01 9.170279000e-01 3.390494000e-01 
2.237873000e-01 5.184647000e-01 9.991479000e-01 
5.085451000e-01 2.541883000e-01 9.940256000e-01 
5.983246000e-01 9.971704000e-01 4.149427000e-03 
1.821712000e-02 4.121025000e-02 1.122471000e+00 
6.048227000e-01 4.371255000e-02 9.673930000e-01 
9.433582000e-01 6.381820000e-01 1.122616000e-01 
5.214190000e-01 4.116461000e-01 9.173793000e-01 
1.073413000e+00 4.615396000e-02 3.564005000e-01 
2.200460000e-01 6.521074000e-01 9.221160000e-01 
4.493741000e-01 3.663837000e-02 1.075913000e+00 
4.847935000e-01 3.352527000e-01 9.660717000e-01 
7.222285000e-03 7.574271000e-03 1.149075000e+00 
8.291106000e-01 5.608894000e-01 5.479343000e-01 
1.003768000e+00 4.012178000e-02 5.286733000e-01 
4.827996000e-01 9.534658000e-01 3.628696000e-01 
7.381781000e-01 3.910565000e-01 7.736132000e-01 
9.045506000e-02 8.152687000e-01 7.786403000e-01 
1.026741000e+00 4.459932000e-02 4.951021000e-01 
7.007888000e-01 2.570659000e-02 9.164614000e-01 
9.859550000e-01 4.352152000e-01 3.439414000e-01 
7.250232000e-01 4.267458000e-01 7.683161000e-01 
1.040859000e+00 4.838418000e-01 2.654478000e-02 
3.641957000e-01 4.558291000e-01 9.516784000e-01 
8.386764000e-01 3.947084000e-02 7.405103000e-01 
1.024347000e+00 9.355966000e-03 5.343132000e-01 
1.040620000e+00 2.945897000e-01 3.416744000e-01 
2.634638000e-02 1.134129000e+00 2.871903000e-02 
5.110770000e-02 9.409059000e-01 6.398645000e-01 
1.044537000e+00 2.273026000e-02 3.984254000e-01 
9.486380000e-01 2.145440000e-02 7.099108000e-01 
7.283063000e-03 1.026375000e+00 4.909821000e-01 
1.073886000e+00 5.489737000e-02 3.226514000e-01 
7.113426000e-01 9.007768000e-01 1.445409000e-02 
1.597199000e-02 9.978185000e-01 5.444227000e-01 

1.084427000e+00 2.487685000e-03 6.145350000e-01 
8.194110000e-04 1.204252000e+00 3.242763000e-02 
4.515027000e-01 7.085069000e-01 8.694411000e-01 
3.017105000e-01 3.720785000e-01 1.053431000e+00 
1.099639000e-02 1.177834000e+00 2.825231000e-02 
9.500677000e-01 6.763150000e-01 4.173540000e-03 
2.892884000e-02 1.261096000e+00 8.107022000e-05 
3.990461000e-02 1.016317000e+00 5.887619000e-01 
4.673465000e-04 9.888532000e-04 1.262863000e+00 
2.478763000e-02 1.101663000e+00 3.934555000e-01 
8.302785000e-01 8.099433000e-01 2.016458000e-02 
3.155080000e-02 8.634572000e-01 7.740959000e-01 
8.119584000e-01 4.874017000e-01 7.095554000e-01 
6.728894000e-05 7.068979000e-06 9.406206000e+00 
3.549068000e-01 5.485502000e-01 1.005922000e+00 
1.041629000e+00 1.320450000e-01 4.684039000e-01 
1.222857000e+00 1.228691000e-02 3.998586000e-04 
2.607189000e-04 1.002302000e+00 9.216503000e-01 
7.798677000e-03 2.380376000e-04 1.190922000e+00 
4.310605000e-02 4.022752000e-01 1.083601000e+00 
9.948354000e-01 3.099378000e-01 5.905580000e-01 
9.688532000e-01 4.999705000e-01 4.871062000e-01 
6.028320000e-01 1.478714000e-01 1.019955000e+00 
4.405630000e-05 4.348140000e-04 6.880289000e+00 
5.804882000e-01 9.360999000e-01 3.870450000e-01 
5.483461000e-01 5.856481000e-01 8.254897000e-01 
1.332386000e-03 1.191116000e+00 5.169282000e-01 
2.642776000e+00 3.416526000e-04 1.745770000e-02 
2.047297000e-03 1.118900000e+00 4.887868000e-01 
8.191953000e-01 3.836400000e-02 8.371142000e-01 
9.579502000e-01 2.251379000e-01 6.595374000e-01 
8.365614000e-02 7.794975000e-01 8.488212000e-01 
5.503958000e-01 8.879594000e-01 5.006835000e-01 
4.612187000e-03 1.119769000e+00 4.887315000e-01 
4.663160000e-03 9.548941000e-01 7.546795000e-01 
3.439417000e-03 6.197852000e-01 1.033266000e+00 
8.104756000e-01 4.482308000e-01 7.163965000e-01 
1.898010000e-03 1.081496000e+00 6.792295000e-01 
2.861030000e-03 6.366761000e-01 1.045370000e+00 
8.756161000e-01 4.374166000e-01 7.062880000e-01 
7.586568000e-01 3.513277000e-02 8.967122000e-01 
8.029605000e-01 8.460658000e-01 3.707344000e-02 
8.335069000e-01 6.152993000e-01 4.632017000e-01 
7.289168000e-01 7.684732000e-01 4.785612000e-01 
8.141346000e-01 2.939752000e-02 8.459574000e-01 
4.404811000e-01 1.065651000e+00 1.779471000e-02 
5.236911000e-01 7.061776000e-01 7.210358000e-01 
1.040929000e+00 5.880133000e-01 1.364370000e-03 
8.117920000e-01 8.640832000e-01 3.084397000e-02 
6.528464000e-01 7.731474000e-03 9.813995000e-01 
7.318970000e-01 8.923123000e-01 3.784365000e-02 
6.607667000e-01 4.845015000e-01 8.367490000e-01 
1.849530000e-02 6.353407000e-01 1.005860000e+00 
5.391266000e-01 6.891481000e-01 8.134063000e-01 
8.927741000e-03 1.108907000e+00 4.703988000e-01 
8.727043000e-01 2.094608000e-02 7.578568000e-01 
5.391920000e-05 3.326057000e-05 1.308313000e+00 
1.138626000e+00 2.645553000e-01 4.772770000e-03 
3.889641000e-01 2.233273000e-01 1.064227000e+00 
5.493714000e-04 1.286465000e+00 6.234950000e-03 
7.500482000e-02 1.151726000e+00 7.663936000e-03 
1.397096000e-02 9.554450000e-01 6.604983000e-01 
1.143166000e+00 4.928189000e-02 4.497064000e-02 
3.106128000e-02 2.182659000e+00 2.093716000e-05 
9.848479000e-06 5.765023000e-03 1.394635000e+00 
4.155440000e-03 1.057166000e-01 1.150611000e+00 
1.057805000e-01 9.969119000e-01 6.398932000e-01 
4.067917000e-01 7.452349000e-01 8.231935000e-01 
2.734652000e-02 1.018064000e+00 5.657685000e-01 
3.280582000e-02 1.012841000e+00 6.386150000e-01 
8.391860000e-01 4.160833000e-01 7.956644000e-01 
9.166158000e-01 1.841157000e-01 6.842222000e-01 
1.129087000e+00 7.026858000e-02 3.559032000e-01 
8.648545000e-01 3.434064000e-02 8.023808000e-01 
1.972964000e-05 8.817257000e-04 2.096404000e+00 
9.497848000e-01 6.152180000e-01 4.626774000e-01 
9.895760000e-01 3.167213000e-01 6.242122000e-01 
7.160510000e-01 9.133980000e-01 3.394150000e-02 
1.664823000e-02 8.031206000e-01 8.262310000e-01 
7.861084000e-04 9.436665000e-01 8.203467000e-01 
1.367628000e-02 1.140188000e+00 3.555015000e-02 
1.459958000e-01 9.494874000e-03 1.161261000e+00 
8.221935000e-01 4.169485000e-01 7.793386000e-01 
5.825103000e-01 7.519125000e-01 6.389118000e-01 
2.124999000e+00 1.025881000e-03 9.803959000e-03 
1.540294000e-03 8.201678000e-01 9.219626000e-01 
3.810061000e-01 7.128906000e-01 8.789493000e-01 
8.111467000e-01 4.193459000e-01 7.679167000e-01 
8.841128000e-01 4.845879000e-01 5.694809000e-01 
8.641797000e-01 3.851693000e-02 7.813348000e-01 
8.378298000e-01 8.030273000e-01 1.071382000e-02 
1.959965000e-01 4.765416000e-01 1.068394000e+00 
3.898236000e-04 1.227950000e+00 1.126249000e-02 
1.776206000e-04 1.226416000e+00 5.167255000e-01 
9.619786000e-01 5.099595000e-01 3.437726000e-01 
5.829618000e-01 4.390192000e-01 9.394181000e-01 
5.555520000e-01 9.480398000e-01 3.859144000e-01 
3.776756000e-01 7.156748000e-01 8.754086000e-01 
8.247146000e-01 1.092204000e-03 8.504796000e-01 
1.855660000e-01 5.071223000e-03 1.161974000e+00 
1.149470000e+00 1.677395000e-01 1.732727000e-02 
2.224915000e-03 6.588517000e-01 1.037428000e+00 
9.626292000e-03 1.080784000e+00 4.760679000e-01 
7.506784000e-01 9.715866000e-01 7.180763000e-04 
6.887378000e-01 7.594123000e-01 5.799719000e-01 
1.090465000e+00 6.486379000e-01 2.442204000e-06 
4.878124000e-01 8.767392000e-01 6.455718000e-01 
3.928758000e-01 6.224519000e-01 9.355573000e-01 
1.008489000e+00 5.648262000e-01 1.139344000e-01 
2.894543000e-01 3.389240000e-01 1.105524000e+00 
4.267969000e-01 7.654039000e-01 7.880787000e-01 
1.325763000e-03 7.042113000e-01 1.012591000e+00 
7.825351000e-01 5.307828000e-01 7.130552000e-01 
9.771861000e-01 6.997252000e-01 2.113537000e-03 
7.120582000e-01 9.456331000e-01 5.404248000e-02 
2.341587000e-03 1.127231000e+00 4.814693000e-01 
1.405932000e-02 1.215016000e+00 1.088746000e-02 
5.939302000e-01 5.800123000e-01 8.128975000e-01 
6.436097000e-01 2.956776000e-02 9.501311000e-01 
1.072973000e+00 6.073402000e-02 4.457154000e-01 
8.552987000e-01 8.362892000e-01 5.910560000e-03 
1.170064000e-02 4.576012000e-01 1.114701000e+00 
9.971334000e-01 6.792060000e-01 8.363280000e-06 
7.226280000e-01 3.303161000e-02 8.973822000e-01 
9.823644000e-01 7.606946000e-01 1.796637000e-03 
9.592661000e-01 3.380579000e-02 6.963764000e-01 
6.132317000e-01 2.766116000e-02 9.994492000e-01 
1.006882000e-03 1.318085000e+00 8.380033000e-04 
9.476031000e-01 4.458033000e-02 6.702861000e-01 
4.905141000e-01 5.806777000e-03 1.058008000e+00 
4.291688000e-04 1.861656000e-05 1.681432000e+00 
8.306690000e-01 7.945479000e-01 1.868133000e-02 
4.500847000e-01 9.004885000e-01 6.789932000e-01 
7.010564000e-01 2.414687000e-02 9.568042000e-01 
3.804231000e-03 6.417997000e-01 1.025882000e+00 
5.710324000e-01 2.861592000e-01 1.020479000e+00 
8.009689000e-01 8.621324000e-01 3.709161000e-02 
7.332043000e-01 8.763962000e-01 5.042960000e-02 
4.073704000e-01 1.085320000e+00 1.798236000e-04 
7.658750000e-01 7.261760000e-01 4.804014000e-01 
9.480456000e-01 4.630603000e-05 6.967565000e-01 
6.328743000e-01 1.758585000e-01 9.800559000e-01 
9.275605000e-01 1.678537000e-01 7.327398000e-01 
4.139658000e-01 1.683926000e-02 1.107110000e+00 
6.774595000e-02 1.149410000e+00 9.789425000e-03 
5.362745000e-01 8.961800000e-01 4.644234000e-01 
1.256324000e-01 1.079606000e+00 3.651889000e-01 
9.310422000e-01 7.245066000e-01 5.719846000e-03 
4.555703000e-01 4.859612000e-01 9.833943000e-01 
5.534847000e-03 6.580511000e-01 9.731822000e-01 
5.824571000e-01 9.223314000e-01 3.692807000e-01 
1.501674000e-03 6.742132000e-01 1.013391000e+00 
6.876519000e-01 8.135787000e-01 5.101715000e-01 
1.142963000e+00 2.542346000e-01 3.429773000e-02 
4.788566000e-01 5.542794000e-01 8.975903000e-01 
1.059314000e+00 2.714206000e-03 6.254483000e-01 
1.221914000e-01 1.138576000e+00 6.132908000e-03 
3.920864000e-01 8.379161000e-01 7.124432000e-01 
9.513876000e-01 3.600749000e-02 6.888737000e-01 
3.273314000e-01 6.419736000e-01 9.263844000e-01 
5.190622000e-01 3.086086000e-01 9.920139000e-01 
7.047326000e-01 9.364602000e-01 1.623748000e-01 
6.198726000e-01 1.547901000e-01 9.865642000e-01 
1.020985000e+00 5.032370000e-01 4.295204000e-01 
4.912902000e-01 1.014106000e+00 4.342720000e-01 
2.902169000e-02 1.844886000e-02 1.160037000e+00 
8.303089000e-01 1.710660000e-03 8.315220000e-01 
4.115854000e-01 1.245130000e-01 1.061161000e+00 
1.289011000e+00 3.606418000e-02 2.284605000e-05 
9.050895000e-01 5.480902000e-01 4.810819000e-01 
8.302457000e-01 4.467214000e-01 7.070155000e-01 
4.461089000e-01 1.084780000e+00 1.695508000e-02 
5.175903000e-01 9.718349000e-01 3.591810000e-01 
2.630831000e-01 5.541528000e-01 9.905806000e-01 
8.453908000e-01 5.985523000e-01 5.483151000e-01 
1.020812000e+00 3.016964000e-03 6.070162000e-01 
1.038045000e+00 2.319610000e-01 4.725230000e-01 
3.004743000e-01 3.700405000e-01 1.058474000e+00 
7.045242000e-01 9.438408000e-01 1.589300000e-01 
4.059039000e-01 2.221433000e-01 1.078565000e+00 
9.475466000e-01 4.707236000e-02 7.298311000e-01 
2.410983000e-01 4.315786000e-01 1.062301000e+00 
8.355806000e-01 4.799005000e-01 6.819482000e-01 
1.300386000e-02 1.102671000e+00 3.831191000e-01 
4.870920000e-05 6.274631000e-02 1.358598000e+00 
4.194927000e-01 8.764764000e-01 6.916213000e-01 
9.741794000e-01 6.593210000e-01 1.728599000e-02 
3.441316000e-03 1.097713000e-03 1.193845000e+00 
6.248587000e-01 7.444064000e-01 6.481704000e-01 
8.153586000e-02 1.075209000e+00 3.828366000e-01 
1.160618000e+00 4.251499000e-02 2.957963000e-02 
7.603909000e-01 2.529863000e-03 8.822808000e-01 
1.085053000e-03 1.193790000e+00 5.174064000e-01 
2.506302000e-02 7.957634000e-01 8.599652000e-01 
9.157339000e-01 7.264216000e-01 8.809433000e-03 
1.099747000e+00 1.316844000e-04 3.674391000e-01 
1.047702000e+00 5.765313000e-01 1.254639000e-02 
6.858679000e-01 7.165521000e-01 6.609480000e-01 
7.967074000e-01 4.463437000e-01 7.183136000e-01 
5.622511000e-01 7.307411000e-01 6.855325000e-01 
8.916136000e-01 7.422147000e-01 1.931603000e-02 
9.832748000e-01 7.085033000e-01 2.111443000e-03 
8.863100000e-01 4.900773000e-01 5.498464000e-01 
9.944269000e-01 6.134282000e-01 1.104511000e-02 
3.133843000e-02 9.563339000e-01 6.418794000e-01 
1.078596000e+00 6.504019000e-01 5.657417000e-04 
2.584873000e-02 1.248017000e+00 2.253597000e-03 
6.884171000e-01 3.507967000e-01 9.377577000e-01 
2.487461000e-02 7.994656000e-01 8.663569000e-01 
1.114247000e+00 2.850085000e-01 8.517859000e-02 
6.068782000e-01 1.407206000e-01 1.008986000e+00 
1.163132000e+00 2.268115000e-03 2.948984000e-02 
9.452819000e-01 5.133645000e-02 7.397679000e-01 
1.733880000e-03 1.173524000e+00 4.562656000e-01 
5.692585000e-01 9.908555000e-01 2.153297000e-02 
4.093033000e-01 6.611644000e-01 8.755546000e-01 
1.183711000e+00 3.009324000e-04 3.736684000e-02 
1.051311000e+00 2.315289000e-02 4.736127000e-01 
8.123372000e-01 8.734548000e-01 7.754051000e-04 
4.746724000e-01 1.083557000e+00 1.094892000e-02 
1.390048000e-03 1.027130000e+00 7.658613000e-01 
4.002593000e-03 1.290374000e+00 2.427285000e-03 
7.969503000e-02 1.090894000e+00 3.700803000e-01 
6.800968000e-01 8.699017000e-01 4.399494000e-01 
5.452763000e-01 8.795364000e-01 5.872634000e-01 
1.117864000e+00 4.198214000e-01 5.622870000e-02 
1.132773000e-01 1.075827000e+00 3.672850000e-01 
5.550002000e-02 1.174518000e+00 3.334646000e-03 
8.077700000e-01 7.232177000e-02 8.298260000e-01 
7.143275000e-03 4.785052000e-04 1.162748000e+00 
7.408939000e-01 9.023651000e-01 1.799574000e-02 
8.514888000e-01 3.463452000e-02 7.972258000e-01 
5.397053000e-03 7.773700000e-01 9.801250000e-01 
5.442227000e-01 8.802632000e-01 5.102154000e-01 
4.834507000e-01 2.305718000e-02 1.075984000e+00 
1.091815000e+00 1.034965000e-01 3.625603000e-01 
5.255546000e-01 6.795427000e-01 8.176436000e-01 
4.347554000e-01 7.449254000e-01 7.758026000e-01 
1.708221000e-02 1.189735000e+00 4.068563000e-03 
4.011282000e-02 1.168868000e+00 8.025298000e-03 
3.350704000e-01 3.340281000e-01 1.049809000e+00 
7.204150000e-01 7.829611000e-01 4.799698000e-01 
6.029733000e-01 1.541240000e-01 9.981964000e-01 
1.306062000e-03 4.329043000e-05 1.293221000e+00 
4.774408000e-01 6.963983000e-01 8.016121000e-01 
7.035648000e-01 1.065401000e+00 4.900672000e-04 
1.142027000e-03 5.178954000e-01 1.054469000e+00 
8.819798000e-01 1.147167000e-01 7.430573000e-01 
1.106945000e-02 1.278100000e+00 1.695208000e-03 
7.752299000e-03 1.196119000e+00 2.625585000e-02 
4.311054000e-01 1.044187000e+00 4.636960000e-01 
5.467480000e-01 9.612352000e-01 4.571050000e-01 
2.064239000e-02 1.100081000e+00 4.355654000e-01 
4.316110000e-02 1.170810000e+00 6.666254000e-03 
6.502220000e-01 7.745140000e-01 6.207445000e-01 
7.289500000e-01 9.040983000e-01 3.685075000e-02 
5.072118000e-04 2.315394000e-02 1.162719000e+00 
4.305462000e-01 1.919081000e-02 1.093035000e+00 
3.541468000e-03 1.164535000e+00 2.939795000e-02 
5.128761000e-01 9.628223000e-01 3.841979000e-01 
3.298509000e-02 3.893298000e-01 1.095220000e+00 
5.060720000e-04 9.438432000e-01 8.261514000e-01 
4.472573000e-01 1.058422000e+00 7.130582000e-02 
1.000743000e+00 3.087146000e-03 6.382048000e-01 
1.280982000e-03 7.062214000e-01 1.012552000e+00 
3.690014000e-01 5.870394000e-01 9.442784000e-01 
8.225372000e-01 4.863426000e-01 7.097945000e-01 
5.146161000e-01 1.057173000e+00 8.988856000e-03 
7.073912000e-01 5.237676000e-01 7.429266000e-01 
1.278788000e+00 3.078958000e-03 1.554182000e-03 
7.771842000e-01 5.973928000e-01 7.001063000e-01 
5.213259000e-01 7.034123000e-01 7.311872000e-01 
8.192318000e-01 2.400353000e-02 8.453499000e-01 
5.298716000e-01 1.042032000e+00 5.122956000e-03 
3.404836000e-03 8.136854000e-01 7.992373000e-01 
1.290559000e+00 1.119713000e-02 8.764523000e-04 
5.549079000e-01 9.497112000e-01 4.608633000e-01 
7.048115000e-03 1.260454000e+00 1.803204000e-03 
7.054190000e-01 1.799765000e-03 9.088562000e-01 
8.722884000e-04 6.437216000e-01 1.056219000e+00 
1.165985000e+00 4.893471000e-02 1.852507000e-02 
4.276917000e-01 9.457561000e-01 4.655732000e-01 
7.241760000e-01 5.325217000e-01 7.239121000e-01 
8.821200000e-01 4.609070000e-01 6.990331000e-01 
9.091411000e-01 7.226249000e-01 1.401867000e-02 
8.448195000e-01 4.214986000e-01 7.175685000e-01 
6.147311000e-02 1.200475000e+00 8.287888000e-04 
9.038208000e-01 1.854054000e-02 7.740776000e-01 
4.155588000e-01 4.789826000e-01 9.898920000e-01 
6.010409000e-01 6.561091000e-01 7.833263000e-01 
1.084726000e+00 4.425243000e-01 5.581011000e-02 
9.607640000e-01 6.474606000e-01 3.980858000e-02 
1.620225000e-02 4.839145000e-01 1.055930000e+00 
9.751604000e-01 6.430097000e-02 6.250624000e-01 
8.069821000e-01 9.530752000e-02 8.338321000e-01 
4.190754000e-01 8.849408000e-01 7.022251000e-01 
6.476204000e-01 9.671682000e-01 1.363488000e-01 
1.100624000e+00 5.769919000e-01 4.588526000e-03 
8.688557000e-03 9.486518000e-01 7.654816000e-01 
1.204761000e+00 6.675046000e-05 5.070267000e-02 
4.358931000e-01 9.043260000e-01 6.730950000e-01 
3.219521000e-01 2.793184000e-01 1.081956000e+00 
6.745493000e-01 3.827834000e-03 1.006037000e+00 
2.953666000e-01 3.642387000e-01 1.091931000e+00 
9.192064000e-01 5.204616000e-01 4.659570000e-01 
6.549271000e-01 8.235054000e-01 4.735175000e-01 
1.032925000e+00 2.273301000e-01 4.759808000e-01 
7.530650000e-03 1.096209000e+00 5.722983000e-01 
5.489160000e-01 7.809908000e-01 6.760303000e-01 
1.112790000e+00 4.857624000e-01 4.316362000e-03 
8.010297000e-01 4.108428000e-01 8.512715000e-01 
9.806802000e-04 7.235041000e-05 1.249218000e+00 
7.551063000e-01 8.902669000e-01 1.496271000e-02 
2.457616000e-02 1.182822000e+00 9.026275000e-03 
4.869476000e-01 6.506748000e-01 8.213094000e-01 
9.411429000e-01 6.240894000e-02 7.423283000e-01 
7.199922000e-01 9.201098000e-01 1.166785000e-03 
2.240386000e-02 8.734107000e-01 7.541328000e-01 
3.483734000e-03 7.755455000e-01 1.003306000e+00 
7.812000000e-01 5.317305000e-01 7.083956000e-01 
7.059916000e-01 8.827830000e-01 2.585523000e-01 
7.375873000e-01 9.138800000e-01 1.685663000e-02 
5.649328000e-01 5.647128000e-01 8.544619000e-01 
3.182347000e-02 6.836664000e-01 9.083624000e-01 
2.881740000e-02 8.774109000e-01 7.419374000e-01 
9.311014000e-01 6.911347000e-01 8.731059000e-03 
8.832331000e-01 5.208091000e-01 5.572658000e-01 
1.142556000e+00 3.100260000e-01 2.831321000e-03 
1.161808000e+00 3.532567000e-02 3.692553000e-02 
1.925411000e-02 9.015100000e-01 7.714663000e-01 
2.807503000e-03 1.056417000e+00 6.068354000e-01 
6.341790000e-01 8.480329000e-01 6.154885000e-01 
2.761484000e-04 7.407112000e-03 1.219520000e+00 
1.592646000e-02 1.238071000e+00 4.475902000e-03 
1.088493000e+00 5.766969000e-01 7.012072000e-03 
1.041334000e-03 1.233462000e+00 7.619615000e-03 
5.141699000e-01 8.128287000e-01 6.872969000e-01 
3.646717000e-02 1.044843000e+00 4.952379000e-01 
9.108295000e-01 5.127574000e-01 4.930624000e-01 
1.149646000e+00 3.459233000e-02 6.590022000e-02 
1.090344000e+00 4.737267000e-01 1.823351000e-02 
6.786703000e-04 8.791762000e-03 1.208923000e+00 
4.973031000e-01 1.061817000e+00 1.903359000e-02 
1.707057000e-02 1.122268000e+00 3.818748000e-01 
9.667331000e-01 8.594969000e-04 6.946516000e-01 
9.118699000e-01 5.141860000e-01 4.914236000e-01 
7.850469000e-01 7.738148000e-01 3.241436000e-01 
7.957064000e-03 1.102039000e+00 5.220716000e-01 
7.540478000e-01 5.093258000e-01 8.319851000e-01 
1.099355000e+00 4.745369000e-01 1.087495000e-02 
4.589881000e-01 1.065579000e+00 2.237433000e-02 
6.126244000e-01 9.872863000e-01 2.090976000e-02 
5.537371000e-01 5.561104000e-01 8.898070000e-01 
1.077839000e+00 4.963743000e-02 4.380140000e-01 
9.424848000e-01 6.904259000e-01 4.405006000e-02 
7.649503000e-01 7.736118000e-01 3.546209000e-01 
4.480319000e-01 1.082420000e+00 1.313615000e-02 
3.558622000e-02 1.154040000e+00 3.264642000e-02 
5.571653000e-03 4.891779000e-01 1.056985000e+00 
1.089569000e+00 1.107759000e-01 3.669944000e-01 
9.109702000e-01 5.289321000e-01 4.763695000e-01 
1.040578000e+00 1.247369000e-01 4.722498000e-01 
8.823833000e-01 7.058596000e-02 7.395347000e-01 
1.024660000e+00 6.230134000e-01 9.327997000e-03 
1.179742000e+00 1.140033000e-03 6.620645000e-02 
1.198901000e+00 1.643873000e-04 1.747379000e-01 
3.776265000e-01 7.923312000e-01 8.319850000e-01 
4.746069000e-01 1.060588000e+00 2.891707000e-02 
5.169181000e-02 1.201868000e+00 1.014874000e-03 
3.104824000e-02 7.956131000e-01 8.949593000e-01 
8.120476000e-01 9.023116000e-01 6.959462000e-04 
4.590515000e-01 4.780739000e-01 1.002931000e+00 
5.659753000e-01 1.066215000e+00 3.957852000e-04 
5.741152000e-01 1.014807000e+00 1.241142000e-02 
8.792913000e-01 7.620158000e-01 1.088581000e-01 
4.935341000e-01 7.736035000e-01 7.477399000e-01 
7.882418000e-01 7.705369000e-01 3.689926000e-01 
5.417804000e-01 2.956950000e-01 1.001453000e+00 
5.220148000e-01 1.056795000e+00 1.132419000e-02 
3.310689000e-01 3.688147000e-01 1.073218000e+00 
4.171430000e-01 9.244095000e-01 7.123568000e-01 
9.412779000e-01 5.694882000e-02 6.711045000e-01 
6.633046000e-01 4.465926000e-01 8.533968000e-01 
1.033854000e+00 5.534535000e-01 1.723149000e-02 
1.102224000e+00 7.552981000e-02 3.644371000e-01 
5.573785000e-01 1.010509000e+00 4.681887000e-02 
1.117085000e-02 9.548975000e-01 6.929165000e-01 
5.200813000e-01 3.069539000e-01 1.002932000e+00 
6.475855000e-01 9.735421000e-01 1.485380000e-01 
4.683121000e-01 1.005107000e+00 4.637762000e-01 
9.825082000e-01 6.157142000e-01 2.492125000e-02 
5.765170000e-01 9.296116000e-01 4.179408000e-01 
5.211217000e-03 1.164151000e+00 4.284520000e-01 
6.069805000e-01 7.087644000e-04 1.035858000e+00 
7.237668000e-03 1.025836000e+00 5.856429000e-01 
6.913702000e-01 9.567670000e-01 1.864100000e-02 
9.479691000e-01 7.484463000e-01 5.467402000e-03 
1.044013000e+00 4.482247000e-01 3.880948000e-01 
7.730202000e-01 4.322526000e-01 7.498646000e-01 
5.814425000e-01 9.504333000e-01 3.826433000e-01 
1.033791000e+00 5.559922000e-01 4.744993000e-02 
3.551442000e-02 6.914867000e-05 1.174837000e+00 
1.043958000e-02 6.895285000e-01 9.510223000e-01 
7.556303000e-01 4.688319000e-01 7.368526000e-01 
4.666183000e-03 1.027702000e-03 1.199020000e+00 
4.853782000e-01 1.536111000e-02 1.080191000e+00 
1.121209000e+00 2.264132000e-01 3.526416000e-02 
4.586495000e-02 9.276463000e-03 1.162027000e+00 
5.015149000e-01 8.888643000e-01 5.869438000e-01 
1.151935000e+00 8.684334000e-02 5.259467000e-03 
4.425235000e-01 7.928794000e-01 7.686835000e-01 
8.640226000e-01 3.656878000e-01 7.515328000e-01 
9.795213000e-01 6.761722000e-01 1.125476000e-02 
5.051950000e-01 7.128540000e-01 7.876030000e-01 
8.482462000e-01 6.002649000e-01 4.660599000e-01 
4.555285000e-01 1.671072000e-02 1.096129000e+00 
7.203780000e-01 7.596119000e-01 4.846093000e-01 
9.357421000e-02 9.357033000e-01 7.055243000e-01 
8.969022000e-01 4.756237000e-01 6.476807000e-01 
1.210214000e+00 9.113936000e-03 4.092612000e-03 
1.174628000e+00 3.079638000e-03 2.833373000e-02 
1.155977000e+00 2.854622000e-03 4.442574000e-02 
1.726098000e-02 1.113656000e+00 3.679201000e-01 
3.293423000e-03 8.318720000e-01 7.913243000e-01 
4.319080000e-01 1.075765000e+00 7.484572000e-02 
9.597087000e-01 1.275178000e-03 6.519414000e-01 
1.280263000e+00 2.744433000e-01 1.187112000e-04 
8.902886000e-01 7.500148000e-01 1.108531000e-02 
4.890523000e-01 8.959497000e-01 5.794466000e-01 
9.558348000e-03 9.170830000e-01 7.178889000e-01 
4.441147000e-01 1.926147000e-02 1.079022000e+00 
4.050982000e-01 1.078527000e+00 1.863349000e-02 
3.446859000e-02 1.209512000e+00 4.434440000e-04 
6.588808000e-01 3.708712000e-01 9.183584000e-01 
4.461791000e-01 1.055667000e+00 9.796434000e-02 
4.694748000e-01 6.117388000e-01 8.492972000e-01 
4.164346000e-02 1.012432000e+00 5.628900000e-01 
2.573547000e-02 1.133643000e+00 2.746466000e-01 
2.978205000e-01 5.988319000e-01 9.663867000e-01 
8.643405000e-01 2.246983000e-01 7.480315000e-01 
1.010392000e+00 1.972450000e-03 6.271845000e-01 
1.140597000e-02 3.365161000e-05 1.187630000e+00 
7.023238000e-01 5.396672000e-01 7.589973000e-01 
4.034346000e-02 1.067078000e+00 4.428482000e-01 
6.926023000e-01 5.444746000e-01 7.770703000e-01 
9.854155000e-01 5.544216000e-01 2.497812000e-01 
5.245090000e-01 6.938207000e-01 7.378423000e-01 
3.138213000e-02 7.823460000e-01 8.591504000e-01 
1.367218000e-02 4.850967000e-01 1.050303000e+00 
9.823596000e-01 6.664434000e-01 7.932953000e-03 
5.795331000e-01 3.298167000e-01 9.518997000e-01 
5.719417000e-01 9.844627000e-01 4.949239000e-02 
1.038441000e+00 4.951509000e-03 4.921952000e-01 
1.175813000e+00 1.570035000e-03 5.847601000e-03 
7.976751000e-01 1.546751000e-03 8.568578000e-01 
8.531612000e-01 5.601301000e-01 5.745673000e-01 
6.706011000e-01 8.190516000e-01 4.703786000e-01 
4.885433000e-02 6.578379000e-01 9.545456000e-01 
1.083415000e+00 2.020242000e-02 3.847462000e-01 
1.107011000e+00 3.290389000e-01 8.451124000e-02 
5.297660000e-01 1.016317000e+00 2.273153000e-02 
1.217750000e-02 4.280163000e-01 1.070560000e+00 
6.216030000e-01 9.752986000e-01 3.991567000e-03 
3.041059000e-01 2.648923000e-01 1.092868000e+00 
5.579285000e-01 1.006789000e+00 2.163743000e-02 
6.293297000e-01 4.073288000e-01 9.205099000e-01 
1.053576000e+00 3.036320000e-02 4.699787000e-01 
3.906950000e-01 5.249890000e-01 9.361140000e-01 
9.516525000e-01 6.586530000e-01 3.629582000e-02 
4.356854000e-01 4.350209000e-02 1.079362000e+00 
4.737368000e-02 1.162978000e+00 2.201202000e-02 
7.137496000e-01 3.826624000e-01 8.811568000e-01 
8.101102000e-01 7.592333000e-01 3.737751000e-01 
3.511159000e-02 6.608788000e-01 9.541839000e-01 
7.776225000e-03 7.229856000e-01 9.029237000e-01 
1.870729000e-01 3.496387000e-01 1.099874000e+00 
4.913942000e-01 2.362830000e-03 1.034597000e+00 
4.706765000e-01 1.052496000e+00 1.363441000e-01 
6.454922000e-01 3.921763000e-01 8.728020000e-01 
6.450000000e-01 7.792911000e-03 9.768740000e-01 
8.404575000e-01 8.118689000e-01 7.788354000e-03 
7.891195000e-02 1.142859000e+00 1.054751000e-02 
6.591345000e-01 8.321390000e-01 4.477799000e-01 
5.808863000e-01 5.650537000e-01 8.320729000e-01 

