1.804938000e-01 2.281673000e-02 2.489446000e+00 
6.111618000e+00 8.736856000e-03 5.188545000e-02 
2.934412000e+00 4.272487000e-02 1.321993000e-01 
1.193486000e-01 1.096777000e-02 2.788177000e+00 
3.598171000e+00 1.092871000e-02 3.744728000e-01 
2.314596000e-01 1.851549000e+00 1.566959000e+00 
2.340396000e+00 1.271002000e-02 1.970302000e+00 
8.698247000e-03 2.331937000e+00 9.279037000e-01 
2.038319000e+00 1.578555000e+00 2.041143000e-01 
1.386077000e+00 4.838614000e-01 1.777691000e+00 
2.583814000e+00 4.718730000e-02 1.043707000e+00 
4.692851000e+00 3.957313000e-02 1.698895000e-02 
2.814785000e+00 2.141156000e-01 8.475178000e-03 
1.268023000e+00 2.148229000e+00 3.134313000e-02 
4.249685000e+00 1.231292000e-02 3.323610000e-02 
3.029395000e+00 2.048490000e-02 3.464369000e-02 
1.026171000e-01 1.236223000e+00 2.329942000e+00 
2.049940000e+00 1.682163000e+00 1.195931000e-01 
1.668067000e+00 1.986426000e+00 1.012745000e+00 
3.827920000e+00 1.077188000e-02 3.818366000e-01 
8.626308000e-04 3.540698000e-01 3.249177000e+00 
2.131621000e-01 1.984928000e+00 1.217897000e+00 
6.691511000e+00 5.921347000e-03 1.166074000e-01 
2.875482000e+00 8.547552000e-02 8.749975000e-03 
2.727213000e+00 3.920675000e-03 8.098503000e-01 
7.731343000e-02 1.390762000e-02 2.775587000e+00 
5.881397000e+00 5.104998000e-03 1.265972000e-01 
5.392381000e-03 3.710346000e-02 2.722467000e+00 
2.482760000e+00 9.380789000e-02 4.314854000e-02 
1.659448000e+00 3.824869000e-02 1.765796000e+00 
2.745265000e+00 5.651628000e-02 1.823046000e-01 
4.149255000e+00 7.576763000e-03 5.393103000e-01 
3.751033000e-03 2.883311000e-02 2.815815000e+00 
2.623810000e+00 6.235603000e-02 8.373880000e-02 
3.029119000e+00 2.275353000e-02 1.431730000e-01 
1.162831000e-02 3.011909000e+00 6.234349000e-02 
1.391292000e+00 3.669042000e-03 2.361458000e+00 
2.323834000e+00 1.641051000e-01 9.056605000e-01 
6.449573000e-03 5.662431000e-02 2.616170000e+00 
1.445968000e+00 2.819476000e+00 7.081718000e-04 
1.631490000e+00 1.404138000e-01 1.664257000e+00 
1.631132000e+00 1.028414000e-03 2.182356000e+00 
8.315345000e-01 1.710438000e+00 1.725058000e+00 
1.038796000e-01 4.942421000e+00 4.928849000e-06 
2.207999000e+00 1.579999000e+00 6.735915000e-02 
2.350634000e-01 2.815719000e+00 2.243817000e-02 
3.703568000e+00 1.113963000e-02 2.323199000e-01 
6.204741000e-03 1.760967000e+00 2.350446000e+00 
3.440289000e+00 1.127001000e-01 2.908069000e-03 
2.022239000e+00 1.809132000e+00 1.160645000e-02 
6.053257000e-03 2.715435000e-04 7.494658000e+00 
2.743166000e-02 3.006341000e+00 1.470656000e-03 
1.181558000e-01 2.158613000e+00 2.826409000e-01 
4.792138000e-03 3.438479000e-02 2.757252000e+00 
2.148456000e-03 4.756885000e+00 8.498217000e-02 
1.322084000e-01 1.202929000e+00 2.061005000e+00 
2.135668000e+00 1.491258000e+00 2.112988000e-01 
4.507595000e+00 1.110547000e-02 1.683091000e-01 
1.295873000e-01 1.026074000e-01 2.442570000e+00 
9.214207000e-02 1.331999000e+00 2.229477000e+00 
1.256017000e-01 4.510314000e+00 6.052033000e-04 
2.218131000e-02 2.356934000e-01 2.417805000e+00 
9.795887000e-03 1.476095000e-02 3.500604000e+00 
8.168037000e-03 6.114816000e+00 5.116005000e-02 
2.578170000e+00 1.691126000e-01 9.544433000e-03 
1.049353000e-01 7.060784000e-03 2.790581000e+00 
1.941849000e+00 1.698627000e+00 4.034797000e-02 
8.601791000e-06 4.096035000e-04 4.025180000e+00 
1.295784000e+00 2.119663000e+00 2.752377000e-01 
2.212692000e-01 1.037824000e-02 2.570826000e+00 
3.673959000e-03 2.464360000e-01 2.708335000e+00 
1.323196000e+00 1.206442000e+00 1.966358000e+00 
5.111549000e+00 4.437047000e-03 2.552760000e-01 
3.604252000e+00 1.901653000e-02 7.932898000e-02 
2.383330000e-01 2.124581000e+00 9.704456000e-01 
4.340624000e+00 4.051451000e-03 4.536814000e-01 
2.171408000e+00 1.649045000e-01 9.051142000e-01 
2.154373000e+00 7.143677000e-01 9.019732000e-01 
2.729574000e+00 4.411641000e-02 7.661577000e-01 
1.577022000e+00 2.387447000e-01 1.708931000e+00 
1.253893000e-02 2.937532000e+00 8.180541000e-03 
4.864520000e-02 1.086704000e-02 2.948825000e+00 
1.876093000e+00 1.729473000e+00 1.326851000e-01 
1.273984000e+00 1.686931000e-03 2.441590000e+00 
2.454911000e+00 3.583369000e-02 1.936071000e+00 
5.582076000e-02 3.858014000e-04 2.878173000e+00 
1.593477000e+00 1.270052000e+00 1.286164000e+00 
5.292731000e-03 1.276856000e+00 2.686006000e+00 
2.579490000e-03 2.622931000e-01 3.957865000e+00 
3.006364000e-01 1.215691000e+00 2.030089000e+00 
5.440694000e-03 2.773265000e-01 2.577565000e+00 
3.217903000e-02 2.301381000e-01 2.519967000e+00 
2.525347000e+00 5.784698000e-02 8.050375000e-01 
2.821513000e+00 1.836126000e-01 2.272096000e-04 
2.800886000e-02 1.468741000e+00 1.730589000e+00 
2.469761000e+00 1.445150000e-01 1.893331000e-01 
1.317863000e+00 2.869218000e+00 1.606038000e-03 
6.540927000e-03 2.155313000e+00 1.957921000e+00 
5.323714000e+00 9.740572000e-03 1.482875000e-01 
2.186965000e-01 1.292721000e-02 2.608619000e+00 
2.938272000e+00 4.224215000e-02 6.099271000e-02 
9.450947000e-01 8.318912000e-01 2.100112000e+00 
5.178665000e+00 3.398445000e-02 3.304176000e-02 
3.478589000e-01 2.460434000e+00 2.100946000e-02 
1.129882000e-02 2.134814000e+00 8.016722000e-01 
2.761220000e+00 8.051340000e-02 5.353053000e-02 
2.413003000e+00 2.668112000e-01 1.404840000e-01 
4.097664000e-02 1.920317000e+00 1.713028000e+00 
3.127303000e-03 2.403402000e-02 2.958119000e+00 
2.155241000e+00 2.365267000e-01 9.038714000e-01 
1.439527000e-02 2.528062000e+00 6.368298000e-02 
1.421966000e+00 4.617424000e-01 1.738263000e+00 
2.114037000e-01 1.344506000e-02 2.674912000e+00 
2.868453000e+00 1.276911000e-01 2.201467000e-02 
2.186965000e-01 1.292721000e-02 2.608619000e+00 
2.186965000e-01 1.292721000e-02 2.608619000e+00 
1.669259000e+00 6.377359000e-02 1.761079000e+00 
2.492508000e+00 1.818114000e+00 2.629215000e-03 
3.588227000e-01 2.380237000e+00 1.757558000e-02 
8.578390000e-03 2.608846000e+00 1.094974000e-01 
2.214252000e+00 3.844316000e-01 6.674495000e-03 
1.273201000e-01 1.211311000e+00 2.100352000e+00 
1.175436000e+00 1.059451000e+00 1.987026000e+00 
2.132026000e+00 1.972218000e+00 2.306765000e-03 
2.453556000e+00 3.596165000e-01 7.905503000e-02 
1.971966000e-02 2.667404000e+00 3.217338000e-02 
3.341922000e-01 2.972112000e-02 2.163286000e+00 
2.161024000e-02 2.373266000e+00 4.700904000e-02 
2.393695000e-02 2.355599000e+00 4.962316000e-02 
1.204409000e+00 7.080980000e-02 2.073323000e+00 
1.547136000e-02 1.557883000e+00 1.813030000e+00 
9.786375000e-03 2.570314000e+00 2.488982000e-01 
2.476265000e+00 1.403154000e-01 4.417452000e-01 
1.790656000e+00 1.799637000e+00 9.779495000e-01 
1.881664000e+00 1.709415000e+00 1.026804000e-01 
1.661545000e-01 2.437657000e-02 2.507288000e+00 
6.192614000e-02 1.305192000e+00 2.307920000e+00 
4.353041000e-01 2.421802000e+00 5.310081000e-03 
3.915878000e-02 1.361199000e+00 2.301628000e+00 
3.612875000e-02 2.559153000e+00 2.937998000e-02 
2.020302000e+00 1.773441000e+00 3.566682000e-02 

7.143814000e-02 2.142501000e-02 2.433214000e+00 
7.551394000e-02 2.270220000e+00 1.153329000e+00 
1.706126000e-02 3.148249000e-03 3.598776000e+00 
2.747397000e-01 2.248165000e-03 2.596695000e+00 
1.503041000e+00 1.177906000e-01 1.921520000e+00 
1.075449000e-01 4.426701000e-03 2.410232000e+00 
6.701575000e-02 2.411155000e+00 2.364580000e-02 
2.037414000e+00 7.051959000e-02 1.630169000e+00 
1.212172000e-02 5.165299000e+00 9.188977000e-02 
3.113140000e-03 1.013154000e-04 6.991614000e+00 
5.128660000e-02 3.367164000e+00 6.647888000e-03 
1.777665000e+00 3.401821000e-01 1.481005000e+00 
1.672528000e-03 1.230974000e-02 2.959239000e+00 
6.407819000e-02 1.880090000e+00 1.466040000e+00 
2.583551000e+00 1.457532000e-02 1.949474000e-01 
2.425415000e+00 3.487140000e-02 7.258424000e-02 
2.652416000e+00 3.661045000e-02 4.675127000e-02 
1.185196000e-02 3.174135000e+00 1.818722000e-01 
1.588366000e-02 3.344044000e+00 6.529846000e-02 
4.240166000e-01 5.722228000e-02 2.110837000e+00 
2.331145000e+00 1.944467000e-01 1.129970000e-01 
1.443959000e+00 4.900687000e-01 1.672273000e+00 
3.109438000e-02 2.457182000e-03 3.293295000e+00 
1.713097000e+00 1.482596000e+00 8.605257000e-02 
3.421358000e-02 3.019809000e+00 4.208145000e-02 
1.078295000e-03 2.476439000e-02 2.960965000e+00 
1.808738000e-03 6.032433000e+00 2.075215000e-01 
1.979053000e+00 7.574348000e-03 2.166039000e+00 
3.075376000e-03 3.476964000e-02 2.681090000e+00 
3.220637000e-03 5.546060000e+00 8.871765000e-02 
9.839505000e-03 1.312267000e+00 1.963443000e+00 
4.150359000e-01 8.809185000e-03 2.320928000e+00 
1.246800000e+00 2.134948000e+00 2.657492000e-02 
2.115150000e-01 1.700582000e+00 1.427332000e+00 
1.639547000e+00 1.336153000e+00 6.750692000e-01 
2.056566000e+00 3.415764000e-01 1.164524000e+00 
1.703663000e+00 6.402518000e-02 2.010791000e+00 
1.256687000e-01 2.174829000e+00 1.098781000e-01 
1.310188000e-02 1.921926000e+00 1.941355000e+00 
7.255203000e-01 1.167294000e+00 1.931650000e+00 
1.333808000e+00 2.118298000e+00 9.590045000e-02 
4.545475000e-03 8.286133000e-02 2.316651000e+00 
1.703528000e-01 1.530838000e+00 1.837605000e+00 
5.305908000e-02 1.311099000e+00 2.014487000e+00 
2.226521000e-03 1.967495000e+00 2.722463000e+00 
1.059508000e-01 1.994850000e-05 2.995915000e+00 
6.986812000e-02 1.586483000e-03 2.625528000e+00 
9.923677000e-02 3.595748000e-02 2.375686000e+00 
2.251026000e+00 1.679853000e-01 1.739924000e-01 
1.017996000e-04 5.627434000e-02 4.926456000e+00 
1.314186000e-02 1.826628000e+00 1.841062000e+00 
7.670433000e-05 5.809128000e-02 6.517648000e+00 
9.660421000e-04 9.179667000e-04 5.645097000e+00 
3.836071000e-01 3.393084000e+00 9.092289000e-04 
1.850528000e+00 1.041430000e-02 1.842166000e+00 
2.069712000e-02 3.100425000e-03 3.203752000e+00 
4.819343000e-02 2.856404000e+00 3.430356000e-02 
1.652932000e-02 2.508785000e+00 1.272897000e+00 
2.071905000e+00 1.628417000e-02 8.109905000e-01 
2.057494000e-02 2.236901000e+00 1.217740000e+00 
1.565059000e-03 2.100030000e-02 3.812441000e+00 
3.422014000e-02 3.730111000e+00 2.711691000e-02 
2.543116000e+00 5.541987000e-02 7.246807000e-02 
1.574775000e-01 7.595089000e+00 5.467950000e-04 
2.121236000e+00 2.946257000e-01 6.812979000e-01 
1.727999000e+00 1.904670000e+00 4.567994000e-03 
2.033492000e+00 5.684507000e-03 2.250837000e+00 
1.217902000e+00 1.518974000e+00 1.918197000e+00 
1.676008000e-03 6.127741000e+00 1.067854000e-01 
1.779713000e+00 1.143564000e-02 2.131565000e+00 
7.763803000e-02 1.350655000e-04 2.691940000e+00 
5.652266000e-02 2.697105000e+00 4.416916000e-02 
5.061540000e-02 2.494398000e+00 1.014689000e+00 
4.924804000e-02 2.942739000e+00 2.191814000e-02 
1.488698000e-03 3.649573000e+00 4.039208000e-01 
6.825561000e-02 2.655958000e+00 2.987678000e-03 
7.043864000e-02 1.609994000e+00 1.889739000e+00 
8.111145000e-03 4.265976000e+00 2.261610000e-01 
3.296478000e-02 5.295315000e-03 2.596468000e+00 
3.328967000e-01 3.083643000e+00 1.080451000e-03 
3.463113000e-02 3.177206000e-05 2.930280000e+00 
1.326480000e-02 3.790092000e-04 6.963523000e+00 
2.839885000e-03 8.835287000e-01 2.419007000e+00 
7.274344000e-02 1.579278000e+00 1.912822000e+00 
1.192276000e+00 1.943355000e+00 1.282982000e+00 
2.496071000e+00 2.110512000e-02 2.201138000e-01 
5.235323000e-02 2.442485000e+00 1.145683000e+00 
1.387360000e-01 1.546320000e+00 1.817343000e+00 
2.961541000e-02 1.035724000e-03 4.655670000e+00 
1.538244000e+00 1.676877000e+00 1.092786000e+00 
1.535990000e-01 1.820025000e+00 1.451076000e+00 
6.973617000e-03 5.258292000e+00 6.359635000e-02 
1.605742000e+00 2.039570000e+00 1.897833000e-02 
3.186008000e-01 8.010722000e-02 2.367909000e+00 
2.212160000e-02 1.666859000e+00 1.685170000e+00 
1.437898000e+00 5.564294000e-01 1.578484000e+00 
2.713448000e+00 7.125943000e-04 2.569167000e-03 
4.820333000e-02 2.631684000e+00 6.215331000e-02 
1.779212000e+00 2.108960000e-01 1.465958000e+00 
2.234735000e+00 8.217325000e-01 1.301786000e-01 
9.312489000e-02 1.142817000e+00 2.070935000e+00 
1.634409000e+00 1.905818000e+00 8.308606000e-01 
1.610768000e+00 1.609021000e+00 8.324995000e-01 
2.082285000e-02 6.097217000e-03 2.573194000e+00 
3.894509000e-03 5.827905000e-01 2.453789000e+00 
6.555038000e-02 2.602405000e+00 1.044631000e-01 
6.098421000e-01 5.695442000e-03 2.408441000e+00 
1.690764000e-01 2.270649000e+00 6.438638000e-02 
1.451033000e-02 2.611377000e+00 1.353905000e-01 
2.257918000e+00 3.169864000e-01 2.304055000e-02 
2.384699000e+00 1.159148000e-01 7.330270000e-04 
7.046639000e-02 2.219380000e-02 2.418054000e+00 
1.501937000e+00 1.914128000e+00 8.270162000e-01 
1.873762000e+00 1.868965000e+00 2.912162000e-02 
1.521826000e-01 1.817098000e+00 1.494993000e+00 
1.382213000e+00 1.580615000e-01 1.756508000e+00 

2.396196000e+00 4.857032000e-01 4.570523000e-02 
1.734200000e-03 4.327260000e+00 1.105321000e+00 
3.685946000e-01 2.418862000e+00 8.373585000e-02 
3.501896000e+00 3.292827000e-02 3.420684000e-02 
1.319073000e-01 3.026578000e+00 4.557559000e-03 
2.844382000e+00 7.230950000e-02 1.246090000e-01 
1.666483000e-01 2.123583000e+00 1.163403000e+00 
2.359720000e+00 3.086973000e-01 2.978869000e-01 
1.681048000e+00 1.276769000e+00 1.366874000e+00 
3.996346000e+00 5.089868000e-03 1.515998000e-01 
2.366226000e+00 1.278022000e-01 3.575884000e-01 
5.838854000e-02 2.391162000e+00 1.276491000e+00 
1.217268000e-01 2.654576000e+00 3.028789000e-02 
6.728894000e-05 7.068979000e-06 9.406206000e+00 
2.293921000e-01 1.619162000e+00 2.204102000e+00 
1.181493000e-03 4.757125000e-02 4.237633000e+00 
2.256745000e+00 1.645598000e+00 3.601087000e-03 
2.939616000e+00 7.267901000e-03 9.561885000e-02 
8.690373000e-04 6.723563000e+00 1.404192000e+00 
1.559639000e-02 2.324460000e+00 1.530806000e+00 
7.303804000e-02 2.924641000e+00 1.310103000e-02 
1.773745000e+00 1.291508000e+00 1.279844000e+00 
3.037059000e+00 5.065535000e-02 8.913780000e-03 
4.405630000e-05 4.348140000e-04 6.880289000e+00 
2.932660000e+00 4.709153000e-03 2.362043000e-01 
5.805229000e-03 2.172271000e+00 2.215239000e+00 
1.887653000e+00 1.509542000e+00 7.494792000e-02 
2.136326000e+00 1.896261000e-01 1.201515000e+00 
1.778882000e+00 1.242876000e+00 1.392007000e+00 
1.365007000e+00 1.500019000e+00 1.136740000e+00 
1.041566000e-02 2.316106000e-04 3.172374000e+00 
3.458749000e-01 5.637515000e-02 2.619936000e+00 
4.950591000e-02 2.867041000e+00 5.132445000e-02 
2.740591000e+00 5.170405000e-04 2.860212000e+00 
2.717159000e-03 6.544325000e-02 2.550760000e+00 
3.713919000e+00 1.557168000e-01 4.159014000e-03 
1.261618000e-03 8.068647000e-02 3.015346000e+00 
3.227948000e+00 4.272164000e-02 4.572155000e-02 
4.499369000e+00 4.367279000e-02 2.357154000e-02 
4.200991000e-01 2.834342000e+00 7.814911000e-03 
2.938902000e+00 1.770786000e-02 4.968204000e-02 
5.198558000e+00 2.953683000e-03 2.314288000e-01 
1.906686000e+00 1.335083000e+00 8.081783000e-02 
1.204621000e-01 9.195499000e-03 2.731145000e+00 
9.910127000e-03 7.267896000e-04 5.347439000e+00 
6.817031000e-02 3.632440000e+00 7.246823000e-03 
2.095844000e+00 4.168700000e-02 1.434480000e+00 
1.172438000e-01 2.039690000e+00 1.573682000e+00 
1.259001000e-03 1.251684000e-02 6.689770000e+00 
1.647244000e+00 8.017804000e-02 2.184135000e+00 
2.592971000e+00 3.579506000e-01 1.556154000e-03 
1.372991000e-02 4.937250000e-03 3.003204000e+00 
1.288515000e+00 1.567285000e+00 1.787625000e+00 
6.296822000e-03 2.176692000e+00 2.013833000e+00 
7.321900000e-02 2.480168000e+00 1.681436000e-01 
4.805009000e-02 2.083353000e+00 1.605222000e+00 
3.920796000e-01 2.686520000e+00 1.132065000e-02 
3.685493000e+00 6.360931000e-01 1.481823000e-03 
1.638053000e+00 1.300768000e+00 1.351653000e+00 
1.457293000e-01 2.164640000e+00 1.181805000e+00 
1.175218000e-02 3.287053000e+00 3.722902000e-01 
5.125150000e+00 1.453113000e-01 1.721991000e-03 
4.046704000e+00 4.703816000e-03 1.770397000e-01 
1.341603000e-03 5.994762000e-03 3.576756000e+00 
7.015713000e-01 3.692152000e+00 1.943611000e-03 
3.831836000e+00 5.706684000e-01 1.492431000e-03 
2.099447000e-03 9.674342000e-03 2.657439000e+00 
3.251169000e+00 2.424561000e-01 6.446477000e-03 
1.951837000e+00 1.750220000e-03 1.733163000e+00 
6.843873000e-02 1.841628000e+00 1.730229000e+00 
4.513218000e-03 4.957178000e+00 9.272922000e-01 
1.904167000e+00 8.067337000e-02 1.815954000e+00 
1.118037000e-01 2.239066000e+00 1.323514000e+00 
2.429105000e-03 3.038817000e+00 1.668011000e+00 
2.351975000e+00 5.707392000e-01 6.230190000e-02 
1.780779000e-02 1.993998000e+00 1.935001000e+00 
1.397699000e-02 2.731768000e+00 1.866324000e-01 
5.596737000e-02 2.710828000e+00 3.669772000e-02 
2.340352000e+00 8.391544000e-01 2.095535000e-01 
4.373427000e-02 2.480792000e+00 1.625660000e-01 
3.517980000e+00 7.010040000e-02 8.751473000e-03 
4.500713000e-01 1.746668000e+00 1.790261000e+00 
3.373330000e+00 1.458618000e-01 6.438418000e-03 
1.559993000e-02 2.324798000e+00 1.521271000e+00 
5.140532000e-01 2.366633000e+00 4.014471000e-02 
1.732363000e+00 1.050792000e+00 1.562795000e+00 
1.441031000e+00 1.055890000e+00 1.552400000e+00 
1.182308000e-02 7.463601000e-03 2.930168000e+00 
2.549669000e+00 7.964982000e-02 1.809742000e-01 
1.354681000e-02 2.073437000e+00 1.941719000e+00 
2.847687000e+00 7.048736000e-02 3.745564000e-02 
1.254255000e-01 4.109151000e+00 7.099892000e-03 
5.759351000e-03 2.362008000e+00 2.172421000e+00 
1.617134000e+00 1.742492000e+00 7.129900000e-02 
2.666245000e+00 7.671213000e-02 2.024965000e-02 
1.701399000e-02 2.899140000e+00 1.713860000e-02 
8.549549000e-01 2.938923000e+00 3.450112000e-03 
1.781394000e+00 1.648187000e+00 2.737170000e-01 
1.934886000e+00 5.044896000e-01 1.083226000e+00 
1.903061000e-02 3.256699000e+00 9.366391000e-03 
2.722944000e+00 2.904621000e-02 3.205176000e-01 
4.775698000e-03 2.223614000e-01 2.366618000e+00 
2.624243000e+00 8.026292000e-02 5.126397000e-02 
5.951352000e-02 2.879484000e+00 1.692580000e-02 
2.982394000e-04 5.044173000e-02 3.020853000e+00 
9.353560000e-03 6.110602000e-02 2.398253000e+00 
1.886448000e+00 1.477223000e+00 8.535413000e-02 
1.455135000e+00 1.946371000e+00 2.094849000e-01 
2.193004000e+00 1.721965000e+00 1.275515000e-02 
2.120039000e+00 2.422640000e-02 1.662285000e+00 
1.415137000e+00 1.254067000e+00 1.674510000e+00 
3.079171000e-01 2.368476000e-02 2.621848000e+00 
2.936725000e-02 1.889585000e+00 1.665264000e+00 
4.618706000e-01 2.565285000e+00 6.082170000e-03 
2.037968000e+00 3.961640000e-01 1.274335000e+00 
2.557277000e+00 9.156693000e-02 5.420089000e-02 
1.360521000e+00 1.664050000e+00 1.755941000e+00 
2.456181000e+00 9.240641000e-02 1.117748000e+00 
1.132703000e-01 2.207740000e+00 1.360052000e+00 
7.294801000e-03 3.289344000e+00 6.462675000e-02 
2.741418000e-01 2.171928000e-01 2.342230000e+00 
2.076937000e-01 2.958526000e+00 4.000295000e-03 
2.051720000e+00 2.586673000e-01 1.118949000e+00 
8.946569000e-01 1.191569000e+00 2.119933000e+00 
1.752977000e+00 3.920462000e-01 1.538150000e+00 
6.086850000e-01 2.313716000e+00 3.022626000e-01 
2.598639000e+00 9.269975000e-02 1.536935000e-02 
1.031709000e-01 3.033298000e+00 8.730774000e-03 
1.421870000e+00 1.998018000e+00 3.340331000e-02 
1.642098000e-01 2.458250000e+00 1.604121000e-01 
2.321575000e+00 9.634053000e-01 2.128876000e-01 
4.643934000e-01 2.107357000e+00 1.203447000e+00 
9.397289000e-01 1.017646000e+00 1.925004000e+00 
1.715818000e+00 9.344241000e-02 1.617346000e+00 
2.449662000e+00 4.846448000e-01 5.935225000e-02 
2.350553000e+00 1.379650000e-01 3.431084000e-01 
1.617495000e+00 1.725648000e+00 2.080802000e-01 
1.941984000e+00 4.089253000e-01 1.472847000e+00 
2.623563000e+00 1.450891000e-02 4.474807000e-01 
2.202392000e+00 5.638850000e-02 1.179428000e+00 
1.977570000e+00 1.624583000e+00 5.896210000e-02 
3.920148000e-01 2.571937000e+00 1.292006000e-02 
2.387266000e+00 5.052225000e-01 4.356057000e-02 
2.360614000e+00 1.072258000e-01 3.586235000e-01 
1.299548000e-01 1.669324000e+00 1.989764000e+00 

