1.039418000e+00 2.901729000e-02 1.385264000e+00 
8.975901000e-03 2.475234000e+00 2.357114000e-02 
1.294332000e+00 1.186036000e+00 1.396886000e-02 
7.395478000e-01 1.502463000e+00 1.323421000e-01 
2.139267000e+00 4.859401000e-04 3.724379000e-02 
1.027335000e+00 1.524084000e+00 1.804360000e-03 
3.880953000e-03 1.783588000e+00 4.137617000e-01 
1.226798000e+00 1.093631000e+00 2.054121000e-02 
2.819013000e-02 1.712582000e+00 1.898033000e-02 
7.253391000e-01 7.785072000e-01 1.192234000e+00 
7.457060000e-01 1.037005000e+00 1.134050000e+00 
7.948145000e-01 9.384739000e-01 1.093641000e+00 
1.680389000e+00 7.508066000e-02 3.869017000e-02 
3.448736000e-02 9.273420000e-01 1.503705000e+00 
1.531261000e+00 1.231950000e-01 6.709176000e-01 
1.982382000e+00 5.387881000e-03 6.659107000e-03 
1.321387000e+00 6.375692000e-02 1.124334000e+00 
1.334094000e+00 4.070437000e-03 1.211999000e+00 
1.095819000e+00 3.539366000e-03 1.459653000e+00 
1.785711000e+00 3.628949000e-02 6.151289000e-03 
4.383787000e-04 1.134691000e+00 1.741063000e+00 
6.719076000e-01 1.730333000e+00 2.295185000e-04 
5.529493000e-01 1.077812000e+00 1.057346000e+00 
9.627711000e-02 1.668725000e+00 2.676737000e-02 
1.175596000e+00 1.107630000e+00 5.209233000e-02 
1.783598000e-01 1.842683000e+00 7.536669000e-03 
1.500240000e-02 2.470125000e+00 3.517924000e-03 
7.402931000e-04 2.162183000e+00 3.947870000e-02 
1.755438000e+00 6.984134000e-02 3.583366000e-03 
6.926490000e-01 1.636424000e+00 3.132082000e-02 
1.172485000e+00 1.782434000e-01 1.055531000e+00 
6.650005000e-01 1.571138000e+00 5.901739000e-02 
2.878913000e-01 1.490379000e+00 5.711941000e-01 
1.154008000e-04 1.848653000e+00 6.101887000e-02 
1.915011000e+00 9.036560000e-02 4.198176000e-04 
7.575765000e-03 8.641695000e-03 1.623708000e+00 
7.702806000e-01 1.056814000e-01 1.456100000e+00 
3.310904000e-02 1.295254000e+00 1.124049000e+00 
1.046398000e-02 2.597583000e+00 2.093876000e-02 
1.203192000e+00 1.235765000e+00 7.982314000e-03 
3.621706000e-04 8.567244000e-03 1.774076000e+00 
1.569470000e+00 6.248354000e-02 7.026833000e-01 
4.816552000e-05 3.908182000e-04 2.046646000e+00 
1.038796000e-01 4.942421000e+00 4.928849000e-06 
3.082728000e-02 1.003098000e+00 1.359212000e+00 
2.612843000e-01 1.664501000e+00 3.321991000e-02 
1.875099000e-04 1.538132000e-03 1.809666000e+00 
1.178736000e+00 1.419660000e+00 1.448237000e-02 
7.521927000e-01 9.783533000e-01 1.070457000e+00 
7.701145000e-01 1.526984000e+00 2.866616000e-02 
9.948933000e-01 4.487141000e-02 1.322190000e+00 
1.979911000e-01 2.382358000e-01 1.587884000e+00 
1.360652000e+00 1.358104000e-02 9.832294000e-01 
1.405753000e+00 5.921559000e-03 1.014786000e+00 
5.868313000e-02 1.707986000e+00 8.036047000e-02 
7.084821000e-03 1.352042000e+00 1.647982000e+00 
9.318207000e-01 1.362215000e+00 3.426765000e-02 
1.674692000e+00 1.757534000e-02 6.670922000e-01 
8.260034000e-01 1.631772000e+00 2.846055000e-02 
2.545672000e-01 3.978675000e-02 1.559627000e+00 
1.256017000e-01 4.510314000e+00 6.052033000e-04 
4.043463000e-02 1.209305000e+00 1.305915000e+00 
9.972885000e-02 8.704181000e-01 1.462280000e+00 
1.500870000e+00 5.854993000e-03 9.255940000e-01 
1.517622000e-01 1.307510000e+00 1.062565000e+00 
1.289230000e+00 4.991840000e-02 1.244963000e+00 
2.525519000e-02 1.056317000e+00 1.455139000e+00 
8.601791000e-06 4.096035000e-04 4.025180000e+00 
9.396864000e-02 1.019348000e-02 1.614647000e+00 
6.366314000e-02 8.724001000e-01 1.450020000e+00 
1.367656000e+00 4.526945000e-02 9.459828000e-01 
1.217472000e+00 1.165772000e+00 4.952523000e-02 
1.602318000e+00 1.128433000e-02 7.104721000e-01 
2.681138000e-03 1.839710000e+00 5.864320000e-02 
7.350651000e-02 1.366329000e+00 9.843988000e-01 
8.256890000e-01 4.130954000e-02 1.541256000e+00 
1.402373000e+00 3.834543000e-03 1.263866000e+00 
1.268355000e+00 1.211192000e+00 1.794105000e-02 
9.992160000e-01 9.107059000e-03 1.554158000e+00 
1.301941000e+00 6.457459000e-03 1.182773000e+00 
1.253893000e-02 2.937532000e+00 8.180541000e-03 
1.961936000e-03 4.172293000e-05 1.933539000e+00 
3.994291000e-02 7.975622000e-01 1.526273000e+00 
7.718624000e-02 1.307722000e+00 1.089793000e+00 
1.043528000e+00 1.223825000e+00 2.375796000e-02 
6.419274000e-01 5.839616000e-01 1.443238000e+00 
1.213485000e+00 1.300296000e+00 7.457924000e-03 
1.644664000e+00 1.224814000e-01 3.820827000e-03 
5.257208000e-05 2.974460000e-03 1.822581000e+00 
4.153576000e-02 1.702631000e+00 1.427677000e-01 
8.719589000e-02 1.444340000e+00 9.818467000e-01 
7.964411000e-01 1.477327000e+00 1.366150000e-01 
1.576909000e-02 1.242121000e+00 1.141669000e+00 
2.821513000e+00 1.836126000e-01 2.272096000e-04 
1.422200000e+00 1.213454000e+00 8.865693000e-03 
1.948356000e-02 2.166908000e+00 1.863226000e-02 
8.021661000e-01 8.897366000e-02 1.536973000e+00 
2.745351000e-01 1.450628000e+00 5.801748000e-01 
1.187005000e+00 1.115311000e-01 1.033698000e+00 
5.790872000e-02 2.485101000e-01 1.596985000e+00 
1.037542000e+00 1.225073000e+00 1.449001000e-01 
2.653523000e-02 1.451477000e+00 1.065491000e+00 
1.601539000e+00 1.381060000e-02 6.848921000e-01 
1.992386000e-02 1.087397000e+00 1.424203000e+00 
6.806802000e-02 1.617931000e+00 1.030281000e-01 
1.222191000e+00 1.305290000e+00 7.108959000e-03 
1.550189000e+00 3.796471000e-01 1.763803000e-03 
1.416518000e-02 8.374061000e-01 1.560609000e+00 
9.691668000e-01 1.429065000e+00 2.432035000e-02 
1.783446000e+00 1.424034000e-02 8.237021000e-02 
2.485462000e-02 1.912019000e+00 1.239584000e-02 
1.450508000e+00 1.479765000e-01 1.832501000e-02 
1.084258000e+00 4.442463000e-03 1.398254000e+00 
9.065357000e-02 1.206386000e+00 1.098704000e+00 
1.827199000e-02 1.888405000e+00 2.236174000e-02 
1.021132000e+00 1.497994000e+00 7.411119000e-03 
5.944259000e-01 1.857144000e+00 1.537108000e-04 
2.521259000e-02 1.796490000e+00 9.250514000e-03 
8.529999000e-01 1.681388000e+00 2.230307000e-02 
1.203872000e+00 1.085827000e+00 6.812528000e-01 
2.906423000e-01 1.573508000e+00 3.721216000e-02 
2.008652000e+00 8.904737000e-04 1.895086000e-01 
6.598792000e-01 5.662334000e-01 1.531348000e+00 
8.859947000e-02 1.164143000e+00 1.099998000e+00 
2.147816000e+00 1.215821000e-04 2.013046000e-02 
3.576216000e-03 1.810762000e+00 4.301897000e-01 
1.401775000e+00 8.501212000e-04 1.269759000e+00 
2.865127000e-01 2.757604000e-02 1.611723000e+00 
5.488122000e-01 5.798850000e-01 1.462917000e+00 
1.376943000e-03 1.843612000e+00 1.579793000e-01 
1.707927000e+00 9.058011000e-02 5.000239000e-03 
1.448769000e+00 1.079042000e+00 2.277690000e-02 
8.706477000e-01 3.261375000e-02 1.403624000e+00 
1.398055000e+00 9.834756000e-02 9.246154000e-01 
4.149969000e-02 1.208816000e+00 1.284878000e+00 
3.451682000e-02 8.995616000e-01 1.481712000e+00 
4.307123000e-03 3.593999000e-04 1.700982000e+00 
1.407043000e-02 1.062681000e+00 1.488647000e+00 
2.883133000e-01 1.658677000e+00 9.886719000e-02 
1.765866000e-02 2.047267000e-04 1.729022000e+00 
1.730950000e+00 4.944379000e-02 3.519394000e-02 
1.226284000e+00 8.495430000e-02 1.114364000e+00 
1.491006000e+00 9.968636000e-01 4.027241000e-03 
1.157455000e+00 1.207428000e+00 7.338712000e-02 
1.008044000e-02 1.386473000e+00 1.317338000e+00 
1.851134000e+00 2.823482000e-03 4.826604000e-02 
1.279718000e-01 1.808220000e+00 9.223149000e-03 
6.338025000e-02 1.218955000e+00 1.131507000e+00 
3.042480000e-01 1.500117000e+00 5.357711000e-01 
5.955022000e-02 1.703813000e+00 1.132384000e-01 
7.127413000e-01 4.686377000e-01 1.407355000e+00 
1.787280000e+00 7.227026000e-02 1.922450000e-03 
1.963270000e-01 7.629017000e-01 1.560781000e+00 
2.007141000e-01 8.726663000e-01 1.436107000e+00 
1.987240000e+00 2.846005000e-02 5.018319000e-04 
1.502510000e+00 1.822073000e-02 7.148966000e-01 
8.197535000e-01 9.467432000e-02 1.498691000e+00 
1.620309000e+00 8.773043000e-02 2.487550000e-01 
2.285413000e-01 1.481646000e+00 6.072390000e-01 
1.135296000e-01 8.283740000e-01 1.505287000e+00 
3.279505000e-01 1.601028000e+00 3.362214000e-02 
4.595126000e-01 1.243814000e+00 9.466073000e-01 
7.188157000e-01 1.268330000e-01 1.520429000e+00 
1.737528000e+00 2.271430000e-02 1.133336000e-02 
1.386274000e+00 1.023373000e+00 5.856668000e-02 
7.026754000e-01 7.568913000e-01 1.276148000e+00 
5.333050000e-01 7.835633000e-01 1.442884000e+00 
4.024426000e-03 1.823200000e+00 2.909652000e-02 
3.058733000e-02 1.351239000e+00 9.909015000e-01 
1.005147000e-01 1.560707000e+00 4.918581000e-01 
3.098695000e-01 1.676555000e+00 2.535692000e-02 
8.573930000e-03 1.091739000e+00 1.517299000e+00 
2.171405000e-02 1.598590000e+00 6.973721000e-01 
5.212420000e-02 1.539720000e+00 7.228289000e-01 
2.667588000e-02 1.891393000e+00 6.542484000e-04 
1.211805000e+00 3.299703000e-03 1.436036000e+00 
1.226974000e+00 1.084596000e+00 3.275164000e-02 
4.371979000e-02 9.367128000e-01 1.362217000e+00 
1.075352000e+00 1.987721000e-02 1.427772000e+00 
5.240238000e-02 1.467497000e+00 9.893311000e-01 
8.434450000e-01 6.239233000e-01 1.351563000e+00 
2.502212000e-01 1.316872000e+00 9.145916000e-01 
7.642750000e-01 8.947746000e-01 1.119652000e+00 
1.298879000e+00 1.157428000e+00 1.160065000e-02 
1.658946000e+00 7.939035000e-02 1.848022000e-02 
1.142165000e+00 7.269796000e-01 7.575427000e-01 
2.173048000e-01 1.152283000e+00 1.260402000e+00 
1.208388000e+00 8.388319000e-01 7.412133000e-01 
1.547756000e+00 6.980771000e-02 6.089480000e-01 
8.717335000e-01 2.687494000e-02 1.420668000e+00 
2.643465000e-02 1.570495000e+00 4.608742000e-01 
2.740016000e-01 1.567451000e+00 1.227276000e-01 
1.645602000e+00 3.955084000e-02 1.334974000e-01 
1.684272000e+00 3.169941000e-02 4.495669000e-02 
3.943334000e-02 9.519735000e-01 1.324546000e+00 
1.489497000e-02 1.675546000e+00 4.918029000e-01 
1.004154000e-03 1.606504000e-04 1.770605000e+00 
8.786854000e-01 5.563684000e-02 1.398739000e+00 
1.003909000e+00 6.925462000e-01 1.097623000e+00 
1.085341000e-01 5.167780000e-03 1.612704000e+00 
5.459296000e-01 5.862688000e-01 1.446663000e+00 
2.598023000e-03 9.710204000e-03 1.732821000e+00 
1.418653000e+00 2.255109000e-01 5.699026000e-01 
1.381675000e-03 3.303484000e-02 1.649341000e+00 
1.035183000e+00 1.212686000e+00 4.959862000e-01 
9.057125000e-01 8.661722000e-01 1.049312000e+00 
9.346698000e-01 8.145105000e-01 1.047102000e+00 
5.822531000e-02 8.817830000e-01 1.463694000e+00 
1.103897000e+00 1.401720000e+00 1.785533000e-02 
1.497263000e-02 1.763880000e+00 1.515082000e-01 
9.825440000e-01 1.160847000e+00 7.478900000e-01 

4.684637000e-01 6.049492000e-01 1.387198000e+00 
1.662363000e+00 5.418659000e-02 8.925829000e-03 
1.158892000e-02 1.013948000e+00 1.272399000e+00 
3.327227000e-01 1.472518000e+00 6.405995000e-01 
1.301420000e-02 3.598178000e-01 1.667258000e+00 
1.481205000e+00 6.230811000e-01 4.856179000e-03 
1.916107000e+00 1.207861000e-02 8.916068000e-03 
1.331954000e+00 1.305424000e-03 1.342233000e+00 
1.143089000e+00 1.114247000e+00 1.855374000e-01 
9.254988000e-01 1.905142000e-02 1.364958000e+00 
3.393821000e-02 1.181130000e+00 1.135223000e+00 
1.763343000e+00 5.156615000e-02 8.222482000e-03 
1.886438000e-03 3.889293000e-06 1.945847000e+00 
8.890834000e-01 1.884002000e-01 1.324059000e+00 
1.283504000e-01 1.192135000e+00 1.077575000e+00 
1.229178000e+00 1.079071000e+00 4.244402000e-03 
1.715983000e-02 2.350865000e+00 1.021514000e-03 
8.203698000e-01 1.500345000e-01 1.392860000e+00 
7.143076000e-02 2.380718000e+00 8.170179000e-04 
2.142151000e+00 2.280233000e-01 6.034394000e-04 
6.514241000e-01 6.914563000e-01 1.347020000e+00 
1.638505000e+00 9.990579000e-04 1.591271000e+00 
1.459799000e+00 1.000703000e+00 3.625755000e-02 
7.413490000e-01 3.674106000e-01 1.470424000e+00 
1.608860000e+00 1.033319000e-01 1.537792000e-02 
1.552434000e+00 5.210363000e-02 6.312829000e-01 
1.315086000e-01 1.199770000e+00 1.047884000e+00 
1.236538000e+00 1.891139000e-02 1.092216000e+00 
1.254162000e-01 1.201198000e+00 1.039796000e+00 
1.300149000e+00 3.150462000e-01 9.472192000e-01 
1.445852000e-02 1.006420000e+00 1.145432000e+00 
4.032646000e-01 2.098462000e+00 3.848015000e-04 
8.616983000e-01 2.274113000e-02 1.457178000e+00 
1.925266000e-02 1.548419000e+00 7.381987000e-01 
1.672184000e-03 1.686294000e-02 1.752663000e+00 
3.194519000e-04 1.458578000e-01 1.818607000e+00 
2.489912000e+00 3.946161000e-03 7.222181000e-04 
2.177298000e+00 3.953373000e-02 4.656459000e-03 
2.341504000e+00 1.444646000e-02 2.566954000e-03 
9.499238000e-01 5.060370000e-01 1.234718000e+00 
9.224335000e-01 4.595001000e-03 1.381752000e+00 
1.684251000e-03 1.746104000e+00 4.077154000e-02 
1.919489000e-02 1.612661000e+00 7.448051000e-01 
9.914186000e-03 1.289508000e-01 1.684874000e+00 
1.296029000e+00 5.364963000e-01 9.402242000e-01 
1.685296000e+00 6.322986000e-02 5.898110000e-03 
7.027266000e-02 1.461053000e+00 6.561639000e-01 
3.441847000e-02 1.170380000e+00 1.137632000e+00 
1.513235000e-03 7.261963000e-01 1.690891000e+00 
6.335248000e-01 5.793070000e-01 1.360365000e+00 
1.625104000e-02 1.920303000e+00 5.564949000e-03 
1.174871000e+00 1.141121000e+00 8.043684000e-02 
2.059764000e+00 3.850490000e-03 1.258109000e-02 
6.679020000e-02 1.473595000e+00 6.481191000e-01 
1.160934000e+00 1.198151000e+00 8.469802000e-02 
2.518365000e-02 2.673819000e-01 1.643536000e+00 
2.193955000e-02 5.451144000e-04 1.900758000e+00 
8.311331000e-01 8.175002000e-01 1.194878000e+00 
1.372074000e+00 3.197486000e-01 5.853277000e-01 
8.760868000e-02 8.617186000e-01 1.393916000e+00 
9.110142000e-02 1.492401000e+00 5.511509000e-01 
5.053430000e-02 1.235681000e+00 1.036874000e+00 
1.919489000e-02 1.612661000e+00 7.448051000e-01 
1.574775000e-01 7.595089000e+00 5.467950000e-04 
1.340842000e-03 1.050150000e+00 1.202781000e+00 
1.128464000e+00 1.211873000e+00 1.250890000e-02 
1.570266000e+00 3.371360000e-02 7.226881000e-01 
1.526122000e+00 1.567663000e-01 5.941413000e-01 
1.676008000e-03 6.127741000e+00 1.067854000e-01 
1.648738000e+00 3.305115000e-02 7.519101000e-01 
1.842480000e-03 1.732028000e+00 1.093926000e-02 
4.087305000e-03 8.064342000e-01 1.398104000e+00 
1.458764000e+00 3.383450000e-02 1.042531000e+00 
3.846162000e-01 2.316316000e-03 1.738160000e+00 
1.488698000e-03 3.649573000e+00 4.039208000e-01 
4.409463000e-02 1.579686000e+00 1.023080000e-03 
1.540200000e-02 3.918335000e-01 1.636397000e+00 
3.926768000e-01 2.352085000e-03 1.737025000e+00 
8.030773000e-01 7.524556000e-01 1.253388000e+00 
2.120121000e-01 1.538695000e+00 2.033026000e-03 
1.102379000e-03 7.456286000e-03 1.807948000e+00 
3.301647000e-01 1.485989000e+00 3.066683000e-02 
1.102445000e+00 1.266301000e+00 5.587321000e-02 
1.821444000e-01 1.323207000e+00 9.845691000e-01 
2.990554000e-01 1.481782000e+00 6.314156000e-01 
3.911717000e-01 2.059308000e+00 4.166888000e-04 
1.072248000e-01 8.038594000e-01 1.379487000e+00 
1.120847000e+00 1.200063000e+00 2.341700000e-01 
1.036263000e+00 1.128391000e+00 8.104583000e-01 
3.080531000e-01 1.964939000e-03 1.801905000e+00 
1.871212000e+00 5.483606000e-02 2.429322000e-03 
3.000740000e-02 1.648121000e+00 4.655142000e-02 
9.303529000e-01 4.805914000e-01 1.312201000e+00 
3.831248000e-01 1.473099000e-01 1.580297000e+00 
1.148342000e-01 1.133155000e-01 1.669287000e+00 
1.558257000e+00 3.767724000e-02 8.234726000e-01 
2.713448000e+00 7.125943000e-04 2.569167000e-03 
2.620147000e+00 1.714216000e-03 2.656550000e-02 
1.622361000e+00 6.099876000e-01 9.735483000e-03 
1.736057000e+00 2.848741000e-03 3.793906000e-02 
8.845798000e-01 7.623889000e-01 1.158569000e+00 
1.407962000e+00 9.065081000e-01 1.402126000e-01 
1.118757000e+00 1.634362000e-03 1.118825000e+00 
8.958916000e-01 1.685538000e-01 1.338502000e+00 
1.320189000e+00 7.659370000e-02 1.085640000e+00 
1.483757000e+00 2.554768000e-01 6.207221000e-01 
8.753121000e-01 3.054916000e-02 1.345633000e+00 
8.204285000e-01 8.509141000e-01 1.208092000e+00 
1.189846000e+00 1.278971000e+00 2.885402000e-03 
1.469088000e-02 3.540879000e-01 1.655918000e+00 
2.384699000e+00 1.159148000e-01 7.330270000e-04 
7.699250000e-01 1.640870000e-01 1.424237000e+00 
1.358008000e-02 2.421997000e+00 7.378438000e-03 
2.277416000e+00 1.868631000e-01 1.866354000e-03 
2.094714000e-01 1.555026000e+00 1.026270000e-02 
2.289402000e-03 9.284040000e-01 1.454744000e+00 
1.716552000e+00 1.496897000e+00 6.798252000e-04 
3.956753000e-02 1.383731000e+00 1.013518000e+00 
1.161984000e-02 1.617893000e+00 7.037443000e-01 
9.835879000e-01 7.472426000e-02 1.237879000e+00 
1.116668000e+00 1.153714000e+00 2.431171000e-01 
1.535148000e+00 1.122273000e-01 1.408542000e-01 
1.647631000e+00 2.141973000e-02 8.549252000e-01 
1.504781000e+00 1.499520000e+00 1.714949000e-03 
8.139119000e-01 7.641433000e-01 1.241624000e+00 
1.622771000e+00 3.333620000e-02 6.154438000e-01 
8.393009000e-02 1.155732000e+00 1.135135000e+00 
1.120503000e+00 5.568343000e-01 1.068412000e+00 
1.605116000e+00 4.398238000e-02 6.620209000e-01 
1.166140000e+00 1.137912000e+00 1.854604000e-01 
1.525856000e-01 5.685791000e-03 1.682076000e+00 
2.133033000e+00 1.183304000e-03 4.849526000e-02 
9.630024000e-01 9.585159000e-02 1.222607000e+00 
1.599159000e-01 1.110530000e+00 1.121951000e+00 
1.660665000e+00 1.557637000e-02 1.241827000e-02 
2.136655000e+00 1.187572000e-02 9.920069000e-03 
1.649954000e+00 6.064348000e-01 9.180916000e-03 
4.106012000e-02 5.471855000e-03 1.899297000e+00 
6.278911000e-01 7.250352000e-01 1.348260000e+00 
1.410473000e+00 9.530095000e-02 6.440234000e-01 
5.101432000e-04 7.479508000e-05 1.934879000e+00 
3.349844000e-04 2.192214000e-03 1.919607000e+00 
1.568440000e+00 7.037809000e-01 4.652685000e-03 
1.826610000e+00 1.797162000e-02 1.230837000e-02 
9.308777000e-03 1.023509000e+00 1.353216000e+00 
1.191800000e+00 1.056098000e+00 6.281236000e-03 
7.801200000e-01 8.691237000e-01 1.184826000e+00 
7.877802000e-04 7.531824000e-03 1.817697000e+00 
1.410210000e+00 5.252096000e-02 1.083295000e+00 
5.947877000e-02 1.511836000e+00 5.121236000e-01 
1.189473000e+00 2.215353000e-01 1.048512000e+00 
9.135446000e-01 1.032440000e+00 1.081956000e+00 
9.337164000e-04 3.332063000e-02 1.694322000e+00 
1.036182000e+00 5.257006000e-01 1.128884000e+00 
1.132680000e-01 1.266009000e-01 1.668479000e+00 
1.073236000e+00 9.195064000e-01 1.021778000e+00 
2.705280000e-05 1.032185000e-02 1.979555000e+00 
1.671351000e-02 1.210365000e+00 1.049758000e+00 
1.324954000e+00 2.076371000e-01 9.883647000e-01 
1.512229000e+00 5.500539000e-01 1.375178000e-02 
1.445215000e+00 7.198897000e-01 8.957546000e-02 
1.202383000e+00 1.048890000e+00 1.380218000e-01 
1.179828000e-02 1.704574000e+00 1.022224000e-01 
1.045984000e+00 9.216716000e-01 6.655596000e-01 
5.848541000e-01 5.451040000e-01 1.453711000e+00 
6.924234000e-01 8.892556000e-01 1.279059000e+00 
4.281878000e-01 3.942786000e-01 1.523681000e+00 
1.177813000e+00 6.295267000e-01 9.155140000e-01 
1.079161000e+00 9.510665000e-03 1.318500000e+00 
1.670946000e+00 9.724248000e-03 7.202614000e-01 
9.093078000e-01 2.415355000e-02 1.316664000e+00 
1.480005000e+00 7.808974000e-01 4.777501000e-02 

5.296693000e-02 1.889795000e+00 3.656916000e-03 
1.734200000e-03 4.327260000e+00 1.105321000e+00 
9.703015000e-01 2.794701000e-02 1.570720000e+00 
1.713665000e+00 7.444675000e-02 1.088756000e-01 
7.979764000e-03 1.318341000e+00 1.167823000e+00 
1.046320000e+00 8.164439000e-01 1.277077000e+00 
2.630969000e-03 9.564547000e-05 1.852569000e+00 
1.091492000e-01 1.027250000e+00 1.335142000e+00 
8.849747000e-04 3.010764000e-02 1.852675000e+00 
1.447328000e-01 1.416867000e+00 1.077084000e+00 
2.074302000e+00 1.520724000e-01 3.635694000e-03 
1.349039000e+00 1.038798000e+00 8.801116000e-02 
1.491514000e+00 1.037195000e-02 8.639349000e-01 
6.728894000e-05 7.068979000e-06 9.406206000e+00 
8.891500000e-04 2.925799000e-02 1.789219000e+00 
1.458891000e-01 1.254626000e+00 1.103028000e+00 
7.132598000e-01 4.592090000e-01 1.518394000e+00 
1.155709000e-01 1.128079000e+00 1.315294000e+00 
8.690373000e-04 6.723563000e+00 1.404192000e+00 
1.829543000e-03 1.682259000e+00 8.405340000e-01 
9.752179000e-01 8.631451000e-01 1.169053000e+00 
5.298273000e-04 3.958318000e-02 1.725863000e+00 
3.013112000e-02 2.565375000e-02 1.770470000e+00 
4.405630000e-05 4.348140000e-04 6.880289000e+00 
1.189317000e+00 9.411766000e-01 8.900284000e-01 
7.392653000e-01 6.946624000e-01 1.312139000e+00 
1.652514000e+00 1.969289000e-01 1.033921000e-01 
2.642776000e+00 3.416526000e-04 1.745770000e-02 
1.715941000e+00 3.805657000e-02 3.426606000e-01 
2.223708000e+00 4.734031000e-03 6.204004000e-03 
1.455395000e+00 7.017994000e-02 7.881543000e-01 
1.023005000e+00 8.173015000e-01 1.294613000e+00 
1.101096000e+00 1.376045000e-01 1.421813000e+00 
4.213696000e-02 3.735048000e-03 1.730807000e+00 
3.875659000e-02 9.890143000e-01 1.461580000e+00 
1.022023000e+00 9.944940000e-03 1.640740000e+00 
9.079161000e-02 1.708944000e+00 5.891686000e-02 
9.314460000e-01 1.284029000e+00 8.585406000e-01 
2.158668000e-01 1.276342000e+00 1.014044000e+00 
3.965207000e-02 1.199917000e+00 1.199567000e+00 
8.371411000e-01 9.607869000e-01 1.110293000e+00 
9.433570000e-01 8.632072000e-01 1.144525000e+00 
1.901411000e+00 1.797434000e-03 9.222271000e-03 
1.295573000e+00 1.207837000e+00 2.548182000e-04 
3.126008000e-02 2.086487000e+00 9.263039000e-04 
1.845383000e+00 1.675504000e-02 1.381207000e-01 
1.059061000e-02 2.171027000e+00 2.553769000e-02 
2.522893000e-01 1.634836000e+00 4.085374000e-01 
2.200660000e-01 1.712094000e+00 5.034935000e-02 
1.167735000e+00 9.593337000e-01 9.111038000e-01 
2.592971000e+00 3.579506000e-01 1.556154000e-03 
1.388036000e+00 1.198618000e+00 8.403968000e-02 
2.177551000e-01 1.709594000e+00 5.294670000e-02 
5.337624000e-02 9.288666000e-01 1.450536000e+00 
1.258666000e+00 1.800431000e+00 3.265459000e-03 
1.351191000e+00 8.939233000e-01 9.269079000e-01 
2.144918000e-01 1.701248000e+00 5.600588000e-02 
3.685493000e+00 6.360931000e-01 1.481823000e-03 
1.054014000e+00 8.380439000e-01 1.252602000e+00 
1.170990000e+00 1.051052000e-02 1.464875000e+00 
1.225401000e+00 6.087706000e-03 1.294119000e+00 
5.125150000e+00 1.453113000e-01 1.721991000e-03 
1.395330000e+00 9.071005000e-01 4.921140000e-02 
3.106128000e-02 2.182659000e+00 2.093716000e-05 
1.069902000e+00 7.595183000e-01 1.165174000e+00 
3.831836000e+00 5.706684000e-01 1.492431000e-03 
8.046804000e-01 8.549238000e-01 1.207741000e+00 
1.777585000e+00 3.355351000e-02 3.775320000e-02 
2.987039000e-02 9.018129000e-01 1.508850000e+00 
9.114688000e-01 3.808151000e-02 1.467783000e+00 
9.987514000e-01 1.308315000e-02 1.568520000e+00 
9.793159000e-04 2.188255000e-02 1.888596000e+00 
4.465412000e-02 9.107642000e-01 1.492126000e+00 
1.708263000e+00 7.819154000e-02 5.628829000e-02 
1.972964000e-05 8.817257000e-04 2.096404000e+00 
4.812946000e-02 2.770445000e-04 1.784157000e+00 
1.522738000e-01 2.040974000e+00 2.476275000e-03 
8.723071000e-01 1.127254000e+00 1.042835000e+00 
1.735431000e+00 4.523530000e-04 9.637471000e-01 
1.328899000e+00 1.187320000e+00 1.198780000e-01 
1.153411000e+00 1.002848000e+00 8.679907000e-01 
4.723469000e-02 1.807131000e+00 6.502910000e-03 
1.918710000e-02 1.217856000e+00 1.401978000e+00 
2.810368000e-03 9.263294000e-01 1.509857000e+00 
2.124999000e+00 1.025881000e-03 9.803959000e-03 
8.606566000e-02 1.417492000e+00 1.148421000e+00 
1.720895000e+00 7.795239000e-02 4.674593000e-02 
1.560377000e+00 5.079478000e-02 7.018532000e-01 
2.102937000e-04 4.482849000e-03 2.030016000e+00 
3.039638000e-03 1.252356000e+00 1.168767000e+00 
1.420525000e+00 8.191315000e-04 1.229394000e+00 
1.384465000e-01 1.144545000e+00 1.305611000e+00 
8.510705000e-02 1.034647000e+00 1.409968000e+00 
1.545793000e-01 1.334124000e+00 1.044488000e+00 
4.982724000e-02 1.821048000e+00 5.263995000e-03 
3.602443000e-03 1.534583000e+00 7.604202000e-01 
1.007672000e-02 1.467896000e+00 8.013032000e-01 
2.582638000e+00 3.557591000e-01 2.742161000e-03 
1.099992000e-01 1.909790000e+00 3.454339000e-03 
1.382575000e+00 1.251327000e-02 1.229187000e+00 
1.469773000e+00 1.024415000e+00 1.256888000e-02 
1.137870000e+00 1.625100000e-02 1.081694000e+00 
9.260734000e-01 8.604233000e-02 1.434514000e+00 
1.774895000e+00 7.703528000e-02 4.151158000e-03 
9.404864000e-01 1.147978000e+00 7.994587000e-01 
1.786618000e+00 2.553269000e-02 5.025761000e-01 
9.457391000e-01 1.296798000e+00 3.157744000e-01 
1.178854000e+00 9.507002000e-01 8.039785000e-01 
2.388433000e-03 1.716623000e+00 5.952338000e-02 
7.109813000e-02 1.112376000e+00 1.389399000e+00 
1.150299000e+00 1.206259000e+00 4.621378000e-02 
9.589178000e-02 1.715695000e+00 5.261694000e-03 
2.785216000e-02 1.640465000e+00 2.316766000e-01 
1.235290000e+00 4.510455000e-03 1.278684000e+00 
1.456891000e+00 2.846044000e-02 7.603177000e-01 
1.982770000e-02 1.249292000e+00 1.232015000e+00 
6.283192000e-02 1.423402000e+00 1.160242000e+00 
1.119983000e+00 1.089111000e+00 3.115116000e-01 
9.348533000e-01 2.813073000e-02 1.436439000e+00 
1.956375000e+00 9.832746000e-04 7.176227000e-02 
5.406899000e-01 5.868490000e-01 1.336024000e+00 
1.722355000e+00 3.181741000e-02 4.815851000e-02 
1.371426000e+00 1.202043000e+00 4.533963000e-02 
1.128373000e+00 1.224513000e+00 4.595886000e-02 
1.444240000e+00 1.147594000e+00 2.837044000e-02 
9.263236000e-01 1.350872000e+00 2.889449000e-02 
4.290283000e-03 2.309483000e+00 4.442636000e-03 
1.225757000e+00 9.055463000e-01 7.156377000e-01 
1.020329000e+00 1.336426000e+00 1.083386000e-02 
8.716664000e-01 9.133785000e-01 1.184397000e+00 
1.021376000e+00 1.110158000e+00 7.614486000e-01 
6.493000000e-04 1.387708000e-02 1.888750000e+00 
3.264279000e-02 1.194940000e+00 1.469084000e+00 
1.938465000e-01 1.525743000e+00 7.582676000e-01 
1.306780000e+00 8.429986000e-01 9.628521000e-01 
1.667004000e+00 1.007277000e+00 2.566191000e-02 
1.012524000e+00 1.310575000e+00 2.913904000e-02 
1.625450000e+00 4.648821000e-02 1.190154000e-01 
1.852564000e+00 1.721629000e-02 7.631727000e-03 
7.535774000e-02 1.775193000e+00 2.084779000e-02 
1.141611000e+00 7.374109000e-01 1.070564000e+00 
5.385001000e-03 1.716547000e+00 3.468166000e-02 
5.912130000e-02 1.207733000e+00 1.185199000e+00 
1.269463000e+00 1.170287000e+00 1.780785000e-01 
5.621956000e-02 9.462480000e-01 1.446312000e+00 
1.489241000e+00 2.282758000e-02 7.292403000e-01 
1.107220000e-01 1.129708000e+00 1.320494000e+00 
6.837377000e-01 5.191623000e-01 1.345974000e+00 

