6.729583000e-02 2.076720000e+00 2.995805000e-02 
8.975901000e-03 2.475234000e+00 2.357114000e-02 
1.269975000e+00 1.767087000e+00 1.772806000e-01 
1.910552000e+00 1.728781000e-01 3.341746000e-01 
2.139267000e+00 4.859401000e-04 3.724379000e-02 
1.423061000e-01 1.795781000e+00 1.295772000e+00 
4.007823000e-02 1.593144000e+00 1.476509000e+00 
2.524869000e+00 2.181682000e-01 5.314794000e-03 
3.089283000e-01 2.743538000e-02 2.076914000e+00 
1.464700000e+00 1.253894000e-01 1.496295000e+00 
3.928991000e-03 3.271622000e-02 2.435918000e+00 
4.692851000e+00 3.957313000e-02 1.698895000e-02 
1.097037000e+00 4.414448000e-01 1.566608000e+00 
9.231760000e-03 2.133750000e+00 4.594865000e-01 
4.249685000e+00 1.231292000e-02 3.323610000e-02 
3.029395000e+00 2.048490000e-02 3.464369000e-02 
1.220471000e+00 1.723257000e-01 1.583120000e+00 
4.353041000e-01 2.421802000e+00 5.310081000e-03 
1.305746000e+00 1.908843000e+00 3.997534000e-03 
7.299970000e-03 9.993417000e-01 1.866892000e+00 
1.837854000e+00 6.719052000e-01 7.746868000e-01 
2.203011000e+00 3.372158000e-01 6.084586000e-03 
3.004586000e-03 1.070546000e+00 1.944437000e+00 
2.875482000e+00 8.547552000e-02 8.749975000e-03 
1.283922000e-02 1.330176000e+00 1.630460000e+00 
2.241732000e-03 1.862545000e-02 2.464527000e+00 
1.500240000e-02 2.470125000e+00 3.517924000e-03 
2.837060000e-02 1.783854000e-03 2.501602000e+00 
2.128734000e+00 4.143533000e-02 2.407424000e-01 
1.344612000e-02 1.403564000e-03 2.722344000e+00 
1.396588000e-02 2.269211000e+00 4.101561000e-02 
9.434946000e-01 4.805002000e-03 1.782188000e+00 
2.813350000e-03 2.264837000e+00 2.943153000e-01 
1.112691000e+00 3.801970000e-01 1.565739000e+00 
2.474586000e-01 2.025931000e-01 1.951925000e+00 
1.350360000e+00 1.062199000e-01 1.624191000e+00 
1.391292000e+00 3.669042000e-03 2.361458000e+00 
7.762762000e-02 2.318696000e+00 5.397774000e-03 
1.046398000e-02 2.597583000e+00 2.093876000e-02 
1.445968000e+00 2.819476000e+00 7.081718000e-04 
1.491541000e+00 1.275932000e+00 9.339497000e-03 
1.631132000e+00 1.028414000e-03 2.182356000e+00 
1.492740000e+00 1.037858000e-01 1.279994000e+00 
1.038796000e-01 4.942421000e+00 4.928849000e-06 
2.287853000e+00 1.584756000e-01 5.529923000e-03 
9.087510000e-01 1.365266000e-01 1.631171000e+00 
1.148837000e+00 1.689798000e+00 7.417204000e-01 
5.645513000e-02 9.235431000e-01 1.653682000e+00 
3.440289000e+00 1.127001000e-01 2.908069000e-03 
1.025919000e-02 6.923903000e-05 2.733046000e+00 
6.053257000e-03 2.715435000e-04 7.494658000e+00 
2.743166000e-02 3.006341000e+00 1.470656000e-03 
8.531864000e-04 1.514210000e+00 1.752251000e+00 
2.822437000e+00 9.509479000e-02 1.214785000e-02 
2.148456000e-03 4.756885000e+00 8.498217000e-02 
7.084821000e-03 1.352042000e+00 1.647982000e+00 
2.931517000e-02 2.262517000e+00 1.003029000e-02 
1.431499000e+00 9.735924000e-02 1.765822000e+00 
2.013541000e+00 4.659095000e-02 1.389328000e-01 
1.334691000e-03 4.300283000e-02 2.429957000e+00 
1.256017000e-01 4.510314000e+00 6.052033000e-04 
1.014216000e+00 9.648278000e-01 1.274711000e+00 
9.795887000e-03 1.476095000e-02 3.500604000e+00 
8.168037000e-03 6.114816000e+00 5.116005000e-02 
4.295853000e-03 1.879566000e-02 2.265244000e+00 
7.157792000e-03 1.874685000e-02 2.121885000e+00 
4.510315000e-03 5.488207000e-01 2.052571000e+00 
8.601791000e-06 4.096035000e-04 4.025180000e+00 
2.008716000e+00 3.440694000e-01 4.243244000e-04 
5.192259000e-02 1.366574000e+00 1.436248000e+00 
2.223418000e+00 1.005006000e-01 2.641564000e-02 
5.600081000e-03 2.100759000e+00 8.693564000e-01 
9.324742000e-03 1.308170000e+00 1.666359000e+00 
6.938871000e-01 1.295732000e+00 1.397501000e+00 
1.152396000e+00 1.763220000e+00 4.468406000e-01 
1.645922000e+00 1.178166000e+00 8.991086000e-01 
1.309446000e-01 2.115430000e+00 1.425529000e-02 
2.117610000e-03 2.440344000e+00 1.044225000e-01 
2.825397000e+00 1.541562000e-02 3.549859000e-02 
8.209601000e-01 1.246957000e+00 1.513018000e+00 
1.253893000e-02 2.937532000e+00 8.180541000e-03 
1.443606000e+00 1.236369000e+00 1.113735000e+00 
1.175698000e+00 1.998004000e+00 5.258170000e-03 
1.273984000e+00 1.686931000e-03 2.441590000e+00 
2.232855000e-02 2.156165000e+00 1.192404000e-01 
4.057868000e-02 2.112676000e+00 3.007443000e-02 
1.995725000e+00 4.755070000e-01 6.527120000e-04 
4.928182000e-01 1.989007000e-01 2.063735000e+00 
1.028323000e+00 1.776663000e+00 5.216646000e-02 
2.300921000e-01 2.026055000e-02 2.110196000e+00 
7.588016000e-03 1.305545000e+00 1.673208000e+00 
2.855912000e+00 2.565068000e-02 3.297489000e-02 
1.479057000e+00 1.655662000e-02 1.315451000e+00 
2.821513000e+00 1.836126000e-01 2.272096000e-04 
1.769572000e+00 1.261926000e+00 3.989519000e-02 
1.948356000e-02 2.166908000e+00 1.863226000e-02 
1.317863000e+00 2.869218000e+00 1.606038000e-03 
1.726088000e-01 2.279789000e-02 2.103545000e+00 
5.130308000e-01 1.270270000e-01 2.063929000e+00 
2.253190000e+00 5.773402000e-02 1.837100000e-02 
3.804532000e-02 2.035405000e+00 9.837852000e-02 
1.152951000e-02 7.442352000e-03 2.142540000e+00 
1.886775000e-02 4.428956000e-03 2.495921000e+00 
7.329881000e-01 1.475176000e+00 1.378529000e+00 
1.609873000e-01 1.738873000e+00 1.362999000e+00 
1.328168000e+00 1.293226000e-01 1.126352000e+00 
1.037584000e+00 1.511134000e+00 7.742641000e-01 
1.622449000e+00 1.274953000e+00 6.054700000e-01 
1.200705000e-02 2.270022000e+00 1.049469000e-01 
1.266122000e-03 2.398370000e+00 9.580706000e-01 
2.667959000e-04 3.219017000e-01 2.435473000e+00 
1.868520000e+00 2.083218000e-01 3.015080000e-02 
1.954452000e-01 1.851824000e+00 9.289446000e-03 
2.172001000e+00 1.720181000e-04 5.117152000e-02 
1.915943000e-01 1.978083000e+00 1.349530000e-02 

5.458572000e-02 3.500152000e-04 2.348870000e+00 
1.405014000e+00 3.397674000e-01 1.210245000e+00 
1.706126000e-02 3.148249000e-03 3.598776000e+00 
6.749616000e-02 2.274841000e+00 1.182598000e-02 
1.540970000e+00 1.319071000e+00 3.047702000e-02 
7.433730000e-02 1.656754000e+00 9.365869000e-01 
8.258829000e-01 1.450248000e-01 1.780869000e+00 
2.960968000e-01 1.957673000e+00 7.843900000e-02 
1.212172000e-02 5.165299000e+00 9.188977000e-02 
3.113140000e-03 1.013154000e-04 6.991614000e+00 
3.634854000e-01 1.982971000e+00 7.345417000e-02 
1.396678000e+00 1.419468000e+00 1.272727000e-01 
1.672528000e-03 1.230974000e-02 2.959239000e+00 
8.670156000e-01 1.291663000e+00 1.304172000e+00 
2.982120000e-02 2.173137000e+00 1.029903000e-01 
2.090403000e+00 1.201431000e-01 4.094630000e-02 
1.715983000e-02 2.350865000e+00 1.021514000e-03 
1.185196000e-02 3.174135000e+00 1.818722000e-01 
7.143076000e-02 2.380718000e+00 8.170179000e-04 
2.142151000e+00 2.280233000e-01 6.034394000e-04 
4.902872000e-02 1.364239000e+00 1.636406000e+00 
1.638505000e+00 9.990579000e-04 1.591271000e+00 
3.109438000e-02 2.457182000e-03 3.293295000e+00 
1.803096000e+00 3.317873000e-01 1.059959000e+00 
1.256190000e+00 1.073870000e-02 1.640615000e+00 
1.078295000e-03 2.476439000e-02 2.960965000e+00 
1.808738000e-03 6.032433000e+00 2.075215000e-01 
2.754770000e-03 5.711199000e-02 1.950402000e+00 
6.874908000e-02 5.741826000e-02 1.868879000e+00 
3.220637000e-03 5.546060000e+00 8.871765000e-02 
1.432050000e+00 1.420497000e+00 1.166521000e-01 
4.032646000e-01 2.098462000e+00 3.848015000e-04 
1.937146000e-03 1.904854000e-02 2.450427000e+00 
1.880894000e+00 2.388013000e-01 7.900216000e-01 
7.253584000e-02 1.318351000e+00 1.389655000e+00 
4.649881000e-02 1.969024000e-02 2.196197000e+00 
2.489912000e+00 3.946161000e-03 7.222181000e-04 
2.493365000e-01 1.836696000e+00 7.217292000e-01 
6.267496000e-02 2.145081000e+00 3.679663000e-02 
1.116119000e+00 1.647967000e-02 1.679930000e+00 
2.246097000e+00 1.692076000e-01 3.298267000e-03 
1.162351000e-01 2.067068000e+00 3.218569000e-02 
7.305691000e-02 1.268457000e+00 1.533827000e+00 
1.710588000e-02 1.861294000e+00 1.013747000e+00 
1.768580000e-01 1.991497000e+00 8.329904000e-02 
1.059508000e-01 1.994850000e-05 2.995915000e+00 
1.448645000e+00 1.563555000e+00 3.830492000e-02 
1.733613000e+00 9.243974000e-02 1.271600000e+00 
6.005841000e-02 2.299329000e+00 1.893647000e-02 
1.017996000e-04 5.627434000e-02 4.926456000e+00 
8.061436000e-02 9.858565000e-01 1.814300000e+00 
7.670433000e-05 5.809128000e-02 6.517648000e+00 
9.660421000e-04 9.179667000e-04 5.645097000e+00 
1.740645000e-02 1.251771000e+00 1.643125000e+00 
1.443332000e-01 2.096271000e-02 2.083547000e+00 
2.069712000e-02 3.100425000e-03 3.203752000e+00 
1.485572000e+00 1.419191000e+00 4.346594000e-02 
1.858148000e+00 2.432314000e-01 7.782614000e-01 
2.132110000e+00 1.228951000e-01 2.049921000e-02 
2.266270000e+00 5.984978000e-02 6.082868000e-03 
1.565059000e-03 2.100030000e-02 3.812441000e+00 
1.509408000e+00 7.337662000e-02 1.313173000e+00 
1.365088000e+00 3.014366000e-03 1.327624000e+00 
1.574775000e-01 7.595089000e+00 5.467950000e-04 
2.305219000e-03 3.048384000e-02 2.310307000e+00 
4.825458000e-02 1.912220000e+00 9.782813000e-02 
4.365022000e-02 1.212213000e+00 1.811107000e+00 
4.291163000e-03 1.454329000e+00 1.205918000e+00 
1.676008000e-03 6.127741000e+00 1.067854000e-01 
1.995289000e+00 1.485617000e-02 6.845149000e-01 
7.763803000e-02 1.350655000e-04 2.691940000e+00 
1.991898000e+00 8.600073000e-02 1.139699000e-01 
2.006498000e+00 3.684139000e-01 1.538866000e-02 
4.630102000e-02 1.067420000e+00 1.924269000e+00 
1.488698000e-03 3.649573000e+00 4.039208000e-01 
2.350176000e-01 1.784307000e+00 7.578607000e-01 
3.301020000e-02 2.158032000e+00 9.554436000e-02 
8.111145000e-03 4.265976000e+00 2.261610000e-01 
3.296478000e-02 5.295315000e-03 2.596468000e+00 
1.064522000e-01 2.014665000e+00 7.653862000e-02 
3.463113000e-02 3.177206000e-05 2.930280000e+00 
1.326480000e-02 3.790092000e-04 6.963523000e+00 
7.467888000e-01 8.868434000e-01 1.742153000e+00 
2.155758000e+00 1.091841000e-01 9.835438000e-03 
3.727034000e-01 1.874321000e-02 2.075858000e+00 
3.911717000e-01 2.059308000e+00 4.166888000e-04 
1.895246000e-01 2.059251000e+00 6.206483000e-02 
1.731058000e-02 2.326691000e+00 1.365424000e-02 
2.961541000e-02 1.035724000e-03 4.655670000e+00 
3.576019000e-01 1.821110000e+00 6.805947000e-01 
1.139123000e+00 1.671295000e+00 2.756138000e-02 
6.973617000e-03 5.258292000e+00 6.359635000e-02 
8.597332000e-01 1.266303000e+00 1.369752000e+00 
6.096585000e-02 1.628047000e-04 2.394548000e+00 
1.213127000e-01 2.273697000e+00 1.377297000e-02 
8.088510000e-01 1.919171000e-01 1.811728000e+00 
2.713448000e+00 7.125943000e-04 2.569167000e-03 
2.620147000e+00 1.714216000e-03 2.656550000e-02 
2.078071000e-03 1.534364000e-02 2.502747000e+00 
1.956323000e+00 3.353255000e-02 8.152199000e-01 
1.094277000e-01 1.414032000e+00 1.376294000e+00 
1.027063000e-02 1.390578000e+00 1.616024000e+00 
1.916213000e-01 2.072899000e+00 9.388363000e-03 
2.082285000e-02 6.097217000e-03 2.573194000e+00 
9.918082000e-01 1.637314000e+00 1.105401000e+00 
1.462485000e+00 1.353358000e+00 1.234688000e-01 
1.286104000e+00 4.837209000e-01 1.600103000e+00 
2.942468000e-02 2.461895000e-02 2.101362000e+00 
1.558895000e-01 2.014575000e+00 6.819889000e-02 
6.595672000e-03 4.809578000e-02 1.934641000e+00 
2.384699000e+00 1.159148000e-01 7.330270000e-04 
1.127666000e+00 9.648517000e-01 1.378775000e+00 
1.358008000e-02 2.421997000e+00 7.378438000e-03 
2.277416000e+00 1.868631000e-01 1.866354000e-03 
2.099588000e+00 3.083696000e-01 1.238854000e-02 
3.623594000e-03 2.068224000e-02 2.392808000e+00 
1.716552000e+00 1.496897000e+00 6.798252000e-04 
1.018288000e+00 3.230292000e-02 1.939372000e+00 
5.847241000e-02 7.916454000e-03 2.149710000e+00 
8.505979000e-01 9.048314000e-01 1.579450000e+00 
5.928210000e-02 3.252282000e-03 2.140713000e+00 
1.073087000e+00 9.822735000e-01 1.241913000e+00 
4.098871000e-01 8.609399000e-03 2.077943000e+00 
1.504781000e+00 1.499520000e+00 1.714949000e-03 
1.220937000e-01 1.826174000e+00 7.249320000e-01 
1.847297000e+00 2.846480000e-01 1.057462000e+00 
1.434162000e+00 1.572413000e+00 3.853684000e-02 
4.751530000e-03 2.964174000e-02 2.043622000e+00 
1.102394000e+00 1.830866000e+00 4.310843000e-02 
1.764970000e+00 7.975347000e-01 9.640433000e-02 
1.944771000e+00 4.087123000e-02 8.077712000e-01 
2.133033000e+00 1.183304000e-03 4.849526000e-02 
2.018660000e-01 1.007676000e+00 1.635466000e+00 
1.980916000e+00 6.600800000e-02 1.994522000e-01 
1.909142000e+00 1.882059000e-01 6.598153000e-02 
2.136655000e+00 1.187572000e-02 9.920069000e-03 

1.291833000e+00 8.684590000e-02 1.697464000e+00 
1.734200000e-03 4.327260000e+00 1.105321000e+00 
1.829047000e-02 1.644361000e+00 1.553009000e+00 
2.070584000e+00 1.535194000e+00 7.675915000e-03 
1.319073000e-01 3.026578000e+00 4.557559000e-03 
1.309957000e+00 6.565843000e-02 1.859224000e+00 
1.281584000e+00 1.368843000e+00 9.520983000e-01 
5.595973000e-02 1.456242000e-03 2.318728000e+00 
1.362349000e+00 6.306542000e-02 1.772712000e+00 
1.674838000e+00 1.224282000e-03 1.481624000e+00 
1.488993000e+00 1.681987000e+00 3.849125000e-02 
8.716954000e-03 2.528119000e+00 3.968073000e-01 
2.076937000e-01 2.958526000e+00 4.000295000e-03 
6.728894000e-05 7.068979000e-06 9.406206000e+00 
1.336214000e-01 2.585105000e+00 1.575753000e-02 
1.892282000e-03 8.153892000e-03 2.536264000e+00 
2.256745000e+00 1.645598000e+00 3.601087000e-03 
1.541449000e-02 1.686987000e+00 1.610310000e+00 
8.690373000e-04 6.723563000e+00 1.404192000e+00 
1.486985000e+00 1.595112000e+00 4.628788000e-02 
7.303804000e-02 2.924641000e+00 1.310103000e-02 
1.567318000e+00 1.710109000e+00 2.557257000e-02 
3.037059000e+00 5.065535000e-02 8.913780000e-03 
4.405630000e-05 4.348140000e-04 6.880289000e+00 
1.286866000e-01 2.651474000e+00 2.223258000e-02 
2.265172000e-03 2.923125000e-01 2.280881000e+00 
1.312798000e-01 1.961574000e+00 2.578561000e-01 
2.642776000e+00 3.416526000e-04 1.745770000e-02 
8.370296000e-02 2.090648000e+00 3.564018000e-02 
2.625074000e+00 3.593632000e-03 1.198036000e-02 
1.041566000e-02 2.316106000e-04 3.172374000e+00 
6.624333000e-04 3.106640000e-01 2.232749000e+00 
1.343776000e+00 1.508747000e+00 1.500293000e-01 
3.192961000e-02 2.415695000e+00 5.715103000e-02 
2.282762000e+00 1.177376000e-02 2.070497000e-02 
3.713919000e+00 1.557168000e-01 4.159014000e-03 
7.294801000e-03 3.289344000e+00 6.462675000e-02 
8.418640000e-03 6.277534000e-02 2.242330000e+00 
1.252406000e+00 8.986229000e-01 1.449613000e+00 
1.061145000e-01 2.611377000e+00 2.254125000e-02 
1.765996000e-01 1.649201000e+00 1.305420000e+00 
1.928092000e+00 8.724795000e-03 1.195663000e+00 
7.207540000e-04 2.204623000e-02 2.288163000e+00 
3.227920000e+00 4.560939000e-02 7.926703000e-03 
9.910127000e-03 7.267896000e-04 5.347439000e+00 
6.817031000e-02 3.632440000e+00 7.246823000e-03 
1.618334000e-01 1.852991000e+00 9.455485000e-01 
1.246654000e-01 1.868619000e+00 9.449234000e-01 
2.234480000e+00 1.758844000e-02 1.443357000e-01 
2.445018000e+00 5.801018000e-03 3.414763000e-01 
2.592971000e+00 3.579506000e-01 1.556154000e-03 
1.372991000e-02 4.937250000e-03 3.003204000e+00 
1.543252000e+00 8.434989000e-03 1.340795000e+00 
3.643929000e-03 2.080880000e+00 1.120148000e+00 
2.480166000e+00 1.247866000e-01 1.322623000e-02 
5.067625000e-04 2.868571000e-01 2.352675000e+00 
2.257828000e+00 1.857641000e-02 1.192134000e-01 
3.685493000e+00 6.360931000e-01 1.481823000e-03 
3.869619000e-02 2.251403000e+00 2.779552000e-02 
3.082589000e-02 2.211723000e+00 5.842369000e-02 
1.175218000e-02 3.287053000e+00 3.722902000e-01 
5.125150000e+00 1.453113000e-01 1.721991000e-03 
2.023369000e+00 1.359249000e+00 5.338837000e-02 
1.341603000e-03 5.994762000e-03 3.576756000e+00 
1.270353000e+00 3.017553000e-01 1.824022000e+00 
3.831836000e+00 5.706684000e-01 1.492431000e-03 
1.875769000e-02 6.307127000e-02 2.179213000e+00 
3.251169000e+00 2.424561000e-01 6.446477000e-03 
9.391098000e-01 7.457327000e-01 1.771090000e+00 
1.531737000e+00 1.031108000e+00 9.653823000e-01 
4.513218000e-03 4.957178000e+00 9.272922000e-01 
2.110043000e+00 8.767795000e-02 8.555380000e-02 
1.792068000e+00 1.762077000e+00 2.171771000e-03 
2.429105000e-03 3.038817000e+00 1.668011000e+00 
2.537220000e+00 1.040250000e-01 1.978024000e-02 
1.086201000e+00 1.121630000e+00 1.460438000e+00 
1.397699000e-02 2.731768000e+00 1.866324000e-01 
2.598639000e+00 9.269975000e-02 1.536935000e-02 
1.891195000e-04 8.250861000e-03 2.562378000e+00 
1.031709000e-01 3.033298000e+00 8.730774000e-03 
1.460875000e+00 1.641473000e+00 7.918975000e-02 
1.307485000e+00 8.227117000e-02 1.811880000e+00 
3.373330000e+00 1.458618000e-01 6.438418000e-03 
8.056351000e-01 9.189207000e-01 1.783179000e+00 
2.207608000e+00 5.493904000e-02 5.960593000e-02 
1.022795000e-02 1.908186000e+00 1.799238000e+00 
1.382533000e+00 1.478665000e+00 1.861143000e-01 
1.182308000e-02 7.463601000e-03 2.930168000e+00 
1.511018000e+00 2.783943000e-02 1.450889000e+00 
4.961204000e-03 2.065197000e+00 1.221147000e+00 
1.336870000e+00 5.158481000e-03 1.877269000e+00 
1.254255000e-01 4.109151000e+00 7.099892000e-03 
8.480703000e-01 9.096960000e-01 1.800100000e+00 
1.193696000e+00 1.302136000e+00 1.397810000e+00 
1.102347000e-01 1.588341000e+00 1.323180000e+00 
1.701399000e-02 2.899140000e+00 1.713860000e-02 
2.144471000e+00 2.359140000e-01 6.348289000e-02 
2.582638000e+00 3.557591000e-01 2.742161000e-03 
9.016808000e-01 1.334170000e+00 1.525921000e+00 
1.903061000e-02 3.256699000e+00 9.366391000e-03 
7.835898000e-02 2.081038000e+00 1.339134000e-01 
1.674110000e+00 1.334929000e+00 7.343345000e-02 
1.546955000e+00 1.534352000e+00 7.397504000e-02 
5.951352000e-02 2.879484000e+00 1.692580000e-02 
1.622244000e-02 1.727513000e+00 1.376045000e+00 
2.153095000e+00 1.311155000e-01 3.279976000e-02 
6.961355000e-04 2.719637000e-01 2.300097000e+00 
3.031433000e-02 3.837937000e-03 2.162177000e+00 
1.438369000e-01 2.780825000e+00 1.517559000e-02 
2.280084000e+00 1.672860000e-01 1.604181000e-02 
2.271500000e+00 1.136666000e-02 3.931548000e-01 
4.627892000e-02 2.075242000e+00 1.060425000e+00 
2.159750000e+00 1.624057000e-02 1.446969000e-01 
4.915632000e-02 1.769345000e+00 1.052276000e+00 
1.259581000e+00 1.382919000e+00 1.139247000e+00 
2.359372000e+00 1.417612000e-01 1.377709000e-02 
8.298222000e-01 8.785664000e-01 1.808478000e+00 
1.307414000e+00 1.057584000e+00 1.437740000e+00 
1.784967000e+00 1.313616000e-02 9.088710000e-01 
2.097342000e-01 2.293486000e+00 7.940680000e-04 
1.769270000e+00 4.105888000e-02 9.878905000e-01 
7.398581000e-03 1.311290000e+00 1.857124000e+00 
1.654910000e+00 1.570372000e+00 1.067974000e-02 
1.258666000e+00 1.800431000e+00 3.265459000e-03 
1.322383000e+00 3.106342000e-02 1.807141000e+00 
2.083893000e+00 2.530313000e-01 6.205236000e-02 
1.530680000e+00 1.162621000e+00 7.866415000e-02 
1.854924000e-02 2.633004000e+00 4.710355000e-02 
1.373002000e+00 1.542790000e+00 8.399635000e-02 
1.015899000e+00 6.732149000e-01 1.516079000e+00 
5.798063000e-02 1.125871000e-03 2.286477000e+00 
2.109008000e+00 1.736535000e-02 1.861244000e-01 
2.696821000e-01 1.796470000e+00 1.035352000e+00 
3.260803000e-02 1.592417000e+00 1.517587000e+00 
7.349188000e-02 1.215484000e+00 1.530845000e+00 
2.358739000e+00 1.247443000e-01 1.696620000e-02 
2.585967000e-02 1.378803000e+00 1.602330000e+00 
1.436032000e+00 1.100332000e+00 9.167414000e-01 
1.386615000e+00 1.468538000e+00 8.428594000e-02 
5.360906000e-01 2.131678000e+00 2.321396000e-02 
5.159208000e-04 2.959201000e-01 2.248008000e+00 
1.280354000e+00 1.000922000e-01 1.705862000e+00 
1.619185000e-02 1.815378000e+00 1.420185000e+00 

