1.205881000e+00 7.155335000e-01 2.124063000e-03 
3.940425000e-01 1.260750000e+00 3.389423000e-02 
1.175631000e+00 6.587908000e-01 8.723182000e-02 
1.343290000e+00 3.865342000e-03 3.912138000e-02 
2.139267000e+00 4.859401000e-04 3.724379000e-02 
7.233881000e-01 1.876054000e-02 1.082271000e+00 
2.861010000e-02 1.121069000e+00 5.689988000e-01 
1.353591000e+00 9.981881000e-01 2.853038000e-04 
1.096274000e-01 1.172562000e+00 5.503038000e-01 
1.573492000e-01 1.375541000e+00 1.285594000e-03 
1.961305000e-02 8.549503000e-01 1.068988000e+00 
1.902987000e-02 5.982646000e-01 1.163642000e+00 
1.524896000e-01 1.344241000e+00 2.441435000e-03 
1.075578000e+00 8.281743000e-01 3.748781000e-03 
6.657213000e-01 1.203643000e+00 6.727428000e-03 
1.982382000e+00 5.387881000e-03 6.659107000e-03 
7.043896000e-01 1.097168000e+00 9.622506000e-03 
1.007125000e+00 1.625065000e-01 7.991510000e-01 
4.783501000e-03 1.223421000e+00 8.086747000e-01 
8.193739000e-04 8.841950000e-03 1.391567000e+00 
7.043347000e-01 4.831505000e-01 1.030964000e+00 
6.719076000e-01 1.730333000e+00 2.295185000e-04 
7.420074000e-01 1.255352000e+00 1.344229000e-03 
6.680746000e-01 1.120770000e+00 1.123948000e-01 
1.791408000e+00 2.781167000e-02 2.529789000e-03 
9.975977000e-01 8.119025000e-01 4.581862000e-01 
1.219324000e+00 3.442183000e-02 4.826897000e-01 
7.402931000e-04 2.162183000e+00 3.947870000e-02 
4.486252000e-03 8.093494000e-01 1.127558000e+00 
6.075408000e-01 1.117588000e+00 1.424444000e-01 
1.165047000e+00 7.169879000e-01 1.977844000e-02 
1.548711000e-02 5.159079000e-01 1.276492000e+00 
6.462864000e-01 1.142654000e+00 7.573319000e-02 
1.154008000e-04 1.848653000e+00 6.101887000e-02 
1.915011000e+00 9.036560000e-02 4.198176000e-04 
1.117632000e+00 3.521174000e-01 5.551937000e-01 
1.542817000e-02 1.042943000e+00 8.540572000e-01 
3.186327000e-01 9.796972000e-01 7.938208000e-01 
1.428851000e+00 5.804088000e-03 1.628215000e-02 
7.395306000e-01 8.647128000e-01 6.504009000e-01 
3.168721000e-01 9.879636000e-01 8.003248000e-01 
4.221021000e-02 4.657362000e-01 1.245279000e+00 
4.816552000e-05 3.908182000e-04 2.046646000e+00 
1.038796000e-01 4.942421000e+00 4.928849000e-06 
2.289194000e-04 2.471030000e-03 1.420482000e+00 
8.198845000e-01 1.020745000e+00 1.123785000e-01 
1.875099000e-04 1.538132000e-03 1.809666000e+00 
5.182724000e-02 5.237978000e-03 1.328548000e+00 
5.310945000e-03 1.202572000e+00 7.890575000e-01 
9.974984000e-01 8.981536000e-01 1.125241000e-02 
6.545804000e-01 1.196656000e+00 4.355364000e-02 
1.268281000e+00 3.218628000e-02 8.954466000e-02 
4.005200000e-01 8.225414000e-01 1.011677000e+00 
1.135932000e-01 1.331497000e+00 1.505471000e-02 
1.004154000e-03 1.606504000e-04 1.770605000e+00 
5.234142000e-01 5.277863000e-01 1.096397000e+00 
8.184027000e-01 6.050811000e-01 8.744669000e-01 
6.966945000e-01 9.514160000e-01 6.601288000e-01 
2.270326000e-01 3.775718000e-01 1.246869000e+00 
5.674367000e-02 6.328482000e-01 1.159160000e+00 
1.256017000e-01 4.510314000e+00 6.052033000e-04 
9.988902000e-03 1.368958000e+00 2.342443000e-03 
1.099634000e+00 1.999043000e-02 9.106842000e-01 
1.319742000e+00 1.558105000e-02 1.934743000e-02 
1.277870000e+00 3.616171000e-01 7.164461000e-03 
1.054716000e-02 7.940705000e-01 1.091223000e+00 
1.448961000e+00 2.521135000e-02 9.013657000e-03 
8.601791000e-06 4.096035000e-04 4.025180000e+00 
5.236469000e-01 8.658757000e-01 7.701182000e-01 
9.166908000e-01 8.584936000e-01 5.490406000e-01 
8.566911000e-01 1.014523000e+00 2.546619000e-02 
7.510855000e-01 7.127206000e-01 8.610570000e-01 
9.471661000e-01 7.263428000e-01 6.026679000e-01 
9.287902000e-04 1.539077000e-02 1.347563000e+00 
1.002475000e+00 8.985335000e-01 2.352281000e-03 
1.879097000e-02 1.287915000e+00 2.020244000e-01 
8.298875000e-01 1.030618000e+00 1.499352000e-02 
7.796749000e-01 3.079768000e-03 1.021779000e+00 
6.595388000e-01 1.206743000e+00 4.288540000e-02 
1.021874000e+00 9.333873000e-01 1.276134000e-03 
3.846959000e-01 6.735760000e-01 1.066778000e+00 
1.173060000e+00 7.225570000e-01 1.955068000e-02 
9.716799000e-01 2.653552000e-03 9.841904000e-01 
4.158478000e-03 7.117717000e-03 1.355421000e+00 
3.916913000e-01 7.137003000e-01 1.048949000e+00 
2.667588000e-02 1.891393000e+00 6.542484000e-04 
1.157654000e+00 7.664332000e-01 2.114221000e-03 
1.263937000e+00 6.047415000e-02 1.488535000e-02 
5.257208000e-05 2.974460000e-03 1.822581000e+00 
7.628284000e-01 3.011915000e-03 1.033331000e+00 
7.427987000e-01 7.152487000e-01 8.575760000e-01 
5.503180000e-01 8.596315000e-01 8.176923000e-01 
1.134791000e+00 1.483699000e-02 5.314698000e-01 
2.821513000e+00 1.836126000e-01 2.272096000e-04 
6.836751000e-01 8.258574000e-03 1.125520000e+00 
9.844171000e-01 6.704767000e-01 6.653454000e-01 
9.155388000e-03 1.236156000e+00 5.599367000e-01 
1.041214000e+00 8.372630000e-01 9.676904000e-03 
8.094078000e-01 2.947358000e-03 1.037216000e+00 
8.780229000e-01 1.033637000e+00 1.188712000e-02 
7.550772000e-01 6.886923000e-01 8.979510000e-01 
5.987319000e-01 1.535841000e-02 1.122628000e+00 
1.478105000e+00 5.576882000e-02 1.074894000e-03 
6.468300000e-01 1.152454000e+00 7.440317000e-02 
1.140197000e+00 5.359663000e-05 5.605720000e-01 
4.269684000e-01 3.252167000e-03 1.195098000e+00 
1.011768000e+00 3.927254000e-02 9.029643000e-01 
8.512825000e-03 1.303559000e+00 1.695275000e-02 
8.220671000e-01 1.072273000e+00 1.588378000e-02 
2.235567000e-03 2.336474000e-02 1.306902000e+00 
9.014464000e-01 5.173602000e-02 9.475009000e-01 
4.268614000e-01 1.296905000e+00 2.221245000e-02 
1.513898000e-03 1.341302000e+00 1.457425000e-01 
1.385964000e+00 2.653239000e-03 4.878287000e-02 
1.073073000e-02 9.891523000e-05 1.476813000e+00 
8.184250000e-02 8.855751000e-01 9.782577000e-01 
5.944259000e-01 1.857144000e+00 1.537108000e-04 
1.854529000e-02 6.394082000e-01 1.154436000e+00 
1.427241000e-02 9.285021000e-04 1.332186000e+00 
5.374913000e-01 8.618395000e-01 7.957582000e-01 
1.261000000e+00 3.088817000e-01 7.974100000e-02 
2.008652000e+00 8.904737000e-04 1.895086000e-01 
8.311947000e-01 1.512569000e-03 1.055805000e+00 
8.096845000e-01 6.009657000e-01 9.076943000e-01 
2.147816000e+00 1.215821000e-04 2.013046000e-02 
9.883340000e-01 5.518989000e-02 8.762796000e-01 
7.526618000e-01 1.089355000e+00 3.878591000e-03 
1.241949000e+00 3.807419000e-01 8.887331000e-02 
4.680540000e-01 4.379898000e-01 1.150138000e+00 
1.376943000e-03 1.843612000e+00 1.579793000e-01 
6.252094000e-01 9.631700000e-01 6.225198000e-01 
7.262957000e-02 8.787932000e-01 1.016825000e+00 
1.346100000e-01 3.576282000e-01 1.281208000e+00 
4.394875000e-02 5.107706000e-01 1.225050000e+00 
4.031061000e-02 1.116883000e+00 7.219294000e-01 
6.814041000e-01 1.121153000e+00 1.099957000e-01 
6.880100000e-01 1.157608000e+00 1.463881000e-02 
5.237182000e-01 8.938280000e-01 7.536981000e-01 
9.938913000e-01 5.534431000e-01 5.593844000e-01 
2.700571000e-02 1.242014000e+00 5.386419000e-01 
8.753295000e-04 9.100363000e-01 9.401643000e-01 
3.043644000e-04 8.242681000e-01 1.123145000e+00 
4.342510000e-01 4.430680000e-01 1.121966000e+00 
1.412516000e+00 1.213915000e-01 9.687384000e-04 
9.994506000e-01 8.243672000e-01 1.177680000e-02 
1.851134000e+00 2.823482000e-03 4.826604000e-02 
1.449297000e+00 1.053072000e-02 1.600189000e-02 
1.080134000e+00 6.745227000e-01 7.238367000e-02 
1.031533000e+00 1.173876000e-01 8.120490000e-01 
6.950433000e-01 1.260071000e+00 2.501091000e-03 
9.093077000e-05 1.221078000e+00 9.445833000e-01 
2.716509000e-01 8.093789000e-01 1.068039000e+00 
9.567390000e-01 5.274942000e-03 9.544891000e-01 
7.118206000e-01 6.014886000e-01 9.442101000e-01 
1.987240000e+00 2.846005000e-02 5.018319000e-04 
1.125104000e+00 1.024743000e-02 9.205621000e-01 
4.489409000e-01 7.858624000e-01 9.198194000e-01 
7.950641000e-02 8.653958000e-01 1.001251000e+00 
4.626045000e-02 7.820215000e-01 1.074896000e+00 
1.307889000e+00 6.062696000e-03 2.000898000e-01 
1.282843000e-01 1.001144000e+00 8.398979000e-01 
1.642943000e+00 1.354849000e-02 7.733620000e-03 
9.069257000e-01 5.158213000e-01 9.016307000e-01 
4.948089000e-01 9.018754000e-01 8.744896000e-01 
7.380133000e-01 8.878999000e-01 5.808553000e-01 
9.676435000e-03 4.875130000e-04 1.372313000e+00 
4.439733000e-03 1.442095000e+00 6.557197000e-03 
7.074958000e-02 9.459223000e-01 8.850780000e-01 
8.682636000e-01 6.117207000e-02 9.179539000e-01 
9.799850000e-01 5.959626000e-01 7.792241000e-01 
1.301966000e+00 2.843419000e-02 7.966780000e-03 
1.046186000e+00 7.043165000e-02 8.538946000e-01 
5.471906000e-01 1.071482000e+00 5.417634000e-01 
1.244660000e-01 1.234255000e+00 5.436109000e-01 
8.892569000e-01 1.063148000e+00 7.429366000e-03 
1.052656000e-01 1.215884000e+00 5.601119000e-01 
1.166102000e-01 1.163424000e+00 5.599500000e-01 
1.518481000e-02 5.900709000e-01 1.183696000e+00 
1.254385000e+00 3.923515000e-01 2.261098000e-02 
5.663709000e-01 9.661323000e-01 6.570009000e-01 
1.335321000e+00 3.971346000e-03 4.044098000e-02 
1.225093000e-01 6.513034000e-01 1.134842000e+00 
1.201651000e+00 7.603997000e-02 5.245175000e-01 
8.626438000e-01 9.346696000e-02 9.849424000e-01 
1.180256000e-01 3.942548000e-01 1.225915000e+00 
1.125353000e+00 3.399079000e-02 7.538424000e-01 
1.217099000e+00 3.955574000e-01 1.679335000e-01 
1.074166000e+00 3.217471000e-02 8.501257000e-01 
1.051745000e+00 7.907137000e-01 1.334409000e-01 
2.799991000e-02 1.205412000e+00 5.871139000e-01 
3.205084000e-03 5.934704000e-01 1.230351000e+00 
1.613550000e-03 1.278344000e+00 5.904201000e-01 
6.483326000e-02 8.480903000e-01 1.071051000e+00 
6.651065000e-01 7.806451000e-01 7.906064000e-01 
6.317871000e-03 8.106973000e-01 1.110892000e+00 
2.393448000e-02 5.115781000e-01 1.216383000e+00 
6.266349000e-02 7.247483000e-01 1.094932000e+00 
6.672685000e-01 1.196633000e+00 2.465786000e-02 
8.423478000e-01 9.945942000e-01 1.085266000e-01 
1.078479000e+00 2.093583000e-01 7.687657000e-01 
1.231781000e+00 5.901731000e-01 1.237949000e-01 
2.158245000e-03 1.330813000e+00 1.611347000e-02 
1.212840000e+00 7.112043000e-01 1.694910000e-02 
1.041881000e+00 4.334442000e-02 8.674690000e-01 
3.375516000e-01 1.104129000e+00 6.713600000e-01 
3.474453000e-03 1.225465000e+00 8.136414000e-01 
9.121384000e-01 5.986006000e-01 8.508216000e-01 
1.392223000e-02 1.353033000e+00 9.039314000e-03 
5.922143000e-01 1.141727000e+00 1.945285000e-01 
7.652869000e-01 6.920085000e-01 8.348595000e-01 
8.905243000e-01 6.490387000e-01 7.368177000e-01 
6.124664000e-01 8.949191000e-01 7.265197000e-01 
7.178623000e-03 8.571525000e-01 1.065371000e+00 
8.126212000e-01 8.149168000e-01 5.751043000e-01 
1.011665000e+00 4.496922000e-02 8.659325000e-01 
7.848909000e-01 1.135596000e+00 3.169447000e-03 
4.560659000e-04 3.310569000e-02 1.354344000e+00 
9.873059000e-03 7.501695000e-01 1.109657000e+00 
8.383564000e-01 4.768316000e-01 9.734844000e-01 
6.471212000e-03 1.163029000e+00 7.683726000e-01 
6.956228000e-03 1.039234000e+00 8.567237000e-01 
3.291545000e-01 1.071780000e+00 6.946999000e-01 
2.312027000e-03 5.991145000e-01 1.289850000e+00 
3.112253000e-01 6.905811000e-03 1.318582000e+00 
7.095186000e-01 7.319666000e-02 1.086333000e+00 
4.425212000e-01 1.315089000e+00 1.348976000e-02 
8.687144000e-01 1.076968000e+00 2.344447000e-04 
1.184041000e+00 3.729887000e-01 4.656863000e-01 
6.602638000e-01 1.228470000e+00 5.347033000e-03 
1.537416000e+00 1.787205000e-02 6.300281000e-03 
7.884295000e-01 1.069414000e+00 1.675835000e-02 
9.340443000e-02 1.098155000e+00 7.272038000e-01 
6.929396000e-04 8.918490000e-01 1.064861000e+00 
8.304390000e-01 7.512850000e-01 5.670965000e-01 
1.457187000e+00 3.073990000e-02 1.872885000e-03 
1.212884000e-03 8.215183000e-01 1.128789000e+00 
9.596605000e-01 9.006155000e-01 4.570647000e-01 
3.993405000e-01 7.013204000e-01 1.040267000e+00 
3.889848000e-02 9.316567000e-01 9.212037000e-01 
4.106362000e-02 3.749482000e-04 1.359053000e+00 
6.431569000e-01 4.510673000e-01 1.068316000e+00 
6.183083000e-01 6.694737000e-03 1.169673000e+00 
1.121188000e+00 1.004910000e-01 7.157831000e-01 
8.972756000e-01 8.713618000e-04 1.097823000e+00 
1.297404000e+00 3.343263000e-02 1.922586000e-03 
6.778321000e-02 3.658435000e-03 1.323622000e+00 
1.415160000e+00 1.476615000e-02 1.328364000e-02 
8.205449000e-01 7.894012000e-03 1.000272000e+00 
3.640112000e-02 9.322147000e-01 9.229556000e-01 
1.177078000e-01 1.295450000e+00 4.199239000e-02 
9.879940000e-01 4.558517000e-02 8.820689000e-01 
1.060668000e+00 1.725314000e-01 7.696500000e-01 
6.316087000e-01 1.165523000e+00 7.706564000e-02 
3.693469000e-03 6.217459000e-01 1.216641000e+00 
7.940298000e-01 1.044032000e+00 3.524341000e-02 
1.132341000e+00 1.192728000e-01 6.961466000e-01 
6.478348000e-01 4.917134000e-01 1.025614000e+00 
2.787464000e-02 1.209319000e+00 5.900717000e-01 
1.123155000e+00 8.445647000e-02 7.368562000e-01 
6.538490000e-01 6.065487000e-01 9.275132000e-01 
9.922818000e-01 9.080686000e-01 2.418645000e-03 
8.763878000e-01 5.653681000e-01 8.766257000e-01 
6.875874000e-01 8.333081000e-01 7.086942000e-01 
2.187834000e-01 9.221781000e-01 9.387778000e-01 
2.564262000e-02 2.268340000e-04 1.442476000e+00 
1.435932000e-02 1.274019000e+00 5.137108000e-01 
4.401961000e-01 7.768778000e-01 9.267422000e-01 
2.961503000e-01 5.216431000e-01 1.176408000e+00 
9.991589000e-03 1.135701000e+00 7.505366000e-01 
9.774004000e-01 9.101307000e-01 3.592130000e-02 
4.993399000e-03 1.378508000e+00 9.156617000e-03 
1.719043000e-03 1.437688000e-05 1.494397000e+00 
4.054545000e-01 6.965490000e-01 1.058290000e+00 
1.602846000e+00 2.868520000e-02 2.294705000e-03 
8.240755000e-01 9.247490000e-01 5.706073000e-01 
5.463734000e-01 1.119357000e+00 6.582712000e-01 
3.150591000e-01 4.946719000e-01 1.149574000e+00 
3.328570000e-01 3.078446000e-01 1.237641000e+00 
6.532474000e-01 7.996211000e-01 8.558368000e-01 
6.946783000e-03 1.258129000e+00 5.256052000e-01 
3.312121000e-04 1.090875000e+00 9.021747000e-01 
1.201179000e+00 3.638557000e-01 1.681969000e-01 
1.233401000e-01 3.847910000e-01 1.214394000e+00 
9.079673000e-02 1.069030000e+00 8.123698000e-01 
7.629309000e-01 8.795816000e-01 6.401564000e-01 
1.257897000e+00 4.488083000e-01 1.985014000e-02 
4.972098000e-02 1.242348000e+00 5.243360000e-01 
6.462567000e-01 5.062869000e-01 1.029764000e+00 
9.549263000e-01 6.907345000e-01 6.059906000e-01 
3.994708000e-01 7.010335000e-01 1.059596000e+00 
9.561355000e-01 9.214959000e-01 2.443603000e-02 
1.081871000e+00 7.721340000e-01 5.280456000e-03 
7.939215000e-01 1.074249000e+00 8.081250000e-03 
1.040593000e+00 1.703662000e-01 7.971856000e-01 
2.905983000e-02 8.724952000e-01 1.048100000e+00 
4.903987000e-01 6.089153000e-01 1.068938000e+00 
6.046678000e-01 1.314321000e-02 1.130517000e+00 
6.547313000e-01 1.136341000e+00 7.428387000e-02 
3.698842000e-03 6.207008000e-01 1.216665000e+00 
1.290194000e+00 4.184810000e-02 4.447194000e-02 
1.361493000e-01 9.878214000e-01 8.449873000e-01 
9.666357000e-01 6.951604000e-02 8.871597000e-01 
1.073128000e+00 7.767445000e-01 5.212526000e-03 
2.034383000e-03 1.105252000e+00 8.207484000e-01 
8.037028000e-01 1.038129000e+00 4.805185000e-02 
1.356259000e+00 5.207444000e-03 3.308194000e-02 
1.142523000e-01 1.301335000e+00 1.357642000e-02 
8.782940000e-01 5.899142000e-02 9.214805000e-01 
9.515901000e-01 4.403966000e-02 8.914013000e-01 
1.068050000e+00 8.017115000e-01 2.488301000e-02 
5.060162000e-01 8.668936000e-01 7.919882000e-01 
1.907673000e-02 1.006947000e+00 8.295516000e-01 
1.017140000e-02 1.155173000e+00 7.462411000e-01 
9.984583000e-01 8.827755000e-01 1.224017000e-01 
6.252297000e-01 1.227681000e-02 1.160963000e+00 
1.126329000e+00 3.505635000e-01 5.564374000e-01 
1.105409000e+00 6.304236000e-01 4.739774000e-01 
5.469790000e-01 1.232488000e+00 1.269532000e-02 
5.253374000e-02 9.764573000e-01 9.006486000e-01 
2.063196000e-02 1.418419000e-03 1.331759000e+00 
1.153948000e+00 5.622171000e-05 5.447469000e-01 
6.859785000e-01 8.662577000e-01 7.205139000e-01 
8.791623000e-03 5.953989000e-01 1.209288000e+00 
1.146406000e+00 3.668491000e-01 4.661864000e-01 
9.286507000e-02 1.286174000e+00 8.038494000e-02 
1.986152000e-01 1.197540000e+00 5.038163000e-01 
5.922143000e-01 1.141727000e+00 1.945285000e-01 
5.922143000e-01 1.141727000e+00 1.945285000e-01 
3.131854000e-01 5.095463000e-01 1.103342000e+00 
5.714249000e-01 9.797397000e-01 5.729291000e-01 
5.169534000e-02 4.444290000e-01 1.229493000e+00 
1.192311000e+00 6.125217000e-01 2.300641000e-02 
4.045522000e-01 3.246058000e-02 1.248335000e+00 
2.035687000e-01 1.183039000e+00 5.246533000e-01 
5.597928000e-01 6.719475000e-01 9.246275000e-01 
9.105753000e-01 9.149957000e-01 3.189730000e-02 
1.173195000e+00 6.666053000e-01 8.736630000e-02 
6.632855000e-01 1.135554000e+00 7.446583000e-02 
6.581985000e-01 2.074509000e-01 1.066748000e+00 
8.929596000e-02 1.103104000e+00 7.310598000e-01 
1.289940000e-01 4.286369000e-01 1.184168000e+00 
5.088704000e-02 1.257284000e+00 2.744272000e-01 
1.579011000e-02 9.951852000e-01 8.732534000e-01 
1.167513000e-01 3.978153000e-01 1.225893000e+00 
7.476713000e-01 7.774383000e-01 7.110149000e-01 

1.062160000e+00 6.741072000e-01 6.916349000e-02 
7.113691000e-01 7.862792000e-01 6.342873000e-01 
1.014726000e+00 2.755326000e-02 8.279284000e-01 
1.510604000e+00 7.706486000e-03 7.552182000e-03 
1.410173000e-02 1.692702000e+00 3.680626000e-03 
9.004070000e-01 2.531537000e-02 8.343608000e-01 
1.320141000e-02 1.676429000e-03 1.317619000e+00 
5.949034000e-01 1.197206000e-02 1.150121000e+00 
2.132702000e-03 1.134711000e+00 7.381835000e-01 
3.483732000e-03 1.368740000e+00 6.729453000e-02 
8.661290000e-01 9.066894000e-01 4.100501000e-02 
6.266313000e-04 7.330963000e-01 1.288787000e+00 
1.886438000e-03 3.889293000e-06 1.945847000e+00 
6.935667000e-05 1.109121000e-03 1.794424000e+00 
1.895080000e-02 1.038540000e+00 8.425306000e-01 
9.294326000e-01 1.881138000e-02 8.416036000e-01 
1.715983000e-02 2.350865000e+00 1.021514000e-03 
6.974502000e-01 5.246981000e-01 8.939015000e-01 
4.556875000e-01 1.079533000e+00 5.603570000e-01 
2.142151000e+00 2.280233000e-01 6.034394000e-04 
1.059170000e+00 8.668483000e-01 1.147797000e-04 
1.018122000e+00 2.569356000e-03 1.009209000e+00 
1.200549000e+00 4.078968000e-03 8.441495000e-01 
1.221692000e+00 1.093327000e-02 5.660537000e-01 
9.914447000e-01 7.597495000e-01 9.184626000e-02 
1.167482000e+00 5.483468000e-03 8.918246000e-01 
8.894560000e-01 9.469783000e-01 3.728015000e-03 
1.062076000e+00 7.130410000e-01 7.860041000e-02 
1.262543000e+00 3.871365000e-01 4.892577000e-03 
1.364811000e-01 1.210157000e+00 9.829805000e-02 
1.302981000e+00 7.001482000e-03 3.544111000e-02 
9.129957000e-01 3.150922000e-01 8.212210000e-01 
7.355336000e-01 2.371847000e-02 1.087094000e+00 
1.165220000e+00 5.049085000e-01 1.419682000e-01 
7.863014000e-01 1.101364000e+00 1.388065000e-03 
1.793179000e-02 1.094449000e+00 6.630752000e-01 
2.489912000e+00 3.946161000e-03 7.222181000e-04 
7.360906000e-01 4.773413000e-02 1.018937000e+00 
2.341504000e+00 1.444646000e-02 2.566954000e-03 
7.336346000e-01 6.851911000e-02 1.087708000e+00 
7.650570000e-01 6.259618000e-01 8.020089000e-01 
2.661609000e-02 1.167383000e+00 6.244945000e-01 
7.272652000e-01 9.728330000e-01 4.636397000e-01 
1.221685000e+00 1.564615000e-02 5.962319000e-01 
8.599102000e-01 8.146342000e-02 9.154608000e-01 
8.809805000e-01 4.700577000e-01 8.709544000e-01 
1.153836000e+00 5.152502000e-01 9.208785000e-02 
1.214805000e+00 3.778265000e-03 8.559173000e-01 
7.349598000e-01 8.180995000e-03 1.165792000e+00 
2.173977000e-01 1.174280000e+00 4.948015000e-01 
1.020180000e+00 7.849204000e-01 1.680608000e-02 
4.000924000e-01 1.741899000e-01 1.232927000e+00 
2.059764000e+00 3.850490000e-03 1.258109000e-02 
1.049459000e-02 9.073645000e-01 8.784353000e-01 
1.142380000e+00 5.942726000e-01 4.628101000e-01 
5.822876000e-01 9.541914000e-01 7.277030000e-01 
9.580675000e-01 5.095011000e-01 6.915517000e-01 
4.730744000e-01 5.458895000e-01 1.050341000e+00 
4.686607000e-01 5.503750000e-01 1.102351000e+00 
7.082088000e-01 1.102008000e+00 6.912321000e-02 
1.265910000e+00 7.715107000e-03 2.329821000e-01 
1.112303000e-02 5.776941000e-01 1.140745000e+00 
8.072457000e-01 7.854916000e-01 6.153952000e-01 
1.173506000e+00 2.374537000e-02 5.837217000e-01 
8.051757000e-01 7.268931000e-01 7.861724000e-01 
1.729120000e-04 8.583354000e-01 1.415205000e+00 
1.056108000e-01 7.454722000e-06 1.581935000e+00 
1.037832000e+00 7.581576000e-01 1.470890000e-03 
1.561380000e+00 1.472103000e-02 7.066138000e-03 
4.155654000e-03 8.757838000e-01 8.940191000e-01 
1.842480000e-03 1.732028000e+00 1.093926000e-02 
9.490699000e-01 5.073345000e-01 7.417340000e-01 
1.496539000e-03 1.679956000e+00 3.663791000e-02 
1.318388000e-02 5.242810000e-01 1.235247000e+00 
1.576195000e-02 6.456984000e-01 1.077977000e+00 
2.288459000e-02 1.386808000e+00 1.408259000e-02 
1.397056000e+00 1.431630000e-01 1.577057000e-03 
1.536821000e-03 1.013870000e+00 8.804549000e-01 
6.373855000e-01 1.182881000e-02 1.134473000e+00 
4.768063000e-02 1.104860000e+00 5.977549000e-01 
8.945091000e-01 3.070494000e-02 8.854695000e-01 
1.143420000e+00 5.939039000e-01 4.630805000e-01 
1.092473000e-01 2.153673000e-05 1.411492000e+00 
1.361085000e-03 1.681069000e+00 5.546545000e-02 
3.151817000e-03 1.665024000e+00 5.290048000e-02 
7.039456000e-01 5.237581000e-01 8.452896000e-01 
6.738279000e-01 8.967352000e-01 6.977688000e-01 
1.198617000e+00 1.440060000e-02 8.543089000e-01 
9.407002000e-01 7.173325000e-01 3.969395000e-01 
6.536263000e-01 8.598592000e-01 7.776923000e-01 
1.871212000e+00 5.483606000e-02 2.429322000e-03 
1.202269000e+00 1.016654000e-02 7.958455000e-01 
8.089950000e-01 1.058576000e-02 1.122390000e+00 
4.408285000e-01 4.082510000e-02 1.238483000e+00 
9.894622000e-01 1.610954000e-02 8.497038000e-01 
1.416272000e+00 1.688982000e-01 1.450100000e-03 
2.713448000e+00 7.125943000e-04 2.569167000e-03 
8.767959000e-01 9.049601000e-01 4.088186000e-02 
1.223041000e+00 3.762540000e-03 8.582245000e-01 
9.716864000e-01 7.949680000e-01 4.622790000e-02 
1.128896000e+00 3.232267000e-04 1.033226000e+00 
1.333905000e+00 3.145105000e-04 1.306713000e-02 
1.118757000e+00 1.634362000e-03 1.118825000e+00 
5.341255000e-01 1.218579000e+00 7.428376000e-02 
7.350683000e-01 9.688782000e-01 4.387898000e-01 
1.139578000e+00 4.964173000e-02 5.495177000e-01 
7.175210000e-01 1.107911000e+00 4.847207000e-02 
4.042330000e-03 1.573149000e+00 1.101516000e-02 
6.949267000e-01 9.637645000e-01 5.277899000e-01 
1.080949000e+00 3.623635000e-03 9.807088000e-01 
2.384699000e+00 1.159148000e-01 7.330270000e-04 
1.481231000e-02 1.429954000e+00 4.638947000e-03 
1.358008000e-02 2.421997000e+00 7.378438000e-03 
3.607128000e-03 9.152040000e-01 8.893971000e-01 
1.312507000e+00 7.248838000e-04 1.373149000e-02 
5.870737000e-02 1.301563000e+00 2.373847000e-04 
2.640752000e-02 1.617678000e-04 1.313434000e+00 
1.111291000e+00 6.350606000e-01 8.145357000e-02 
4.679609000e-01 1.050786000e+00 5.417603000e-01 
4.197749000e-02 1.543798000e+00 3.533264000e-04 
2.051280000e-02 1.276974000e+00 4.774885000e-01 
4.050672000e-02 1.168013000e+00 5.667428000e-01 
3.284348000e-01 7.554000000e-01 1.055158000e+00 
3.770544000e-03 1.374244000e+00 6.563576000e-02 
3.912798000e-03 1.281523000e+00 4.915278000e-01 
2.235868000e-01 1.203955000e+00 4.579798000e-01 
1.256856000e+00 1.492410000e-02 6.236504000e-02 
7.648623000e-04 5.733906000e-04 1.332923000e+00 
1.048928000e+00 7.193166000e-01 1.635905000e-01 
7.400835000e-01 7.434242000e-01 8.222633000e-01 
7.653188000e-01 1.036098000e+00 2.011511000e-02 
9.070195000e-01 5.965167000e-01 7.844352000e-01 
1.144035000e+00 7.938096000e-01 9.068579000e-04 
7.533575000e-03 4.379659000e-01 1.244847000e+00 
4.004932000e-01 4.363744000e-01 1.124462000e+00 
8.802748000e-01 2.993513000e-02 9.929623000e-01 
1.085815000e+00 7.132556000e-01 1.018249000e-02 
9.857898000e-01 7.026001000e-01 4.111129000e-01 
9.388886000e-01 8.255775000e-01 4.757266000e-01 
1.009664000e+00 7.470998000e-01 6.307874000e-02 
5.101432000e-04 7.479508000e-05 1.934879000e+00 
1.898895000e-03 1.388986000e+00 8.073798000e-02 
1.002439000e+00 4.908573000e-01 8.049271000e-01 
3.042007000e-03 1.671595000e+00 1.503874000e-02 
1.241227000e+00 9.242235000e-03 4.461084000e-01 
8.377091000e-01 6.200765000e-01 7.695424000e-01 
1.804229000e-03 1.400540000e+00 5.404005000e-02 
3.591027000e-02 1.957621000e-05 1.592919000e+00 
7.669722000e-01 6.275313000e-01 7.934996000e-01 
1.416160000e+00 6.308781000e-01 9.025726000e-04 
1.242082000e+00 5.163201000e-03 6.643891000e-01 
4.318290000e-01 4.156725000e-02 1.191798000e+00 
1.281420000e+00 7.900725000e-02 2.134373000e-02 
8.228638000e-01 6.534882000e-01 7.830382000e-01 
1.017520000e+00 9.265187000e-01 8.109935000e-03 
1.010060000e+00 7.547164000e-01 4.206436000e-02 
2.705280000e-05 1.032185000e-02 1.979555000e+00 
1.287850000e+00 5.917759000e-02 7.335694000e-03 
1.228380000e+00 8.489308000e-02 2.471962000e-01 
1.031638000e+00 7.698806000e-01 1.542778000e-02 
8.282829000e-01 9.500560000e-01 1.470716000e-01 
4.293694000e-01 8.606704000e-01 9.196064000e-01 
6.021283000e-03 1.320608000e+00 2.844203000e-02 
8.593214000e-01 9.390147000e-01 4.870712000e-02 
7.354301000e-01 2.008309000e-01 1.065936000e+00 
2.219014000e-03 2.370327000e-02 1.297475000e+00 
2.302516000e-03 1.380616000e+00 6.514315000e-02 
7.378746000e-01 1.106917000e+00 5.674173000e-02 
9.427548000e-03 8.719773000e-01 8.816288000e-01 
1.009866000e+00 7.578086000e-01 2.261714000e-02 
7.705029000e-01 4.730305000e-01 8.916231000e-01 
5.977936000e-01 1.689787000e-02 1.092423000e+00 
6.832096000e-01 9.353669000e-01 5.551745000e-01 
9.982109000e-01 6.178057000e-01 5.645022000e-01 
8.870308000e-02 5.928764000e-01 1.118304000e+00 
7.596669000e-01 1.059554000e+00 1.347089000e-02 
1.022657000e+00 9.008805000e-01 5.275609000e-03 
1.439055000e+00 2.281140000e-02 3.522869000e-03 
1.279733000e+00 5.334069000e-03 4.587083000e-01 
9.974270000e-01 7.550819000e-01 9.829243000e-02 
7.056315000e-01 1.106249000e+00 6.175036000e-02 
9.917027000e-01 4.718648000e-02 8.078543000e-01 
4.627107000e-01 3.511354000e-01 1.154708000e+00 
8.719831000e-01 2.721513000e-02 1.000104000e+00 
1.325387000e+00 1.135050000e-02 1.070842000e-02 
8.436792000e-01 6.433342000e-01 6.369232000e-01 
2.275812000e-02 1.233644000e+00 5.217952000e-01 
1.415965000e+00 6.351349000e-01 6.616871000e-04 
7.510628000e-03 1.301699000e+00 7.315956000e-02 
4.496671000e-01 2.726829000e-02 1.210196000e+00 
9.839472000e-01 6.140690000e-02 8.171768000e-01 
9.707598000e-01 1.509470000e-02 8.805088000e-01 
2.172548000e-03 1.687751000e+00 3.114797000e-02 
1.998234000e-02 1.041455000e+00 6.348929000e-01 
1.108712000e+00 2.516891000e-03 1.032278000e+00 
3.936203000e-02 1.247298000e+00 2.097942000e-01 
4.723255000e-01 3.541454000e-01 1.142410000e+00 
1.017080000e+00 4.615139000e-02 8.103226000e-01 
1.133227000e+00 6.502807000e-03 9.060762000e-01 
5.739689000e-04 9.296361000e-01 9.229723000e-01 
8.157722000e-01 1.040409000e+00 9.267998000e-03 
8.766098000e-01 5.183009000e-02 9.172759000e-01 
2.612047000e-02 1.252360000e+00 4.649433000e-01 
9.185800000e-02 6.168827000e-01 1.111492000e+00 
1.232486000e+00 6.878937000e-02 5.046940000e-01 
3.386287000e-03 4.844428000e-03 1.249581000e+00 
1.128750000e+00 7.810734000e-01 1.200082000e-03 
5.856071000e-05 1.207467000e+00 5.672527000e-01 
7.617404000e-01 4.248949000e-03 1.143789000e+00 
5.770032000e-01 3.865376000e-02 1.162125000e+00 
1.144480000e+00 2.488758000e-02 5.245751000e-01 
4.844657000e-01 3.117603000e-01 1.104899000e+00 
1.398882000e+00 3.498597000e-02 2.991716000e-03 
2.915215000e-03 6.061940000e-01 1.137083000e+00 
9.872106000e-01 9.166201000e-01 1.111621000e-02 
4.952509000e-02 1.035303000e+00 7.741093000e-01 
9.162071000e-01 6.030089000e-01 7.450832000e-01 
4.611678000e-02 1.516582000e+00 6.838002000e-04 
5.667254000e-01 4.261974000e-01 1.058839000e+00 
1.433709000e+00 6.124856000e-02 1.636359000e-03 
7.970913000e-02 1.027607000e+00 7.483879000e-01 
2.749021000e-02 6.594471000e-04 1.264604000e+00 
4.781169000e-04 4.403856000e-04 1.460189000e+00 
1.091361000e+00 7.079067000e-01 4.321975000e-02 
1.216615000e+00 7.868453000e-03 6.081594000e-01 
1.090825000e+00 1.193511000e-02 9.358936000e-01 
8.390470000e-01 8.643872000e-01 4.954190000e-01 
1.296783000e+00 8.207198000e-03 1.287649000e-01 
1.907289000e-02 5.656043000e-01 1.140041000e+00 
1.126316000e+00 5.890673000e-01 4.734319000e-01 
1.057739000e+00 2.118180000e-02 6.429613000e-01 
1.180469000e+00 3.349601000e-01 5.127473000e-01 
5.159700000e-01 1.230181000e+00 1.823990000e-02 
1.610318000e-01 1.129500000e+00 5.695726000e-01 
1.179962000e+00 3.107712000e-01 5.203865000e-01 
6.893065000e-01 7.641910000e-01 8.083071000e-01 
7.571702000e-01 4.813310000e-01 9.043703000e-01 
6.869879000e-01 5.439968000e-01 8.644285000e-01 
7.808263000e-01 1.105674000e+00 1.183964000e-02 
2.902373000e-01 1.435506000e+00 8.881911000e-05 
8.360928000e-01 6.230065000e-01 6.819993000e-01 
8.686262000e-01 3.763354000e-02 9.834023000e-01 
8.062039000e-03 1.445510000e+00 8.204708000e-03 
5.842076000e-01 3.590364000e-03 1.167598000e+00 
1.067292000e-04 1.345157000e-02 1.431125000e+00 
6.695860000e-01 9.529772000e-01 5.434518000e-01 
7.319386000e-01 1.146758000e+00 1.817980000e-02 
3.664418000e-01 1.144327000e+00 5.668531000e-01 
7.709946000e-01 2.444665000e-03 1.139756000e+00 
6.252211000e-01 7.576939000e-01 9.175787000e-01 
3.605061000e-02 7.145525000e-04 1.238655000e+00 
1.375209000e+00 3.697325000e-01 3.445184000e-03 
5.641855000e-01 4.782898000e-02 1.188556000e+00 
1.001148000e+00 9.431888000e-01 4.224072000e-03 
2.908092000e-03 6.098876000e-01 1.205468000e+00 
5.917498000e-01 1.758439000e-02 1.145358000e+00 
3.198713000e-02 1.174483000e+00 5.240671000e-01 
1.062777000e+00 7.373706000e-01 3.323763000e-02 
5.080245000e-03 1.132938000e+00 7.080925000e-01 
4.573986000e-01 1.056002000e+00 5.661149000e-01 
1.033403000e+00 5.578999000e-02 8.071590000e-01 
5.236623000e-04 1.286314000e-01 1.345247000e+00 
8.425536000e-01 4.520096000e-01 9.267858000e-01 
1.293194000e+00 3.098052000e-02 5.538324000e-03 
6.812702000e-01 6.104743000e-01 9.945139000e-01 
5.794707000e-01 9.757344000e-01 7.649572000e-01 
5.880331000e-01 9.562043000e-01 6.968551000e-01 
8.218117000e-01 7.438404000e-01 7.736026000e-01 
6.884911000e-03 1.194694000e+00 5.761449000e-01 
1.247583000e+00 7.910067000e-02 3.186121000e-02 
2.317873000e-02 1.256541000e+00 1.869510000e-03 
1.101419000e+00 3.205506000e-01 6.345979000e-01 
7.869192000e-01 7.604885000e-01 6.930670000e-01 
1.510399000e-02 9.513830000e-05 1.317467000e+00 
4.800453000e-02 1.233374000e+00 5.364448000e-02 
5.652309000e-01 7.147093000e-01 9.244753000e-01 
8.194174000e-04 3.031944000e-02 1.309683000e+00 
6.766815000e-03 7.170254000e-01 1.072681000e+00 
5.384546000e-01 1.014639000e+00 5.218421000e-01 
1.540436000e-02 6.954188000e-01 1.085306000e+00 
7.294076000e-01 1.156946000e+00 2.786471000e-03 
7.331924000e-01 2.052985000e-01 1.064021000e+00 
2.337646000e-02 1.313621000e+00 9.573504000e-04 
1.035226000e+00 3.467419000e-02 7.623433000e-01 
7.803092000e-01 1.006080000e+00 1.501181000e-02 
6.160348000e-01 8.609299000e-01 7.726838000e-01 
4.605597000e-01 1.180145000e+00 1.022238000e-01 
5.135209000e-01 1.228135000e+00 3.541206000e-02 
6.808572000e-01 9.667520000e-01 5.332365000e-01 
6.765567000e-02 6.512955000e-04 1.287669000e+00 
1.211939000e+00 1.026800000e-01 2.482762000e-01 
1.055788000e+00 7.040855000e-01 8.780685000e-02 
1.065429000e-02 7.106029000e-01 1.057433000e+00 
1.264222000e+00 4.295727000e-02 3.450253000e-02 
6.434647000e-01 8.213625000e-01 7.935549000e-01 
1.026136000e+00 6.552224000e-01 3.706087000e-01 
7.004584000e-01 1.164983000e+00 2.114768000e-02 
6.777763000e-01 8.943705000e-01 7.058295000e-01 
1.123502000e+00 6.019929000e-01 5.078463000e-03 
2.529289000e-02 9.155724000e-01 8.719454000e-01 
1.271501000e+00 3.775582000e-01 5.971151000e-03 
8.020528000e-01 9.461215000e-01 4.839465000e-01 
1.178818000e+00 4.012906000e-01 3.276836000e-03 
1.262538000e-02 1.314384000e+00 6.353612000e-02 
1.790975000e-02 1.289035000e+00 4.750499000e-02 
9.771628000e-01 7.907336000e-01 1.884021000e-02 
7.682176000e-01 5.689501000e-01 7.881011000e-01 
7.703150000e-02 1.219318000e+00 4.576191000e-02 
8.630159000e-01 9.765753000e-01 2.280272000e-03 
7.243854000e-01 7.611137000e-01 6.594001000e-01 
8.814916000e-01 6.121580000e-03 9.742005000e-01 
6.713805000e-01 1.121768000e+00 2.886760000e-02 
8.983164000e-01 1.557495000e-02 9.231175000e-01 
1.100955000e+00 6.440704000e-01 7.318604000e-02 
1.091906000e+00 3.257773000e-01 6.281128000e-01 
5.549085000e-01 8.233811000e-02 1.176707000e+00 

5.995248000e-01 8.450054000e-01 7.487452000e-01 
1.289101000e-01 1.183755000e+00 4.857829000e-01 
1.090806000e+00 2.121274000e-02 8.052117000e-01 
4.738472000e-01 4.741782000e-01 1.098556000e+00 
6.818614000e-01 1.110237000e+00 2.994734000e-03 
4.032127000e-03 1.098143000e+00 7.852843000e-01 
1.333586000e-02 8.477617000e-04 1.339602000e+00 
1.989931000e-02 5.469725000e-04 1.414929000e+00 
8.973167000e-01 9.799717000e-01 4.452143000e-03 
7.673035000e-02 1.240550000e+00 1.779248000e-02 
8.419183000e-01 1.053747000e+00 5.679077000e-03 
3.480803000e-02 1.294768000e+00 2.906350000e-01 
6.232303000e-01 1.102813000e+00 5.049474000e-02 
6.728894000e-05 7.068979000e-06 9.406206000e+00 
7.773176000e-01 4.079052000e-01 9.786069000e-01 
5.490045000e-02 9.394440000e-01 8.838066000e-01 
1.179795000e+00 8.133558000e-02 5.046357000e-01 
2.607189000e-04 1.002302000e+00 9.216503000e-01 
4.788492000e-03 1.316265000e+00 2.792015000e-02 
1.801640000e+00 1.737339000e-03 2.074860000e-02 
6.755002000e-01 7.919792000e-01 7.275111000e-01 
4.647777000e-01 2.329906000e-01 1.175943000e+00 
5.235827000e-01 1.020216000e+00 5.917770000e-01 
4.405630000e-05 4.348140000e-04 6.880289000e+00 
1.265022000e+00 8.327740000e-03 2.021962000e-01 
8.917107000e-01 5.510516000e-01 7.463621000e-01 
1.332386000e-03 1.191116000e+00 5.169282000e-01 
2.642776000e+00 3.416526000e-04 1.745770000e-02 
2.619416000e-02 1.629874000e-02 1.305551000e+00 
2.223708000e+00 4.734031000e-03 6.204004000e-03 
1.046677000e-02 1.266725000e-01 1.254064000e+00 
1.439180000e+00 4.844901000e-03 1.693226000e-02 
9.394005000e-01 5.341620000e-03 1.068575000e+00 
1.007348000e+00 5.360259000e-01 6.067511000e-01 
9.816578000e-01 1.211528000e+00 6.114287000e-04 
1.050467000e+00 7.810328000e-01 4.527117000e-02 
9.518527000e-01 9.214085000e-01 1.007085000e-02 
8.296201000e-01 1.066885000e+00 2.066604000e-03 
1.047402000e+00 6.966139000e-02 7.797082000e-01 
9.135928000e-01 9.958110000e-01 2.466871000e-03 
7.730061000e-01 4.650017000e-01 8.588089000e-01 
8.380878000e-03 1.188897000e+00 7.375661000e-01 
1.901411000e+00 1.797434000e-03 9.222271000e-03 
4.200023000e-01 5.016745000e-01 1.085876000e+00 
6.221221000e-01 8.354046000e-01 7.538578000e-01 
1.237599000e+00 3.516861000e-02 4.628564000e-01 
3.161777000e-01 6.245360000e-01 1.076700000e+00 
1.107891000e+00 1.142276000e-02 8.383098000e-01 
8.593522000e-01 9.050231000e-01 5.316955000e-01 
8.797220000e-01 5.509653000e-01 7.492473000e-01 
5.158781000e-01 1.019853000e+00 6.369977000e-01 
6.127150000e-02 1.043152000e+00 7.536406000e-01 
7.647697000e-03 1.398641000e-01 1.255901000e+00 
8.189435000e-01 1.079027000e+00 3.235602000e-03 
5.714246000e-03 8.572529000e-01 1.037885000e+00 
1.119159000e-03 1.230402000e+00 4.763115000e-01 
1.306003000e+00 1.156257000e-02 6.669995000e-02 
1.038682000e+00 6.606808000e-01 6.002654000e-01 
4.517015000e-01 7.810965000e-01 8.858294000e-01 
3.035742000e-01 4.079703000e-01 1.171569000e+00 
3.805638000e-01 3.913994000e-01 1.118381000e+00 
7.682982000e-02 1.033313000e+00 7.532045000e-01 
4.084640000e-01 3.702945000e-01 1.208866000e+00 
3.106128000e-02 2.182659000e+00 2.093716000e-05 
9.848479000e-06 5.765023000e-03 1.394635000e+00 
8.864638000e-01 2.980231000e-02 1.034219000e+00 
5.307996000e-01 7.638051000e-01 9.949141000e-01 
5.482276000e-01 1.129324000e+00 5.144699000e-01 
8.442203000e-01 9.683388000e-01 6.564728000e-02 
1.246790000e+00 1.650766000e-02 6.230483000e-01 
8.680313000e-01 4.995778000e-01 7.954753000e-01 
9.209053000e-01 8.931554000e-01 1.371195000e-02 
4.547405000e-01 2.593524000e-01 1.204440000e+00 
9.117109000e-01 1.034209000e+00 2.530739000e-03 
1.972964000e-05 8.817257000e-04 2.096404000e+00 
7.916568000e-01 2.003821000e-03 1.175168000e+00 
6.208064000e-01 9.551750000e-01 5.417438000e-01 
1.022550000e+00 5.283783000e-01 6.149081000e-01 
1.735431000e+00 4.523530000e-04 9.637471000e-01 
8.589687000e-02 7.566271000e-03 1.338406000e+00 
4.239548000e-01 5.670804000e-01 1.054289000e+00 
2.467275000e-02 1.173420000e+00 4.958536000e-01 
6.919804000e-01 6.876021000e-01 8.699423000e-01 
6.903753000e-01 9.133926000e-01 5.611517000e-01 
2.124999000e+00 1.025881000e-03 9.803959000e-03 
9.582239000e-01 1.056600000e+00 1.220769000e-03 
9.349324000e-02 2.718597000e-03 1.309701000e+00 
2.138770000e-02 5.182212000e-04 1.365425000e+00 
2.102937000e-04 4.482849000e-03 2.030016000e+00 
9.373693000e-01 8.462757000e-02 7.958840000e-01 
1.183110000e+00 3.672975000e-02 5.735434000e-01 
6.900607000e-01 9.244077000e-01 5.586197000e-01 
4.279019000e-02 1.324308000e+00 6.292485000e-04 
1.776206000e-04 1.226416000e+00 5.167255000e-01 
9.498009000e-01 9.548177000e-01 9.405895000e-03 
8.972347000e-01 3.309863000e-02 1.019942000e+00 
1.181870000e-03 9.826849000e-01 9.386669000e-01 
3.747267000e-01 5.021754000e-01 1.163879000e+00 
2.285491000e-02 1.316565000e+00 7.910056000e-03 
1.919516000e-02 2.419641000e-01 1.242395000e+00 
1.196441000e+00 1.054898000e-03 1.105933000e+00 
3.950968000e-03 9.467832000e-01 8.718185000e-01 
1.003877000e+00 2.081100000e-01 7.482623000e-01 
8.847208000e-01 3.869442000e-02 9.747652000e-01 
7.332457000e-01 1.058018000e+00 1.385764000e-02 
5.503936000e-01 1.129763000e+00 4.972893000e-01 
1.018553000e+00 6.940796000e-01 4.933835000e-01 
1.048052000e+00 6.139426000e-01 5.203589000e-01 
5.121874000e-01 9.688791000e-01 6.665731000e-01 
2.549750000e-03 6.971977000e-01 1.208755000e+00 
1.218390000e+00 1.687573000e-02 4.807171000e-01 
7.234112000e-01 6.910237000e-01 8.566625000e-01 
9.623947000e-01 3.283912000e-02 8.725372000e-01 
6.930052000e-04 1.473422000e+00 1.219820000e-02 
1.020788000e+00 5.832340000e-02 8.300744000e-01 
4.952334000e-01 4.866340000e-01 1.030331000e+00 
7.065532000e-01 1.525108000e-02 1.096474000e+00 
1.708481000e+00 3.338786000e-03 1.650921000e-02 
1.014649000e+00 5.325405000e-01 6.041760000e-01 
1.956375000e+00 9.832746000e-04 7.176227000e-02 
9.351905000e-01 1.930799000e-02 1.049946000e+00 
5.022439000e-01 8.904168000e-01 8.779333000e-01 
1.229076000e+00 5.735196000e-01 3.010084000e-02 
5.497650000e-01 1.136002000e+00 5.129994000e-01 
1.077821000e+00 6.896433000e-01 1.366364000e-02 
6.768488000e-01 8.095766000e-01 7.237078000e-01 
5.468852000e-01 7.781151000e-01 9.885264000e-01 
1.006882000e-03 1.318085000e+00 8.380033000e-04 
6.605927000e-01 9.435697000e-01 5.387636000e-01 
1.210189000e+00 1.114388000e-01 4.275625000e-01 
4.291688000e-04 1.861656000e-05 1.681432000e+00 
8.443471000e-01 9.620780000e-01 1.689763000e-01 
9.511565000e-01 6.009146000e-01 6.353184000e-01 
2.171287000e-03 8.924673000e-01 9.999063000e-01 
1.173073000e+00 4.467812000e-03 1.058545000e+00 
5.842465000e-01 1.117179000e+00 6.744253000e-02 
6.271739000e-04 8.342905000e-01 1.198893000e+00 
1.250799000e+00 7.955457000e-03 8.156973000e-01 
8.318010000e-01 9.799101000e-01 9.295937000e-03 
5.358777000e-02 8.845233000e-01 9.880293000e-01 
6.896767000e-01 1.061432000e+00 1.303175000e-02 
1.281477000e+00 2.560353000e-02 1.191151000e-03 
8.319981000e-01 9.318644000e-01 1.722205000e-01 
1.036153000e-02 1.306709000e+00 2.832687000e-01 
1.099457000e+00 6.888060000e-01 2.438510000e-02 
2.760231000e-01 9.292905000e-01 8.134958000e-01 
1.559962000e+00 6.000557000e-03 7.507819000e-03 
4.048041000e-02 6.971338000e-01 1.043766000e+00 
9.686389000e-01 2.602680000e-02 8.726940000e-01 
6.945675000e-01 6.829181000e-01 9.695610000e-01 
5.313759000e-02 5.296381000e-01 1.208012000e+00 
7.168740000e-01 1.426994000e-02 1.078987000e+00 
3.967163000e-01 5.392005000e-01 1.096692000e+00 
7.095636000e-01 7.753817000e-01 8.438452000e-01 
2.624799000e-02 1.075942000e+00 7.748946000e-01 
9.708929000e-01 6.737387000e-02 8.228112000e-01 
7.356544000e-01 1.095201000e+00 6.801231000e-03 
2.256826000e-02 1.012630000e+00 7.935926000e-01 
6.603530000e-01 1.112862000e+00 5.017617000e-02 
1.060617000e+00 5.559598000e-02 7.751298000e-01 
1.253724000e+00 1.619501000e-02 6.026042000e-01 
2.178893000e-03 8.968792000e-01 9.931187000e-01 
9.273827000e-01 1.229719000e+00 2.668101000e-04 
1.138955000e+00 6.721724000e-01 3.314325000e-02 
1.370862000e-03 1.224775000e+00 4.748108000e-01 
1.357374000e-02 9.374372000e-01 9.380210000e-01 
1.448177000e+00 1.197508000e-02 1.690788000e-02 
1.085280000e-03 1.240048000e+00 5.030529000e-01 
1.289011000e+00 3.606418000e-02 2.284605000e-05 
1.542819000e-02 1.137687000e+00 6.040939000e-01 
4.736015000e-01 9.296887000e-01 7.706754000e-01 
1.174726000e-01 1.141607000e+00 4.980929000e-01 
7.305165000e-03 6.758209000e-05 1.505469000e+00 
6.793397000e-01 7.496622000e-01 9.200228000e-01 
8.026946000e-01 1.055552000e+00 1.428256000e-02 
1.600654000e+00 5.928945000e-04 1.409975000e-01 
6.372502000e-01 1.125402000e+00 4.885909000e-03 
4.113474000e-01 6.055575000e-01 1.090403000e+00 
1.502872000e-01 6.599633000e-05 1.658850000e+00 
5.546416000e-01 1.212496000e+00 2.906628000e-01 
2.450349000e-03 6.787567000e-04 1.433603000e+00 
5.629260000e-01 9.877555000e-01 5.472967000e-01 
5.991664000e-01 8.310803000e-01 8.133607000e-01 
5.559560000e-01 9.777218000e-03 1.203213000e+00 
4.870920000e-05 6.274631000e-02 1.358598000e+00 
9.374118000e-02 1.105716000e+00 6.940342000e-01 
5.676896000e-01 3.546612000e-01 1.161970000e+00 
1.061807000e+00 2.099400000e-02 8.097459000e-01 
2.097914000e-02 1.089232000e+00 7.731081000e-01 
5.612112000e-01 1.030980000e+00 5.719620000e-01 
1.277333000e+00 6.733663000e-04 8.688741000e-01 
9.217450000e-03 1.222445000e+00 5.156940000e-01 
1.085053000e-03 1.193790000e+00 5.174064000e-01 
2.888607000e-03 7.043627000e-01 1.053705000e+00 
1.081580000e+00 3.065955000e-01 4.929780000e-01 
1.290130000e+00 1.315051000e-02 6.210150000e-03 
1.194858000e+00 3.534531000e-02 6.293658000e-01 
7.410365000e-01 4.664273000e-01 1.027702000e+00 
8.900090000e-01 5.409190000e-01 7.531894000e-01 
7.966387000e-01 9.547176000e-01 1.915171000e-01 
6.064647000e-01 1.116440000e+00 5.278603000e-02 
5.743949000e-01 1.207598000e+00 3.007704000e-01 
1.250415000e+00 2.477334000e-02 4.563256000e-01 
4.876605000e-02 1.061346000e+00 7.713128000e-01 
2.406979000e-02 1.068432000e+00 7.793484000e-01 
1.082793000e+00 2.797444000e-02 7.145312000e-01 
1.231369000e+00 6.517833000e-02 1.649880000e-02 
1.261490000e+00 6.288391000e-02 5.801634000e-04 
1.099957000e+00 8.781800000e-02 6.713588000e-01 
7.050503000e-01 4.740517000e-01 1.102994000e+00 
8.743405000e-03 1.171036000e+00 7.195150000e-01 
6.033769000e-01 8.197737000e-01 8.542536000e-01 
1.377121000e+00 2.715816000e-03 6.274860000e-01 
6.086691000e-03 6.202103000e-01 1.138571000e+00 
4.667636000e-01 4.897068000e-01 1.036488000e+00 
1.261148000e+00 1.337908000e-02 2.954334000e-01 
5.889095000e-01 1.148584000e+00 3.284725000e-02 
6.827042000e-02 1.191713000e-01 1.212500000e+00 
1.194928000e+00 3.108246000e-02 4.975126000e-01 
6.132587000e-01 1.076707000e+00 5.435083000e-02 
6.333703000e-01 6.359294000e-01 1.002672000e+00 
7.940080000e-01 2.142547000e-03 1.173263000e+00 
2.438664000e-01 1.135763000e+00 6.053700000e-01 
1.408697000e-01 6.137635000e-01 1.152645000e+00 
6.370627000e-01 1.130935000e+00 3.887355000e-02 
1.342031000e+00 4.026525000e-03 7.971228000e-02 
1.092635000e+00 1.840814000e-02 8.059818000e-01 
8.921988000e-01 8.103974000e-01 6.872054000e-01 
6.886643000e-01 4.113880000e-02 1.109881000e+00 
4.523388000e-01 6.037372000e-01 1.041486000e+00 
9.623947000e-01 3.283912000e-02 8.725372000e-01 
1.129237000e+00 1.544272000e-02 7.121273000e-01 
6.632400000e-01 9.970279000e-03 1.201751000e+00 
6.392592000e-01 9.494945000e-01 5.622921000e-01 
6.129961000e-01 6.561441000e-01 1.008991000e+00 
6.502768000e-01 9.002485000e-02 1.191815000e+00 
6.840778000e-01 1.909950000e-02 1.132182000e+00 
8.689543000e-02 7.635107000e-03 1.323449000e+00 
1.378482000e-02 8.499398000e-01 1.018718000e+00 
6.111405000e-02 1.315325000e+00 6.112172000e-04 
1.068847000e+00 8.010704000e-01 1.446101000e-02 
1.045420000e+00 6.055220000e-01 5.249378000e-01 
9.679447000e-01 6.130977000e-01 6.299207000e-01 
2.841144000e-03 6.935649000e-01 1.125435000e+00 
6.699276000e-01 6.202064000e-02 1.112912000e+00 
9.791403000e-01 6.109120000e-01 6.288760000e-01 
7.169475000e-01 7.049592000e-01 8.379200000e-01 
4.961029000e-01 4.660427000e-03 1.253691000e+00 
3.613448000e-03 2.326553000e-03 1.382790000e+00 
7.758018000e-01 1.045279000e+00 3.334501000e-01 
3.493929000e-01 5.489862000e-01 1.148154000e+00 
5.648471000e-01 1.815770000e-03 1.233538000e+00 
3.285561000e-02 6.617812000e-01 1.138406000e+00 
1.048248000e+00 2.974575000e-02 8.127499000e-01 
8.715929000e-01 1.032791000e+00 3.491932000e-03 
6.713048000e-01 2.512490000e-02 1.129061000e+00 
1.089243000e+00 6.478091000e-01 7.989514000e-02 
1.339403000e+00 1.228808000e-02 2.596677000e-02 
5.848487000e-01 8.434678000e-01 8.086683000e-01 
8.968823000e-01 9.150162000e-01 2.084202000e-02 
8.281303000e-01 1.012445000e+00 2.679416000e-02 
7.026851000e-02 1.243126000e+00 7.598454000e-02 
1.114267000e+00 7.060674000e-01 7.827286000e-03 
1.112022000e+00 6.874207000e-01 1.611292000e-02 
2.781535000e-02 6.662457000e-01 1.132056000e+00 
5.622758000e-01 9.705142000e-01 6.207368000e-01 
8.425816000e-01 5.211645000e-02 9.565567000e-01 
1.835284000e-02 1.173228000e+00 5.646076000e-01 
5.951561000e-01 9.789680000e-01 5.982135000e-01 
6.671550000e-01 7.856411000e-02 1.121966000e+00 
6.215148000e-01 8.183222000e-01 8.086707000e-01 
8.176979000e-01 9.336296000e-01 1.984049000e-01 
5.170727000e-01 9.266599000e-01 7.573777000e-01 
3.240613000e-02 1.312788000e+00 4.878192000e-02 
4.388255000e-01 5.530463000e-01 1.052202000e+00 
5.661301000e-01 1.094118000e-01 1.185460000e+00 
2.860905000e-01 5.674672000e-01 1.099529000e+00 
3.498202000e-04 2.240603000e-02 1.279258000e+00 
1.124304000e+00 6.182879000e-01 1.168882000e-01 
8.211310000e-01 7.763871000e-01 6.905986000e-01 
2.447749000e-02 1.186420000e+00 5.413288000e-01 
7.402648000e-01 7.123125000e-01 8.133747000e-01 
6.226453000e-03 1.219992000e-01 1.263368000e+00 
4.135884000e-02 1.142985000e+00 5.108250000e-01 
6.330805000e-01 6.056850000e-01 1.010295000e+00 
1.333129000e-02 9.245792000e-01 9.461302000e-01 
2.600611000e-01 9.251550000e-03 1.238355000e+00 
6.803161000e-01 6.915128000e-01 8.550109000e-01 
3.004284000e-02 8.453830000e-01 1.030002000e+00 
8.800442000e-01 9.353276000e-01 5.148494000e-02 
1.469259000e-02 1.131078000e+00 6.255444000e-01 
7.281354000e-02 6.915036000e-01 1.002617000e+00 
1.258903000e+00 2.269483000e-02 2.851652000e-01 
8.278367000e-02 9.143672000e-01 8.135086000e-01 
3.946805000e-02 1.282098000e+00 7.335402000e-03 
8.958006000e-01 8.850625000e-01 2.280117000e-02 
8.083317000e-01 9.726067000e-01 4.053170000e-02 
5.929995000e-01 1.015794000e+00 5.307001000e-01 
5.797409000e-01 1.190439000e+00 4.019457000e-02 
1.133668000e+00 5.611539000e-02 5.943842000e-01 
1.288650000e-01 5.485640000e-03 1.255973000e+00 
1.077883000e+00 7.125827000e-01 1.889621000e-04 
1.061232000e+00 6.337601000e-01 9.004941000e-02 
8.893375000e-01 8.109182000e-01 5.138965000e-01 
2.417655000e-01 1.066762000e+00 7.020903000e-01 
9.516208000e-03 5.322265000e-01 1.179196000e+00 
7.774339000e-01 1.045921000e+00 2.675338000e-02 
3.298255000e-01 5.537330000e-01 1.126674000e+00 

