1.084182000e+00 1.232120000e+00 7.726337000e-01 
8.975901000e-03 2.475234000e+00 2.357114000e-02 
6.842467000e-01 1.607300000e+00 4.972608000e-02 
2.110512000e-01 2.073259000e+00 1.314003000e-03 
2.139267000e+00 4.859401000e-04 3.724379000e-02 
2.911896000e-01 1.786591000e+00 2.732865000e-02 
3.880953000e-03 1.783588000e+00 4.137617000e-01 
6.394810000e-01 9.484688000e-01 1.405058000e+00 
1.062803000e+00 1.842738000e-02 1.649467000e+00 
7.724831000e-01 1.726305000e+00 2.519864000e-02 
7.457060000e-01 1.037005000e+00 1.134050000e+00 
7.948145000e-01 9.384739000e-01 1.093641000e+00 
1.354618000e+00 1.186637000e+00 1.363174000e-02 
3.448736000e-02 9.273420000e-01 1.503705000e+00 
2.098938000e+00 7.747561000e-02 8.732026000e-04 
1.982382000e+00 5.387881000e-03 6.659107000e-03 
9.029893000e-01 2.866294000e-01 1.514472000e+00 
1.334094000e+00 4.070437000e-03 1.211999000e+00 
1.095819000e+00 3.539366000e-03 1.459653000e+00 
1.785711000e+00 3.628949000e-02 6.151289000e-03 
4.383787000e-04 1.134691000e+00 1.741063000e+00 
6.719076000e-01 1.730333000e+00 2.295185000e-04 
5.736711000e-01 6.011998000e-01 1.462728000e+00 
1.263965000e+00 1.473225000e-01 1.141497000e+00 
1.283922000e-02 1.330176000e+00 1.630460000e+00 
1.783598000e-01 1.842683000e+00 7.536669000e-03 
1.500240000e-02 2.470125000e+00 3.517924000e-03 
7.402931000e-04 2.162183000e+00 3.947870000e-02 
1.755438000e+00 6.984134000e-02 3.583366000e-03 
6.926490000e-01 1.636424000e+00 3.132082000e-02 
1.172485000e+00 1.782434000e-01 1.055531000e+00 
1.328168000e+00 1.293226000e-01 1.126352000e+00 
1.305515000e+00 1.484565000e-01 1.062164000e+00 
1.154008000e-04 1.848653000e+00 6.101887000e-02 
1.915011000e+00 9.036560000e-02 4.198176000e-04 
1.338644000e+00 1.202875000e+00 2.114939000e-02 
1.174394000e+00 1.066448000e+00 8.014574000e-01 
7.762762000e-02 2.318696000e+00 5.397774000e-03 
1.046398000e-02 2.597583000e+00 2.093876000e-02 
5.922915000e-01 1.191171000e+00 1.188224000e+00 
3.621706000e-04 8.567244000e-03 1.774076000e+00 
1.377266000e+00 9.037435000e-01 8.283532000e-01 
4.816552000e-05 3.908182000e-04 2.046646000e+00 
1.038796000e-01 4.942421000e+00 4.928849000e-06 
2.371853000e-02 1.680085000e+00 6.937786000e-01 
2.612843000e-01 1.664501000e+00 3.321991000e-02 
1.875099000e-04 1.538132000e-03 1.809666000e+00 
1.107071000e-02 9.500937000e-01 1.684877000e+00 
5.389643000e-02 2.303874000e-01 1.645279000e+00 
7.701145000e-01 1.526984000e+00 2.866616000e-02 
1.580343000e+00 1.478431000e-01 7.747345000e-01 
2.743166000e-02 3.006341000e+00 1.470656000e-03 
1.786203000e-02 1.891027000e+00 4.357306000e-02 
1.405753000e+00 5.921559000e-03 1.014786000e+00 
1.907204000e-01 9.426505000e-01 1.443121000e+00 
7.084821000e-03 1.352042000e+00 1.647982000e+00 
9.318207000e-01 1.362215000e+00 3.426765000e-02 
4.328353000e-03 3.611714000e-04 1.709367000e+00 
8.260034000e-01 1.631772000e+00 2.846055000e-02 
2.537263000e-01 1.528226000e+00 7.182114000e-01 
1.256017000e-01 4.510314000e+00 6.052033000e-04 
4.043463000e-02 1.209305000e+00 1.305915000e+00 
9.972885000e-02 8.704181000e-01 1.462280000e+00 
1.560827000e+00 3.074194000e-01 7.427116000e-01 
1.517622000e-01 1.307510000e+00 1.062565000e+00 
1.289230000e+00 4.991840000e-02 1.244963000e+00 
2.525519000e-02 1.056317000e+00 1.455139000e+00 
8.601791000e-06 4.096035000e-04 4.025180000e+00 
1.370651000e+00 1.223428000e+00 1.174592000e-02 
1.052994000e+00 8.283550000e-01 1.205404000e+00 
1.090068000e-01 1.353839000e+00 1.095770000e+00 
6.448941000e-01 5.866853000e-01 1.574303000e+00 
9.324742000e-03 1.308170000e+00 1.666359000e+00 
2.681138000e-03 1.839710000e+00 5.864320000e-02 
7.350651000e-02 1.366329000e+00 9.843988000e-01 
8.256890000e-01 4.130954000e-02 1.541256000e+00 
1.402373000e+00 3.834543000e-03 1.263866000e+00 
1.268355000e+00 1.211192000e+00 1.794105000e-02 
1.091593000e+00 7.491888000e-01 1.251675000e+00 
1.301941000e+00 6.457459000e-03 1.182773000e+00 
1.253893000e-02 2.937532000e+00 8.180541000e-03 
1.961936000e-03 4.172293000e-05 1.933539000e+00 
1.267048000e+00 1.442163000e-01 1.141991000e+00 
1.484604000e+00 1.258261000e+00 8.234536000e-03 
4.430437000e-02 9.614661000e-01 1.341867000e+00 
6.211361000e-01 6.788568000e-01 1.453437000e+00 
1.213485000e+00 1.300296000e+00 7.457924000e-03 
1.644664000e+00 1.224814000e-01 3.820827000e-03 
5.257208000e-05 2.974460000e-03 1.822581000e+00 
8.217174000e-01 7.440162000e-01 1.418241000e+00 
7.588016000e-03 1.305545000e+00 1.673208000e+00 
6.168722000e-02 1.662813000e+00 5.026889000e-01 
8.571996000e-01 7.769683000e-01 1.402891000e+00 
2.821513000e+00 1.836126000e-01 2.272096000e-04 
1.422200000e+00 1.213454000e+00 8.865693000e-03 
1.948356000e-02 2.166908000e+00 1.863226000e-02 
6.171678000e-01 1.162851000e+00 1.187460000e+00 
2.745351000e-01 1.450628000e+00 5.801748000e-01 
7.832918000e-02 2.179811000e+00 3.513521000e-03 
5.790872000e-02 2.485101000e-01 1.596985000e+00 
1.876340000e-02 1.354816000e+00 1.298195000e+00 
2.653523000e-02 1.451477000e+00 1.065491000e+00 
1.601539000e+00 1.381060000e-02 6.848921000e-01 
1.992386000e-02 1.087397000e+00 1.424203000e+00 
1.170482000e+00 1.372645000e+00 2.405283000e-02 
1.222191000e+00 1.305290000e+00 7.108959000e-03 
6.268678000e-02 1.398745000e+00 1.207762000e+00 
1.416518000e-02 8.374061000e-01 1.560609000e+00 
9.691668000e-01 1.429065000e+00 2.432035000e-02 
1.214591000e+00 1.023309000e+00 1.027095000e+00 
2.485462000e-02 1.912019000e+00 1.239584000e-02 
4.180345000e-01 1.627495000e+00 6.087500000e-02 
1.084258000e+00 4.442463000e-03 1.398254000e+00 
1.254911000e+00 1.118658000e+00 3.632164000e-02 
1.827199000e-02 1.888405000e+00 2.236174000e-02 
1.021132000e+00 1.497994000e+00 7.411119000e-03 
5.944259000e-01 1.857144000e+00 1.537108000e-04 
2.521259000e-02 1.796490000e+00 9.250514000e-03 
8.529999000e-01 1.681388000e+00 2.230307000e-02 
1.203872000e+00 1.085827000e+00 6.812528000e-01 
1.007276000e+00 4.528863000e-02 1.343254000e+00 
2.008652000e+00 8.904737000e-04 1.895086000e-01 
6.598792000e-01 5.662334000e-01 1.531348000e+00 
1.068077000e+00 1.257162000e+00 1.041169000e-01 
2.147816000e+00 1.215821000e-04 2.013046000e-02 
3.576216000e-03 1.810762000e+00 4.301897000e-01 
1.180035000e+00 1.270509000e+00 2.460534000e-02 
2.865127000e-01 2.757604000e-02 1.611723000e+00 
1.693403000e+00 1.106696000e+00 2.675086000e-03 
1.293170000e+00 1.431990000e-01 1.178383000e+00 
3.905820000e-02 1.634699000e+00 7.641167000e-01 
1.448769000e+00 1.079042000e+00 2.277690000e-02 
3.100001000e-02 1.115663000e+00 1.401736000e+00 
8.956324000e-01 1.757157000e-02 1.673326000e+00 
4.149969000e-02 1.208816000e+00 1.284878000e+00 
3.451682000e-02 8.995616000e-01 1.481712000e+00 
1.900624000e+00 2.126537000e-02 9.456348000e-02 
1.407043000e-02 1.062681000e+00 1.488647000e+00 
2.518378000e-01 1.204646000e+00 1.134544000e+00 
1.369861000e+00 1.716538000e-01 1.045676000e+00 
1.730950000e+00 4.944379000e-02 3.519394000e-02 
1.711523000e+00 6.975413000e-02 8.480492000e-02 
1.491006000e+00 9.968636000e-01 4.027241000e-03 
1.157455000e+00 1.207428000e+00 7.338712000e-02 
1.766732000e+00 2.309914000e-02 1.170919000e-02 
9.463461000e-01 4.000317000e-02 1.565634000e+00 
5.524926000e-01 7.845655000e-01 1.586471000e+00 
6.338025000e-02 1.218955000e+00 1.131507000e+00 
3.042480000e-01 1.500117000e+00 5.357711000e-01 
5.955022000e-02 1.703813000e+00 1.132384000e-01 
1.594866000e+00 2.106235000e-01 6.459490000e-01 
1.787280000e+00 7.227026000e-02 1.922450000e-03 
3.507433000e-02 1.767483000e+00 1.168098000e-01 
2.007141000e-01 8.726663000e-01 1.436107000e+00 
1.880237000e-01 2.043162000e-01 1.664541000e+00 
1.297033000e+00 1.308293000e-01 1.101084000e+00 
3.001377000e-02 1.401096000e+00 1.228909000e+00 
9.513464000e-01 8.497731000e-01 1.103989000e+00 
1.027335000e+00 1.524084000e+00 1.804360000e-03 
1.287154000e+00 1.153490000e+00 2.284622000e-02 
1.230969000e+00 1.126647000e+00 6.501273000e-01 

1.520110000e+00 5.912510000e-01 1.905612000e-01 
9.615107000e-01 4.779219000e-01 1.376782000e+00 
1.699953000e+00 2.505528000e-01 2.120333000e-01 
2.335012000e-03 1.131282000e+00 1.527648000e+00 
1.301420000e-02 3.598178000e-01 1.667258000e+00 
1.118858000e+00 2.304058000e-03 1.353355000e+00 
1.916107000e+00 1.207861000e-02 8.916068000e-03 
1.331954000e+00 1.305424000e-03 1.342233000e+00 
1.143089000e+00 1.114247000e+00 1.855374000e-01 
1.018949000e+00 1.611330000e+00 3.584654000e-02 
1.698714000e+00 2.720347000e-01 1.713121000e-01 
1.724035000e-01 1.670739000e+00 2.202567000e-03 
1.886438000e-03 3.889293000e-06 1.945847000e+00 
7.668078000e-02 1.265071000e+00 1.067681000e+00 
3.647382000e-02 9.920013000e-01 1.515396000e+00 
3.098821000e-02 1.477612000e+00 1.157954000e+00 
1.715983000e-02 2.350865000e+00 1.021514000e-03 
6.703635000e-02 1.647833000e+00 6.505384000e-01 
7.143076000e-02 2.380718000e+00 8.170179000e-04 
2.142151000e+00 2.280233000e-01 6.034394000e-04 
1.283398000e+00 1.357082000e-01 1.144757000e+00 
1.638505000e+00 9.990579000e-04 1.591271000e+00 
3.189889000e-02 1.491813000e+00 1.150394000e+00 
1.147526000e+00 5.639098000e-01 1.080077000e+00 
1.796260000e+00 8.573659000e-02 1.198870000e-02 
1.710189000e+00 1.969855000e-02 1.553044000e-01 
1.315086000e-01 1.199770000e+00 1.047884000e+00 
1.063904000e+00 1.645216000e+00 1.857125000e-02 
1.116619000e+00 8.059752000e-03 1.619904000e+00 
1.188206000e+00 2.553510000e-01 1.309607000e+00 
2.000158000e+00 3.586539000e-01 3.855329000e-03 
4.032646000e-01 2.098462000e+00 3.848015000e-04 
7.113743000e-02 1.778148000e+00 1.204724000e-02 
1.410646000e+00 5.253721000e-02 1.083630000e+00 
5.260591000e-02 1.278352000e+00 1.134314000e+00 
3.194519000e-04 1.458578000e-01 1.818607000e+00 
2.489912000e+00 3.946161000e-03 7.222181000e-04 
2.177298000e+00 3.953373000e-02 4.656459000e-03 
2.341504000e+00 1.444646000e-02 2.566954000e-03 
1.116119000e+00 1.647967000e-02 1.679930000e+00 
2.246097000e+00 1.692076000e-01 3.298267000e-03 
1.684251000e-03 1.746104000e+00 4.077154000e-02 
1.919489000e-02 1.612661000e+00 7.448051000e-01 
8.622277000e-02 1.637515000e+00 3.612677000e-02 
1.761515000e+00 6.769206000e-01 1.104916000e-02 
6.352084000e-02 1.611626000e+00 7.010646000e-01 
1.061450000e+00 2.033281000e-02 1.468568000e+00 
1.022061000e+00 9.824189000e-01 1.184577000e+00 
1.513235000e-03 7.261963000e-01 1.690891000e+00 
1.065727000e+00 9.306280000e-01 1.008838000e+00 
1.657596000e+00 2.650635000e-01 2.236353000e-01 
1.174871000e+00 1.141121000e+00 8.043684000e-02 
2.059764000e+00 3.850490000e-03 1.258109000e-02 
3.207538000e-03 1.511012000e+00 1.210663000e+00 
2.043919000e+00 3.580449000e-01 5.930087000e-03 
1.129649000e+00 1.582572000e+00 2.023288000e-02 
2.193955000e-02 5.451144000e-04 1.900758000e+00 
8.311331000e-01 8.175002000e-01 1.194878000e+00 
1.303010000e+00 1.985373000e-03 1.237987000e+00 
6.397469000e-02 1.526719000e+00 7.114803000e-01 
1.934341000e-02 1.594677000e+00 8.017469000e-01 
1.384442000e+00 1.144143000e+00 4.497870000e-02 
1.919489000e-02 1.612661000e+00 7.448051000e-01 
1.574775000e-01 7.595089000e+00 5.467950000e-04 
3.289406000e-02 1.465671000e+00 1.074191000e+00 
3.450014000e-02 1.449465000e+00 1.154030000e+00 
1.570266000e+00 3.371360000e-02 7.226881000e-01 
4.291163000e-03 1.454329000e+00 1.205918000e+00 
1.676008000e-03 6.127741000e+00 1.067854000e-01 
1.648738000e+00 3.305115000e-02 7.519101000e-01 
1.259240000e+00 1.150725000e+00 6.463613000e-03 
1.287718000e+00 1.336687000e-01 1.150847000e+00 
1.570577000e-01 9.301219000e-01 1.451194000e+00 
3.846162000e-01 2.316316000e-03 1.738160000e+00 
1.488698000e-03 3.649573000e+00 4.039208000e-01 
1.887638000e+00 1.273385000e-02 4.327958000e-02 
1.046931000e+00 1.588325000e+00 1.255271000e-01 
3.926768000e-01 2.352085000e-03 1.737025000e+00 
8.030773000e-01 7.524556000e-01 1.253388000e+00 
1.809099000e+00 1.770649000e-02 6.891934000e-01 
1.102379000e-03 7.456286000e-03 1.807948000e+00 
3.899263000e-02 1.219726000e+00 1.312837000e+00 
6.830668000e-01 6.014479000e-01 1.436890000e+00 
1.276547000e+00 2.868230000e-01 1.124568000e+00 
1.869624000e+00 8.623779000e-01 1.101459000e-02 
3.911717000e-01 2.059308000e+00 4.166888000e-04 
2.037707000e+00 3.572422000e-03 7.111219000e-02 
1.731058000e-02 2.326691000e+00 1.365424000e-02 
1.557607000e+00 8.362754000e-01 2.353834000e-02 
3.080531000e-01 1.964939000e-03 1.801905000e+00 
1.247433000e+00 1.102016000e+00 1.172546000e-01 
1.114214000e+00 1.087366000e+00 6.716717000e-01 
1.502661000e+00 9.457216000e-01 1.471391000e-01 
2.071614000e+00 8.940051000e-02 4.957510000e-03 
1.158672000e+00 1.006842000e+00 8.127006000e-01 
1.558257000e+00 3.767724000e-02 8.234726000e-01 
2.713448000e+00 7.125943000e-04 2.569167000e-03 
2.620147000e+00 1.714216000e-03 2.656550000e-02 
1.946438000e+00 8.327809000e-03 6.814957000e-01 
1.256710000e-01 2.399369000e-02 1.795449000e+00 
3.946476000e-01 1.846332000e-01 1.609206000e+00 
1.180339000e-01 1.220484000e+00 1.120370000e+00 
1.154882000e-01 1.596339000e+00 6.162820000e-01 
7.856155000e-01 1.684944000e-01 1.437817000e+00 
2.221769000e-02 2.253330000e+00 1.147826000e-02 
1.483757000e+00 2.554768000e-01 6.207221000e-01 
1.834849000e+00 1.484167000e-02 1.224914000e-01 
1.817071000e+00 8.098690000e-03 1.074152000e+00 
1.189846000e+00 1.278971000e+00 2.885402000e-03 
1.469088000e-02 3.540879000e-01 1.655918000e+00 
2.384699000e+00 1.159148000e-01 7.330270000e-04 
9.862281000e-01 1.927535000e-02 1.529052000e+00 
1.358008000e-02 2.421997000e+00 7.378438000e-03 
2.277416000e+00 1.868631000e-01 1.866354000e-03 
1.190733000e+00 1.507225000e-02 1.173996000e+00 
3.713872000e-02 1.295059000e+00 1.095310000e+00 
1.716552000e+00 1.496897000e+00 6.798252000e-04 
3.956753000e-02 1.383731000e+00 1.013518000e+00 
1.161984000e-02 1.617893000e+00 7.037443000e-01 
1.157033000e+00 1.069285000e+00 8.349097000e-01 
1.539143000e+00 5.817198000e-01 1.752585000e-01 
2.583875000e-02 2.114078000e+00 3.609520000e-02 
1.647631000e+00 2.141973000e-02 8.549252000e-01 
1.504781000e+00 1.499520000e+00 1.714949000e-03 
2.927040000e-02 2.015271000e+00 1.722249000e-02 
9.227167000e-01 9.724256000e-02 1.376785000e+00 
5.656830000e-01 5.515111000e-01 1.580620000e+00 
1.336671000e-01 1.626823000e+00 6.071730000e-01 
1.605116000e+00 4.398238000e-02 6.620209000e-01 
1.166140000e+00 1.137912000e+00 1.854604000e-01 
2.229055000e-02 1.584208000e+00 1.166392000e+00 
2.133033000e+00 1.183304000e-03 4.849526000e-02 
1.116143000e+00 1.664957000e+00 3.262956000e-03 
1.271785000e-01 1.922927000e+00 3.657889000e-03 
1.108605000e+00 1.302694000e+00 7.916418000e-01 
2.136655000e+00 1.187572000e-02 9.920069000e-03 
1.182019000e+00 1.079731000e-01 1.339079000e+00 
4.106012000e-02 5.471855000e-03 1.899297000e+00 
1.653068000e+00 5.585131000e-01 1.085333000e-01 
1.584749000e+00 8.141146000e-01 3.929359000e-02 
5.101432000e-04 7.479508000e-05 1.934879000e+00 
3.349844000e-04 2.192214000e-03 1.919607000e+00 
9.123835000e-02 1.649641000e+00 2.198210000e-02 
1.826610000e+00 1.797162000e-02 1.230837000e-02 
9.308777000e-03 1.023509000e+00 1.353216000e+00 
1.192177000e+00 3.856660000e-03 1.190886000e+00 
1.331070000e-02 1.078972000e+00 1.337527000e+00 
1.655954000e+00 4.388061000e-02 7.217335000e-01 
1.664101000e+00 6.524076000e-01 2.122866000e-02 
1.540069000e+00 3.242377000e-02 1.131658000e+00 
8.403442000e-02 1.111624000e+00 1.301664000e+00 
9.871759000e-01 2.336583000e-02 1.466671000e+00 
9.337164000e-04 3.332063000e-02 1.694322000e+00 
5.035955000e-02 1.792295000e+00 6.106996000e-03 
1.132680000e-01 1.266009000e-01 1.668479000e+00 
1.073236000e+00 9.195064000e-01 1.021778000e+00 
2.705280000e-05 1.032185000e-02 1.979555000e+00 
1.736279000e+00 7.153000000e-02 3.804037000e-02 
1.324954000e+00 2.076371000e-01 9.883647000e-01 
1.387747000e-01 1.667691000e+00 9.415840000e-03 
4.984391000e-02 1.211706000e+00 1.175382000e+00 
1.202383000e+00 1.048890000e+00 1.380218000e-01 
1.179828000e-02 1.704574000e+00 1.022224000e-01 
1.525856000e-01 5.685791000e-03 1.682076000e+00 
1.552434000e+00 5.210363000e-02 6.312829000e-01 
5.612466000e-02 1.132262000e+00 1.190756000e+00 
1.045615000e+00 1.137288000e+00 8.158491000e-01 
1.121728000e+00 1.207599000e+00 2.387559000e-01 
6.278911000e-01 7.250352000e-01 1.348260000e+00 
1.021674000e+00 5.265455000e-01 1.331304000e+00 
6.616738000e-01 6.987421000e-01 1.481564000e+00 
7.563183000e-01 1.063965000e+00 1.222264000e+00 

5.296693000e-02 1.889795000e+00 3.656916000e-03 
1.734200000e-03 4.327260000e+00 1.105321000e+00 
9.703015000e-01 2.794701000e-02 1.570720000e+00 
1.642936000e-01 1.380212000e+00 1.046851000e+00 
7.804781000e-01 8.388904000e-01 1.429829000e+00 
1.046320000e+00 8.164439000e-01 1.277077000e+00 
1.838868000e+00 2.659167000e-01 3.700505000e-02 
1.406308000e+00 7.213412000e-02 1.094452000e+00 
8.849747000e-04 3.010764000e-02 1.852675000e+00 
2.026587000e+00 6.467259000e-02 1.444474000e-02 
2.074302000e+00 1.520724000e-01 3.635694000e-03 
1.709249000e+00 2.074856000e-01 1.063969000e-01 
3.291405000e-03 2.054782000e+00 1.122505000e-01 
6.728894000e-05 7.068979000e-06 9.406206000e+00 
1.450879000e+00 1.078469000e+00 1.117869000e-01 
1.970682000e+00 2.731536000e-02 1.998855000e-02 
6.055669000e-01 7.145377000e-01 1.556038000e+00 
1.883295000e+00 1.098863000e-02 8.673440000e-01 
8.690373000e-04 6.723563000e+00 1.404192000e+00 
4.443767000e-02 1.642486000e+00 8.957686000e-01 
6.926961000e-02 1.683610000e+00 8.211792000e-01 
1.117963000e-02 1.321252000e+00 1.465345000e+00 
2.007114000e-01 1.805708000e+00 1.552602000e-02 
4.405630000e-05 4.348140000e-04 6.880289000e+00 
1.189317000e+00 9.411766000e-01 8.900284000e-01 
1.313760000e+00 8.975435000e-03 1.747143000e+00 
8.529385000e-01 9.782422000e-01 1.177035000e+00 
2.642776000e+00 3.416526000e-04 1.745770000e-02 
1.596581000e+00 5.412288000e-02 7.619835000e-01 
2.223708000e+00 4.734031000e-03 6.204004000e-03 
1.041566000e-02 2.316106000e-04 3.172374000e+00 
4.721610000e-03 1.697505000e+00 9.743036000e-01 
1.101096000e+00 1.376045000e-01 1.421813000e+00 
1.465281000e+00 1.172343000e+00 4.857833000e-02 
1.114697000e+00 1.347594000e+00 1.072022000e-01 
1.022023000e+00 9.944940000e-03 1.640740000e+00 
1.019548000e+00 1.348643000e+00 3.353874000e-01 
9.314460000e-01 1.284029000e+00 8.585406000e-01 
1.609104000e-02 1.357343000e-03 1.919744000e+00 
1.012042000e+00 1.168072000e+00 8.964529000e-01 
1.053830000e+00 1.118100000e+00 8.838967000e-01 
9.433570000e-01 8.632072000e-01 1.144525000e+00 
5.962630000e-02 1.446457000e+00 1.183738000e+00 
1.295573000e+00 1.207837000e+00 2.548182000e-04 
9.910127000e-03 7.267896000e-04 5.347439000e+00 
1.845383000e+00 1.675504000e-02 1.381207000e-01 
1.059061000e-02 2.171027000e+00 2.553769000e-02 
1.784967000e+00 1.313616000e-02 9.088710000e-01 
6.366850000e-01 7.462769000e-01 1.457120000e+00 
2.660243000e-02 9.619227000e-04 2.028294000e+00 
2.592971000e+00 3.579506000e-01 1.556154000e-03 
1.388036000e+00 1.198618000e+00 8.403968000e-02 
1.966768000e+00 6.517772000e-02 1.753515000e-02 
6.835656000e-02 1.652240000e+00 8.697796000e-01 
1.258666000e+00 1.800431000e+00 3.265459000e-03 
1.351191000e+00 8.939233000e-01 9.269079000e-01 
2.144918000e-01 1.701248000e+00 5.600588000e-02 
3.685493000e+00 6.360931000e-01 1.481823000e-03 
1.054014000e+00 8.380439000e-01 1.252602000e+00 
1.170990000e+00 1.051052000e-02 1.464875000e+00 
1.953761000e+00 2.125025000e-01 2.144780000e-02 
5.125150000e+00 1.453113000e-01 1.721991000e-03 
1.588107000e-02 1.985308000e+00 5.083400000e-02 
1.217487000e+00 9.978611000e-01 8.424710000e-01 
1.069902000e+00 7.595183000e-01 1.165174000e+00 
3.831836000e+00 5.706684000e-01 1.492431000e-03 
2.097342000e-01 2.293486000e+00 7.940680000e-04 
1.777585000e+00 3.355351000e-02 3.775320000e-02 
1.300691000e+00 1.202960000e+00 1.824348000e-01 
2.216067000e-01 1.337779000e-03 1.863571000e+00 
1.363463000e+00 1.162143000e+00 1.206279000e-01 
9.793159000e-04 2.188255000e-02 1.888596000e+00 
4.465412000e-02 9.107642000e-01 1.492126000e+00 
2.429105000e-03 3.038817000e+00 1.668011000e+00 
1.972964000e-05 8.817257000e-04 2.096404000e+00 
1.659292000e+00 1.017978000e+00 2.817971000e-01 
1.522738000e-01 2.040974000e+00 2.476275000e-03 
5.891039000e-02 1.692842000e+00 8.867983000e-01 
1.735431000e+00 4.523530000e-04 9.637471000e-01 
6.626943000e-02 1.622189000e+00 8.914285000e-01 
1.416655000e-02 1.024815000e-02 1.949560000e+00 
3.123845000e-02 9.728505000e-01 1.549731000e+00 
1.918710000e-02 1.217856000e+00 1.401978000e+00 
1.250723000e+00 8.229304000e-02 1.181550000e+00 
2.124999000e+00 1.025881000e-03 9.803959000e-03 
8.606566000e-02 1.417492000e+00 1.148421000e+00 
1.541973000e+00 2.745491000e-02 8.411466000e-01 
3.226826000e-02 1.916841000e+00 4.740887000e-02 
2.102937000e-04 4.482849000e-03 2.030016000e+00 
1.661300000e+00 1.006596000e+00 5.620205000e-02 
1.420525000e+00 8.191315000e-04 1.229394000e+00 
1.031389000e+00 1.412933000e-02 1.638395000e+00 
1.570688000e-02 1.504635000e+00 1.310375000e+00 
1.691505000e+00 5.279208000e-02 4.014644000e-01 
4.982724000e-02 1.821048000e+00 5.263995000e-03 
2.555254000e-02 2.795424000e-03 1.909907000e+00 
5.190467000e-02 1.818707000e+00 1.309354000e-01 
2.582638000e+00 3.557591000e-01 2.742161000e-03 
7.584443000e-02 6.467934000e-03 1.775094000e+00 
3.223147000e-02 2.702693000e-04 1.869133000e+00 
1.884966000e-01 2.114541000e+00 1.708224000e-03 
1.228445000e+00 1.422130000e+00 3.622659000e-02 
2.059629000e-02 9.740032000e-01 1.644480000e+00 
1.382457000e+00 1.420634000e-01 1.121394000e+00 
6.500489000e-03 1.563377000e+00 9.010307000e-01 
7.546063000e-01 8.693273000e-01 1.380724000e+00 
1.417400000e-01 1.698823000e+00 8.062388000e-01 
7.351267000e-02 1.819658000e+00 9.407520000e-03 
1.152955000e+00 1.568829000e+00 1.145419000e-02 
3.972272000e-02 2.195443000e+00 2.528520000e-02 
2.667930000e-02 1.633705000e-04 2.256569000e+00 
1.577481000e+00 1.538129000e-01 8.283962000e-01 
1.025396000e+00 1.600945000e-02 1.595297000e+00 
1.290807000e+00 2.427025000e-02 1.227542000e+00 
2.066415000e+00 9.358434000e-02 9.580999000e-03 
1.982770000e-02 1.249292000e+00 1.232015000e+00 
2.745225000e-02 9.957754000e-01 1.612895000e+00 
1.390616000e+00 4.607823000e-02 1.204250000e+00 
9.348533000e-01 2.813073000e-02 1.436439000e+00 
1.956375000e+00 9.832746000e-04 7.176227000e-02 
2.293712000e-02 1.720496000e+00 2.402289000e-01 
1.722355000e+00 3.181741000e-02 4.815851000e-02 
1.371426000e+00 1.202043000e+00 4.533963000e-02 
1.128373000e+00 1.224513000e+00 4.595886000e-02 
1.938356000e+00 1.124684000e-02 8.168324000e-01 
8.463864000e-01 9.674470000e-01 1.233194000e+00 
4.290283000e-03 2.309483000e+00 4.442636000e-03 
1.225236000e-01 1.817277000e+00 4.822388000e-02 
7.527628000e-01 4.947727000e-01 1.523596000e+00 
1.184825000e+00 1.374859000e+00 3.630568000e-02 
8.065599000e-01 7.476182000e-01 1.432058000e+00 
6.437270000e-01 7.277499000e-01 1.441084000e+00 
1.596765000e+00 1.082516000e-02 9.788933000e-01 
9.752179000e-01 8.631451000e-01 1.169053000e+00 
5.337624000e-02 9.288666000e-01 1.450536000e+00 
1.273109000e-01 1.108118000e+00 1.338602000e+00 
1.328899000e+00 1.187320000e+00 1.198780000e-01 
7.430156000e-02 1.151349000e+00 1.438147000e+00 
2.938010000e-02 1.900442000e+00 5.011785000e-02 
1.469773000e+00 1.024415000e+00 1.256888000e-02 

