2.854101000e+00 3.693773000e-01 2.566791000e+00 
6.111618000e+00 8.736856000e-03 5.188545000e-02 
3.731799000e+00 2.098894000e+00 4.112687000e-01 
2.620988000e-01 3.290959000e+00 2.513345000e+00 
1.388876000e-01 3.713349000e-02 5.109504000e+00 
1.541960000e-01 4.776158000e+00 8.840167000e-02 
8.977466000e-02 5.284313000e+00 4.309435000e-02 
6.611723000e-02 4.899652000e+00 1.103390000e-01 
1.064835000e-01 4.457662000e+00 3.445365000e-01 
2.982267000e+00 2.943021000e-01 2.595839000e+00 
1.818340000e-01 6.717253000e-03 5.698005000e+00 
4.692851000e+00 3.957313000e-02 1.698895000e-02 
4.288608000e+00 3.622813000e-03 3.342759000e+00 
3.004256000e-01 4.322477000e+00 1.045967000e-01 
3.364639000e-03 8.419664000e-02 4.993666000e+00 
3.609176000e-01 2.222390000e-02 4.376809000e+00 
3.419462000e-01 4.684679000e+00 3.210576000e-02 
3.982000000e+00 1.404880000e+00 3.278994000e-01 
2.699632000e+00 3.829214000e+00 7.455374000e-02 
4.515626000e+00 6.972169000e-01 1.699819000e-02 
2.849299000e-03 5.500013000e+00 7.568020000e-01 
4.478841000e-02 4.974377000e+00 2.530650000e-01 
6.691511000e+00 5.921347000e-03 1.166074000e-01 
1.899800000e+00 3.444526000e+00 1.271571000e+00 
4.641225000e+00 2.182058000e-02 1.968215000e-01 
7.261072000e+00 2.197524000e-02 4.194931000e-02 
5.881397000e+00 5.104998000e-03 1.265972000e-01 
9.269197000e-03 5.359060000e+00 2.012437000e-01 
6.791890000e-02 3.697456000e+00 3.429684000e+00 
2.068591000e+00 2.871453000e+00 1.268188000e+00 
5.748132000e-01 4.655988000e+00 2.421665000e-02 
5.571088000e+00 2.773388000e-02 4.067626000e-02 
4.539799000e+00 2.081685000e-02 4.248413000e-01 
5.253945000e+00 3.367161000e-01 8.357507000e-04 
6.779551000e-04 3.313048000e-02 5.120948000e+00 
2.185975000e-01 1.052212000e-02 5.101299000e+00 
3.875333000e-02 4.184839000e-01 3.645425000e+00 
1.086059000e-02 4.860208000e+00 2.924426000e+00 
2.146979000e-01 1.222917000e-02 4.878222000e+00 
9.502713000e-03 1.778664000e+00 3.716130000e+00 
2.929830000e-04 6.700734000e-03 6.461768000e+00 
2.145899000e-02 4.828630000e+00 6.334445000e-01 
2.938151000e-01 3.985041000e-02 4.207809000e+00 
1.038796000e-01 4.942421000e+00 4.928849000e-06 
2.388230000e-01 3.375360000e+00 3.128223000e+00 
9.550906000e-03 6.337347000e-01 4.675733000e+00 
3.452047000e+00 2.112302000e+00 1.464579000e-02 
1.761678000e+00 9.603365000e-02 3.492892000e+00 
2.763233000e-03 7.712508000e+00 2.415907000e+00 
1.134907000e+00 3.353940000e+00 2.215422000e+00 
6.053257000e-03 2.715435000e-04 7.494658000e+00 
2.278870000e-02 3.851379000e+00 2.650944000e+00 
5.243993000e-02 7.264548000e-02 4.430348000e+00 
3.037945000e+00 1.641264000e-01 2.889601000e+00 
2.834139000e+00 1.930321000e-02 4.598108000e+00 
1.907414000e+00 3.440402000e+00 9.861883000e-01 
5.596127000e-03 5.289817000e+00 3.339769000e+00 
5.464229000e-02 4.348589000e+00 3.604628000e-01 
3.079443000e-01 9.331279000e-03 5.570077000e+00 
1.704477000e-01 4.205536000e+00 2.050897000e-01 
7.947865000e-02 4.122520000e+00 1.376014000e+00 
2.764803000e+00 5.655496000e-01 3.071290000e+00 
2.570154000e+00 1.493699000e-01 3.172539000e+00 
8.168037000e-03 6.114816000e+00 5.116005000e-02 
5.165555000e-01 4.856844000e-03 5.784836000e+00 
2.362353000e+00 3.151160000e+00 1.078971000e-01 
3.620232000e+00 2.111919000e+00 1.415437000e-01 
2.409592000e+00 1.242621000e-03 6.010913000e+00 
4.085708000e+00 3.697111000e-02 4.028733000e-02 
6.943849000e-02 2.317145000e-01 4.097248000e+00 
4.485892000e-01 4.412539000e+00 6.539191000e-02 
3.309022000e+00 9.199055000e-02 2.363536000e+00 
5.111549000e+00 4.437047000e-03 2.552760000e-01 
3.249966000e+00 1.630370000e-02 2.958354000e+00 
4.646827000e+00 1.295937000e-01 6.796118000e-03 
8.867237000e-02 4.528074000e+00 1.904798000e-01 
2.039172000e+00 4.031486000e+00 2.018771000e-02 
4.741384000e-02 4.325604000e+00 1.462422000e+00 
1.010168000e-01 4.296728000e+00 3.759099000e-01 
1.702646000e+00 1.398346000e-01 3.693846000e+00 
9.081513000e-03 5.715356000e+00 5.856100000e-01 
1.734298000e-01 3.856351000e+00 3.509491000e-01 
5.464642000e-01 2.683756000e+00 2.753008000e+00 
6.488989000e-02 5.203095000e+00 4.587813000e-02 
5.815996000e-03 1.909536000e+00 3.839631000e+00 
1.834483000e-01 2.550630000e-02 4.383244000e+00 
2.649245000e+00 3.022390000e+00 1.394061000e-01 
2.803384000e+00 4.073935000e+00 8.124678000e-03 
4.036534000e+00 6.004594000e-02 3.674782000e-01 
6.931542000e-02 5.129593000e+00 4.550128000e-02 
3.689086000e-01 3.691459000e-02 4.196002000e+00 
1.671037000e-01 3.129424000e-02 5.067182000e+00 
5.486794000e-01 4.524496000e+00 3.011240000e-02 
5.289593000e-02 6.135831000e+00 2.355093000e-03 
3.699691000e-01 3.809219000e+00 1.014678000e-01 
5.085898000e-02 8.813024000e-04 6.132412000e+00 
1.598487000e-01 3.176587000e-02 5.256411000e+00 
2.292407000e+00 3.700253000e+00 3.745506000e-01 
5.323714000e+00 9.740572000e-03 1.482875000e-01 
3.586840000e-01 1.776287000e+00 3.187659000e+00 
6.196301000e-02 4.975821000e+00 1.117901000e-01 
3.083475000e+00 3.066059000e-01 2.498693000e+00 
5.178665000e+00 3.398445000e-02 3.304176000e-02 
3.490352000e+00 2.488019000e-02 2.315363000e+00 
1.506728000e-01 1.491558000e-02 5.529746000e+00 
1.658608000e-01 3.698967000e+00 2.737492000e+00 
6.762639000e-03 6.708454000e-01 4.594713000e+00 
5.188540000e-01 3.171501000e+00 2.907119000e+00 
3.457073000e+00 1.480534000e-02 2.422960000e+00 
7.051994000e-01 3.406979000e+00 2.325433000e+00 
2.058013000e-01 4.393556000e+00 7.257440000e-02 
6.593814000e-03 1.835276000e+00 3.498117000e+00 
5.457452000e-01 4.712295000e+00 1.951490000e-02 
5.359638000e-01 3.082777000e+00 2.824556000e+00 
1.480401000e-02 1.150035000e-01 4.803811000e+00 
1.868124000e+00 2.596518000e+00 2.637797000e+00 
3.619682000e+00 1.056640000e-02 9.554288000e-01 
1.331870000e-01 2.464101000e+00 3.151587000e+00 
2.576268000e+00 7.182139000e-02 3.206374000e+00 
1.955436000e-02 5.204953000e+00 1.447895000e-01 
1.806762000e+00 3.276080000e+00 2.553360000e+00 
2.512124000e+00 3.682106000e-02 4.041206000e+00 
2.464354000e-02 1.825125000e-01 4.653535000e+00 
1.881451000e+00 3.026990000e+00 2.216781000e+00 
3.791118000e+00 1.472018000e-01 3.449167000e-01 
1.574885000e+00 1.438355000e+00 3.387837000e+00 
3.984013000e+00 3.902888000e-02 9.051791000e-01 
3.013785000e-01 2.180971000e+00 3.082949000e+00 
4.501787000e-01 4.352909000e+00 4.135012000e-02 
3.049889000e+00 2.679980000e+00 1.790159000e-01 
4.237016000e+00 1.068727000e+00 7.687917000e-04 
2.822590000e-01 4.009468000e+00 2.977891000e-01 

9.559888000e+00 1.634357000e+00 1.619164000e-03 
2.154611000e-01 2.404914000e-01 4.061409000e+00 
8.598121000e-01 2.170861000e-03 5.496860000e+00 
2.393841000e-02 4.444610000e-01 4.277138000e+00 
1.301224000e-02 3.931082000e+00 3.137126000e+00 
3.356454000e+00 9.300371000e-02 1.759270000e+00 
3.599440000e-01 4.338106000e+00 1.848265000e-02 
3.021866000e+00 2.960933000e+00 6.235675000e-01 
3.018534000e-01 3.622874000e+00 1.708729000e-01 
3.113140000e-03 1.013154000e-04 6.991614000e+00 
1.899377000e-01 5.345291000e+00 3.215872000e-02 
3.676702000e+00 3.387715000e+00 7.872177000e-02 
3.814832000e-03 5.196463000e+00 2.076743000e+00 
1.830114000e-02 1.632929000e-02 5.637955000e+00 
1.259304000e-02 1.670796000e-01 4.501191000e+00 
4.758364000e-02 3.880997000e+00 2.251409000e-01 
1.763351000e-01 7.079112000e+00 9.975047000e-03 
1.959464000e-02 3.412792000e+00 3.025469000e+00 
6.205998000e-01 3.682934000e-02 4.104911000e+00 
5.369922000e+00 2.487022000e-01 2.700226000e-02 
3.932466000e+00 3.472220000e-01 1.665090000e-01 
6.925548000e-01 7.924523000e-03 4.169576000e+00 
8.725629000e-02 2.477966000e+00 3.406528000e+00 
3.244035000e+00 4.173679000e-01 2.663468000e+00 
2.359527000e-01 4.874381000e+00 2.567867000e-02 
2.860209000e-02 1.391374000e+00 3.836662000e+00 
1.808738000e-03 6.032433000e+00 2.075215000e-01 
1.010947000e-02 8.045736000e-02 4.709948000e+00 
2.675017000e-02 4.216071000e+00 1.737668000e+00 
3.220637000e-03 5.546060000e+00 8.871765000e-02 
3.411498000e+00 2.506548000e+00 5.282817000e-01 
6.862742000e-02 3.383962000e+00 1.922437000e-01 
5.770043000e+00 2.744917000e-03 6.506082000e-01 
1.010440000e-01 7.559837000e-04 5.630420000e+00 
1.479034000e+00 1.751059000e+00 3.241141000e+00 
4.711492000e-02 2.846111000e+00 3.025242000e+00 
3.779618000e+00 3.983035000e-01 4.162217000e-01 
5.549491000e+00 6.719219000e-03 5.092412000e-02 
2.160572000e+00 2.237867000e-01 3.362985000e+00 
3.544129000e+00 2.140220000e+00 1.262484000e+00 
4.478920000e-03 9.656966000e-02 4.529597000e+00 
2.057869000e-03 5.745346000e+00 2.514603000e+00 
4.891633000e+00 2.232379000e-02 2.209735000e-01 
6.602006000e-01 4.001749000e+00 1.401352000e-02 
3.112914000e+00 2.455979000e+00 6.660864000e-01 
5.514083000e-01 5.585303000e-03 4.191943000e+00 
2.287697000e+00 2.106502000e+00 2.934537000e+00 
6.467326000e-02 9.218546000e-03 5.515343000e+00 
1.163413000e-02 6.059474000e-01 4.279470000e+00 
1.017996000e-04 5.627434000e-02 4.926456000e+00 
8.197612000e-02 2.597469000e+00 3.509169000e+00 
7.670433000e-05 5.809128000e-02 6.517648000e+00 
9.660421000e-04 9.179667000e-04 5.645097000e+00 
5.814439000e+00 9.588318000e-03 4.303845000e-02 
1.822091000e-01 2.956910000e-02 4.105645000e+00 
2.465531000e+00 6.426693000e-02 2.831114000e+00 
1.222812000e-01 8.032029000e-03 4.902337000e+00 
5.651658000e-01 4.929767000e-03 5.377600000e+00 
5.970327000e-03 2.542464000e-01 4.521685000e+00 
3.840027000e+00 1.563579000e-01 1.226134000e+00 
2.824891000e+00 3.397606000e-02 3.462436000e+00 
3.574678000e+00 1.338165000e-01 1.312540000e+00 
5.679854000e-01 5.001389000e+00 1.424926000e-03 
1.574775000e-01 7.595089000e+00 5.467950000e-04 
4.675428000e+00 1.295467000e-02 2.465886000e-01 
1.979283000e-03 3.313775000e-02 5.038400000e+00 
1.664234000e+00 1.462700000e+00 3.350405000e+00 
4.267857000e+00 2.011669000e-01 4.724304000e-02 
1.676008000e-03 6.127741000e+00 1.067854000e-01 
4.645013000e-02 3.009545000e+00 3.268537000e+00 
5.393640000e+00 1.865893000e-01 1.519833000e-02 
3.177851000e-02 3.405175000e-01 3.557555000e+00 
4.827881000e-01 3.865489000e+00 1.686675000e-01 
6.043360000e+00 4.304137000e+00 1.719234000e-03 
4.402502000e-01 3.520858000e+00 1.699227000e-01 
4.831853000e+00 1.493652000e-02 2.305297000e-01 
3.110497000e+00 2.744955000e+00 4.310923000e-01 
1.044753000e-01 3.587935000e-02 4.629509000e+00 
2.929751000e-01 4.811609000e+00 2.394634000e-02 
2.422030000e+00 6.115512000e-02 3.192892000e+00 
4.228654000e+00 3.478035000e-01 7.596086000e-03 
1.326480000e-02 3.790092000e-04 6.963523000e+00 
4.121100000e+00 3.269237000e+00 8.846533000e-03 
3.585563000e+00 2.106463000e+00 2.476591000e-01 
3.847470000e-02 5.813912000e+00 4.881986000e-02 
1.010495000e-01 3.087401000e+00 2.825571000e+00 
1.059419000e-01 3.096043000e+00 2.758028000e+00 
3.532011000e+00 1.407347000e-01 1.283459000e+00 
3.380365000e+00 2.704912000e+00 1.570026000e-01 
3.043873000e+00 2.919391000e+00 1.465720000e+00 
1.723928000e+00 1.388304000e+00 3.361149000e+00 
6.973617000e-03 5.258292000e+00 6.359635000e-02 
7.038171000e+00 2.157698000e-03 7.846820000e-02 
8.173200000e-01 1.073431000e-01 3.546912000e+00 
7.226484000e-02 3.930667000e+00 4.098191000e-02 
4.197872000e-02 1.827830000e-03 5.560680000e+00 
2.910878000e+00 4.401414000e-02 2.901246000e+00 
1.013899000e-01 3.896629000e+00 1.136122000e-01 
2.905998000e-02 5.093114000e+00 2.093221000e-01 
1.355334000e+00 3.039464000e+00 1.077377000e-01 
2.500743000e-01 2.996321000e+00 2.862619000e+00 
2.260895000e-01 5.067178000e+00 5.246726000e-03 
3.971336000e+00 1.075435000e-01 1.676830000e-01 
3.278861000e-01 4.525488000e+00 1.080953000e-02 
1.212172000e-02 5.165299000e+00 9.188977000e-02 
4.965351000e-01 3.908749000e+00 1.912013000e-02 
1.263572000e-02 1.690620000e-01 4.321745000e+00 
3.977190000e+00 2.791588000e-02 5.875839000e-02 
3.308489000e-01 1.011211000e-01 3.962740000e+00 
1.412866000e+00 3.077630000e+00 9.238737000e-02 
3.147408000e+00 2.017611000e+00 1.294306000e+00 
4.219765000e-02 4.170330000e+00 4.903656000e-02 
2.273837000e+00 5.791059000e-02 3.304990000e+00 
1.907555000e-01 1.885402000e+00 2.958668000e+00 
3.890587000e+00 2.200005000e-01 4.483931000e-01 
3.969106000e+00 3.139833000e-01 1.925722000e-01 
3.446392000e+00 1.748451000e-02 3.215642000e+00 
2.593962000e-01 1.226992000e-02 4.212448000e+00 

6.671432000e-03 4.189146000e+00 3.704527000e+00 
2.789926000e+00 2.349979000e+00 1.934168000e+00 
4.391859000e-02 4.623910000e+00 8.744273000e-01 
4.223074000e-02 3.329256000e+00 2.976057000e+00 
2.007645000e+00 4.076720000e+00 4.695081000e-02 
1.729792000e-03 1.394727000e-02 5.442628000e+00 
3.495305000e-02 3.423201000e+00 2.781898000e+00 
1.908259000e-01 4.242722000e+00 1.739059000e+00 
4.878258000e+00 3.832034000e-02 1.278341000e-01 
3.980011000e+00 1.096618000e+00 5.468811000e-02 
3.647743000e+00 2.327777000e+00 5.087940000e-01 
5.444873000e-01 3.445804000e+00 2.284208000e+00 
1.910223000e+00 3.980467000e+00 1.434791000e-01 
6.728894000e-05 7.068979000e-06 9.406206000e+00 
3.483321000e+00 2.963962000e+00 8.413036000e-02 
1.106461000e-02 3.580237000e+00 3.964146000e+00 
1.600080000e-02 3.537497000e+00 3.317483000e+00 
1.996857000e+00 4.075181000e+00 1.257949000e-01 
8.690373000e-04 6.723563000e+00 1.404192000e+00 
1.032596000e-01 4.487547000e+00 1.462287000e-01 
3.153578000e+00 2.748196000e+00 1.060057000e+00 
2.708159000e-03 6.016257000e+00 3.159068000e+00 
5.190111000e-02 3.256674000e+00 2.725370000e+00 
4.405630000e-05 4.348140000e-04 6.880289000e+00 
1.709568000e+00 3.638953000e+00 2.591341000e-01 
2.020170000e+00 1.078125000e-01 3.790491000e+00 
1.535078000e-01 2.443529000e+00 3.978658000e+00 
3.836242000e+00 3.023773000e-02 2.227334000e+00 
6.096654000e-01 3.403217000e+00 1.917987000e+00 
4.892771000e-02 2.786904000e+00 3.129255000e+00 
2.855331000e-03 4.927019000e+00 4.435984000e+00 
3.731931000e+00 2.581635000e+00 2.091472000e-01 
3.913996000e+00 1.401841000e-01 2.180927000e-01 
3.485344000e+00 1.417565000e-01 1.921057000e+00 
2.742234000e-02 5.709671000e+00 3.674224000e-02 
7.266778000e-02 4.638877000e+00 4.242634000e-02 
2.925694000e-02 1.719973000e-01 4.160077000e+00 
3.028905000e-02 3.133968000e-03 4.359864000e+00 
4.499369000e+00 4.367279000e-02 2.357154000e-02 
2.556951000e+00 2.114606000e+00 2.792607000e+00 
1.770854000e+00 2.867252000e+00 2.169786000e+00 
5.198558000e+00 2.953683000e-03 2.314288000e-01 
6.954425000e-04 3.040807000e+00 6.187771000e+00 
3.525599000e+00 7.935404000e-02 1.905815000e+00 
9.910127000e-03 7.267896000e-04 5.347439000e+00 
1.079912000e-02 6.214753000e-02 4.462585000e+00 
7.087988000e-03 3.504214000e+00 4.001462000e+00 
4.394375000e+00 5.602212000e-02 4.033462000e-02 
1.259001000e-03 1.251684000e-02 6.689770000e+00 
1.688389000e-01 3.418128000e-01 3.679019000e+00 
1.951549000e-01 4.155398000e+00 1.619581000e+00 
3.807350000e+00 3.844816000e-02 2.255256000e+00 
3.267065000e+00 4.654450000e-01 1.782077000e+00 
6.464083000e-03 3.873915000e-01 4.463901000e+00 
1.767604000e-03 2.040192000e-01 4.737699000e+00 
5.356320000e-02 4.547896000e+00 6.128299000e-02 
1.813670000e-01 4.747538000e+00 3.764080000e-02 
8.261297000e-01 4.273321000e+00 1.163084000e-02 
2.018389000e+00 3.899877000e+00 7.555730000e-02 
2.019775000e+00 2.591470000e+00 1.910951000e+00 
2.833060000e-02 3.724426000e+00 3.220633000e+00 
5.125150000e+00 1.453113000e-01 1.721991000e-03 
9.598399000e-04 1.831440000e-01 4.926931000e+00 
5.280892000e-02 3.213030000e-01 4.076460000e+00 
2.457893000e+00 2.331246000e+00 2.859995000e+00 
3.479110000e+00 3.166509000e+00 9.389557000e-02 
2.329272000e+00 3.169786000e+00 4.582129000e-03 
1.551213000e+00 2.989971000e+00 3.102628000e+00 
8.318578000e-02 3.717637000e+00 2.471147000e+00 
1.372098000e-02 8.062777000e-02 4.258814000e+00 
4.513218000e-03 4.957178000e+00 9.272922000e-01 
1.865781000e-01 4.256501000e+00 2.709815000e-01 
2.934231000e+00 6.924943000e-02 2.639266000e+00 
1.769389000e+00 2.815588000e+00 2.949295000e+00 
1.162847000e-02 4.637433000e+00 8.727272000e-01 
1.466899000e-02 5.006701000e+00 2.732159000e-01 
2.595254000e-01 5.161715000e+00 6.235200000e-03 
5.138623000e-01 4.541840000e+00 7.553423000e-03 
5.181818000e-02 4.355139000e+00 2.453058000e-01 
1.658861000e-01 8.026526000e-03 4.189018000e+00 
1.867806000e-01 4.275962000e+00 6.686211000e-02 
3.946600000e+00 2.808099000e-02 2.239405000e+00 
2.623018000e+00 2.737938000e-01 2.430192000e+00 
4.122842000e-02 4.709410000e+00 2.920205000e-01 
1.803785000e+00 4.585788000e-03 4.348119000e+00 
8.298706000e-02 3.734110000e+00 2.231965000e+00 
2.383434000e+00 2.341364000e+00 2.814292000e+00 
3.006719000e-01 4.095259000e+00 7.196607000e-01 
4.192182000e+00 4.399121000e-01 3.104173000e-02 
3.996346000e+00 5.089868000e-03 1.515998000e-01 
2.927796000e-03 1.384506000e-01 4.485891000e+00 
1.034774000e+00 3.716199000e+00 2.000832000e-01 
4.357687000e-02 3.248652000e+00 2.808358000e+00 
2.080400000e-01 3.011720000e+00 2.470333000e+00 

