1.062347000e+00 7.329598000e-01 1.245894000e+00 
8.975901000e-03 2.475234000e+00 2.357114000e-02 
1.294332000e+00 1.186036000e+00 1.396886000e-02 
2.110512000e-01 2.073259000e+00 1.314003000e-03 
2.139267000e+00 4.859401000e-04 3.724379000e-02 
1.027335000e+00 1.524084000e+00 1.804360000e-03 
3.880953000e-03 1.783588000e+00 4.137617000e-01 
6.394810000e-01 9.484688000e-01 1.405058000e+00 
2.819013000e-02 1.712582000e+00 1.898033000e-02 
1.287154000e+00 1.153490000e+00 2.284622000e-02 
7.457060000e-01 1.037005000e+00 1.134050000e+00 
7.948145000e-01 9.384739000e-01 1.093641000e+00 
1.354618000e+00 1.186637000e+00 1.363174000e-02 
3.448736000e-02 9.273420000e-01 1.503705000e+00 
2.098938000e+00 7.747561000e-02 8.732026000e-04 
1.982382000e+00 5.387881000e-03 6.659107000e-03 
1.321387000e+00 6.375692000e-02 1.124334000e+00 
1.334094000e+00 4.070437000e-03 1.211999000e+00 
1.095819000e+00 3.539366000e-03 1.459653000e+00 
1.785711000e+00 3.628949000e-02 6.151289000e-03 
4.383787000e-04 1.134691000e+00 1.741063000e+00 
6.719076000e-01 1.730333000e+00 2.295185000e-04 
5.736711000e-01 6.011998000e-01 1.462728000e+00 
1.263965000e+00 1.473225000e-01 1.141497000e+00 
1.175596000e+00 1.107630000e+00 5.209233000e-02 
1.783598000e-01 1.842683000e+00 7.536669000e-03 
1.500240000e-02 2.470125000e+00 3.517924000e-03 
7.402931000e-04 2.162183000e+00 3.947870000e-02 
1.755438000e+00 6.984134000e-02 3.583366000e-03 
6.926490000e-01 1.636424000e+00 3.132082000e-02 
1.172485000e+00 1.782434000e-01 1.055531000e+00 
6.650005000e-01 1.571138000e+00 5.901739000e-02 
1.305515000e+00 1.484565000e-01 1.062164000e+00 
1.154008000e-04 1.848653000e+00 6.101887000e-02 
1.915011000e+00 9.036560000e-02 4.198176000e-04 
1.688904000e-02 1.323100000e+00 1.204429000e+00 
1.174394000e+00 1.066448000e+00 8.014574000e-01 
7.762762000e-02 2.318696000e+00 5.397774000e-03 
1.046398000e-02 2.597583000e+00 2.093876000e-02 
5.922915000e-01 1.191171000e+00 1.188224000e+00 
3.621706000e-04 8.567244000e-03 1.774076000e+00 
1.377266000e+00 9.037435000e-01 8.283532000e-01 
4.816552000e-05 3.908182000e-04 2.046646000e+00 
1.038796000e-01 4.942421000e+00 4.928849000e-06 
2.371853000e-02 1.680085000e+00 6.937786000e-01 
2.612843000e-01 1.664501000e+00 3.321991000e-02 
1.875099000e-04 1.538132000e-03 1.809666000e+00 
1.107071000e-02 9.500937000e-01 1.684877000e+00 
5.389643000e-02 2.303874000e-01 1.645279000e+00 
7.701145000e-01 1.526984000e+00 2.866616000e-02 
9.948933000e-01 4.487141000e-02 1.322190000e+00 
2.743166000e-02 3.006341000e+00 1.470656000e-03 
1.514135000e+00 3.451203000e-01 8.703366000e-01 
1.405753000e+00 5.921559000e-03 1.014786000e+00 
1.907204000e-01 9.426505000e-01 1.443121000e+00 
7.084821000e-03 1.352042000e+00 1.647982000e+00 
9.318207000e-01 1.362215000e+00 3.426765000e-02 
1.674692000e+00 1.757534000e-02 6.670922000e-01 
8.260034000e-01 1.631772000e+00 2.846055000e-02 
2.537263000e-01 1.528226000e+00 7.182114000e-01 
1.256017000e-01 4.510314000e+00 6.052033000e-04 
4.043463000e-02 1.209305000e+00 1.305915000e+00 
9.972885000e-02 8.704181000e-01 1.462280000e+00 
1.560827000e+00 3.074194000e-01 7.427116000e-01 
1.517622000e-01 1.307510000e+00 1.062565000e+00 
1.289230000e+00 4.991840000e-02 1.244963000e+00 
2.525519000e-02 1.056317000e+00 1.455139000e+00 
8.601791000e-06 4.096035000e-04 4.025180000e+00 
1.370651000e+00 1.223428000e+00 1.174592000e-02 
6.366314000e-02 8.724001000e-01 1.450020000e+00 
1.367656000e+00 4.526945000e-02 9.459828000e-01 
6.448941000e-01 5.866853000e-01 1.574303000e+00 
1.602318000e+00 1.128433000e-02 7.104721000e-01 
2.681138000e-03 1.839710000e+00 5.864320000e-02 
7.350651000e-02 1.366329000e+00 9.843988000e-01 
8.256890000e-01 4.130954000e-02 1.541256000e+00 
1.402373000e+00 3.834543000e-03 1.263866000e+00 
1.268355000e+00 1.211192000e+00 1.794105000e-02 
9.992160000e-01 9.107059000e-03 1.554158000e+00 
1.301941000e+00 6.457459000e-03 1.182773000e+00 
1.253893000e-02 2.937532000e+00 8.180541000e-03 
1.961936000e-03 4.172293000e-05 1.933539000e+00 
1.267048000e+00 1.442163000e-01 1.141991000e+00 
1.484604000e+00 1.258261000e+00 8.234536000e-03 
4.430437000e-02 9.614661000e-01 1.341867000e+00 
6.211361000e-01 6.788568000e-01 1.453437000e+00 
1.213485000e+00 1.300296000e+00 7.457924000e-03 
1.644664000e+00 1.224814000e-01 3.820827000e-03 
5.257208000e-05 2.974460000e-03 1.822581000e+00 
4.153576000e-02 1.702631000e+00 1.427677000e-01 
7.588016000e-03 1.305545000e+00 1.673208000e+00 
6.168722000e-02 1.662813000e+00 5.026889000e-01 
8.571996000e-01 7.769683000e-01 1.402891000e+00 
2.821513000e+00 1.836126000e-01 2.272096000e-04 
1.422200000e+00 1.213454000e+00 8.865693000e-03 
1.948356000e-02 2.166908000e+00 1.863226000e-02 
6.171678000e-01 1.162851000e+00 1.187460000e+00 
2.745351000e-01 1.450628000e+00 5.801748000e-01 
7.832918000e-02 2.179811000e+00 3.513521000e-03 
5.790872000e-02 2.485101000e-01 1.596985000e+00 
1.037542000e+00 1.225073000e+00 1.449001000e-01 
2.653523000e-02 1.451477000e+00 1.065491000e+00 
1.601539000e+00 1.381060000e-02 6.848921000e-01 
1.992386000e-02 1.087397000e+00 1.424203000e+00 
1.170482000e+00 1.372645000e+00 2.405283000e-02 
1.222191000e+00 1.305290000e+00 7.108959000e-03 
8.319338000e-01 9.792137000e-01 1.081976000e+00 
1.416518000e-02 8.374061000e-01 1.560609000e+00 
9.691668000e-01 1.429065000e+00 2.432035000e-02 
1.214591000e+00 1.023309000e+00 1.027095000e+00 
2.485462000e-02 1.912019000e+00 1.239584000e-02 
8.767827000e-01 3.541923000e-02 1.536012000e+00 
1.084258000e+00 4.442463000e-03 1.398254000e+00 
9.065357000e-02 1.206386000e+00 1.098704000e+00 
1.827199000e-02 1.888405000e+00 2.236174000e-02 
1.021132000e+00 1.497994000e+00 7.411119000e-03 
5.944259000e-01 1.857144000e+00 1.537108000e-04 
2.521259000e-02 1.796490000e+00 9.250514000e-03 
8.529999000e-01 1.681388000e+00 2.230307000e-02 
1.203872000e+00 1.085827000e+00 6.812528000e-01 
2.906423000e-01 1.573508000e+00 3.721216000e-02 
2.008652000e+00 8.904737000e-04 1.895086000e-01 
6.598792000e-01 5.662334000e-01 1.531348000e+00 
1.068077000e+00 1.257162000e+00 1.041169000e-01 
2.147816000e+00 1.215821000e-04 2.013046000e-02 
3.576216000e-03 1.810762000e+00 4.301897000e-01 
1.180035000e+00 1.270509000e+00 2.460534000e-02 
2.865127000e-01 2.757604000e-02 1.611723000e+00 
1.693403000e+00 1.106696000e+00 2.675086000e-03 
1.293170000e+00 1.431990000e-01 1.178383000e+00 
3.905820000e-02 1.634699000e+00 7.641167000e-01 
1.448769000e+00 1.079042000e+00 2.277690000e-02 
3.100001000e-02 1.115663000e+00 1.401736000e+00 
8.956324000e-01 1.757157000e-02 1.673326000e+00 
4.149969000e-02 1.208816000e+00 1.284878000e+00 
3.451682000e-02 8.995616000e-01 1.481712000e+00 
4.307123000e-03 3.593999000e-04 1.700982000e+00 
1.407043000e-02 1.062681000e+00 1.488647000e+00 
2.518378000e-01 1.204646000e+00 1.134544000e+00 
1.351438000e+00 8.818532000e-01 8.582720000e-01 
1.730950000e+00 4.944379000e-02 3.519394000e-02 
1.711523000e+00 6.975413000e-02 8.480492000e-02 
1.491006000e+00 9.968636000e-01 4.027241000e-03 
1.157455000e+00 1.207428000e+00 7.338712000e-02 
1.008044000e-02 1.386473000e+00 1.317338000e+00 
1.851134000e+00 2.823482000e-03 4.826604000e-02 
1.279718000e-01 1.808220000e+00 9.223149000e-03 
6.338025000e-02 1.218955000e+00 1.131507000e+00 
3.042480000e-01 1.500117000e+00 5.357711000e-01 
5.955022000e-02 1.703813000e+00 1.132384000e-01 
7.127413000e-01 4.686377000e-01 1.407355000e+00 
1.787280000e+00 7.227026000e-02 1.922450000e-03 
1.963270000e-01 7.629017000e-01 1.560781000e+00 
2.007141000e-01 8.726663000e-01 1.436107000e+00 
1.880237000e-01 2.043162000e-01 1.664541000e+00 
1.297033000e+00 1.308293000e-01 1.101084000e+00 
8.197535000e-01 9.467432000e-02 1.498691000e+00 
7.984031000e-01 1.095138000e-01 1.510442000e+00 
1.574260000e+00 1.247373000e-01 6.397618000e-01 
1.135296000e-01 8.283740000e-01 1.505287000e+00 
3.279505000e-01 1.601028000e+00 3.362214000e-02 
9.491572000e-01 8.387449000e-01 1.069001000e+00 
1.466817000e+00 9.798204000e-01 1.121640000e-01 
1.737528000e+00 2.271430000e-02 1.133336000e-02 
1.386274000e+00 1.023373000e+00 5.856668000e-02 
1.170031000e+00 1.283040000e+00 5.368603000e-02 
5.333050000e-01 7.835633000e-01 1.442884000e+00 
4.024426000e-03 1.823200000e+00 2.909652000e-02 
3.058733000e-02 1.351239000e+00 9.909015000e-01 
1.005147000e-01 1.560707000e+00 4.918581000e-01 
5.001140000e-02 1.328930000e+00 1.177648000e+00 
8.573930000e-03 1.091739000e+00 1.517299000e+00 
1.625990000e+00 2.268308000e-01 6.229523000e-01 
5.212420000e-02 1.539720000e+00 7.228289000e-01 
2.891850000e-02 1.412317000e+00 1.172954000e+00 
1.211805000e+00 3.299703000e-03 1.436036000e+00 
1.226974000e+00 1.084596000e+00 3.275164000e-02 
7.253391000e-01 7.785072000e-01 1.192234000e+00 

1.520110000e+00 5.912510000e-01 1.905612000e-01 
7.563183000e-01 1.063965000e+00 1.222264000e+00 
1.158892000e-02 1.013948000e+00 1.272399000e+00 
2.335012000e-03 1.131282000e+00 1.527648000e+00 
1.301420000e-02 3.598178000e-01 1.667258000e+00 
1.118858000e+00 2.304058000e-03 1.353355000e+00 
1.916107000e+00 1.207861000e-02 8.916068000e-03 
1.331954000e+00 1.305424000e-03 1.342233000e+00 
1.143089000e+00 1.114247000e+00 1.855374000e-01 
9.254988000e-01 1.905142000e-02 1.364958000e+00 
1.121109000e+00 1.523430000e-02 1.344157000e+00 
1.724035000e-01 1.670739000e+00 2.202567000e-03 
1.886438000e-03 3.889293000e-06 1.945847000e+00 
1.709192000e+00 8.047438000e-02 1.140771000e-02 
1.283504000e-01 1.192135000e+00 1.077575000e+00 
3.098821000e-02 1.477612000e+00 1.157954000e+00 
1.715983000e-02 2.350865000e+00 1.021514000e-03 
6.703635000e-02 1.647833000e+00 6.505384000e-01 
7.143076000e-02 2.380718000e+00 8.170179000e-04 
2.142151000e+00 2.280233000e-01 6.034394000e-04 
6.514241000e-01 6.914563000e-01 1.347020000e+00 
1.638505000e+00 9.990579000e-04 1.591271000e+00 
3.189889000e-02 1.491813000e+00 1.150394000e+00 
7.413490000e-01 3.674106000e-01 1.470424000e+00 
1.608860000e+00 1.033319000e-01 1.537792000e-02 
1.710189000e+00 1.969855000e-02 1.553044000e-01 
1.315086000e-01 1.199770000e+00 1.047884000e+00 
1.063904000e+00 1.645216000e+00 1.857125000e-02 
1.116619000e+00 8.059752000e-03 1.619904000e+00 
1.300149000e+00 3.150462000e-01 9.472192000e-01 
2.000158000e+00 3.586539000e-01 3.855329000e-03 
4.032646000e-01 2.098462000e+00 3.848015000e-04 
2.316345000e-02 9.724039000e-01 1.486806000e+00 
1.925266000e-02 1.548419000e+00 7.381987000e-01 
1.672184000e-03 1.686294000e-02 1.752663000e+00 
3.194519000e-04 1.458578000e-01 1.818607000e+00 
2.489912000e+00 3.946161000e-03 7.222181000e-04 
2.177298000e+00 3.953373000e-02 4.656459000e-03 
2.341504000e+00 1.444646000e-02 2.566954000e-03 
9.499238000e-01 5.060370000e-01 1.234718000e+00 
2.246097000e+00 1.692076000e-01 3.298267000e-03 
1.684251000e-03 1.746104000e+00 4.077154000e-02 
1.919489000e-02 1.612661000e+00 7.448051000e-01 
8.622277000e-02 1.637515000e+00 3.612677000e-02 
1.296029000e+00 5.364963000e-01 9.402242000e-01 
6.352084000e-02 1.611626000e+00 7.010646000e-01 
7.027266000e-02 1.461053000e+00 6.561639000e-01 
1.022061000e+00 9.824189000e-01 1.184577000e+00 
1.513235000e-03 7.261963000e-01 1.690891000e+00 
1.065727000e+00 9.306280000e-01 1.008838000e+00 
6.080278000e-02 1.746299000e+00 8.336235000e-03 
1.174871000e+00 1.141121000e+00 8.043684000e-02 
2.059764000e+00 3.850490000e-03 1.258109000e-02 
3.207538000e-03 1.511012000e+00 1.210663000e+00 
2.043919000e+00 3.580449000e-01 5.930087000e-03 
1.129649000e+00 1.582572000e+00 2.023288000e-02 
2.193955000e-02 5.451144000e-04 1.900758000e+00 
8.311331000e-01 8.175002000e-01 1.194878000e+00 
1.303010000e+00 1.985373000e-03 1.237987000e+00 
6.397469000e-02 1.526719000e+00 7.114803000e-01 
9.110142000e-02 1.492401000e+00 5.511509000e-01 
5.053430000e-02 1.235681000e+00 1.036874000e+00 
1.919489000e-02 1.612661000e+00 7.448051000e-01 
1.574775000e-01 7.595089000e+00 5.467950000e-04 
3.289406000e-02 1.465671000e+00 1.074191000e+00 
3.450014000e-02 1.449465000e+00 1.154030000e+00 
1.570266000e+00 3.371360000e-02 7.226881000e-01 
4.291163000e-03 1.454329000e+00 1.205918000e+00 
1.676008000e-03 6.127741000e+00 1.067854000e-01 
1.648738000e+00 3.305115000e-02 7.519101000e-01 
1.436509000e+00 9.189300000e-01 1.415394000e-01 
1.193949000e+00 1.236555000e+00 5.908465000e-02 
1.570577000e-01 9.301219000e-01 1.451194000e+00 
3.846162000e-01 2.316316000e-03 1.738160000e+00 
1.488698000e-03 3.649573000e+00 4.039208000e-01 
1.887638000e+00 1.273385000e-02 4.327958000e-02 
1.540200000e-02 3.918335000e-01 1.636397000e+00 
3.926768000e-01 2.352085000e-03 1.737025000e+00 
8.030773000e-01 7.524556000e-01 1.253388000e+00 
1.809099000e+00 1.770649000e-02 6.891934000e-01 
1.102379000e-03 7.456286000e-03 1.807948000e+00 
3.301647000e-01 1.485989000e+00 3.066683000e-02 
6.830668000e-01 6.014479000e-01 1.436890000e+00 
3.710373000e-02 1.309650000e+00 1.107784000e+00 
8.295190000e-02 1.653761000e+00 2.634336000e-01 
3.911717000e-01 2.059308000e+00 4.166888000e-04 
2.037707000e+00 3.572422000e-03 7.111219000e-02 
1.731058000e-02 2.326691000e+00 1.365424000e-02 
4.806891000e-02 1.735813000e+00 2.259296000e-02 
3.080531000e-01 1.964939000e-03 1.801905000e+00 
9.522944000e-01 4.615901000e-01 1.329869000e+00 
1.114214000e+00 1.087366000e+00 6.716717000e-01 
1.721640000e+00 2.922757000e-02 4.762074000e-02 
2.071614000e+00 8.940051000e-02 4.957510000e-03 
1.148342000e-01 1.133155000e-01 1.669287000e+00 
1.558257000e+00 3.767724000e-02 8.234726000e-01 
2.713448000e+00 7.125943000e-04 2.569167000e-03 
2.620147000e+00 1.714216000e-03 2.656550000e-02 
1.946438000e+00 8.327809000e-03 6.814957000e-01 
1.049542000e+00 1.193853000e-02 1.534833000e+00 
3.946476000e-01 1.846332000e-01 1.609206000e+00 
1.180339000e-01 1.220484000e+00 1.120370000e+00 
1.220276000e+00 2.574266000e-01 1.059812000e+00 
1.144228000e+00 4.328555000e-03 1.134783000e+00 
2.221769000e-02 2.253330000e+00 1.147826000e-02 
1.483757000e+00 2.554768000e-01 6.207221000e-01 
1.834849000e+00 1.484167000e-02 1.224914000e-01 
1.817071000e+00 8.098690000e-03 1.074152000e+00 
1.189846000e+00 1.278971000e+00 2.885402000e-03 
1.469088000e-02 3.540879000e-01 1.655918000e+00 
2.384699000e+00 1.159148000e-01 7.330270000e-04 
7.699250000e-01 1.640870000e-01 1.424237000e+00 
1.358008000e-02 2.421997000e+00 7.378438000e-03 
2.277416000e+00 1.868631000e-01 1.866354000e-03 
1.108387000e-01 1.752363000e+00 1.974505000e-03 
3.713872000e-02 1.295059000e+00 1.095310000e+00 
1.716552000e+00 1.496897000e+00 6.798252000e-04 
3.956753000e-02 1.383731000e+00 1.013518000e+00 
1.161984000e-02 1.617893000e+00 7.037443000e-01 
1.130486000e+00 6.004758000e-02 1.261569000e+00 
1.539143000e+00 5.817198000e-01 1.752585000e-01 
2.583875000e-02 2.114078000e+00 3.609520000e-02 
1.647631000e+00 2.141973000e-02 8.549252000e-01 
1.504781000e+00 1.499520000e+00 1.714949000e-03 
2.927040000e-02 2.015271000e+00 1.722249000e-02 
9.227167000e-01 9.724256000e-02 1.376785000e+00 
5.656830000e-01 5.515111000e-01 1.580620000e+00 
1.120503000e+00 5.568343000e-01 1.068412000e+00 
1.605116000e+00 4.398238000e-02 6.620209000e-01 
1.166140000e+00 1.137912000e+00 1.854604000e-01 
1.760962000e+00 3.193640000e-02 3.649943000e-02 
2.133033000e+00 1.183304000e-03 4.849526000e-02 
1.116143000e+00 1.664957000e+00 3.262956000e-03 
1.599159000e-01 1.110530000e+00 1.121951000e+00 
1.108605000e+00 1.302694000e+00 7.916418000e-01 
2.136655000e+00 1.187572000e-02 9.920069000e-03 
1.649954000e+00 6.064348000e-01 9.180916000e-03 
4.106012000e-02 5.471855000e-03 1.899297000e+00 
1.728306000e+00 1.883128000e-02 6.444639000e-02 
1.584749000e+00 8.141146000e-01 3.929359000e-02 
5.101432000e-04 7.479508000e-05 1.934879000e+00 
3.349844000e-04 2.192214000e-03 1.919607000e+00 
9.123835000e-02 1.649641000e+00 2.198210000e-02 
1.826610000e+00 1.797162000e-02 1.230837000e-02 
9.308777000e-03 1.023509000e+00 1.353216000e+00 
1.192177000e+00 3.856660000e-03 1.190886000e+00 
7.801200000e-01 8.691237000e-01 1.184826000e+00 
1.655954000e+00 4.388061000e-02 7.217335000e-01 
1.410210000e+00 5.252096000e-02 1.083295000e+00 
1.540069000e+00 3.242377000e-02 1.131658000e+00 
1.138490000e+00 9.891944000e-01 7.945889000e-01 
9.135446000e-01 1.032440000e+00 1.081956000e+00 
9.337164000e-04 3.332063000e-02 1.694322000e+00 
5.035955000e-02 1.792295000e+00 6.106996000e-03 
1.132680000e-01 1.266009000e-01 1.668479000e+00 
1.073236000e+00 9.195064000e-01 1.021778000e+00 
2.705280000e-05 1.032185000e-02 1.979555000e+00 
1.736279000e+00 7.153000000e-02 3.804037000e-02 
1.324954000e+00 2.076371000e-01 9.883647000e-01 
1.387747000e-01 1.667691000e+00 9.415840000e-03 
4.984391000e-02 1.211706000e+00 1.175382000e+00 
1.202383000e+00 1.048890000e+00 1.380218000e-01 
1.179828000e-02 1.704574000e+00 1.022224000e-01 
1.525856000e-01 5.685791000e-03 1.682076000e+00 
1.552434000e+00 5.210363000e-02 6.312829000e-01 
5.612466000e-02 1.132262000e+00 1.190756000e+00 
1.045615000e+00 1.137288000e+00 8.158491000e-01 
1.121728000e+00 1.207599000e+00 2.387559000e-01 
6.278911000e-01 7.250352000e-01 1.348260000e+00 
1.229178000e+00 1.079071000e+00 4.244402000e-03 
1.945704000e-01 9.938069000e-01 1.443217000e+00 
6.741256000e-02 1.537997000e+00 6.849509000e-01 
3.204243000e-02 9.011840000e-01 1.508351000e+00 
1.542078000e+00 8.308345000e-01 8.245823000e-03 
1.695963000e+00 2.521203000e-02 6.484463000e-01 

5.296693000e-02 1.889795000e+00 3.656916000e-03 
1.734200000e-03 4.327260000e+00 1.105321000e+00 
9.703015000e-01 2.794701000e-02 1.570720000e+00 
1.642936000e-01 1.380212000e+00 1.046851000e+00 
1.516372000e+00 9.455469000e-01 1.836739000e-01 
1.046320000e+00 8.164439000e-01 1.277077000e+00 
2.630969000e-03 9.564547000e-05 1.852569000e+00 
1.406308000e+00 7.213412000e-02 1.094452000e+00 
8.849747000e-04 3.010764000e-02 1.852675000e+00 
1.447328000e-01 1.416867000e+00 1.077084000e+00 
2.074302000e+00 1.520724000e-01 3.635694000e-03 
1.709249000e+00 2.074856000e-01 1.063969000e-01 
3.291405000e-03 2.054782000e+00 1.122505000e-01 
6.728894000e-05 7.068979000e-06 9.406206000e+00 
1.450879000e+00 1.078469000e+00 1.117869000e-01 
1.970682000e+00 2.731536000e-02 1.998855000e-02 
6.055669000e-01 7.145377000e-01 1.556038000e+00 
1.883295000e+00 1.098863000e-02 8.673440000e-01 
8.690373000e-04 6.723563000e+00 1.404192000e+00 
1.596765000e+00 1.082516000e-02 9.788933000e-01 
9.752179000e-01 8.631451000e-01 1.169053000e+00 
1.117963000e-02 1.321252000e+00 1.465345000e+00 
1.893830000e-03 4.300927000e-02 1.761889000e+00 
4.405630000e-05 4.348140000e-04 6.880289000e+00 
1.189317000e+00 9.411766000e-01 8.900284000e-01 
7.392653000e-01 6.946624000e-01 1.312139000e+00 
8.529385000e-01 9.782422000e-01 1.177035000e+00 
2.642776000e+00 3.416526000e-04 1.745770000e-02 
4.439369000e-02 4.456729000e-02 1.749870000e+00 
2.223708000e+00 4.734031000e-03 6.204004000e-03 
2.019392000e+00 2.344543000e-02 9.318075000e-03 
1.023005000e+00 8.173015000e-01 1.294613000e+00 
1.101096000e+00 1.376045000e-01 1.421813000e+00 
1.465281000e+00 1.172343000e+00 4.857833000e-02 
1.114697000e+00 1.347594000e+00 1.072022000e-01 
1.022023000e+00 9.944940000e-03 1.640740000e+00 
1.320056000e+00 2.216930000e-02 1.258889000e+00 
9.314460000e-01 1.284029000e+00 8.585406000e-01 
2.938010000e-02 1.900442000e+00 5.011785000e-02 
1.012042000e+00 1.168072000e+00 8.964529000e-01 
1.053830000e+00 1.118100000e+00 8.838967000e-01 
9.433570000e-01 8.632072000e-01 1.144525000e+00 
5.962630000e-02 1.446457000e+00 1.183738000e+00 
1.295573000e+00 1.207837000e+00 2.548182000e-04 
3.126008000e-02 2.086487000e+00 9.263039000e-04 
1.845383000e+00 1.675504000e-02 1.381207000e-01 
1.059061000e-02 2.171027000e+00 2.553769000e-02 
1.784967000e+00 1.313616000e-02 9.088710000e-01 
6.366850000e-01 7.462769000e-01 1.457120000e+00 
8.517984000e-01 6.745852000e-01 1.515058000e+00 
2.592971000e+00 3.579506000e-01 1.556154000e-03 
1.388036000e+00 1.198618000e+00 8.403968000e-02 
1.966768000e+00 6.517772000e-02 1.753515000e-02 
5.337624000e-02 9.288666000e-01 1.450536000e+00 
1.258666000e+00 1.800431000e+00 3.265459000e-03 
1.351191000e+00 8.939233000e-01 9.269079000e-01 
2.144918000e-01 1.701248000e+00 5.600588000e-02 
3.685493000e+00 6.360931000e-01 1.481823000e-03 
1.054014000e+00 8.380439000e-01 1.252602000e+00 
1.170990000e+00 1.051052000e-02 1.464875000e+00 
1.225401000e+00 6.087706000e-03 1.294119000e+00 
5.125150000e+00 1.453113000e-01 1.721991000e-03 
1.588107000e-02 1.985308000e+00 5.083400000e-02 
3.106128000e-02 2.182659000e+00 2.093716000e-05 
1.069902000e+00 7.595183000e-01 1.165174000e+00 
3.831836000e+00 5.706684000e-01 1.492431000e-03 
8.046804000e-01 8.549238000e-01 1.207741000e+00 
1.777585000e+00 3.355351000e-02 3.775320000e-02 
1.300691000e+00 1.202960000e+00 1.824348000e-01 
1.351425000e+00 2.722024000e-02 1.176236000e+00 
1.363463000e+00 1.162143000e+00 1.206279000e-01 
9.793159000e-04 2.188255000e-02 1.888596000e+00 
4.465412000e-02 9.107642000e-01 1.492126000e+00 
2.429105000e-03 3.038817000e+00 1.668011000e+00 
1.972964000e-05 8.817257000e-04 2.096404000e+00 
4.812946000e-02 2.770445000e-04 1.784157000e+00 
1.522738000e-01 2.040974000e+00 2.476275000e-03 
1.273109000e-01 1.108118000e+00 1.338602000e+00 
1.735431000e+00 4.523530000e-04 9.637471000e-01 
1.328899000e+00 1.187320000e+00 1.198780000e-01 
1.153411000e+00 1.002848000e+00 8.679907000e-01 
3.123845000e-02 9.728505000e-01 1.549731000e+00 
1.918710000e-02 1.217856000e+00 1.401978000e+00 
1.250723000e+00 8.229304000e-02 1.181550000e+00 
2.124999000e+00 1.025881000e-03 9.803959000e-03 
8.606566000e-02 1.417492000e+00 1.148421000e+00 
1.541973000e+00 2.745491000e-02 8.411466000e-01 
3.226826000e-02 1.916841000e+00 4.740887000e-02 
2.102937000e-04 4.482849000e-03 2.030016000e+00 
1.661300000e+00 1.006596000e+00 5.620205000e-02 
1.420525000e+00 8.191315000e-04 1.229394000e+00 
1.031389000e+00 1.412933000e-02 1.638395000e+00 
1.821173000e+00 1.771685000e-01 1.011942000e-02 
1.691505000e+00 5.279208000e-02 4.014644000e-01 
4.982724000e-02 1.821048000e+00 5.263995000e-03 
1.048898000e+00 1.487811000e+00 8.519454000e-02 
1.007672000e-02 1.467896000e+00 8.013032000e-01 
2.582638000e+00 3.557591000e-01 2.742161000e-03 
7.584443000e-02 6.467934000e-03 1.775094000e+00 
1.382575000e+00 1.251327000e-02 1.229187000e+00 
1.469773000e+00 1.024415000e+00 1.256888000e-02 
1.228445000e+00 1.422130000e+00 3.622659000e-02 
2.059629000e-02 9.740032000e-01 1.644480000e+00 
1.382457000e+00 1.420634000e-01 1.121394000e+00 
1.281763000e+00 2.610536000e-02 1.266950000e+00 
1.315231000e+00 5.323097000e-02 1.176798000e+00 
9.457391000e-01 1.296798000e+00 3.157744000e-01 
7.351267000e-02 1.819658000e+00 9.407520000e-03 
1.152955000e+00 1.568829000e+00 1.145419000e-02 
7.109813000e-02 1.112376000e+00 1.389399000e+00 
1.188478000e+00 9.731326000e-01 8.138449000e-01 
1.248159000e+00 1.351943000e+00 3.506587000e-02 
1.025396000e+00 1.600945000e-02 1.595297000e+00 
1.290807000e+00 2.427025000e-02 1.227542000e+00 
1.456891000e+00 2.846044000e-02 7.603177000e-01 
1.982770000e-02 1.249292000e+00 1.232015000e+00 
2.745225000e-02 9.957754000e-01 1.612895000e+00 
1.580919000e+00 7.072917000e-02 7.401110000e-01 
9.348533000e-01 2.813073000e-02 1.436439000e+00 
1.956375000e+00 9.832746000e-04 7.176227000e-02 
2.293712000e-02 1.720496000e+00 2.402289000e-01 
1.722355000e+00 3.181741000e-02 4.815851000e-02 
1.371426000e+00 1.202043000e+00 4.533963000e-02 
1.128373000e+00 1.224513000e+00 4.595886000e-02 
1.938356000e+00 1.124684000e-02 8.168324000e-01 
1.996019000e+00 3.927133000e-02 8.582445000e-03 
4.290283000e-03 2.309483000e+00 4.442636000e-03 
2.844985000e-02 1.964794000e+00 5.203450000e-02 
7.527628000e-01 4.947727000e-01 1.523596000e+00 
1.184825000e+00 1.374859000e+00 3.630568000e-02 
7.611886000e-02 1.726634000e+00 5.681407000e-02 
6.437270000e-01 7.277499000e-01 1.441084000e+00 
1.609658000e-02 1.789648000e+00 1.291220000e-01 
1.459057000e+00 9.951243000e-01 1.024398000e-01 
1.628570000e-01 1.372525000e+00 1.215303000e+00 
1.667004000e+00 1.007277000e+00 2.566191000e-02 
6.704187000e-02 1.259057000e+00 1.229621000e+00 
3.602443000e-03 1.534583000e+00 7.604202000e-01 
1.091610000e+00 1.396525000e+00 1.112305000e-01 
9.589178000e-02 1.715695000e+00 5.261694000e-03 

