1.194989000e+00 2.031798000e+00 6.381300000e-02 
6.111618000e+00 8.736856000e-03 5.188545000e-02 
2.934412000e+00 4.272487000e-02 1.321993000e-01 
1.193486000e-01 1.096777000e-02 2.788177000e+00 
3.598171000e+00 1.092871000e-02 3.744728000e-01 
1.164154000e+00 1.791543000e+00 8.144507000e-01 
2.340396000e+00 1.271002000e-02 1.970302000e+00 
8.698247000e-03 2.331937000e+00 9.279037000e-01 
1.691882000e-01 1.790248000e+00 1.398549000e+00 
1.464700000e+00 1.253894000e-01 1.496295000e+00 
2.393695000e-02 2.355599000e+00 4.962316000e-02 
4.692851000e+00 3.957313000e-02 1.698895000e-02 
4.415072000e-02 2.319125000e+00 3.465234000e-02 
5.549378000e-01 2.059676000e+00 1.286775000e-01 
4.249685000e+00 1.231292000e-02 3.323610000e-02 
3.029395000e+00 2.048490000e-02 3.464369000e-02 
1.069331000e+00 9.838425000e-01 1.823844000e+00 
4.353041000e-01 2.421802000e+00 5.310081000e-03 
1.305746000e+00 1.908843000e+00 3.997534000e-03 
3.827920000e+00 1.077188000e-02 3.818366000e-01 
8.626308000e-04 3.540698000e-01 3.249177000e+00 
2.203011000e+00 3.372158000e-01 6.084586000e-03 
6.691511000e+00 5.921347000e-03 1.166074000e-01 
2.875482000e+00 8.547552000e-02 8.749975000e-03 
2.727213000e+00 3.920675000e-03 8.098503000e-01 
7.731343000e-02 1.390762000e-02 2.775587000e+00 
5.881397000e+00 5.104998000e-03 1.265972000e-01 
1.971966000e-02 2.667404000e+00 3.217338000e-02 
2.482760000e+00 9.380789000e-02 4.314854000e-02 
1.659448000e+00 3.824869000e-02 1.765796000e+00 
2.745265000e+00 5.651628000e-02 1.823046000e-01 
4.149255000e+00 7.576763000e-03 5.393103000e-01 
1.157002000e-01 1.839843000e+00 1.613963000e+00 
1.204409000e+00 7.080980000e-02 2.073323000e+00 
3.029119000e+00 2.275353000e-02 1.431730000e-01 
1.162831000e-02 3.011909000e+00 6.234349000e-02 
1.391292000e+00 3.669042000e-03 2.361458000e+00 
1.711979000e+00 5.697367000e-02 1.687267000e+00 
1.553809000e+00 1.221089000e+00 1.207157000e+00 
1.445968000e+00 2.819476000e+00 7.081718000e-04 
2.074767000e+00 1.465949000e-01 8.094716000e-01 
1.631132000e+00 1.028414000e-03 2.182356000e+00 
9.345257000e-03 2.024221000e-01 2.168630000e+00 
1.038796000e-01 4.942421000e+00 4.928849000e-06 
2.287853000e+00 1.584756000e-01 5.529923000e-03 
2.086796000e-03 8.834218000e-02 3.330104000e+00 
3.703568000e+00 1.113963000e-02 2.323199000e-01 
6.204741000e-03 1.760967000e+00 2.350446000e+00 
3.440289000e+00 1.127001000e-01 2.908069000e-03 
2.022239000e+00 1.809132000e+00 1.160645000e-02 
6.053257000e-03 2.715435000e-04 7.494658000e+00 
2.743166000e-02 3.006341000e+00 1.470656000e-03 
1.181558000e-01 2.158613000e+00 2.826409000e-01 
3.444472000e-02 2.519627000e+00 4.251779000e-02 
2.148456000e-03 4.756885000e+00 8.498217000e-02 
7.138600000e-02 2.592598000e+00 2.141088000e-02 
3.341922000e-01 2.972112000e-02 2.163286000e+00 
4.507595000e+00 1.110547000e-02 1.683091000e-01 
2.191004000e-01 2.266811000e+00 2.511709000e-02 
2.602520000e-01 2.093581000e+00 4.493875000e-01 
1.256017000e-01 4.510314000e+00 6.052033000e-04 
1.995335000e-01 1.726252000e-02 2.266301000e+00 
9.795887000e-03 1.476095000e-02 3.500604000e+00 
8.168037000e-03 6.114816000e+00 5.116005000e-02 
1.292968000e+00 2.140327000e+00 2.426795000e-02 
1.049353000e-01 7.060784000e-03 2.790581000e+00 
9.121436000e-02 1.913477000e+00 1.589662000e+00 
8.601791000e-06 4.096035000e-04 4.025180000e+00 
2.479364000e-02 1.558439000e+00 1.762965000e+00 
2.212692000e-01 1.037824000e-02 2.570826000e+00 
1.683518000e+00 1.336360000e+00 1.853960000e-02 
3.612875000e-02 2.559153000e+00 2.937998000e-02 
5.111549000e+00 4.437047000e-03 2.552760000e-01 
3.604252000e+00 1.901653000e-02 7.932898000e-02 
1.711054000e+00 7.210117000e-02 1.728091000e+00 
4.340624000e+00 4.051451000e-03 4.536814000e-01 
2.499839000e+00 5.684191000e-02 7.923057000e-02 
2.117610000e-03 2.440344000e+00 1.044225000e-01 
2.161024000e-02 2.373266000e+00 4.700904000e-02 
3.299968000e-02 1.711408000e+00 1.664916000e+00 
1.253893000e-02 2.937532000e+00 8.180541000e-03 
4.864520000e-02 1.086704000e-02 2.948825000e+00 
6.473146000e-01 1.345213000e+00 1.673792000e+00 
1.273984000e+00 1.686931000e-03 2.441590000e+00 
1.284470000e+00 4.189261000e-01 1.682367000e+00 
5.582076000e-02 3.858014000e-04 2.878173000e+00 
1.149293000e+00 2.054677000e+00 2.842719000e-02 
1.893629000e-01 1.249820000e-02 2.741708000e+00 
1.537158000e+00 5.405574000e-02 1.796881000e+00 
1.178611000e-02 1.137857000e+00 1.901770000e+00 
2.023984000e+00 1.286276000e-01 1.260703000e+00 
1.595398000e+00 7.265448000e-02 1.672209000e+00 
1.408076000e+00 1.125039000e-01 1.737574000e+00 
2.821513000e+00 1.836126000e-01 2.272096000e-04 
2.800886000e-02 1.468741000e+00 1.730589000e+00 
2.469761000e+00 1.445150000e-01 1.893331000e-01 
1.317863000e+00 2.869218000e+00 1.606038000e-03 
6.540927000e-03 2.155313000e+00 1.957921000e+00 
5.323714000e+00 9.740572000e-03 1.482875000e-01 
2.186965000e-01 1.292721000e-02 2.608619000e+00 
2.938272000e+00 4.224215000e-02 6.099271000e-02 
9.450947000e-01 8.318912000e-01 2.100112000e+00 
5.178665000e+00 3.398445000e-02 3.304176000e-02 
2.026322000e-01 2.134494000e+00 8.701539000e-01 
1.129882000e-02 2.134814000e+00 8.016722000e-01 
2.761220000e+00 8.051340000e-02 5.353053000e-02 
2.565501000e-02 1.680498000e+00 1.759458000e+00 
6.315820000e-02 2.570333000e+00 2.166014000e-02 
1.200705000e-02 2.270022000e+00 1.049469000e-01 
1.266122000e-03 2.398370000e+00 9.580706000e-01 
1.439527000e-02 2.528062000e+00 6.368298000e-02 
2.069262000e-01 1.934086000e+00 7.672092000e-01 
2.114037000e-01 1.344506000e-02 2.674912000e+00 
2.035960000e+00 1.806933000e+00 8.214180000e-03 
2.186965000e-01 1.292721000e-02 2.608619000e+00 
2.186965000e-01 1.292721000e-02 2.608619000e+00 
1.669259000e+00 6.377359000e-02 1.761079000e+00 
2.492508000e+00 1.818114000e+00 2.629215000e-03 
7.109642000e-01 1.413349000e+00 1.436619000e+00 
2.144258000e+00 1.791334000e-02 2.671166000e-01 
1.826954000e-01 1.647010000e+00 1.612108000e+00 
9.423764000e-03 1.528392000e+00 1.779544000e+00 
2.241732000e-03 1.862545000e-02 2.464527000e+00 
2.132026000e+00 1.972218000e+00 2.306765000e-03 
3.367911000e-01 2.344930000e+00 6.700840000e-03 
3.928991000e-03 3.271622000e-02 2.435918000e+00 
2.822437000e+00 9.509479000e-02 1.214785000e-02 
1.449648000e-02 1.514580000e+00 1.794648000e+00 

1.474889000e-01 1.747430000e+00 1.437045000e+00 
1.628546000e+00 6.235733000e-01 1.543988000e+00 
1.706126000e-02 3.148249000e-03 3.598776000e+00 
1.678352000e+00 1.824370000e+00 6.788409000e-03 
1.503041000e+00 1.177906000e-01 1.921520000e+00 
1.624415000e+00 1.385520000e+00 8.289611000e-01 
6.701575000e-02 2.411155000e+00 2.364580000e-02 
2.037414000e+00 7.051959000e-02 1.630169000e+00 
1.212172000e-02 5.165299000e+00 9.188977000e-02 
3.113140000e-03 1.013154000e-04 6.991614000e+00 
5.128660000e-02 3.367164000e+00 6.647888000e-03 
1.917538000e+00 7.380864000e-01 7.483806000e-01 
1.672528000e-03 1.230974000e-02 2.959239000e+00 
6.407819000e-02 1.880090000e+00 1.466040000e+00 
1.382213000e+00 1.580615000e-01 1.756508000e+00 
2.425415000e+00 3.487140000e-02 7.258424000e-02 
5.060332000e-03 5.624678000e-02 2.259230000e+00 
1.185196000e-02 3.174135000e+00 1.818722000e-01 
1.588366000e-02 3.344044000e+00 6.529846000e-02 
4.903816000e-02 1.770002000e+00 1.467407000e+00 
2.389827000e+00 9.802980000e-02 6.031160000e-02 
1.443959000e+00 4.900687000e-01 1.672273000e+00 
3.109438000e-02 2.457182000e-03 3.293295000e+00 
1.713097000e+00 1.482596000e+00 8.605257000e-02 
3.421358000e-02 3.019809000e+00 4.208145000e-02 
1.078295000e-03 2.476439000e-02 2.960965000e+00 
1.808738000e-03 6.032433000e+00 2.075215000e-01 
1.424889000e+00 4.974186000e-01 1.573513000e+00 
3.075376000e-03 3.476964000e-02 2.681090000e+00 
3.220637000e-03 5.546060000e+00 8.871765000e-02 
9.839505000e-03 1.312267000e+00 1.963443000e+00 
4.032646000e-01 2.098462000e+00 3.848015000e-04 
2.022114000e+00 3.406781000e-01 8.505774000e-01 
2.115150000e-01 1.700582000e+00 1.427332000e+00 
1.639547000e+00 1.336153000e+00 6.750692000e-01 
2.322136000e+00 1.201819000e-02 1.294257000e+00 
2.489912000e+00 3.946161000e-03 7.222181000e-04 
1.256687000e-01 2.174829000e+00 1.098781000e-01 
1.639292000e+00 1.806848000e+00 1.851216000e-02 
7.255203000e-01 1.167294000e+00 1.931650000e+00 
2.246097000e+00 1.692076000e-01 3.298267000e-03 
4.545475000e-03 8.286133000e-02 2.316651000e+00 
1.229546000e-01 2.198388000e+00 6.990030000e-01 
5.305908000e-02 1.311099000e+00 2.014487000e+00 
2.226521000e-03 1.967495000e+00 2.722463000e+00 
1.059508000e-01 1.994850000e-05 2.995915000e+00 
3.999297000e-03 7.527898000e-02 2.541358000e+00 
9.923677000e-02 3.595748000e-02 2.375686000e+00 
2.251026000e+00 1.679853000e-01 1.739924000e-01 
1.017996000e-04 5.627434000e-02 4.926456000e+00 
1.332184000e-01 1.787751000e+00 1.403644000e+00 
7.670433000e-05 5.809128000e-02 6.517648000e+00 
9.660421000e-04 9.179667000e-04 5.645097000e+00 
3.836071000e-01 3.393084000e+00 9.092289000e-04 
1.850528000e+00 1.041430000e-02 1.842166000e+00 
2.069712000e-02 3.100425000e-03 3.203752000e+00 
4.819343000e-02 2.856404000e+00 3.430356000e-02 
1.652932000e-02 2.508785000e+00 1.272897000e+00 
2.071905000e+00 1.628417000e-02 8.109905000e-01 
2.057494000e-02 2.236901000e+00 1.217740000e+00 
1.565059000e-03 2.100030000e-02 3.812441000e+00 
3.422014000e-02 3.730111000e+00 2.711691000e-02 
4.929849000e-02 1.378124000e+00 1.643808000e+00 
1.574775000e-01 7.595089000e+00 5.467950000e-04 
2.121236000e+00 2.946257000e-01 6.812979000e-01 
1.727999000e+00 1.904670000e+00 4.567994000e-03 
2.033492000e+00 5.684507000e-03 2.250837000e+00 
1.654599000e+00 2.378363000e-01 1.543308000e+00 
1.676008000e-03 6.127741000e+00 1.067854000e-01 
1.779713000e+00 1.143564000e-02 2.131565000e+00 
7.763803000e-02 1.350655000e-04 2.691940000e+00 
5.652266000e-02 2.697105000e+00 4.416916000e-02 
4.875363000e-02 1.642718000e+00 1.638234000e+00 
4.924804000e-02 2.942739000e+00 2.191814000e-02 
1.488698000e-03 3.649573000e+00 4.039208000e-01 
6.825561000e-02 2.655958000e+00 2.987678000e-03 
7.211895000e-03 1.502385000e+00 1.746140000e+00 
8.111145000e-03 4.265976000e+00 2.261610000e-01 
3.296478000e-02 5.295315000e-03 2.596468000e+00 
3.328967000e-01 3.083643000e+00 1.080451000e-03 
3.463113000e-02 3.177206000e-05 2.930280000e+00 
1.326480000e-02 3.790092000e-04 6.963523000e+00 
2.839885000e-03 8.835287000e-01 2.419007000e+00 
7.977610000e-02 2.409023000e+00 2.138838000e-01 
1.092962000e+00 4.069500000e-01 1.878109000e+00 
3.911717000e-01 2.059308000e+00 4.166888000e-04 
1.251466000e+00 1.515766000e-01 2.056332000e+00 
2.168453000e+00 3.672291000e-01 1.551384000e-03 
2.961541000e-02 1.035724000e-03 4.655670000e+00 
2.254652000e+00 3.520520000e-02 6.063477000e-02 
2.087799000e-01 2.034928000e+00 2.095610000e-01 
6.973617000e-03 5.258292000e+00 6.359635000e-02 
3.069838000e-02 2.204181000e+00 6.980667000e-01 
6.096585000e-02 1.628047000e-04 2.394548000e+00 
2.212160000e-02 1.666859000e+00 1.685170000e+00 
2.461259000e+00 6.551239000e-03 2.648009000e-01 
2.713448000e+00 7.125943000e-04 2.569167000e-03 
4.820333000e-02 2.631684000e+00 6.215331000e-02 
1.779212000e+00 2.108960000e-01 1.465958000e+00 
9.260935000e-01 1.699936000e+00 1.570754000e+00 
1.582733000e+00 4.345463000e-02 1.862114000e+00 
1.741443000e+00 1.626219000e-02 1.745000000e+00 
3.124337000e-01 1.961536000e+00 2.360297000e-01 
2.082285000e-02 6.097217000e-03 2.573194000e+00 
6.943699000e-02 1.282797000e+00 1.955993000e+00 
6.555038000e-02 2.602405000e+00 1.044631000e-01 
1.528406000e+00 1.826600000e+00 6.562509000e-03 
1.286944000e+00 3.523837000e-01 1.915150000e+00 
1.451033000e-02 2.611377000e+00 1.353905000e-01 
1.577533000e+00 1.394166000e+00 1.107636000e+00 
2.384699000e+00 1.159148000e-01 7.330270000e-04 
1.164689000e+00 1.858642000e+00 1.255410000e+00 
1.268266000e-01 2.154764000e+00 3.545320000e-02 
2.492167000e-01 2.011407000e+00 7.115633000e-01 
1.921734000e+00 3.541198000e-01 1.104778000e+00 
1.600864000e+00 4.218596000e-02 1.731137000e+00 
1.742791000e+00 2.881572000e-01 1.421518000e+00 
1.171940000e+00 1.796484000e+00 1.212409000e+00 
1.520757000e+00 1.409944000e+00 1.462332000e+00 
3.897906000e-01 7.416516000e-03 2.155682000e+00 
7.339001000e-03 5.348077000e-02 2.158921000e+00 
1.199381000e-01 5.331601000e-01 2.058666000e+00 
1.453608000e+00 1.721264000e+00 1.005925000e-01 
8.298521000e-02 1.061279000e+00 1.935970000e+00 
4.499723000e-01 6.993494000e-03 2.229943000e+00 
2.620147000e+00 1.714216000e-03 2.656550000e-02 
1.742038000e-02 1.937746000e-01 2.117819000e+00 
1.295077000e+00 1.917081000e+00 1.000440000e-01 
3.082861000e-01 1.566953000e+00 1.597576000e+00 
1.208277000e+00 1.575059000e+00 1.569283000e+00 
2.060859000e-01 2.364190000e+00 6.291204000e-03 
1.432050000e+00 1.420497000e+00 1.166521000e-01 
3.727034000e-01 1.874321000e-02 2.075858000e+00 
6.535065000e-02 2.630909000e+00 2.779160000e-02 
5.475837000e-02 1.606339000e-02 2.379340000e+00 
1.984494000e+00 1.018734000e-02 2.037921000e+00 
1.876691000e+00 1.653063000e+00 4.012390000e-02 
1.986464000e+00 2.686968000e-01 1.076764000e+00 
1.195090000e+00 9.959845000e-01 1.656192000e+00 
2.114872000e+00 8.640061000e-01 4.214123000e-02 
3.193922000e-03 7.753128000e-02 2.423377000e+00 

2.396196000e+00 4.857032000e-01 4.570523000e-02 
1.734200000e-03 4.327260000e+00 1.105321000e+00 
3.685946000e-01 2.418862000e+00 8.373585000e-02 
3.501896000e+00 3.292827000e-02 3.420684000e-02 
1.319073000e-01 3.026578000e+00 4.557559000e-03 
1.342475000e+00 1.902896000e+00 6.306881000e-02 
1.281584000e+00 1.368843000e+00 9.520983000e-01 
3.897656000e-03 2.085992000e+00 1.193015000e+00 
4.371849000e-01 2.481148000e+00 6.120538000e-02 
3.996346000e+00 5.089868000e-03 1.515998000e-01 
1.834600000e+00 1.264719000e+00 1.272355000e+00 
8.716954000e-03 2.528119000e+00 3.968073000e-01 
1.217268000e-01 2.654576000e+00 3.028789000e-02 
6.728894000e-05 7.068979000e-06 9.406206000e+00 
1.336214000e-01 2.585105000e+00 1.575753000e-02 
1.892282000e-03 8.153892000e-03 2.536264000e+00 
2.256745000e+00 1.645598000e+00 3.601087000e-03 
2.939616000e+00 7.267901000e-03 9.561885000e-02 
8.690373000e-04 6.723563000e+00 1.404192000e+00 
1.183759000e-02 7.644563000e-02 2.250018000e+00 
7.303804000e-02 2.924641000e+00 1.310103000e-02 
1.773745000e+00 1.291508000e+00 1.279844000e+00 
3.037059000e+00 5.065535000e-02 8.913780000e-03 
4.405630000e-05 4.348140000e-04 6.880289000e+00 
2.932660000e+00 4.709153000e-03 2.362043000e-01 
2.265172000e-03 2.923125000e-01 2.280881000e+00 
1.887653000e+00 1.509542000e+00 7.494792000e-02 
5.865339000e-02 2.588326000e+00 7.189323000e-02 
1.436345000e-03 3.485056000e-02 2.374988000e+00 
1.350361000e+00 1.996702000e+00 5.384999000e-02 
1.041566000e-02 2.316106000e-04 3.172374000e+00 
6.175799000e-02 1.902674000e+00 1.129173000e+00 
4.950591000e-02 2.867041000e+00 5.132445000e-02 
2.740591000e+00 5.170405000e-04 2.860212000e+00 
1.384663000e-01 1.973127000e+00 1.084811000e+00 
3.713919000e+00 1.557168000e-01 4.159014000e-03 
1.672383000e+00 1.190157000e+00 1.304598000e+00 
3.227948000e+00 4.272164000e-02 4.572155000e-02 
4.499369000e+00 4.367279000e-02 2.357154000e-02 
4.200991000e-01 2.834342000e+00 7.814911000e-03 
2.938902000e+00 1.770786000e-02 4.968204000e-02 
5.198558000e+00 2.953683000e-03 2.314288000e-01 
1.906686000e+00 1.335083000e+00 8.081783000e-02 
3.227920000e+00 4.560939000e-02 7.926703000e-03 
9.910127000e-03 7.267896000e-04 5.347439000e+00 
6.817031000e-02 3.632440000e+00 7.246823000e-03 
2.095844000e+00 4.168700000e-02 1.434480000e+00 
3.521158000e-01 1.616825000e+00 1.852093000e+00 
1.502539000e+00 1.899413000e+00 1.938977000e-01 
1.647244000e+00 8.017804000e-02 2.184135000e+00 
2.592971000e+00 3.579506000e-01 1.556154000e-03 
1.372991000e-02 4.937250000e-03 3.003204000e+00 
2.346400000e+00 5.386131000e-01 4.137064000e-02 
1.602407000e+00 9.913712000e-02 2.121879000e+00 
7.321900000e-02 2.480168000e+00 1.681436000e-01 
4.805009000e-02 2.083353000e+00 1.605222000e+00 
3.920796000e-01 2.686520000e+00 1.132065000e-02 
3.685493000e+00 6.360931000e-01 1.481823000e-03 
1.638053000e+00 1.300768000e+00 1.351653000e+00 
3.513101000e-01 8.830131000e-03 2.469929000e+00 
1.175218000e-02 3.287053000e+00 3.722902000e-01 
5.125150000e+00 1.453113000e-01 1.721991000e-03 
4.046704000e+00 4.703816000e-03 1.770397000e-01 
1.341603000e-03 5.994762000e-03 3.576756000e+00 
7.015713000e-01 3.692152000e+00 1.943611000e-03 
3.831836000e+00 5.706684000e-01 1.492431000e-03 
1.083659000e+00 1.453716000e+00 1.811821000e+00 
3.251169000e+00 2.424561000e-01 6.446477000e-03 
5.603582000e-02 2.162435000e+00 1.190520000e+00 
2.022351000e-01 1.546297000e+00 1.915826000e+00 
4.513218000e-03 4.957178000e+00 9.272922000e-01 
2.039082000e+00 4.767445000e-01 1.113307000e+00 
2.052931000e+00 4.155300000e-01 1.095768000e+00 
2.429105000e-03 3.038817000e+00 1.668011000e+00 
2.537220000e+00 1.040250000e-01 1.978024000e-02 
1.780779000e-02 1.993998000e+00 1.935001000e+00 
1.397699000e-02 2.731768000e+00 1.866324000e-01 
5.596737000e-02 2.710828000e+00 3.669772000e-02 
1.891195000e-04 8.250861000e-03 2.562378000e+00 
4.373427000e-02 2.480792000e+00 1.625660000e-01 
1.071067000e+00 1.612010000e+00 1.778912000e+00 
1.168355000e-01 2.508044000e+00 3.302725000e-02 
3.373330000e+00 1.458618000e-01 6.438418000e-03 
1.125035000e+00 1.191537000e+00 1.769675000e+00 
5.140532000e-01 2.366633000e+00 4.014471000e-02 
1.299548000e-01 1.669324000e+00 1.989764000e+00 
9.448974000e-02 3.537229000e-03 3.128748000e+00 
1.182308000e-02 7.463601000e-03 2.930168000e+00 
2.462427000e+00 8.554950000e-02 2.837492000e-02 
1.354681000e-02 2.073437000e+00 1.941719000e+00 
2.847687000e+00 7.048736000e-02 3.745564000e-02 
1.254255000e-01 4.109151000e+00 7.099892000e-03 
2.048181000e+00 2.577098000e-01 1.169601000e+00 
1.617134000e+00 1.742492000e+00 7.129900000e-02 
2.666245000e+00 7.671213000e-02 2.024965000e-02 
1.701399000e-02 2.899140000e+00 1.713860000e-02 
8.549549000e-01 2.938923000e+00 3.450112000e-03 
2.582638000e+00 3.557591000e-01 2.742161000e-03 
1.934886000e+00 5.044896000e-01 1.083226000e+00 
1.903061000e-02 3.256699000e+00 9.366391000e-03 
2.722944000e+00 2.904621000e-02 3.205176000e-01 
4.775698000e-03 2.223614000e-01 2.366618000e+00 
2.624243000e+00 8.026292000e-02 5.126397000e-02 
5.951352000e-02 2.879484000e+00 1.692580000e-02 
1.277885000e+00 1.003407000e+00 1.822026000e+00 
8.994405000e-01 9.845890000e-01 1.895315000e+00 
1.821639000e+00 1.467229000e+00 8.387240000e-02 
1.616166000e+00 1.603509000e+00 7.741340000e-02 
6.770137000e-02 1.727864000e+00 1.625447000e+00 
1.780135000e-01 2.287635000e+00 1.499334000e-01 
2.271500000e+00 1.136666000e-02 3.931548000e-01 
1.212477000e+00 1.199494000e+00 1.522963000e+00 
2.936725000e-02 1.889585000e+00 1.665264000e+00 
4.618706000e-01 2.565285000e+00 6.082170000e-03 
2.037968000e+00 3.961640000e-01 1.274335000e+00 
1.431487000e-01 1.645348000e+00 1.944795000e+00 
1.286866000e-01 2.651474000e+00 2.223258000e-02 
8.171538000e-02 2.574980000e+00 8.162033000e-02 
2.203014000e+00 5.659239000e-01 1.389477000e-01 
7.294801000e-03 3.289344000e+00 6.462675000e-02 
2.460671000e+00 1.020708000e-01 3.979222000e-02 
2.076937000e-01 2.958526000e+00 4.000295000e-03 
2.051720000e+00 2.586673000e-01 1.118949000e+00 
8.946569000e-01 1.191569000e+00 2.119933000e+00 
2.480166000e+00 1.247866000e-01 1.322623000e-02 
5.067625000e-04 2.868571000e-01 2.352675000e+00 
2.598639000e+00 9.269975000e-02 1.536935000e-02 
1.031709000e-01 3.033298000e+00 8.730774000e-03 
1.421870000e+00 1.998018000e+00 3.340331000e-02 
1.642098000e-01 2.458250000e+00 1.604121000e-01 
2.701196000e+00 3.003886000e-02 7.840153000e-02 
1.020086000e-01 2.377534000e+00 3.296544000e-01 
2.070584000e+00 1.535194000e+00 7.675915000e-03 
1.674838000e+00 1.224282000e-03 1.481624000e+00 
1.713204000e-01 2.059169000e+00 1.060011000e+00 
2.107373000e+00 1.303277000e-01 1.152206000e+00 
1.648617000e+00 1.811125000e+00 2.716967000e-02 
1.941984000e+00 4.089253000e-01 1.472847000e+00 
1.943408000e-01 2.219461000e+00 3.359495000e-01 
2.202392000e+00 5.638850000e-02 1.179428000e+00 
1.977570000e+00 1.624583000e+00 5.896210000e-02 
3.920148000e-01 2.571937000e+00 1.292006000e-02 
2.387266000e+00 5.052225000e-01 4.356057000e-02 
1.288094000e+00 9.800728000e-01 1.531558000e+00 
2.675079000e-01 2.434517000e+00 7.731135000e-02 
2.239539000e+00 2.985207000e-01 4.845845000e-02 
2.306368000e+00 4.705051000e-02 5.567053000e-02 
3.103627000e-01 2.213065000e+00 9.850654000e-02 
1.125073000e-01 1.685562000e+00 1.345828000e+00 

