1.407183000e+00 1.496010000e-02 7.143967000e-01 
6.304287000e-02 1.253379000e+00 6.399324000e-01 
1.312578000e+00 8.382078000e-01 1.731628000e-02 
4.048695000e-01 4.736107000e-01 1.364210000e+00 
2.139267000e+00 4.859401000e-04 3.724379000e-02 
1.423737000e+00 8.375746000e-02 4.804436000e-01 
3.880953000e-03 1.783588000e+00 4.137617000e-01 
1.353591000e+00 9.981881000e-01 2.853038000e-04 
1.003909000e+00 6.925462000e-01 1.097623000e+00 
7.253391000e-01 7.785072000e-01 1.192234000e+00 
9.497740000e-03 1.453001000e+00 6.302360000e-01 
2.326522000e-02 1.323302000e+00 7.232949000e-01 
7.235447000e-01 1.296959000e+00 1.718320000e-02 
1.280594000e+00 7.937373000e-01 2.676745000e-02 
5.250703000e-03 1.722660000e+00 1.486355000e-02 
1.982382000e+00 5.387881000e-03 6.659107000e-03 
6.455234000e-01 1.299324000e+00 8.593786000e-02 
1.334094000e+00 4.070437000e-03 1.211999000e+00 
1.095819000e+00 3.539366000e-03 1.459653000e+00 
1.785711000e+00 3.628949000e-02 6.151289000e-03 
4.383787000e-04 1.134691000e+00 1.741063000e+00 
6.719076000e-01 1.730333000e+00 2.295185000e-04 
1.264666000e+00 7.983137000e-01 6.265224000e-01 
7.657535000e-02 1.616404000e+00 1.547092000e-02 
1.791408000e+00 2.781167000e-02 2.529789000e-03 
1.257043000e+00 5.910845000e-03 1.143615000e+00 
1.500240000e-02 2.470125000e+00 3.517924000e-03 
7.402931000e-04 2.162183000e+00 3.947870000e-02 
1.755438000e+00 6.984134000e-02 3.583366000e-03 
1.918881000e-02 2.011452000e-02 1.527717000e+00 
1.632693000e-03 1.891944000e-02 1.588271000e+00 
9.547118000e-03 1.462919000e+00 5.590917000e-01 
1.345534000e+00 7.769699000e-01 1.156096000e-01 
1.154008000e-04 1.848653000e+00 6.101887000e-02 
1.915011000e+00 9.036560000e-02 4.198176000e-04 
7.575765000e-03 8.641695000e-03 1.623708000e+00 
1.261739000e+00 2.025773000e-01 8.339394000e-01 
1.141905000e+00 5.320671000e-02 1.010122000e+00 
1.237172000e+00 3.539484000e-02 9.171564000e-01 
1.720445000e-01 7.697416000e-01 1.230239000e+00 
3.621706000e-04 8.567244000e-03 1.774076000e+00 
9.182507000e-01 1.162792000e+00 1.229927000e-03 
4.816552000e-05 3.908182000e-04 2.046646000e+00 
1.038796000e-01 4.942421000e+00 4.928849000e-06 
1.617424000e+00 8.127198000e-03 1.249090000e-01 
5.272551000e-02 1.501865000e+00 1.821863000e-02 
1.875099000e-04 1.538132000e-03 1.809666000e+00 
7.246082000e-01 8.533016000e-02 1.320673000e+00 
9.104421000e-02 6.227556000e-02 1.476823000e+00 
8.519939000e-01 9.732431000e-03 1.324247000e+00 
1.642117000e+00 8.363702000e-02 4.101619000e-03 
1.032247000e+00 1.111976000e+00 3.167246000e-03 
8.605004000e-01 1.357898000e-01 1.178922000e+00 
1.405753000e+00 5.921559000e-03 1.014786000e+00 
1.004154000e-03 1.606504000e-04 1.770605000e+00 
4.497927000e-03 1.197239000e+00 1.100767000e+00 
2.598023000e-03 9.710204000e-03 1.732821000e+00 
1.029442000e+00 6.695621000e-01 1.023089000e+00 
9.637736000e-01 1.136652000e+00 3.704844000e-01 
1.412940000e+00 1.685388000e-01 4.923791000e-01 
1.256017000e-01 4.510314000e+00 6.052033000e-04 
1.439753000e+00 1.259731000e-01 1.362127000e-01 
5.576856000e-02 8.033925000e-01 1.251505000e+00 
1.500870000e+00 5.854993000e-03 9.255940000e-01 
9.033228000e-01 1.180899000e+00 1.042161000e-02 
1.165868000e+00 1.401467000e-02 9.981620000e-01 
5.711878000e-01 1.074097000e+00 9.463381000e-01 
8.601791000e-06 4.096035000e-04 4.025180000e+00 
2.938358000e-02 1.677803000e+00 8.738504000e-03 
1.319532000e+00 1.572501000e-02 6.389654000e-01 
6.169989000e-01 9.697572000e-02 1.359375000e+00 
1.229470000e+00 8.486267000e-01 6.730014000e-02 
8.211100000e-01 8.061518000e-01 9.281665000e-01 
2.681138000e-03 1.839710000e+00 5.864320000e-02 
6.370545000e-01 1.071764000e+00 8.078948000e-01 
1.477605000e+00 1.707147000e-02 1.049232000e-01 
1.402373000e+00 3.834543000e-03 1.263866000e+00 
4.859228000e-01 1.063604000e+00 1.044026000e+00 
9.024231000e-01 1.074184000e+00 5.527913000e-01 
1.097840000e-02 1.553346000e+00 1.679117000e-02 
1.253893000e-02 2.937532000e+00 8.180541000e-03 
1.961936000e-03 4.172293000e-05 1.933539000e+00 
5.259789000e-01 5.393701000e-01 1.255770000e+00 
9.085178000e-01 1.261520000e-02 1.217406000e+00 
1.473403000e+00 1.775533000e-01 3.143045000e-03 
2.667588000e-02 1.891393000e+00 6.542484000e-04 
4.563549000e-02 7.987164000e-01 1.310775000e+00 
1.644664000e+00 1.224814000e-01 3.820827000e-03 
5.257208000e-05 2.974460000e-03 1.822581000e+00 
2.351249000e-01 1.430317000e+00 4.584671000e-02 
1.157799000e+00 2.101991000e-02 9.429375000e-01 
7.986272000e-01 1.252163000e-01 1.252656000e+00 
1.402191000e+00 1.320234000e-01 5.812082000e-01 
2.821513000e+00 1.836126000e-01 2.272096000e-04 
7.987612000e-03 1.157462000e+00 9.942502000e-01 
6.986092000e-01 9.015197000e-01 9.733637000e-01 
1.118345000e+00 1.564322000e-01 1.045038000e+00 
1.108737000e-02 1.550175000e+00 1.693581000e-02 
7.058119000e-01 8.587785000e-01 9.768757000e-01 
8.582862000e-01 1.211658000e+00 4.551247000e-01 
9.786199000e-01 1.167748000e+00 6.068697000e-04 
9.178979000e-01 1.140825000e+00 1.397199000e-02 
1.453415000e+00 6.826845000e-02 1.622969000e-02 
1.211805000e+00 3.299703000e-03 1.436036000e+00 
1.388966000e+00 9.885943000e-01 7.737236000e-03 
7.671109000e-03 1.109984000e+00 1.022603000e+00 
1.550189000e+00 3.796471000e-01 1.763803000e-03 
4.607766000e-03 1.121897000e-01 1.561213000e+00 
1.178117000e+00 6.676498000e-01 7.573906000e-01 
4.924063000e-02 7.252506000e-01 1.258949000e+00 
2.485462000e-02 1.912019000e+00 1.239584000e-02 
1.450508000e+00 1.479765000e-01 1.832501000e-02 
1.084258000e+00 4.442463000e-03 1.398254000e+00 
9.174365000e-03 4.610101000e-02 1.498046000e+00 
1.346431000e-01 1.452265000e-02 1.461882000e+00 
3.135414000e-02 8.668350000e-01 1.181508000e+00 
5.944259000e-01 1.857144000e+00 1.537108000e-04 
2.521259000e-02 1.796490000e+00 9.250514000e-03 
7.190359000e-01 1.082439000e+00 7.075691000e-01 
1.628547000e+00 7.385659000e-03 1.108203000e-01 
8.979277000e-01 2.276074000e-02 1.283263000e+00 
2.008652000e+00 8.904737000e-04 1.895086000e-01 
1.019285000e+00 6.423678000e-01 1.081773000e+00 
6.415198000e-01 8.517250000e-03 1.396534000e+00 
2.147816000e+00 1.215821000e-04 2.013046000e-02 
3.576216000e-03 1.810762000e+00 4.301897000e-01 
1.401775000e+00 8.501212000e-04 1.269759000e+00 
3.383696000e-02 1.312611000e+00 8.926459000e-01 
1.025981000e+00 1.018413000e+00 6.235111000e-01 
1.376943000e-03 1.843612000e+00 1.579793000e-01 
6.544462000e-02 1.624187000e+00 6.732035000e-03 
2.496671000e-01 1.105798000e+00 9.256968000e-01 
1.083016000e+00 6.917255000e-01 7.464492000e-01 
4.949997000e-01 5.142479000e-01 1.273544000e+00 
5.512402000e-01 9.868722000e-01 9.732989000e-01 
1.917344000e-02 7.344159000e-01 1.377822000e+00 
4.307123000e-03 3.593999000e-04 1.700982000e+00 
7.037860000e-03 8.325805000e-01 1.261734000e+00 
5.679661000e-02 5.988239000e-02 1.488554000e+00 
1.765866000e-02 2.047267000e-04 1.729022000e+00 
2.972848000e-01 5.226425000e-01 1.378064000e+00 
5.026643000e-02 1.396570000e+00 4.926580000e-01 
4.039620000e-03 9.394625000e-01 1.188408000e+00 
4.797116000e-01 6.273891000e-01 1.216400000e+00 
4.175399000e-03 1.629819000e+00 1.768285000e-02 
1.851134000e+00 2.823482000e-03 4.826604000e-02 
8.622323000e-01 1.169731000e+00 4.270978000e-01 
1.485176000e-01 1.703945000e+00 4.018534000e-03 
8.196767000e-01 1.365366000e+00 3.528367000e-03 
6.214772000e-01 1.077737000e+00 7.897961000e-01 
9.093077000e-05 1.221078000e+00 9.445833000e-01 
1.787280000e+00 7.227026000e-02 1.922450000e-03 
2.653165000e-02 2.801750000e-03 1.509923000e+00 
8.313591000e-02 1.431388000e+00 6.266590000e-03 
1.987240000e+00 2.846005000e-02 5.018319000e-04 
2.714502000e-02 1.697734000e+00 1.224249000e-02 
1.024481000e+00 8.775216000e-01 7.693854000e-01 
7.680862000e-02 1.553537000e+00 4.315179000e-03 
2.151553000e-02 8.204856000e-01 1.327703000e+00 
2.013226000e-02 1.447664000e+00 1.179751000e-01 
1.139497000e+00 7.084737000e-01 6.857789000e-01 
1.642943000e+00 1.354849000e-02 7.733620000e-03 
5.131166000e-02 2.477562000e-01 1.478109000e+00 
7.752628000e-03 8.214345000e-01 1.291667000e+00 
1.529061000e+00 1.844529000e-02 1.777611000e-02 
6.147098000e-01 3.780620000e-01 1.322997000e+00 
1.166163000e+00 1.348083000e-02 9.697660000e-01 
4.024426000e-03 1.823200000e+00 2.909652000e-02 
1.029265000e+00 9.064725000e-01 7.352656000e-01 
5.556598000e-03 1.612076000e+00 1.537309000e-01 
8.559569000e-01 1.060773000e-01 1.185758000e+00 
6.868854000e-01 5.048100000e-01 1.301778000e+00 
1.090199000e+00 9.928219000e-01 5.697382000e-03 
1.513322000e+00 2.144453000e-02 1.903720000e-02 
4.283059000e-01 4.388839000e-01 1.333108000e+00 
2.224030000e-01 1.127583000e+00 9.532428000e-01 
2.768453000e-03 1.200025000e+00 1.099037000e+00 
6.471462000e-04 1.886864000e-02 1.638750000e+00 
1.290237000e+00 7.359881000e-01 5.794560000e-01 
1.264768000e+00 8.782052000e-01 2.137747000e-02 
1.071268000e-01 9.299807000e-01 1.145101000e+00 
3.170429000e-03 1.934837000e-03 1.663298000e+00 
1.038294000e-02 1.541308000e+00 2.705367000e-02 
9.447864000e-01 1.097164000e+00 4.919704000e-01 
7.385182000e-01 7.625634000e-02 1.345240000e+00 
2.359792000e-01 3.287419000e-02 1.440909000e+00 
1.148291000e+00 4.205712000e-02 9.494657000e-01 
6.568124000e-01 1.085889000e+00 7.478676000e-01 
1.027837000e+00 1.024086000e+00 4.653281000e-01 
1.554733000e-02 1.491464000e+00 1.240734000e-01 
1.074973000e-01 1.148865000e-01 1.434355000e+00 
5.725506000e-01 1.043482000e+00 9.271518000e-01 
1.269799000e+00 8.072421000e-01 1.745018000e-02 
6.196301000e-01 1.130942000e+00 9.028847000e-01 
1.888130000e-03 4.093327000e-02 1.587028000e+00 
8.239291000e-01 9.711781000e-01 6.819085000e-01 
6.698547000e-01 1.248569000e+00 8.673886000e-02 
2.664265000e-02 9.140006000e-01 1.239274000e+00 
6.327864000e-01 2.211110000e-02 1.355885000e+00 
6.766480000e-01 6.049993000e-01 1.216867000e+00 
6.011065000e-01 6.018766000e-01 1.224687000e+00 
1.878637000e-01 8.478885000e-01 1.217267000e+00 
3.786720000e-02 1.301870000e+00 8.524214000e-01 
1.508898000e-01 7.718240000e-01 1.226540000e+00 
6.454492000e-01 7.862536000e-03 1.381877000e+00 
8.006905000e-01 7.765648000e-01 9.667674000e-01 
1.117724000e+00 7.171038000e-01 7.429053000e-01 
1.417269000e+00 8.895313000e-03 5.473720000e-01 
2.599809000e-03 4.505215000e-03 1.653102000e+00 
6.606380000e-01 8.070184000e-03 1.374547000e+00 
9.509429000e-01 1.379325000e-02 1.175228000e+00 
5.250374000e-01 5.900140000e-01 1.239238000e+00 
7.274659000e-02 1.500878000e+00 1.692054000e-02 
9.562822000e-01 1.019043000e+00 4.875023000e-01 
8.041724000e-01 4.771349000e-02 1.254605000e+00 
3.220213000e-02 1.638917000e+00 1.616992000e-02 
3.544117000e-02 1.401862000e+00 1.432673000e-01 
1.172277000e-01 1.541940000e-02 1.474976000e+00 
1.111994000e+00 1.770273000e-02 1.053012000e+00 
1.309254000e+00 8.001312000e-01 1.961166000e-02 
8.053703000e-04 1.533560000e-01 1.480195000e+00 
7.099589000e-01 9.151787000e-01 9.111746000e-01 
8.872270000e-01 5.329834000e-02 1.221785000e+00 
7.914938000e-01 8.504808000e-01 9.677535000e-01 
8.699972000e-01 1.131759000e+00 4.621919000e-01 
1.295213000e-02 1.511648000e+00 1.649560000e-02 
1.060755000e-02 1.536708000e+00 1.705969000e-02 
3.160416000e-02 4.449233000e-04 1.515861000e+00 
1.186064000e+00 4.357493000e-02 9.152556000e-01 
1.537416000e+00 1.787205000e-02 6.300281000e-03 
1.412399000e+00 1.881471000e-01 2.261884000e-02 
9.213740000e-01 1.592142000e-02 1.144699000e+00 
2.455912000e-02 2.961504000e-02 1.494169000e+00 
6.571538000e-02 6.451851000e-01 1.332844000e+00 
2.915905000e-01 1.384232000e+00 1.486406000e-02 
1.888865000e-02 1.187268000e+00 9.084642000e-01 
1.020768000e+00 1.030835000e+00 5.459383000e-03 

1.449900000e+00 1.295753000e-02 4.323739000e-02 
7.384353000e-04 2.408260000e-02 1.707212000e+00 
7.162682000e-01 9.414720000e-01 1.066274000e+00 
1.410057000e+00 5.956619000e-01 7.012008000e-03 
1.410173000e-02 1.692702000e+00 3.680626000e-03 
1.481205000e+00 6.230811000e-01 4.856179000e-03 
1.916107000e+00 1.207861000e-02 8.916068000e-03 
9.875752000e-03 1.543270000e+00 1.202324000e-02 
1.360950000e+00 7.063451000e-01 1.088684000e-02 
9.075797000e-01 1.184640000e+00 6.297744000e-03 
1.973735000e-01 1.432094000e+00 6.527466000e-03 
6.266313000e-04 7.330963000e-01 1.288787000e+00 
1.886438000e-03 3.889293000e-06 1.945847000e+00 
6.935667000e-05 1.109121000e-03 1.794424000e+00 
1.173544000e+00 9.257247000e-01 4.094950000e-02 
1.229178000e+00 1.079071000e+00 4.244402000e-03 
1.715983000e-02 2.350865000e+00 1.021514000e-03 
9.185344000e-01 1.011536000e+00 6.258518000e-01 
5.600602000e-02 1.386054000e+00 6.179136000e-01 
2.142151000e+00 2.280233000e-01 6.034394000e-04 
2.206223000e-02 1.080700000e+00 1.014560000e+00 
1.501031000e+00 3.092030000e-03 1.353981000e-01 
1.200549000e+00 4.078968000e-03 8.441495000e-01 
1.087122000e+00 9.568349000e-01 5.875214000e-01 
8.264969000e-04 1.227625000e+00 1.073200000e+00 
7.959479000e-01 1.706397000e-01 1.243079000e+00 
1.202971000e+00 8.887579000e-01 4.294777000e-03 
1.431803000e+00 1.849126000e-01 9.905165000e-02 
5.585504000e-02 1.379615000e+00 6.750656000e-01 
1.175332000e+00 8.477556000e-01 1.189776000e-02 
1.445852000e-02 1.006420000e+00 1.145432000e+00 
7.860361000e-02 6.878707000e-02 1.451829000e+00 
1.407988000e+00 6.064900000e-01 3.972840000e-02 
9.799790000e-01 1.020638000e+00 7.840055000e-02 
1.672184000e-03 1.686294000e-02 1.752663000e+00 
1.005052000e+00 1.015065000e+00 6.120797000e-02 
2.489912000e+00 3.946161000e-03 7.222181000e-04 
2.177298000e+00 3.953373000e-02 4.656459000e-03 
2.341504000e+00 1.444646000e-02 2.566954000e-03 
3.700222000e-02 4.668597000e-04 1.512328000e+00 
1.095875000e+00 2.766599000e-01 8.919171000e-01 
1.684251000e-03 1.746104000e+00 4.077154000e-02 
4.416008000e-03 5.676011000e-01 1.379337000e+00 
1.353521000e+00 7.290094000e-03 5.780971000e-01 
1.031044000e-02 9.536971000e-01 1.150433000e+00 
1.196396000e+00 8.720996000e-01 6.751190000e-03 
1.018387000e+00 7.448707000e-01 8.237802000e-01 
1.214805000e+00 3.778265000e-03 8.559173000e-01 
1.141656000e+00 1.001883000e+00 4.831480000e-02 
1.308449000e-01 1.471002000e+00 1.873462000e-03 
3.288894000e-03 1.623928000e+00 7.693753000e-02 
1.320119000e+00 7.274843000e-01 1.248275000e-02 
2.059764000e+00 3.850490000e-03 1.258109000e-02 
1.135815000e+00 1.070650000e+00 4.769480000e-03 
9.407154000e-01 1.739724000e-01 1.142139000e+00 
9.435729000e-01 1.062233000e+00 5.958226000e-01 
2.193955000e-02 5.451144000e-04 1.900758000e+00 
1.121090000e+00 9.869154000e-01 1.388913000e-01 
1.611212000e+00 1.034987000e-02 9.243589000e-02 
1.601045000e-02 1.319386000e+00 8.620671000e-01 
1.307150000e+00 5.902064000e-01 6.420110000e-02 
1.736349000e-01 1.045162000e+00 9.990501000e-01 
9.811942000e-02 1.365485000e+00 5.283816000e-01 
8.892387000e-01 9.350535000e-01 9.948553000e-01 
1.340842000e-03 1.050150000e+00 1.202781000e+00 
1.729120000e-04 8.583354000e-01 1.415205000e+00 
1.056108000e-01 7.454722000e-06 1.581935000e+00 
1.139569000e+00 1.023618000e+00 2.607622000e-02 
1.561380000e+00 1.472103000e-02 7.066138000e-03 
1.476620000e+00 3.393820000e-01 1.194158000e-02 
1.842480000e-03 1.732028000e+00 1.093926000e-02 
8.042299000e-01 7.689394000e-01 1.006430000e+00 
1.358699000e+00 7.269265000e-01 3.139906000e-02 
4.187593000e-02 1.409016000e+00 6.275714000e-01 
1.409746000e+00 6.142745000e-01 3.137853000e-02 
5.778570000e-03 5.318290000e-01 1.407522000e+00 
1.143410000e+00 9.643994000e-01 2.897970000e-02 
1.211718000e-02 1.454984000e+00 6.366621000e-02 
7.765271000e-01 6.835807000e-01 1.046438000e+00 
1.335398000e+00 6.911328000e-03 6.445016000e-01 
7.868333000e-02 1.431801000e+00 2.871001000e-02 
6.634147000e-02 1.278798000e+00 8.684698000e-01 
1.092473000e-01 2.153673000e-05 1.411492000e+00 
1.361085000e-03 1.681069000e+00 5.546545000e-02 
3.151817000e-03 1.665024000e+00 5.290048000e-02 
1.023708000e+00 6.298688000e-02 9.992855000e-01 
8.053356000e-01 1.763241000e-01 1.208030000e+00 
1.198617000e+00 1.440060000e-02 8.543089000e-01 
8.539398000e-01 1.174588000e-01 1.227311000e+00 
6.667565000e-01 1.498418000e-02 1.328649000e+00 
1.871212000e+00 5.483606000e-02 2.429322000e-03 
9.506506000e-01 9.205646000e-01 6.710298000e-01 
1.493562000e+00 6.601968000e-03 1.462027000e-01 
4.805496000e-02 1.195356000e+00 8.943690000e-01 
4.239639000e-03 1.006939000e+00 1.279316000e+00 
9.876958000e-01 8.956950000e-01 6.133644000e-01 
2.713448000e+00 7.125943000e-04 2.569167000e-03 
2.620147000e+00 1.714216000e-03 2.656550000e-02 
1.223041000e+00 3.762540000e-03 8.582245000e-01 
1.736057000e+00 2.848741000e-03 3.793906000e-02 
1.128896000e+00 3.232267000e-04 1.033226000e+00 
2.420816000e-01 1.311848000e+00 5.422358000e-01 
1.118757000e+00 1.634362000e-03 1.118825000e+00 
1.353583000e+00 2.936807000e-03 5.209331000e-01 
5.709103000e-04 9.779691000e-02 1.791794000e+00 
4.125176000e-01 4.389173000e-01 1.304473000e+00 
9.697630000e-02 1.566596000e-04 1.585893000e+00 
4.042330000e-03 1.573149000e+00 1.101516000e-02 
1.189846000e+00 1.278971000e+00 2.885402000e-03 
1.080949000e+00 3.623635000e-03 9.807088000e-01 
2.384699000e+00 1.159148000e-01 7.330270000e-04 
6.246367000e-03 1.032580000e+00 1.182405000e+00 
1.358008000e-02 2.421997000e+00 7.378438000e-03 
2.277416000e+00 1.868631000e-01 1.866354000e-03 
1.349806000e+00 6.030875000e-01 5.627104000e-02 
1.167273000e+00 1.059816000e+00 1.001821000e-02 
8.808623000e-01 3.172474000e-01 1.129737000e+00 
4.492324000e-02 1.436161000e+00 8.052802000e-02 
3.918595000e-01 4.287222000e-01 1.356903000e+00 
4.197749000e-02 1.543798000e+00 3.533264000e-04 
2.197548000e-01 1.312377000e+00 6.511424000e-01 
1.059308000e-03 1.077117000e+00 1.237387000e+00 
1.688896000e+00 3.291875000e-03 3.848909000e-02 
1.404179000e+00 5.885608000e-01 4.693032000e-02 
9.524222000e-01 9.151257000e-01 6.782374000e-01 
9.514485000e-03 9.205434000e-01 1.212469000e+00 
1.043166000e+00 3.264733000e-03 1.043784000e+00 
1.091249000e+00 9.978071000e-01 8.271467000e-02 
7.662046000e-01 5.717397000e-01 1.174806000e+00 
1.015818000e-01 1.136286000e+00 9.450722000e-01 
1.024771000e-01 1.244322000e-03 1.491909000e+00 
2.133033000e+00 1.183304000e-03 4.849526000e-02 
5.316229000e-02 1.101452000e+00 1.012622000e+00 
2.621327000e-03 5.668951000e-02 1.550613000e+00 
1.096926000e+00 8.198884000e-01 6.698462000e-01 
2.136655000e+00 1.187572000e-02 9.920069000e-03 
8.828868000e-01 2.016006000e-03 1.267838000e+00 
1.057173000e-01 1.172471000e+00 8.216945000e-01 
7.025304000e-04 2.509528000e-02 1.566385000e+00 
1.275414000e+00 5.375043000e-01 8.673307000e-02 
5.101432000e-04 7.479508000e-05 1.934879000e+00 
1.811578000e-01 1.365228000e+00 5.135110000e-02 
1.051042000e+00 8.881917000e-01 6.712922000e-01 
3.042007000e-03 1.671595000e+00 1.503874000e-02 
1.332419000e+00 5.891100000e-01 6.287962000e-02 
1.191800000e+00 1.056098000e+00 6.281236000e-03 
6.863976000e-02 1.402100000e+00 5.647854000e-01 
3.591027000e-02 1.957621000e-05 1.592919000e+00 
1.456731000e+00 7.409586000e-02 1.536133000e-02 
1.416160000e+00 6.308781000e-01 9.025726000e-04 
9.497183000e-01 4.430758000e-02 1.179170000e+00 
9.303148000e-01 1.212752000e+00 5.146709000e-03 
1.007248000e-02 1.173375000e+00 9.229419000e-01 
1.178082000e+00 1.057702000e+00 1.078251000e-02 
1.021657000e-01 1.397923000e+00 5.264819000e-01 
1.682592000e+00 4.729267000e-03 6.717071000e-02 
2.705280000e-05 1.032185000e-02 1.979555000e+00 
4.965932000e-01 7.947816000e-03 1.372701000e+00 
9.835871000e-03 3.462716000e-01 1.376102000e+00 
4.378455000e-02 1.496725000e+00 1.124025000e-03 
7.273942000e-01 6.136946000e-01 1.167011000e+00 
9.795434000e-03 9.340918000e-01 1.156852000e+00 
1.962122000e-03 7.158847000e-02 1.551007000e+00 
1.907510000e-01 1.463382000e+00 7.005109000e-04 
2.979140000e-02 1.412478000e+00 5.098395000e-01 
1.139673000e+00 9.928947000e-01 1.381973000e-01 
9.830942000e-01 4.951899000e-01 1.068389000e+00 
1.353134000e-01 9.238067000e-01 1.128662000e+00 
1.715841000e-01 1.070248000e+00 1.022216000e+00 
6.846159000e-01 6.151693000e-01 1.277677000e+00 
7.044115000e-01 9.955728000e-01 1.082428000e+00 
3.057058000e-01 1.034516000e+00 1.022866000e+00 
9.331035000e-01 5.085160000e-02 1.162800000e+00 
8.061744000e-01 1.764792000e-01 1.204326000e+00 
1.284850000e+00 7.497780000e-01 8.118343000e-02 
9.447585000e-01 1.045004000e+00 6.192073000e-01 
8.185347000e-03 8.556737000e-01 1.258562000e+00 
1.037674000e+00 1.077705000e+00 6.229172000e-03 
2.209502000e-01 1.320156000e+00 5.967898000e-01 
4.018676000e-02 1.449459000e+00 1.180122000e-01 
5.329451000e-01 2.382979000e-04 1.338484000e+00 
1.463915000e+00 4.268289000e-02 3.889811000e-02 
4.108869000e-02 1.006958000e+00 1.142166000e+00 
8.725640000e-03 1.162104000e-01 1.456974000e+00 
9.966038000e-01 1.790460000e-01 1.002094000e+00 
1.797416000e-02 1.038059000e+00 1.069839000e+00 
1.554822000e-02 1.063260000e+00 1.115018000e+00 
1.415965000e+00 6.351349000e-01 6.616871000e-04 
5.002519000e-01 5.455811000e-03 1.382166000e+00 
8.234542000e-01 7.449197000e-01 1.018075000e+00 
1.058093000e+00 1.321393000e+00 1.278511000e-03 
4.645062000e-02 7.999587000e-01 1.162100000e+00 
2.172548000e-03 1.687751000e+00 3.114797000e-02 
1.194184000e+00 6.902148000e-01 5.220663000e-01 
1.108712000e+00 2.516891000e-03 1.032278000e+00 
6.217490000e-02 7.821026000e-01 1.264007000e+00 
1.406747000e+00 5.522521000e-01 4.824081000e-02 
6.524195000e-02 1.010450000e+00 1.029637000e+00 
1.126782000e+00 1.055446000e+00 4.409561000e-02 
6.887813000e-01 1.449780000e-02 1.243370000e+00 
3.283206000e-03 4.059362000e-02 1.458678000e+00 
1.158236000e+00 1.542867000e-01 9.151087000e-01 
7.903998000e-02 1.445907000e+00 1.358812000e-02 
4.558073000e-02 1.495211000e+00 1.668992000e-03 
1.492832000e+00 5.329342000e-02 4.594508000e-03 
8.106423000e-01 6.847200000e-01 1.035938000e+00 
1.500734000e+00 2.396213000e-02 4.885544000e-03 
1.117653000e+00 8.061154000e-01 5.827096000e-01 
4.721561000e-01 6.480457000e-02 1.341017000e+00 
8.940175000e-01 1.001071000e-02 1.257390000e+00 
1.150027000e+00 4.741874000e-01 8.185583000e-01 
1.568179000e+00 1.239534000e-02 4.163135000e-02 
8.906000000e-01 1.207958000e+00 6.730805000e-03 

5.285713000e-02 1.518367000e+00 1.208876000e-02 
1.734200000e-03 4.327260000e+00 1.105321000e+00 
1.463597000e+00 9.711950000e-02 1.639073000e-01 
1.345220000e+00 1.213917000e-01 5.926905000e-01 
7.979764000e-03 1.318341000e+00 1.167823000e+00 
2.083998000e-01 1.477182000e+00 1.984572000e-01 
2.627829000e-02 8.420341000e-01 1.186581000e+00 
1.748802000e+00 6.089152000e-03 8.423819000e-03 
2.915171000e-02 1.267138000e+00 9.403181000e-01 
1.621003000e+00 6.762762000e-02 1.107620000e-02 
1.632950000e+00 1.083692000e-02 8.469406000e-02 
7.712431000e-03 3.284167000e-04 1.609840000e+00 
1.517490000e+00 8.686680000e-02 1.259962000e-02 
6.728894000e-05 7.068979000e-06 9.406206000e+00 
1.377707000e+00 2.706924000e-02 6.986801000e-01 
1.702320000e+00 5.586369000e-03 2.220356000e-02 
8.220086000e-01 8.922977000e-01 1.059472000e+00 
7.824866000e-01 7.299321000e-02 1.371841000e+00 
8.690373000e-04 6.723563000e+00 1.404192000e+00 
1.801640000e+00 1.737339000e-03 2.074860000e-02 
8.027842000e-01 1.182014000e+00 6.265466000e-01 
1.334910000e+00 1.551135000e-01 5.723668000e-01 
1.700909000e-01 1.030326000e+00 1.124047000e+00 
4.405630000e-05 4.348140000e-04 6.880289000e+00 
8.893976000e-03 1.056746000e+00 1.281695000e+00 
6.468746000e-01 1.193814000e+00 5.964014000e-01 
1.002849000e+00 1.312167000e+00 4.102043000e-03 
2.642776000e+00 3.416526000e-04 1.745770000e-02 
1.742549000e-03 1.498688000e+00 7.124092000e-01 
2.223708000e+00 4.734031000e-03 6.204004000e-03 
1.449791000e+00 9.089137000e-03 8.480966000e-01 
1.645600000e+00 9.949328000e-03 4.467200000e-02 
1.226512000e+00 7.399055000e-01 7.188342000e-01 
8.361394000e-04 4.334320000e-02 1.639222000e+00 
1.317104000e+00 7.088775000e-03 1.029482000e+00 
8.414732000e-01 1.655080000e-02 1.364967000e+00 
1.278713000e+00 7.879649000e-01 1.828991000e-01 
1.715062000e+00 2.372687000e-02 9.971068000e-03 
8.608916000e-01 4.028257000e-02 1.347832000e+00 
1.482636000e+00 5.356690000e-02 5.867075000e-01 
4.530179000e-04 6.844186000e-02 1.580529000e+00 
1.650796000e+00 5.863791000e-03 5.698905000e-02 
1.901411000e+00 1.797434000e-03 9.222271000e-03 
1.295573000e+00 1.207837000e+00 2.548182000e-04 
3.126008000e-02 2.086487000e+00 9.263039000e-04 
1.086341000e+00 6.809869000e-01 1.034686000e+00 
1.238572000e-01 1.107147000e+00 1.083805000e+00 
8.228486000e-01 3.403604000e-02 1.350818000e+00 
1.523885000e+00 4.359419000e-02 9.381373000e-02 
5.360903000e-01 5.393139000e-01 1.289099000e+00 
1.670248000e+00 1.856786000e-02 1.682748000e-02 
8.541061000e-01 1.291264000e-02 1.392272000e+00 
5.483832000e-02 1.257841000e+00 7.354333000e-01 
1.990451000e-03 6.598157000e-02 1.579315000e+00 
1.365874000e+00 2.251071000e-02 7.648977000e-01 
1.367707000e+00 5.128286000e-02 6.845269000e-01 
1.082579000e+00 8.905097000e-01 7.084968000e-01 
1.489241000e+00 2.282758000e-02 7.292403000e-01 
8.012697000e-01 5.765216000e-02 1.250769000e+00 
4.393562000e-02 9.165193000e-01 1.186190000e+00 
8.097770000e-02 2.360942000e-04 1.550253000e+00 
1.100193000e+00 8.889319000e-01 7.181343000e-01 
1.060945000e+00 2.751536000e-02 1.117308000e+00 
3.106128000e-02 2.182659000e+00 2.093716000e-05 
1.330758000e+00 1.231397000e-01 5.830306000e-01 
1.202653000e+00 7.591981000e-01 5.171694000e-01 
1.080985000e+00 1.766198000e-01 1.085500000e+00 
1.084233000e+00 8.814825000e-01 7.291734000e-01 
1.468392000e+00 1.093004000e-01 1.603700000e-01 
9.127319000e-01 7.933518000e-01 1.111609000e+00 
1.509913000e+00 1.050054000e-01 5.558762000e-02 
4.565075000e-02 9.045244000e-04 1.578333000e+00 
5.713097000e-02 1.574455000e+00 4.292236000e-03 
1.614676000e+00 7.104407000e-02 7.572442000e-03 
1.972964000e-05 8.817257000e-04 2.096404000e+00 
1.140167000e+00 8.861359000e-01 7.195280000e-01 
7.228808000e-01 4.473242000e-01 1.304165000e+00 
3.244057000e-03 7.565654000e-01 1.405595000e+00 
1.735431000e+00 4.523530000e-04 9.637471000e-01 
1.814558000e+00 1.004273000e-01 7.411699000e-04 
1.188327000e+00 7.495473000e-01 7.108644000e-01 
7.446010000e-03 8.407086000e-02 1.550303000e+00 
4.976142000e-01 5.645989000e-01 1.310858000e+00 
9.410915000e-01 5.797472000e-01 1.074024000e+00 
2.124999000e+00 1.025881000e-03 9.803959000e-03 
7.119288000e-01 1.323525000e+00 1.995541000e-01 
6.649988000e-01 9.931124000e-01 9.657380000e-01 
1.523004000e+00 9.716813000e-02 8.469395000e-03 
2.102937000e-04 4.482849000e-03 2.030016000e+00 
3.039638000e-03 1.252356000e+00 1.168767000e+00 
1.420525000e+00 8.191315000e-04 1.229394000e+00 
1.026008000e+00 1.108288000e+00 1.111906000e-02 
1.457907000e+00 2.292921000e-01 5.309913000e-02 
1.852564000e+00 1.721629000e-02 7.631727000e-03 
1.151721000e+00 7.288146000e-01 9.988750000e-01 
1.148006000e+00 2.842375000e-02 1.074520000e+00 
8.194810000e-01 1.099189000e+00 6.163824000e-01 
1.049495000e+00 9.992055000e-02 1.138097000e+00 
8.736666000e-03 1.405521000e+00 3.687560000e-01 
9.144939000e-01 8.285844000e-01 1.107708000e+00 
1.196441000e+00 1.054898000e-03 1.105933000e+00 
1.137870000e+00 1.625100000e-02 1.081694000e+00 
2.997153000e-03 1.232105000e+00 1.193059000e+00 
1.774895000e+00 7.703528000e-02 4.151158000e-03 
1.384314000e+00 7.111752000e-02 6.683194000e-01 
1.023674000e-02 1.836864000e-03 1.507237000e+00 
3.400118000e-03 1.373613000e-01 1.567870000e+00 
9.120220000e-01 1.962338000e-02 1.329005000e+00 
2.518532000e-02 2.819765000e-01 1.500562000e+00 
9.566779000e-01 9.699996000e-01 6.756022000e-01 
9.195255000e-01 1.185013000e+00 6.167928000e-02 
1.130072000e+00 8.177128000e-01 7.822729000e-01 
1.506564000e+00 4.308053000e-02 6.732537000e-01 
1.867301000e-02 1.390554000e+00 7.234267000e-01 
1.746864000e-01 6.795998000e-03 1.490246000e+00 
5.448482000e-03 1.624179000e+00 3.305970000e-02 
1.321415000e+00 6.998306000e-02 7.049708000e-01 
1.708481000e+00 3.338786000e-03 1.650921000e-02 
2.869654000e-03 2.170984000e-01 1.576123000e+00 
1.956375000e+00 9.832746000e-04 7.176227000e-02 
5.359614000e-01 5.580667000e-01 1.331684000e+00 
1.299893000e+00 8.188362000e-01 1.171805000e-02 
6.421876000e-01 6.764361000e-01 1.224360000e+00 
7.712494000e-01 5.927529000e-01 1.234109000e+00 
1.572218000e+00 7.354261000e-02 8.602382000e-03 
8.866256000e-01 8.950064000e-02 1.185262000e+00 
3.968133000e-02 4.170171000e-02 1.456945000e+00 
5.565578000e-03 1.328848000e+00 7.387653000e-01 
1.490893000e-04 5.095700000e-02 1.764688000e+00 
1.028169000e+00 9.969917000e-01 3.920923000e-02 
4.291688000e-04 1.861656000e-05 1.681432000e+00 
1.609302000e+00 1.060973000e-01 2.060585000e-03 
1.562203000e+00 1.490311000e-02 1.826650000e-02 
2.460173000e-01 1.473147000e+00 5.162396000e-03 
1.173073000e+00 4.467812000e-03 1.058545000e+00 
1.103367000e+00 1.163053000e-01 1.057562000e+00 
8.575682000e-01 1.281953000e+00 2.682131000e-02 
4.974658000e-01 5.661192000e-01 1.292125000e+00 
1.017602000e-02 9.656805000e-04 1.517637000e+00 
1.008654000e+00 9.157875000e-01 7.317448000e-01 
2.554644000e-03 1.336570000e+00 9.819731000e-01 
3.250272000e-03 9.594614000e-01 1.288410000e+00 
1.170083000e+00 8.318195000e-03 1.098925000e+00 
9.268567000e-01 8.281148000e-01 1.105746000e+00 
2.305436000e-03 1.653571000e+00 1.873780000e-02 
1.141678000e+00 1.532103000e-02 1.076374000e+00 
2.287088000e-03 9.238640000e-01 1.407691000e+00 
4.703603000e-02 1.645085000e+00 1.287034000e-02 
9.721972000e-01 4.391328000e-03 1.344539000e+00 
8.062691000e-01 8.150810000e-01 1.108288000e+00 
1.391800000e+00 4.843859000e-03 8.664945000e-01 
1.014040000e+00 1.100211000e+00 6.475190000e-02 
1.168540000e-02 1.197896000e+00 1.023416000e+00 
7.650207000e-01 5.485474000e-01 1.245432000e+00 
1.262457000e+00 1.027422000e-01 7.386217000e-01 
6.464278000e-01 4.120233000e-01 1.322478000e+00 
3.382245000e-03 1.673313000e+00 1.096926000e-03 
2.434967000e-02 1.589685000e+00 2.226795000e-02 
1.260198000e+00 8.272504000e-01 2.018550000e-03 
1.143986000e+00 1.461245000e-02 1.077734000e+00 
1.099600000e+00 1.054885000e+00 1.838044000e-02 
1.705868000e+00 9.793973000e-02 1.221746000e-03 
1.485181000e+00 1.325966000e-01 9.859600000e-03 
1.252383000e+00 7.838408000e-01 2.365850000e-01 
6.908242000e-01 4.677717000e-01 1.317393000e+00 
6.984298000e-01 9.191180000e-01 1.058816000e+00 
7.126500000e-02 1.582138000e+00 1.965397000e-03 
1.042565000e-02 8.893578000e-01 1.339359000e+00 
4.628717000e-03 1.569563000e+00 6.528851000e-02 
9.378552000e-02 1.502158000e+00 8.051536000e-02 
1.110982000e+00 4.256943000e-02 1.032171000e+00 
3.474670000e-02 1.489581000e+00 1.787221000e-01 
4.310798000e-02 1.126285000e+00 1.094159000e+00 
2.782395000e-03 1.520561000e+00 8.814696000e-02 
9.143552000e-01 1.749910000e-02 1.363697000e+00 
1.600654000e+00 5.928945000e-04 1.409975000e-01 
1.127982000e-01 1.102759000e+00 1.087226000e+00 
2.623212000e-03 2.488648000e-01 1.560493000e+00 
1.502872000e-01 6.599633000e-05 1.658850000e+00 
1.923936000e-01 1.167774000e+00 9.425019000e-01 
1.300137000e+00 1.087380000e-01 6.684463000e-01 
1.516318000e+00 1.678562000e-02 7.438341000e-01 
9.581827000e-01 1.193432000e+00 2.773946000e-02 
4.091326000e-03 2.329484000e-01 1.546641000e+00 
1.532052000e+00 3.282593000e-02 3.634912000e-02 
6.738032000e-01 8.676454000e-01 1.096280000e+00 
6.181504000e-01 1.200461000e+00 6.002785000e-01 
1.548686000e+00 1.107764000e-01 7.479194000e-03 
1.464415000e+00 1.336923000e-01 7.354975000e-03 
1.316442000e+00 8.065266000e-01 4.416167000e-02 
1.541676000e+00 2.493360000e-02 2.504854000e-02 
1.378239000e+00 9.157790000e-02 6.824618000e-01 
8.684379000e-03 1.221558000e+00 9.750932000e-01 
6.325068000e-01 8.950861000e-01 1.066377000e+00 
1.180884000e+00 4.730929000e-02 7.654550000e-01 
7.159182000e-01 1.327808000e+00 4.847420000e-03 
1.520452000e-01 9.098841000e-03 1.402139000e+00 
6.531630000e-01 8.523338000e-01 1.130454000e+00 
1.089598000e+00 2.124292000e-02 1.087584000e+00 
1.463389000e+00 1.745822000e-01 1.788679000e-01 
8.739359000e-01 9.784629000e-01 5.892625000e-01 
1.250519000e+00 2.709348000e-02 8.006878000e-01 
2.839254000e-01 1.472197000e+00 6.604985000e-02 
2.695060000e-01 1.401699000e+00 6.249278000e-01 
7.059977000e-01 1.367465000e+00 3.998316000e-02 
7.309673000e-01 1.309942000e+00 1.843192000e-01 
8.436415000e-01 4.997934000e-02 1.208827000e+00 
1.156062000e-02 7.932025000e-01 1.289245000e+00 
1.445037000e+00 1.674562000e-01 1.831976000e-01 
1.408660000e+00 1.052669000e-01 6.012545000e-01 
8.452783000e-01 1.232355000e+00 1.005582000e-01 
1.292199000e+00 8.260629000e-01 1.539177000e-02 
2.047367000e-01 1.368785000e+00 6.909136000e-01 
7.535445000e-01 1.113562000e+00 6.666411000e-01 

