3.910407000e+00 2.459305000e+00 1.870317000e-02 
3.065032000e+00 5.625006000e-01 3.148764000e+00 
5.756199000e-02 3.899282000e+00 3.614714000e+00 
2.620988000e-01 3.290959000e+00 2.513345000e+00 
1.388876000e-01 3.713349000e-02 5.109504000e+00 
1.541960000e-01 4.776158000e+00 8.840167000e-02 
8.977466000e-02 5.284313000e+00 4.309435000e-02 
2.577920000e+00 1.203341000e-01 3.536830000e+00 
1.219144000e+00 3.472913000e+00 2.274492000e+00 
1.118324000e+00 1.648497000e+00 4.074449000e+00 
1.818340000e-01 6.717253000e-03 5.698005000e+00 
3.232615000e-01 4.961260000e+00 4.024123000e-02 
4.288608000e+00 3.622813000e-03 3.342759000e+00 
5.183569000e+00 2.157081000e-02 1.973442000e+00 
3.364639000e-03 8.419664000e-02 4.993666000e+00 
2.886135000e+00 3.210385000e+00 1.455237000e-01 
3.419462000e-01 4.684679000e+00 3.210576000e-02 
5.174559000e+00 1.066224000e-01 1.888557000e-02 
2.699632000e+00 3.829214000e+00 7.455374000e-02 
4.515626000e+00 6.972169000e-01 1.699819000e-02 
2.849299000e-03 5.500013000e+00 7.568020000e-01 
4.478841000e-02 4.974377000e+00 2.530650000e-01 
6.691511000e+00 5.921347000e-03 1.166074000e-01 
9.121508000e-02 3.300421000e+00 3.546260000e+00 
4.641225000e+00 2.182058000e-02 1.968215000e-01 
7.261072000e+00 2.197524000e-02 4.194931000e-02 
5.881397000e+00 5.104998000e-03 1.265972000e-01 
3.871323000e+00 4.580604000e+00 1.109388000e-02 
6.791890000e-02 3.697456000e+00 3.429684000e+00 
3.733338000e+00 2.145906000e+00 2.465320000e-01 
4.434691000e+00 2.412231000e+00 2.637941000e-02 
3.288116000e+00 4.648305000e+00 4.563718000e-02 
3.151527000e+00 5.190005000e-02 4.185875000e+00 
5.253945000e+00 3.367161000e-01 8.357507000e-04 
8.522232000e-03 3.683213000e+00 4.294106000e+00 
2.185975000e-01 1.052212000e-02 5.101299000e+00 
4.722646000e+00 1.142157000e+00 1.016054000e-03 
1.086059000e-02 4.860208000e+00 2.924426000e+00 
2.146979000e-01 1.222917000e-02 4.878222000e+00 
2.790691000e+00 3.231812000e+00 2.855383000e-01 
2.929830000e-04 6.700734000e-03 6.461768000e+00 
2.145899000e-02 4.828630000e+00 6.334445000e-01 
1.851853000e+00 4.094693000e+00 2.777507000e-01 
4.061873000e+00 7.938171000e-01 3.508651000e-01 
2.388230000e-01 3.375360000e+00 3.128223000e+00 
9.550906000e-03 6.337347000e-01 4.675733000e+00 
3.740715000e-01 7.509058000e+00 2.293725000e-04 
1.969292000e-01 3.686885000e-02 4.843460000e+00 
2.763233000e-03 7.712508000e+00 2.415907000e+00 
2.676514000e+00 9.479845000e-01 3.370443000e+00 
6.053257000e-03 2.715435000e-04 7.494658000e+00 
1.881631000e+00 3.027280000e+00 2.216993000e+00 
5.243993000e-02 7.264548000e-02 4.430348000e+00 
4.499898000e+00 2.961694000e+00 9.201601000e-03 
2.834139000e+00 1.930321000e-02 4.598108000e+00 
1.907414000e+00 3.440402000e+00 9.861883000e-01 
5.596127000e-03 5.289817000e+00 3.339769000e+00 
5.464229000e-02 4.348589000e+00 3.604628000e-01 
3.079443000e-01 9.331279000e-03 5.570077000e+00 
2.449759000e+00 3.275718000e+00 1.434090000e+00 
1.499725000e-01 5.041410000e+00 1.308203000e-02 
3.380097000e+00 4.217170000e+00 7.155607000e-02 
6.145901000e-02 3.904009000e+00 2.788905000e+00 
8.168037000e-03 6.114816000e+00 5.116005000e-02 
5.165555000e-01 4.856844000e-03 5.784836000e+00 
3.035057000e+00 4.871890000e+00 1.255536000e-02 
4.506017000e+00 1.035332000e+00 1.042653000e-01 
2.409592000e+00 1.242621000e-03 6.010913000e+00 
3.809259000e+00 5.011984000e+00 7.802389000e-03 
6.943849000e-02 2.317145000e-01 4.097248000e+00 
4.485892000e-01 4.412539000e+00 6.539191000e-02 
2.238057000e-01 5.399181000e-02 4.599259000e+00 
4.635569000e-02 4.734472000e+00 2.798524000e+00 
1.923895000e-01 4.041520000e-02 5.054544000e+00 
4.646827000e+00 1.295937000e-01 6.796118000e-03 
1.098062000e-01 6.122138000e+00 1.064924000e-02 
2.857874000e-02 5.349671000e+00 4.071178000e-01 
4.741384000e-02 4.325604000e+00 1.462422000e+00 
1.010168000e-01 4.296728000e+00 3.759099000e-01 
2.202849000e+00 1.055653000e-01 3.964605000e+00 
9.081513000e-03 5.715356000e+00 5.856100000e-01 
1.734298000e-01 3.856351000e+00 3.509491000e-01 
5.464642000e-01 2.683756000e+00 2.753008000e+00 
6.488989000e-02 5.203095000e+00 4.587813000e-02 
4.593186000e-02 4.745996000e+00 3.196463000e+00 
8.373509000e-03 3.474793000e+00 4.643003000e+00 
1.294618000e-01 5.514520000e+00 2.966278000e-03 
3.007663000e+00 9.793032000e-02 3.778821000e+00 
4.036534000e+00 6.004594000e-02 3.674782000e-01 
3.281870000e-01 2.924165000e+00 3.702758000e+00 
2.693916000e+00 3.862793000e+00 2.531139000e-01 
1.671037000e-01 3.129424000e-02 5.067182000e+00 
3.693503000e+00 2.102944000e+00 1.613572000e+00 
5.289593000e-02 6.135831000e+00 2.355093000e-03 
2.236322000e-01 5.381848000e+00 1.188648000e-03 
5.085898000e-02 8.813024000e-04 6.132412000e+00 
1.598487000e-01 3.176587000e-02 5.256411000e+00 
2.292407000e+00 3.700253000e+00 3.745506000e-01 
5.323714000e+00 9.740572000e-03 1.482875000e-01 
3.380615000e+00 4.327924000e+00 3.952153000e-02 
1.740356000e+00 2.363855000e+00 3.501376000e+00 
3.325163000e-01 2.821350000e+00 3.244071000e+00 
5.178665000e+00 3.398445000e-02 3.304176000e-02 
1.878081000e-01 4.534886000e-02 4.663311000e+00 
1.506728000e-01 1.491558000e-02 5.529746000e+00 
4.040068000e+00 2.061184000e+00 3.371773000e-01 
1.203774000e+00 2.549552000e+00 3.607204000e+00 
5.188540000e-01 3.171501000e+00 2.907119000e+00 
3.457073000e+00 1.480534000e-02 2.422960000e+00 
1.404185000e-01 2.992840000e+00 3.606495000e+00 
2.058013000e-01 4.393556000e+00 7.257440000e-02 
1.128972000e-01 5.672634000e+00 3.452213000e-02 
1.899800000e+00 3.444526000e+00 1.271571000e+00 
6.779551000e-04 3.313048000e-02 5.120948000e+00 
9.269197000e-03 5.359060000e+00 2.012437000e-01 
6.611723000e-02 4.899652000e+00 1.103390000e-01 
2.940032000e-01 4.308948000e+00 2.391505000e-01 
5.065645000e-01 2.893780000e-02 4.645101000e+00 
5.571088000e+00 2.773388000e-02 4.067626000e-02 
2.764803000e+00 5.655496000e-01 3.071290000e+00 
3.795501000e+00 7.376860000e-01 4.220189000e-01 
9.502713000e-03 1.778664000e+00 3.716130000e+00 
4.322545000e+00 1.820542000e-01 1.086270000e-01 
3.689086000e-01 3.691459000e-02 4.196002000e+00 

9.559888000e+00 1.634357000e+00 1.619164000e-03 
2.058627000e-01 2.302962000e-01 4.495989000e+00 
8.598121000e-01 2.170861000e-03 5.496860000e+00 
4.162106000e+00 1.013440000e-01 1.321215000e+00 
5.088971000e-03 9.613150000e-02 5.021791000e+00 
2.469160000e-01 1.005953000e-02 5.321841000e+00 
3.599440000e-01 4.338106000e+00 1.848265000e-02 
3.021866000e+00 2.960933000e+00 6.235675000e-01 
3.500198000e+00 2.779240000e+00 5.387930000e-01 
3.113140000e-03 1.013154000e-04 6.991614000e+00 
1.899377000e-01 5.345291000e+00 3.215872000e-02 
3.676702000e+00 3.387715000e+00 7.872177000e-02 
3.814832000e-03 5.196463000e+00 2.076743000e+00 
1.830114000e-02 1.632929000e-02 5.637955000e+00 
5.127243000e-02 4.258395000e+00 1.461748000e+00 
1.634885000e-01 3.949479000e+00 6.647489000e-01 
1.763351000e-01 7.079112000e+00 9.975047000e-03 
3.995297000e-02 3.191232000e-01 4.440848000e+00 
6.205998000e-01 3.682934000e-02 4.104911000e+00 
5.369922000e+00 2.487022000e-01 2.700226000e-02 
4.297460000e-02 3.906160000e+00 4.094481000e+00 
6.925548000e-01 7.924523000e-03 4.169576000e+00 
8.725629000e-02 2.477966000e+00 3.406528000e+00 
3.720549000e+00 2.865062000e+00 4.755394000e-01 
2.359527000e-01 4.874381000e+00 2.567867000e-02 
3.525780000e+00 2.982806000e+00 2.018542000e-01 
1.808738000e-03 6.032433000e+00 2.075215000e-01 
3.996506000e+00 2.566434000e+00 2.990480000e-01 
3.746453000e+00 2.661253000e+00 5.082563000e-01 
3.220637000e-03 5.546060000e+00 8.871765000e-02 
1.399914000e-03 3.206279000e+00 4.981924000e+00 
5.246732000e+00 1.982619000e-01 1.305912000e-01 
5.770043000e+00 2.744917000e-03 6.506082000e-01 
1.010440000e-01 7.559837000e-04 5.630420000e+00 
2.167717000e+00 1.707257000e+00 3.646048000e+00 
6.195548000e-02 3.416190000e+00 3.664606000e+00 
3.779618000e+00 3.983035000e-01 4.162217000e-01 
5.549491000e+00 6.719219000e-03 5.092412000e-02 
3.455746000e+00 5.994995000e+00 1.465125000e-02 
3.544129000e+00 2.140220000e+00 1.262484000e+00 
2.236230000e-01 2.383084000e+00 3.017350000e+00 
2.057869000e-03 5.745346000e+00 2.514603000e+00 
4.891633000e+00 2.232379000e-02 2.209735000e-01 
2.789535000e+00 2.272815000e-01 3.261553000e+00 
4.219051000e+00 2.478908000e-01 1.406191000e-01 
5.514083000e-01 5.585303000e-03 4.191943000e+00 
4.693417000e+00 1.156625000e-01 2.362223000e-01 
6.467326000e-02 9.218546000e-03 5.515343000e+00 
1.163413000e-02 6.059474000e-01 4.279470000e+00 
2.953069000e+00 5.106502000e+00 1.673257000e-02 
3.674070000e+00 2.876238000e+00 3.438661000e-01 
7.670433000e-05 5.809128000e-02 6.517648000e+00 
9.660421000e-04 9.179667000e-04 5.645097000e+00 
5.814439000e+00 9.588318000e-03 4.303845000e-02 
5.018096000e-02 5.071792000e+00 2.175182000e+00 
3.549894000e+00 3.931495000e+00 5.472509000e-02 
1.964128000e-02 5.103727000e+00 4.224036000e+00 
5.651658000e-01 4.929767000e-03 5.377600000e+00 
5.970327000e-03 2.542464000e-01 4.521685000e+00 
3.840027000e+00 1.563579000e-01 1.226134000e+00 
2.824891000e+00 3.397606000e-02 3.462436000e+00 
5.192106000e-02 4.194415000e+00 1.385160000e+00 
1.227326000e-01 3.553993000e+00 2.898887000e+00 
1.574775000e-01 7.595089000e+00 5.467950000e-04 
2.674830000e+00 2.307308000e-01 3.097277000e+00 
1.979283000e-03 3.313775000e-02 5.038400000e+00 
5.670282000e-02 4.495870000e+00 9.344979000e-01 
4.267857000e+00 2.011669000e-01 4.724304000e-02 
1.676008000e-03 6.127741000e+00 1.067854000e-01 
1.143696000e+00 1.496387000e-01 3.767098000e+00 
5.393640000e+00 1.865893000e-01 1.519833000e-02 
1.993881000e-01 2.186275000e+00 3.398926000e+00 
4.827881000e-01 3.865489000e+00 1.686675000e-01 
6.043360000e+00 4.304137000e+00 1.719234000e-03 
1.564273000e-04 1.277959000e-01 5.906209000e+00 
4.774551000e-01 3.573373000e+00 1.246602000e+00 
1.195483000e-01 3.671041000e+00 1.500129000e+00 
4.211444000e+00 3.688719000e-01 4.713938000e-01 
2.929751000e-01 4.811609000e+00 2.394634000e-02 
3.643741000e+00 5.036203000e-01 1.492985000e+00 
4.228654000e+00 3.478035000e-01 7.596086000e-03 
1.326480000e-02 3.790092000e-04 6.963523000e+00 
4.121100000e+00 3.269237000e+00 8.846533000e-03 
3.370233000e+00 2.935056000e+00 5.757054000e-01 
3.847470000e-02 5.813912000e+00 4.881986000e-02 
3.466248000e+00 2.839879000e+00 8.624445000e-01 
2.999795000e-01 3.684105000e+00 1.229224000e+00 
7.718842000e-02 4.202963000e+00 5.255076000e-02 
1.938761000e+00 1.825634000e+00 3.657353000e+00 
4.722605000e+00 4.424496000e-02 2.211027000e-01 
2.127069000e+00 1.196625000e+00 3.705582000e+00 
6.973617000e-03 5.258292000e+00 6.359635000e-02 
7.038171000e+00 2.157698000e-03 7.846820000e-02 
2.403196000e+00 6.044732000e-02 3.486618000e+00 
1.463120000e+00 1.901756000e+00 3.650601000e+00 
4.197872000e-02 1.827830000e-03 5.560680000e+00 
2.910878000e+00 4.401414000e-02 2.901246000e+00 
6.388504000e-02 1.005895000e+00 4.205888000e+00 
2.905998000e-02 5.093114000e+00 2.093221000e-01 
1.355334000e+00 3.039464000e+00 1.077377000e-01 
2.277479000e+00 9.550988000e-02 3.484836000e+00 
5.554943000e-02 5.060933000e+00 6.373768000e-02 
4.706242000e+00 7.751818000e-02 1.325723000e-01 
2.071791000e+00 1.741095000e+00 3.477311000e+00 
1.010947000e-02 8.045736000e-02 4.709948000e+00 
4.667265000e-03 1.034821000e-01 4.606811000e+00 

6.671432000e-03 4.189146000e+00 3.704527000e+00 
6.466335000e-01 3.744103000e+00 2.276135000e+00 
4.391859000e-02 4.623910000e+00 8.744273000e-01 
4.223074000e-02 3.329256000e+00 2.976057000e+00 
1.294286000e-01 2.068363000e+00 4.132870000e+00 
1.729792000e-03 1.394727000e-02 5.442628000e+00 
4.127382000e+00 9.910686000e-02 1.868843000e-01 
4.676623000e-02 4.963124000e+00 8.451578000e-01 
3.229071000e+00 3.463433000e-01 2.986501000e+00 
3.980011000e+00 1.096618000e+00 5.468811000e-02 
3.647743000e+00 2.327777000e+00 5.087940000e-01 
2.739729000e+00 2.225526000e+00 3.304275000e+00 
1.910223000e+00 3.980467000e+00 1.434791000e-01 
6.728894000e-05 7.068979000e-06 9.406206000e+00 
3.989415000e-02 3.733006000e+00 3.149952000e+00 
1.106461000e-02 3.580237000e+00 3.964146000e+00 
1.600080000e-02 3.537497000e+00 3.317483000e+00 
1.996857000e+00 4.075181000e+00 1.257949000e-01 
8.690373000e-04 6.723563000e+00 1.404192000e+00 
2.388829000e+00 3.775383000e+00 1.268830000e-01 
5.116492000e+00 3.732354000e-01 5.780590000e-02 
2.708159000e-03 6.016257000e+00 3.159068000e+00 
5.717553000e+00 1.398817000e-01 1.174378000e-01 
4.405630000e-05 4.348140000e-04 6.880289000e+00 
3.929374000e-01 4.453401000e+00 1.862617000e-01 
2.787032000e+00 2.369816000e+00 3.216923000e+00 
2.210798000e+00 2.348968000e-01 4.022605000e+00 
3.836242000e+00 3.023773000e-02 2.227334000e+00 
4.026756000e-02 3.461579000e+00 3.541061000e+00 
1.806952000e+00 3.610180000e+00 2.736955000e+00 
2.855331000e-03 4.927019000e+00 4.435984000e+00 
3.628724000e+00 3.429200000e+00 4.882158000e-02 
1.185585000e+00 3.871368000e+00 2.042058000e+00 
6.032142000e-02 2.982197000e+00 3.381321000e+00 
2.742234000e-02 5.709671000e+00 3.674224000e-02 
7.266778000e-02 4.638877000e+00 4.242634000e-02 
6.410628000e-03 1.738692000e-01 5.015983000e+00 
3.028905000e-02 3.133968000e-03 4.359864000e+00 
8.616459000e-01 1.919522000e+00 4.101829000e+00 
2.005326000e+00 2.935977000e+00 2.244212000e+00 
5.124094000e+00 2.826456000e-01 9.204008000e-02 
5.198558000e+00 2.953683000e-03 2.314288000e-01 
6.954425000e-04 3.040807000e+00 6.187771000e+00 
3.525599000e+00 7.935404000e-02 1.905815000e+00 
9.910127000e-03 7.267896000e-04 5.347439000e+00 
1.079912000e-02 6.214753000e-02 4.462585000e+00 
2.696493000e+00 3.993587000e+00 4.524961000e-02 
4.515776000e-02 5.702146000e+00 4.601590000e-01 
1.259001000e-03 1.251684000e-02 6.689770000e+00 
4.292073000e+00 2.509933000e-02 2.469697000e+00 
1.951549000e-01 4.155398000e+00 1.619581000e+00 
2.733706000e+00 2.313865000e+00 3.234119000e+00 
4.775815000e+00 6.135508000e-03 1.870065000e-01 
1.575368000e-01 2.521647000e+00 4.109894000e+00 
1.767604000e-03 2.040192000e-01 4.737699000e+00 
5.356320000e-02 4.547896000e+00 6.128299000e-02 
1.813670000e-01 4.747538000e+00 3.764080000e-02 
2.702562000e+00 4.335206000e+00 9.610781000e-03 
4.200987000e+00 3.901586000e+00 1.306604000e-02 
4.372134000e+00 3.173258000e+00 1.501185000e-02 
2.833060000e-02 3.724426000e+00 3.220633000e+00 
5.125150000e+00 1.453113000e-01 1.721991000e-03 
1.337283000e-01 4.169230000e+00 2.697752000e+00 
3.268790000e+00 8.701552000e-02 2.768942000e+00 
6.107087000e-02 3.467637000e+00 2.740629000e+00 
3.479110000e+00 3.166509000e+00 9.389557000e-02 
3.350741000e+00 8.161749000e-02 3.729200000e+00 
6.912534000e+00 1.196099000e-01 1.270591000e-01 
6.247169000e-02 3.384144000e+00 2.799228000e+00 
2.712579000e+00 3.736126000e+00 1.015729000e-01 
4.513218000e-03 4.957178000e+00 9.272922000e-01 
1.865781000e-01 4.256501000e+00 2.709815000e-01 
9.089201000e-01 3.649433000e+00 2.315151000e+00 
1.769389000e+00 2.815588000e+00 2.949295000e+00 
1.162847000e-02 4.637433000e+00 8.727272000e-01 
3.797887000e+00 3.297480000e+00 4.363180000e-02 
2.595254000e-01 5.161715000e+00 6.235200000e-03 
5.138623000e-01 4.541840000e+00 7.553423000e-03 
4.834607000e+00 6.981818000e-01 4.133208000e-02 
1.658861000e-01 8.026526000e-03 4.189018000e+00 
3.253826000e+00 2.848145000e+00 1.090935000e+00 

