4.237016000e+00 1.068727000e+00 7.687917000e-04 
6.111618000e+00 8.736856000e-03 5.188545000e-02 
2.934412000e+00 4.272487000e-02 1.321993000e-01 
1.193486000e-01 1.096777000e-02 2.788177000e+00 
2.483318000e+00 5.717553000e-01 8.721935000e-01 
2.587753000e+00 2.326876000e-01 1.843725000e-01 
2.340396000e+00 1.271002000e-02 1.970302000e+00 
9.049393000e-02 1.290805000e+00 2.434854000e+00 
2.572464000e+00 2.631025000e-03 3.201699000e+00 
2.707203000e+00 7.943520000e-02 1.182660000e-01 
1.984562000e+00 2.233463000e+00 1.782814000e-01 
4.692851000e+00 3.957313000e-02 1.698895000e-02 
1.485272000e-02 1.456137000e-02 4.927089000e+00 
2.330294000e-01 1.634701000e+00 2.183202000e+00 
4.249685000e+00 1.231292000e-02 3.323610000e-02 
1.094734000e-03 5.051736000e-02 4.186590000e+00 
1.827127000e+00 2.679109000e-01 2.326754000e+00 
2.256661000e+00 1.960629000e+00 6.994589000e-03 
7.303083000e-03 2.706835000e+00 2.149014000e+00 
3.827920000e+00 1.077188000e-02 3.818366000e-01 
8.626308000e-04 3.540698000e-01 3.249177000e+00 
1.422203000e-02 3.502019000e+00 3.560016000e-02 
6.691511000e+00 5.921347000e-03 1.166074000e-01 
2.683221000e-01 2.994043000e+00 3.128281000e-01 
2.727213000e+00 3.920675000e-03 8.098503000e-01 
3.356068000e+00 6.384539000e-02 5.152746000e-02 
5.881397000e+00 5.104998000e-03 1.265972000e-01 
1.419448000e-02 2.293315000e+00 2.302872000e+00 
2.871213000e+00 2.252309000e+00 3.328117000e-03 
5.120836000e-03 2.095068000e+00 2.861593000e+00 
1.330307000e-02 9.664546000e-02 2.903251000e+00 
4.149255000e+00 7.576763000e-03 5.393103000e-01 
2.531704000e+00 5.828956000e-01 7.428466000e-01 
5.253945000e+00 3.367161000e-01 8.357507000e-04 
6.779551000e-04 3.313048000e-02 5.120948000e+00 
1.162831000e-02 3.011909000e+00 6.234349000e-02 
1.326424000e+00 1.087712000e+00 2.386035000e+00 
9.835792000e-02 4.874207000e-04 3.364255000e+00 
3.266663000e+00 1.966490000e+00 3.708297000e-03 
1.445968000e+00 2.819476000e+00 7.081718000e-04 
2.929830000e-04 6.700734000e-03 6.461768000e+00 
2.634331000e+00 1.211600000e-01 4.454827000e-02 
2.156755000e+00 2.465444000e-02 2.511185000e+00 
1.038796000e-01 4.942421000e+00 4.928849000e-06 
3.086644000e+00 2.094191000e-02 1.382285000e-01 
2.021527000e+00 1.875846000e+00 1.889172000e-01 
3.703568000e+00 1.113963000e-02 2.323199000e-01 
6.204741000e-03 1.760967000e+00 2.350446000e+00 
3.440289000e+00 1.127001000e-01 2.908069000e-03 
2.255708000e-04 1.893037000e-01 4.137804000e+00 
6.053257000e-03 2.715435000e-04 7.494658000e+00 
2.743166000e-02 3.006341000e+00 1.470656000e-03 
6.695975000e-02 4.738592000e-03 3.390382000e+00 
4.706154000e-03 1.792281000e-01 3.769596000e+00 
2.148456000e-03 4.756885000e+00 8.498217000e-02 
4.336275000e-02 2.763767000e-01 2.702748000e+00 
2.102416000e-02 2.290622000e+00 2.123177000e+00 
4.507595000e+00 1.110547000e-02 1.683091000e-01 
2.273983000e-02 2.896651000e+00 8.863628000e-01 
1.124171000e+00 2.752787000e+00 9.918217000e-01 
1.256017000e-01 4.510314000e+00 6.052033000e-04 
4.632328000e-01 2.663426000e+00 1.082813000e+00 
9.795887000e-03 1.476095000e-02 3.500604000e+00 
8.168037000e-03 6.114816000e+00 5.116005000e-02 
1.991181000e+00 2.206130000e+00 1.765417000e-01 
3.037893000e-02 2.547891000e+00 2.112941000e+00 
1.215657000e+00 2.516694000e+00 1.936077000e-01 
4.161874000e-03 2.117256000e-01 3.484468000e+00 
4.085708000e+00 3.697111000e-02 4.028733000e-02 
1.513040000e+00 1.234621000e+00 2.227402000e+00 
2.483553000e+00 4.249388000e-03 2.966177000e+00 
2.168873000e+00 2.114768000e+00 1.845852000e-01 
5.111549000e+00 4.437047000e-03 2.552760000e-01 
3.604252000e+00 1.901653000e-02 7.932898000e-02 
1.078777000e-01 3.162074000e-03 3.226397000e+00 
4.340624000e+00 4.051451000e-03 4.536814000e-01 
3.753767000e+00 7.869756000e-02 4.353415000e-02 
3.659685000e+00 2.135254000e+00 8.304575000e-04 
2.729574000e+00 4.411641000e-02 7.661577000e-01 
3.750170000e-02 1.776275000e+00 1.742983000e+00 
2.136850000e+00 2.587108000e+00 1.591811000e-01 
3.514995000e-01 2.773523000e+00 1.171850000e-01 
4.045354000e+00 3.785746000e-02 5.579583000e-02 
7.263730000e-01 1.581766000e+00 2.185863000e+00 
2.454911000e+00 3.583369000e-02 1.936071000e+00 
4.117643000e-02 2.469479000e-01 2.875064000e+00 
9.494898000e-02 3.955793000e-04 3.441126000e+00 
5.292731000e-03 1.276856000e+00 2.686006000e+00 
2.579490000e-03 2.622931000e-01 3.957865000e+00 
1.496907000e+00 1.644117000e+00 1.972377000e+00 
2.146211000e+00 6.252404000e-02 1.796562000e+00 
1.154442000e+00 2.918660000e+00 4.153843000e-02 
1.667712000e+00 4.952103000e-01 1.985349000e+00 
3.722939000e+00 4.048113000e-02 4.633961000e-02 
1.747880000e+00 2.756185000e-01 2.048705000e+00 
5.085898000e-02 8.813024000e-04 6.132412000e+00 
1.317863000e+00 2.869218000e+00 1.606038000e-03 
1.952364000e-01 1.736660000e-01 2.539973000e+00 
5.323714000e+00 9.740572000e-03 1.482875000e-01 
2.186965000e-01 1.292721000e-02 2.608619000e+00 
2.938272000e+00 4.224215000e-02 6.099271000e-02 
9.861510000e-04 6.993836000e-02 4.888906000e+00 
5.178665000e+00 3.398445000e-02 3.304176000e-02 
2.472781000e-02 3.047114000e-01 2.475009000e+00 
1.688364000e+00 3.397004000e-01 1.862030000e+00 
2.761220000e+00 8.051340000e-02 5.353053000e-02 
3.598171000e+00 1.092871000e-02 3.744728000e-01 
1.967716000e+00 8.373448000e-02 2.306701000e+00 
2.745265000e+00 5.651628000e-02 1.823046000e-01 
3.030085000e+00 3.003037000e-02 1.042824000e-01 
2.052547000e+00 2.812422000e+00 1.440630000e-02 
7.731343000e-02 1.390762000e-02 2.775587000e+00 
2.207999000e+00 1.579999000e+00 6.735915000e-02 
4.280826000e-02 2.742274000e+00 1.109226000e+00 
2.556906000e+00 4.502564000e-01 1.170665000e-01 
2.875482000e+00 8.547552000e-02 8.749975000e-03 
9.214207000e-02 1.331999000e+00 2.229477000e+00 

4.456280000e-01 2.947893000e+00 2.187359000e-02 
1.655311000e+00 4.060665000e-02 2.566264000e+00 
2.260895000e-01 5.067178000e+00 5.246726000e-03 
1.602153000e+00 1.176827000e+00 2.020562000e+00 
1.554295000e+00 5.984586000e-02 2.501614000e+00 
2.276757000e+00 1.884216000e+00 1.171082000e-01 
1.486325000e+00 2.082137000e-01 2.275561000e+00 
2.863670000e+00 5.292421000e-02 5.194330000e-02 
1.212172000e-02 5.165299000e+00 9.188977000e-02 
3.113140000e-03 1.013154000e-04 6.991614000e+00 
5.128660000e-02 3.367164000e+00 6.647888000e-03 
2.476653000e+00 2.126722000e+00 5.415859000e-02 
2.413469000e+00 7.933745000e-01 1.516230000e-01 
4.742122000e-03 3.977869000e-02 2.958253000e+00 
8.519537000e-02 3.293369000e+00 9.535077000e-03 
2.981916000e+00 4.571519000e-03 2.971734000e-01 
7.931367000e-01 1.778330000e+00 2.168590000e+00 
1.185196000e-02 3.174135000e+00 1.818722000e-01 
1.588366000e-02 3.344044000e+00 6.529846000e-02 
1.822395000e+00 1.005731000e-02 2.709908000e+00 
1.766654000e+00 2.365705000e+00 1.930863000e-01 
6.917000000e-02 6.972517000e-03 2.806745000e+00 
3.109438000e-02 2.457182000e-03 3.293295000e+00 
2.597788000e-01 3.119390000e+00 4.777337000e-02 
2.276843000e-01 1.819120000e+00 1.995214000e+00 
1.087027000e+00 1.272617000e+00 2.440717000e+00 
1.808738000e-03 6.032433000e+00 2.075215000e-01 
1.979053000e+00 7.574348000e-03 2.166039000e+00 
2.256025000e+00 1.915442000e+00 1.078700000e+00 
3.220637000e-03 5.546060000e+00 8.871765000e-02 
3.040115000e-01 3.077338000e+00 1.419588000e-02 
2.755796000e+00 4.467249000e-01 1.581122000e-03 
5.770043000e+00 2.744917000e-03 6.506082000e-01 
2.599105000e+00 1.479355000e-01 2.000176000e+00 
2.714681000e-01 2.774131000e+00 8.249235000e-02 
3.697577000e-01 7.261625000e-02 2.532504000e+00 
1.728024000e+00 3.368794000e-01 2.142728000e+00 
5.352780000e-02 2.853322000e+00 1.134573000e-01 
1.923026000e+00 2.673475000e-01 2.218720000e+00 
2.799794000e+00 3.563406000e-01 1.057058000e-01 
6.569390000e-02 1.633102000e+00 2.575859000e+00 
1.171230000e+00 2.675303000e+00 5.004438000e-02 
2.259505000e+00 5.377445000e-01 1.326510000e+00 
5.163094000e-02 5.260495000e-01 2.803542000e+00 
2.226521000e-03 1.967495000e+00 2.722463000e+00 
2.769415000e+00 7.859402000e-02 1.070148000e+00 
2.450730000e+00 3.704248000e-03 2.902321000e+00 
2.534062000e+00 2.216070000e+00 3.237139000e-02 
1.823721000e+00 3.000571000e-01 1.512930000e+00 
1.017996000e-04 5.627434000e-02 4.926456000e+00 
1.355618000e+00 2.430670000e+00 4.831960000e-02 
7.670433000e-05 5.809128000e-02 6.517648000e+00 
9.660421000e-04 9.179667000e-04 5.645097000e+00 
1.614512000e-01 2.706708000e+00 9.113346000e-01 
6.150906000e-01 2.863574000e+00 7.417961000e-02 
2.069712000e-02 3.100425000e-03 3.203752000e+00 
1.600276000e-02 1.845262000e+00 2.008420000e+00 
2.117762000e+00 1.766440000e-02 2.151211000e+00 
3.397667000e-01 3.251315000e-02 2.641489000e+00 
2.057494000e-02 2.236901000e+00 1.217740000e+00 
1.565059000e-03 2.100030000e-02 3.812441000e+00 
3.422014000e-02 3.730111000e+00 2.711691000e-02 
1.199032000e-01 2.775824000e+00 1.651855000e-01 
1.574775000e-01 7.595089000e+00 5.467950000e-04 
2.589738000e+00 2.115377000e+00 3.184806000e-02 
2.570071000e+00 2.064609000e+00 5.527594000e-02 
3.077303000e-01 3.103354000e+00 1.225033000e-02 
3.370631000e+00 1.048217000e-01 6.700688000e-03 
1.676008000e-03 6.127741000e+00 1.067854000e-01 
2.571471000e+00 2.822330000e+00 1.292631000e-03 
2.162420000e+00 2.155834000e-01 1.813143000e+00 
1.356029000e+00 2.422028000e+00 1.104306000e-01 
3.105991000e-01 2.952667000e+00 2.628728000e-02 
1.600244000e-01 2.790604000e+00 1.554953000e-01 
1.488698000e-03 3.649573000e+00 4.039208000e-01 
4.510715000e-03 1.034004000e+00 2.848703000e+00 
1.689149000e+00 2.275037000e+00 1.966396000e-01 
8.111145000e-03 4.265976000e+00 2.261610000e-01 
1.157765000e+00 8.676216000e-01 2.301957000e+00 
3.328967000e-01 3.083643000e+00 1.080451000e-03 
3.463113000e-02 3.177206000e-05 2.930280000e+00 
1.326480000e-02 3.790092000e-04 6.963523000e+00 
1.448224000e+00 2.728601000e-01 2.402676000e+00 
2.583136000e-01 3.018139000e+00 8.511011000e-02 
3.102926000e+00 1.483317000e-02 3.423355000e-02 
2.291687000e-01 3.264122000e+00 1.599408000e-02 
2.447457000e+00 3.476908000e-01 7.869870000e-01 
1.833496000e-01 2.468117000e+00 9.236569000e-02 
2.961541000e-02 1.035724000e-03 4.655670000e+00 
1.766987000e+00 2.056295000e+00 6.429880000e-02 
1.897375000e+00 1.009923000e-01 2.343921000e+00 
6.973617000e-03 5.258292000e+00 6.359635000e-02 
7.038171000e+00 2.157698000e-03 7.846820000e-02 
3.693869000e-02 3.484340000e+00 6.428011000e-02 
2.297679000e-02 3.433019000e-01 2.817307000e+00 
2.720765000e+00 5.167388000e-01 7.429658000e-03 
2.764062000e+00 1.041177000e-01 1.734446000e-01 
3.580878000e+00 2.942597000e-03 9.815645000e-02 
2.026191000e+00 1.957842000e-02 2.050723000e+00 
3.098032000e+00 5.719320000e-03 1.774776000e-01 
1.706126000e-02 3.148249000e-03 3.598776000e+00 
2.382237000e-02 1.560093000e-01 2.920449000e+00 
1.180998000e+00 1.361659000e+00 2.054449000e+00 
1.215298000e+00 2.651759000e+00 7.682317000e-02 
3.185174000e+00 8.343130000e-03 1.008462000e-01 
3.429230000e+00 4.972465000e-03 4.176825000e-02 
1.387283000e+00 2.193328000e+00 1.049696000e+00 
1.989789000e-01 1.710686000e+00 2.490722000e+00 
1.327079000e-01 4.695326000e-02 2.598392000e+00 
2.357926000e-01 5.641008000e-03 2.913565000e+00 
2.620915000e+00 5.070336000e-01 1.283623000e-01 
2.049181000e+00 1.182742000e-01 2.006773000e+00 
1.078295000e-03 2.476439000e-02 2.960965000e+00 
1.817435000e+00 5.779681000e-01 1.899365000e+00 
2.891476000e+00 5.217182000e-02 2.012189000e-01 

2.697017000e+00 6.698879000e-03 2.411556000e+00 
1.734200000e-03 4.327260000e+00 1.105321000e+00 
9.334079000e-02 2.388291000e+00 1.649155000e+00 
3.501896000e+00 3.292827000e-02 3.420684000e-02 
2.418750000e+00 3.686484000e-01 1.458635000e+00 
2.924273000e+00 3.114639000e-01 9.161078000e-02 
1.786762000e-02 3.002597000e+00 2.854043000e-01 
2.134513000e+00 2.212007000e-01 2.591736000e+00 
2.857710000e-02 1.293640000e-01 2.604809000e+00 
3.996346000e+00 5.089868000e-03 1.515998000e-01 
4.189853000e-02 2.745454000e+00 1.479699000e+00 
1.058622000e-01 2.899907000e+00 5.228949000e-02 
2.097693000e+00 2.816935000e+00 9.546390000e-03 
6.728894000e-05 7.068979000e-06 9.406206000e+00 
2.293976000e+00 2.472442000e+00 2.159536000e-02 
1.181493000e-03 4.757125000e-02 4.237633000e+00 
2.220281000e+00 5.384373000e-02 2.050395000e+00 
2.939616000e+00 7.267901000e-03 9.561885000e-02 
8.690373000e-04 6.723563000e+00 1.404192000e+00 
1.123651000e-02 2.218749000e+00 2.023031000e+00 
2.248536000e+00 2.502976000e+00 6.764161000e-02 
2.789998000e+00 3.491117000e-02 1.448060000e+00 
1.211513000e-01 2.212595000e-02 2.886077000e+00 
4.405630000e-05 4.348140000e-04 6.880289000e+00 
2.592460000e+00 1.266379000e-01 1.519214000e+00 
5.805229000e-03 2.172271000e+00 2.215239000e+00 
5.476019000e-02 2.669170000e+00 1.346543000e+00 
3.417308000e-03 2.165936000e-01 3.152957000e+00 
1.579577000e+00 2.088103000e+00 2.010367000e-01 
2.092462000e+00 3.468397000e-01 1.916387000e+00 
1.041566000e-02 2.316106000e-04 3.172374000e+00 
2.474027000e+00 2.123738000e+00 6.018549000e-02 
1.272947000e-03 2.767348000e-01 3.335028000e+00 
2.740591000e+00 5.170405000e-04 2.860212000e+00 
2.176340000e+00 5.134274000e-01 1.820763000e+00 
3.713919000e+00 1.557168000e-01 4.159014000e-03 
8.108988000e-03 2.245145000e+00 2.145191000e+00 
1.790555000e-01 2.810845000e+00 1.250092000e+00 
4.499369000e+00 4.367279000e-02 2.357154000e-02 
4.200991000e-01 2.834342000e+00 7.814911000e-03 
2.938902000e+00 1.770786000e-02 4.968204000e-02 
5.198558000e+00 2.953683000e-03 2.314288000e-01 
4.520529000e-02 2.989579000e+00 2.799269000e-01 
2.183720000e+00 1.772980000e+00 6.772883000e-02 
9.910127000e-03 7.267896000e-04 5.347439000e+00 
6.817031000e-02 3.632440000e+00 7.246823000e-03 
2.356608000e+00 2.231826000e+00 6.278575000e-03 
1.922076000e-01 2.627202000e+00 1.768048000e-01 
1.259001000e-03 1.251684000e-02 6.689770000e+00 
1.628546000e+00 1.417116000e+00 1.997381000e+00 
1.529187000e+00 1.347325000e+00 2.381550000e+00 
3.766562000e-03 1.173205000e-01 2.831299000e+00 
2.582001000e+00 4.964053000e-02 2.574681000e+00 
4.254836000e-04 6.002702000e-02 4.320461000e+00 
2.085423000e+00 9.325074000e-01 2.094599000e+00 
2.679758000e+00 1.863522000e+00 5.098405000e-03 
5.265180000e-01 2.108849000e+00 1.916360000e+00 
3.685493000e+00 6.360931000e-01 1.481823000e-03 
1.929878000e+00 3.133960000e-01 2.368289000e+00 
6.421112000e-01 3.907040000e+00 5.658671000e-03 
1.175218000e-02 3.287053000e+00 3.722902000e-01 
5.125150000e+00 1.453113000e-01 1.721991000e-03 
4.046704000e+00 4.703816000e-03 1.770397000e-01 
1.341603000e-03 5.994762000e-03 3.576756000e+00 
7.015713000e-01 3.692152000e+00 1.943611000e-03 
3.831836000e+00 5.706684000e-01 1.492431000e-03 
2.329272000e+00 3.169786000e+00 4.582129000e-03 
4.742364000e-02 2.929511000e+00 1.712084000e-01 
2.759526000e+00 2.218181000e-01 3.530972000e-01 
2.167471000e+00 7.833972000e-02 1.972921000e+00 
4.513218000e-03 4.957178000e+00 9.272922000e-01 
1.823588000e+00 2.068283000e+00 1.496258000e-01 
1.118037000e-01 2.239066000e+00 1.323514000e+00 
2.429105000e-03 3.038817000e+00 1.668011000e+00 
1.162847000e-02 4.637433000e+00 8.727272000e-01 
1.466899000e-02 5.006701000e+00 2.732159000e-01 
2.595254000e-01 5.161715000e+00 6.235200000e-03 
3.687613000e-01 2.419956000e+00 8.377372000e-02 
4.927027000e-01 2.258270000e+00 1.295729000e+00 
2.633574000e+00 1.145288000e-02 2.295778000e+00 
1.290348000e+00 1.573071000e+00 2.418162000e+00 
6.422479000e-02 2.358105000e+00 1.792438000e+00 
3.373330000e+00 1.458618000e-01 6.438418000e-03 
1.611209000e+00 1.618217000e+00 2.211078000e+00 
1.356267000e-02 4.586353000e-02 2.944894000e+00 
2.996953000e+00 3.307621000e-01 1.722200000e-02 
2.131325000e+00 1.933755000e+00 1.352478000e+00 
4.143984000e-02 3.237338000e+00 2.357811000e-01 
1.130122000e-03 1.544340000e-01 4.175806000e+00 
1.354681000e-02 2.073437000e+00 1.941719000e+00 
4.221176000e-03 6.500610000e-02 3.323560000e+00 
1.254255000e-01 4.109151000e+00 7.099892000e-03 
5.759351000e-03 2.362008000e+00 2.172421000e+00 
2.771132000e+00 3.403594000e-03 1.925301000e+00 
1.851248000e+00 1.581991000e+00 1.567860000e+00 
2.442029000e+00 2.837558000e-01 1.579497000e+00 
1.053268000e-02 2.207278000e+00 2.067032000e+00 
4.683284000e-03 7.789800000e-02 2.882120000e+00 
3.064615000e+00 6.012052000e-02 1.161827000e-02 
1.903061000e-02 3.256699000e+00 9.366391000e-03 
7.598258000e-02 2.994111000e+00 4.633853000e-02 
2.552107000e+00 2.084325000e-01 1.545995000e+00 
1.683643000e-01 1.830385000e+00 2.178701000e+00 
6.416974000e-02 2.876718000e+00 1.718755000e-01 

