1.407183000e+00 1.496010000e-02 7.143967000e-01 
6.980523000e-01 1.268915000e+00 2.974806000e-01 
1.312578000e+00 8.382078000e-01 1.731628000e-02 
4.048695000e-01 4.736107000e-01 1.364210000e+00 
2.139267000e+00 4.859401000e-04 3.724379000e-02 
1.423737000e+00 8.375746000e-02 4.804436000e-01 
3.880953000e-03 1.783588000e+00 4.137617000e-01 
1.353591000e+00 9.981881000e-01 2.853038000e-04 
1.003909000e+00 6.925462000e-01 1.097623000e+00 
7.253391000e-01 7.785072000e-01 1.192234000e+00 
9.497740000e-03 1.453001000e+00 6.302360000e-01 
1.407735000e+00 1.697138000e-02 7.107858000e-01 
5.679450000e-02 1.172951000e+00 1.068454000e+00 
1.373881000e+00 2.216573000e-02 8.740730000e-01 
5.250703000e-03 1.722660000e+00 1.486355000e-02 
1.982382000e+00 5.387881000e-03 6.659107000e-03 
4.914151000e-01 7.647921000e-01 1.293244000e+00 
1.334094000e+00 4.070437000e-03 1.211999000e+00 
1.095819000e+00 3.539366000e-03 1.459653000e+00 
1.785711000e+00 3.628949000e-02 6.151289000e-03 
4.383787000e-04 1.134691000e+00 1.741063000e+00 
6.719076000e-01 1.730333000e+00 2.295185000e-04 
1.264666000e+00 7.983137000e-01 6.265224000e-01 
5.459539000e-01 1.516889000e+00 1.073949000e-02 
1.791408000e+00 2.781167000e-02 2.529789000e-03 
1.257043000e+00 5.910845000e-03 1.143615000e+00 
1.500240000e-02 2.470125000e+00 3.517924000e-03 
7.402931000e-04 2.162183000e+00 3.947870000e-02 
1.755438000e+00 6.984134000e-02 3.583366000e-03 
6.298473000e-01 1.204414000e+00 8.756965000e-01 
7.642750000e-01 8.947746000e-01 1.119652000e+00 
9.547118000e-03 1.462919000e+00 5.590917000e-01 
1.345534000e+00 7.769699000e-01 1.156096000e-01 
1.154008000e-04 1.848653000e+00 6.101887000e-02 
1.915011000e+00 9.036560000e-02 4.198176000e-04 
7.575765000e-03 8.641695000e-03 1.623708000e+00 
1.380620000e-02 1.150225000e+00 1.072570000e+00 
6.301240000e-01 1.093152000e+00 8.124804000e-01 
8.215316000e-01 4.838208000e-02 1.260682000e+00 
1.720445000e-01 7.697416000e-01 1.230239000e+00 
3.621706000e-04 8.567244000e-03 1.774076000e+00 
9.182507000e-01 1.162792000e+00 1.229927000e-03 
4.816552000e-05 3.908182000e-04 2.046646000e+00 
1.038796000e-01 4.942421000e+00 4.928849000e-06 
1.617424000e+00 8.127198000e-03 1.249090000e-01 
7.192737000e-01 9.437612000e-01 9.439759000e-01 
1.875099000e-04 1.538132000e-03 1.809666000e+00 
7.501630000e-02 1.339028000e+00 7.613840000e-01 
1.640903000e+00 7.785509000e-02 1.235288000e-02 
8.519939000e-01 9.732431000e-03 1.324247000e+00 
1.642117000e+00 8.363702000e-02 4.101619000e-03 
1.032247000e+00 1.111976000e+00 3.167246000e-03 
8.605004000e-01 1.357898000e-01 1.178922000e+00 
1.405753000e+00 5.921559000e-03 1.014786000e+00 
1.004154000e-03 1.606504000e-04 1.770605000e+00 
4.497927000e-03 1.197239000e+00 1.100767000e+00 
2.598023000e-03 9.710204000e-03 1.732821000e+00 
1.029442000e+00 6.695621000e-01 1.023089000e+00 
4.487350000e-02 1.449031000e+00 5.675236000e-01 
1.629037000e+00 1.931916000e-02 4.203808000e-02 
1.256017000e-01 4.510314000e+00 6.052033000e-04 
1.068998000e-01 7.329365000e-01 1.324310000e+00 
9.693903000e-01 1.148534000e-01 1.207014000e+00 
1.500870000e+00 5.854993000e-03 9.255940000e-01 
2.669938000e-02 1.182198000e+00 1.013515000e+00 
1.165868000e+00 1.401467000e-02 9.981620000e-01 
5.711878000e-01 1.074097000e+00 9.463381000e-01 
8.601791000e-06 4.096035000e-04 4.025180000e+00 
2.938358000e-02 1.677803000e+00 8.738504000e-03 
1.066319000e+00 1.067190000e+00 6.011356000e-03 
1.367656000e+00 4.526945000e-02 9.459828000e-01 
6.340520000e-01 1.481045000e+00 1.999618000e-02 
8.179119000e-01 1.370153000e+00 2.584868000e-02 
2.681138000e-03 1.839710000e+00 5.864320000e-02 
8.014182000e-01 8.479939000e-01 1.053239000e+00 
9.782971000e-01 5.143006000e-02 1.238084000e+00 
1.402373000e+00 3.834543000e-03 1.263866000e+00 
4.859228000e-01 1.063604000e+00 1.044026000e+00 
9.024231000e-01 1.074184000e+00 5.527913000e-01 
1.097840000e-02 1.553346000e+00 1.679117000e-02 
1.253893000e-02 2.937532000e+00 8.180541000e-03 
1.961936000e-03 4.172293000e-05 1.933539000e+00 
5.259789000e-01 5.393701000e-01 1.255770000e+00 
3.167127000e-01 1.355664000e+00 7.337992000e-01 
1.473403000e+00 1.775533000e-01 3.143045000e-03 
2.667588000e-02 1.891393000e+00 6.542484000e-04 
9.558471000e-01 8.273113000e-02 1.238623000e+00 
1.644664000e+00 1.224814000e-01 3.820827000e-03 
5.257208000e-05 2.974460000e-03 1.822581000e+00 
2.351249000e-01 1.430317000e+00 4.584671000e-02 
2.585174000e-01 1.341608000e+00 7.527206000e-01 
2.340711000e-01 1.165524000e+00 1.027549000e+00 
6.917631000e-01 1.332458000e+00 1.336367000e-01 
2.821513000e+00 1.836126000e-01 2.272096000e-04 
1.587248000e+00 5.674210000e-02 1.287514000e-02 
1.570479000e-01 1.889046000e-03 1.607445000e+00 
1.118345000e+00 1.564322000e-01 1.045038000e+00 
1.108737000e-02 1.550175000e+00 1.693581000e-02 
6.227056000e-01 1.206935000e+00 8.398692000e-01 
8.582862000e-01 1.211658000e+00 4.551247000e-01 
9.786199000e-01 1.167748000e+00 6.068697000e-04 
9.178979000e-01 1.140825000e+00 1.397199000e-02 
1.453415000e+00 6.826845000e-02 1.622969000e-02 
1.211805000e+00 3.299703000e-03 1.436036000e+00 
1.388966000e+00 9.885943000e-01 7.737236000e-03 
3.505184000e-03 1.977410000e-01 1.502403000e+00 
1.550189000e+00 3.796471000e-01 1.763803000e-03 
4.607766000e-03 1.121897000e-01 1.561213000e+00 
1.178117000e+00 6.676498000e-01 7.573906000e-01 
7.973729000e-01 2.388527000e-02 1.364449000e+00 
2.485462000e-02 1.912019000e+00 1.239584000e-02 
1.450508000e+00 1.479765000e-01 1.832501000e-02 
1.084258000e+00 4.442463000e-03 1.398254000e+00 
9.174365000e-03 4.610101000e-02 1.498046000e+00 
1.137458000e+00 1.249604000e-01 1.113361000e+00 
3.135414000e-02 8.668350000e-01 1.181508000e+00 
5.944259000e-01 1.857144000e+00 1.537108000e-04 
2.521259000e-02 1.796490000e+00 9.250514000e-03 
2.427863000e-01 1.544905000e+00 1.033972000e-02 
1.628547000e+00 7.385659000e-03 1.108203000e-01 
8.979277000e-01 2.276074000e-02 1.283263000e+00 
2.008652000e+00 8.904737000e-04 1.895086000e-01 
1.019285000e+00 6.423678000e-01 1.081773000e+00 
9.167296000e-01 1.469116000e-02 1.272057000e+00 
2.147816000e+00 1.215821000e-04 2.013046000e-02 
3.576216000e-03 1.810762000e+00 4.301897000e-01 
1.401775000e+00 8.501212000e-04 1.269759000e+00 
3.383696000e-02 1.312611000e+00 8.926459000e-01 
1.025981000e+00 1.018413000e+00 6.235111000e-01 
1.376943000e-03 1.843612000e+00 1.579793000e-01 
6.544462000e-02 1.624187000e+00 6.732035000e-03 
7.196618000e-02 2.800551000e-03 1.577306000e+00 
1.083016000e+00 6.917255000e-01 7.464492000e-01 
4.933755000e-01 1.221110000e+00 9.401489000e-01 
2.118037000e-02 2.588260000e-02 1.608259000e+00 
3.711173000e-01 1.525819000e+00 1.228527000e-02 
4.307123000e-03 3.593999000e-04 1.700982000e+00 
7.037860000e-03 8.325805000e-01 1.261734000e+00 
5.679661000e-02 5.988239000e-02 1.488554000e+00 
1.765866000e-02 2.047267000e-04 1.729022000e+00 
6.487939000e-01 8.609882000e-03 1.394622000e+00 
7.235274000e-02 7.261723000e-01 1.387840000e+00 
4.039620000e-03 9.394625000e-01 1.188408000e+00 
1.318988000e-01 1.442956000e+00 2.805823000e-02 
4.175399000e-03 1.629819000e+00 1.768285000e-02 
1.851134000e+00 2.823482000e-03 4.826604000e-02 
8.622323000e-01 1.169731000e+00 4.270978000e-01 
1.485176000e-01 1.703945000e+00 4.018534000e-03 
8.196767000e-01 1.365366000e+00 3.528367000e-03 
7.859823000e-01 9.163036000e-01 1.097177000e+00 
9.093077000e-05 1.221078000e+00 9.445833000e-01 
1.787280000e+00 7.227026000e-02 1.922450000e-03 
2.653165000e-02 2.801750000e-03 1.509923000e+00 
7.597258000e-01 8.929972000e-01 1.126324000e+00 
1.987240000e+00 2.846005000e-02 5.018319000e-04 
2.714502000e-02 1.697734000e+00 1.224249000e-02 
1.024481000e+00 8.775216000e-01 7.693854000e-01 
7.680862000e-02 1.553537000e+00 4.315179000e-03 
7.300448000e-01 1.380611000e+00 9.943587000e-02 
8.181415000e-01 7.886876000e-01 9.869712000e-01 
1.139497000e+00 7.084737000e-01 6.857789000e-01 
1.642943000e+00 1.354849000e-02 7.733620000e-03 
5.131166000e-02 2.477562000e-01 1.478109000e+00 
1.181034000e+00 1.054588000e+00 7.655220000e-03 
7.279431000e-01 9.296424000e-01 9.405792000e-01 
9.198820000e-01 8.061790000e-01 9.829402000e-01 
1.166163000e+00 1.348083000e-02 9.697660000e-01 
4.024426000e-03 1.823200000e+00 2.909652000e-02 
1.029265000e+00 9.064725000e-01 7.352656000e-01 
1.381471000e+00 1.665516000e-02 7.293809000e-01 
8.714198000e-02 1.497731000e+00 4.757288000e-02 
1.508948000e-01 7.359430000e-01 1.322451000e+00 
4.796292000e-02 1.431886000e+00 5.682926000e-01 
1.513322000e+00 2.144453000e-02 1.903720000e-02 
7.148850000e-01 1.252216000e+00 1.439644000e-01 
6.178528000e-01 3.883188000e-01 1.324611000e+00 
2.768453000e-03 1.200025000e+00 1.099037000e+00 
6.471462000e-04 1.886864000e-02 1.638750000e+00 
6.476372000e-02 1.468373000e+00 4.999774000e-01 
1.264768000e+00 8.782052000e-01 2.137747000e-02 
3.497006000e-01 1.327875000e+00 6.889546000e-01 
3.170429000e-03 1.934837000e-03 1.663298000e+00 
9.892376000e-01 5.563477000e-02 1.218386000e+00 
9.447864000e-01 1.097164000e+00 4.919704000e-01 
7.385182000e-01 7.625634000e-02 1.345240000e+00 
2.359792000e-01 3.287419000e-02 1.440909000e+00 
1.148291000e+00 4.205712000e-02 9.494657000e-01 
6.568124000e-01 1.085889000e+00 7.478676000e-01 
9.057683000e-01 1.227112000e+00 4.260453000e-01 
1.554733000e-02 1.491464000e+00 1.240734000e-01 
1.340326000e+00 7.787032000e-02 6.704662000e-01 
5.725506000e-01 1.043482000e+00 9.271518000e-01 
1.269799000e+00 8.072421000e-01 1.745018000e-02 
6.196301000e-01 1.130942000e+00 9.028847000e-01 
1.888130000e-03 4.093327000e-02 1.587028000e+00 
4.322002000e-01 7.494474000e-01 1.318282000e+00 
5.051879000e-02 7.439212000e-01 1.332062000e+00 
2.664265000e-02 9.140006000e-01 1.239274000e+00 
6.991926000e-02 1.142124000e+00 1.044837000e+00 
9.846471000e-01 5.658232000e-02 1.215361000e+00 
6.011065000e-01 6.018766000e-01 1.224687000e+00 
1.878637000e-01 8.478885000e-01 1.217267000e+00 
3.786720000e-02 1.301870000e+00 8.524214000e-01 
1.508898000e-01 7.718240000e-01 1.226540000e+00 
1.192802000e+00 4.008344000e-02 9.562200000e-01 
5.804698000e-02 1.485433000e+00 5.302722000e-01 
1.117724000e+00 7.171038000e-01 7.429053000e-01 
1.417269000e+00 8.895313000e-03 5.473720000e-01 
2.599809000e-03 4.505215000e-03 1.653102000e+00 
6.606380000e-01 8.070184000e-03 1.374547000e+00 
1.395950000e+00 1.830182000e-02 7.270429000e-01 
5.250374000e-01 5.900140000e-01 1.239238000e+00 
7.274659000e-02 1.500878000e+00 1.692054000e-02 
9.562822000e-01 1.019043000e+00 4.875023000e-01 
1.608906000e+00 2.026912000e-02 1.752796000e-02 
3.220213000e-02 1.638917000e+00 1.616992000e-02 
1.245715000e+00 8.819371000e-01 9.704877000e-02 

1.039967000e+00 1.668903000e-01 1.166831000e+00 
1.417177000e+00 5.844714000e-01 5.182185000e-01 
7.162682000e-01 9.414720000e-01 1.066274000e+00 
1.410057000e+00 5.956619000e-01 7.012008000e-03 
1.410173000e-02 1.692702000e+00 3.680626000e-03 
1.481205000e+00 6.230811000e-01 4.856179000e-03 
1.916107000e+00 1.207861000e-02 8.916068000e-03 
1.331954000e+00 1.305424000e-03 1.342233000e+00 
1.360950000e+00 7.063451000e-01 1.088684000e-02 
1.240442000e-02 1.515953000e+00 6.580926000e-01 
1.973735000e-01 1.432094000e+00 6.527466000e-03 
6.266313000e-04 7.330963000e-01 1.288787000e+00 
1.886438000e-03 3.889293000e-06 1.945847000e+00 
6.935667000e-05 1.109121000e-03 1.794424000e+00 
1.173544000e+00 9.257247000e-01 4.094950000e-02 
1.229178000e+00 1.079071000e+00 4.244402000e-03 
1.715983000e-02 2.350865000e+00 1.021514000e-03 
1.112851000e+00 1.036621000e+00 1.754847000e-01 
7.143076000e-02 2.380718000e+00 8.170179000e-04 
2.142151000e+00 2.280233000e-01 6.034394000e-04 
2.686488000e-01 1.990845000e+00 6.653605000e-04 
1.191898000e+00 6.485509000e-01 9.048726000e-01 
1.177813000e+00 6.295267000e-01 9.155140000e-01 
1.087122000e+00 9.568349000e-01 5.875214000e-01 
8.264969000e-04 1.227625000e+00 1.073200000e+00 
7.959479000e-01 1.706397000e-01 1.243079000e+00 
1.202971000e+00 8.887579000e-01 4.294777000e-03 
1.431803000e+00 1.849126000e-01 9.905165000e-02 
2.683127000e-02 1.074552000e+00 1.076136000e+00 
5.276894000e-01 6.561066000e-01 1.335193000e+00 
1.445852000e-02 1.006420000e+00 1.145432000e+00 
4.032646000e-01 2.098462000e+00 3.848015000e-04 
1.407988000e+00 6.064900000e-01 3.972840000e-02 
5.266619000e-01 1.202837000e-01 1.349968000e+00 
1.672184000e-03 1.686294000e-02 1.752663000e+00 
4.891821000e-02 8.574461000e-01 1.236089000e+00 
2.489912000e+00 3.946161000e-03 7.222181000e-04 
2.177298000e+00 3.953373000e-02 4.656459000e-03 
2.341504000e+00 1.444646000e-02 2.566954000e-03 
1.458872000e+00 1.039577000e-01 9.736191000e-02 
1.551155000e+00 1.405331000e-02 8.920974000e-02 
1.684251000e-03 1.746104000e+00 4.077154000e-02 
4.416008000e-03 5.676011000e-01 1.379337000e+00 
1.353521000e+00 7.290094000e-03 5.780971000e-01 
1.031044000e-02 9.536971000e-01 1.150433000e+00 
1.196396000e+00 8.720996000e-01 6.751190000e-03 
1.018389000e-01 1.144210000e+00 9.620225000e-01 
1.214805000e+00 3.778265000e-03 8.559173000e-01 
1.141656000e+00 1.001883000e+00 4.831480000e-02 
1.308449000e-01 1.471002000e+00 1.873462000e-03 
3.288894000e-03 1.623928000e+00 7.693753000e-02 
8.099949000e-02 1.449053000e+00 1.414844000e-02 
2.059764000e+00 3.850490000e-03 1.258109000e-02 
1.135815000e+00 1.070650000e+00 4.769480000e-03 
9.407154000e-01 1.739724000e-01 1.142139000e+00 
9.435729000e-01 1.062233000e+00 5.958226000e-01 
2.193955000e-02 5.451144000e-04 1.900758000e+00 
1.121090000e+00 9.869154000e-01 1.388913000e-01 
1.611212000e+00 1.034987000e-02 9.243589000e-02 
2.558860000e-02 1.681599000e-01 1.535669000e+00 
7.775533000e-01 4.623905000e-01 1.250516000e+00 
1.736349000e-01 1.045162000e+00 9.990501000e-01 
3.231671000e-02 9.246532000e-01 1.214778000e+00 
1.574775000e-01 7.595089000e+00 5.467950000e-04 
1.340842000e-03 1.050150000e+00 1.202781000e+00 
1.729120000e-04 8.583354000e-01 1.415205000e+00 
1.056108000e-01 7.454722000e-06 1.581935000e+00 
1.139569000e+00 1.023618000e+00 2.607622000e-02 
1.561380000e+00 1.472103000e-02 7.066138000e-03 
1.476620000e+00 3.393820000e-01 1.194158000e-02 
1.842480000e-03 1.732028000e+00 1.093926000e-02 
1.157047000e+00 9.678488000e-01 1.265010000e-01 
8.257215000e-01 1.798534000e-01 1.229068000e+00 
5.444071000e-01 6.064541000e-03 1.366545000e+00 
1.607102000e+00 2.537380000e-02 5.309544000e-03 
4.409463000e-02 1.579686000e+00 1.023080000e-03 
3.231809000e-02 9.241730000e-01 1.214209000e+00 
1.113878000e+00 1.064230000e+00 6.534676000e-02 
7.765271000e-01 6.835807000e-01 1.046438000e+00 
5.442260000e-01 5.122293000e-01 1.318093000e+00 
1.321058000e+00 7.063469000e-01 5.901104000e-01 
6.634147000e-02 1.278798000e+00 8.684698000e-01 
1.092473000e-01 2.153673000e-05 1.411492000e+00 
1.361085000e-03 1.681069000e+00 5.546545000e-02 
3.151817000e-03 1.665024000e+00 5.290048000e-02 
3.911717000e-01 2.059308000e+00 4.166888000e-04 
4.902177000e-01 6.138795000e-01 1.337238000e+00 
1.198617000e+00 1.440060000e-02 8.543089000e-01 
8.539398000e-01 1.174588000e-01 1.227311000e+00 
6.667565000e-01 1.498418000e-02 1.328649000e+00 
1.871212000e+00 5.483606000e-02 2.429322000e-03 
3.000740000e-02 1.648121000e+00 4.655142000e-02 
5.332742000e-02 1.632697000e+00 1.015357000e-03 
4.805496000e-02 1.195356000e+00 8.943690000e-01 
4.239639000e-03 1.006939000e+00 1.279316000e+00 
1.082473000e+00 1.843173000e-02 1.024993000e+00 
2.713448000e+00 7.125943000e-04 2.569167000e-03 
2.620147000e+00 1.714216000e-03 2.656550000e-02 
1.062265000e+00 9.061657000e-01 6.256012000e-01 
1.736057000e+00 2.848741000e-03 3.793906000e-02 
1.543078000e+00 3.480657000e-03 2.247563000e-01 
8.565281000e-01 2.958157000e-02 1.309399000e+00 
1.118757000e+00 1.634362000e-03 1.118825000e+00 
1.353583000e+00 2.936807000e-03 5.209331000e-01 
5.709103000e-04 9.779691000e-02 1.791794000e+00 
1.535113000e+00 5.612669000e-01 1.124835000e-02 
9.697630000e-02 1.566596000e-04 1.585893000e+00 
9.941637000e-01 9.085228000e-01 6.182507000e-01 
1.189846000e+00 1.278971000e+00 2.885402000e-03 
3.473353000e-02 1.506663000e+00 6.547459000e-02 
2.384699000e+00 1.159148000e-01 7.330270000e-04 
6.246367000e-03 1.032580000e+00 1.182405000e+00 
1.358008000e-02 2.421997000e+00 7.378438000e-03 
2.277416000e+00 1.868631000e-01 1.866354000e-03 
1.113182000e+00 2.988837000e-01 9.502635000e-01 
1.167273000e+00 1.059816000e+00 1.001821000e-02 
1.716552000e+00 1.496897000e+00 6.798252000e-04 
1.352225000e+00 7.353612000e-01 3.058422000e-02 
1.161984000e-02 1.617893000e+00 7.037443000e-01 
9.835879000e-01 7.472426000e-02 1.237879000e+00 
1.482855000e+00 4.965791000e-02 8.519611000e-02 
1.059308000e-03 1.077117000e+00 1.237387000e+00 
1.688896000e+00 3.291875000e-03 3.848909000e-02 
1.404179000e+00 5.885608000e-01 4.693032000e-02 
1.198584000e+00 6.388432000e-01 9.072065000e-01 
4.983638000e-01 5.920834000e-01 1.366605000e+00 
1.524736000e+00 1.846585000e-01 3.266421000e-02 
9.708513000e-03 3.448541000e-01 1.479306000e+00 
7.662046000e-01 5.717397000e-01 1.174806000e+00 
4.671282000e-01 5.998141000e-01 1.372936000e+00 
1.024771000e-01 1.244322000e-03 1.491909000e+00 
2.133033000e+00 1.183304000e-03 4.849526000e-02 
9.630024000e-01 9.585159000e-02 1.222607000e+00 
2.621327000e-03 5.668951000e-02 1.550613000e+00 
3.115333000e-02 1.645186000e+00 2.232814000e-02 
2.136655000e+00 1.187572000e-02 9.920069000e-03 
8.828868000e-01 2.016006000e-03 1.267838000e+00 
2.342936000e-02 1.733031000e-01 1.504869000e+00 
2.052251000e-02 1.586787000e+00 6.862455000e-02 
5.618800000e-01 4.769427000e-01 1.330541000e+00 
5.101432000e-04 7.479508000e-05 1.934879000e+00 
7.567298000e-01 4.815255000e-02 1.304277000e+00 
1.051042000e+00 8.881917000e-01 6.712922000e-01 
3.042007000e-03 1.671595000e+00 1.503874000e-02 
1.332419000e+00 5.891100000e-01 6.287962000e-02 
1.191800000e+00 1.056098000e+00 6.281236000e-03 
6.863976000e-02 1.402100000e+00 5.647854000e-01 
3.591027000e-02 1.957621000e-05 1.592919000e+00 
1.017094000e+00 1.120707000e+00 8.338367000e-02 
1.416160000e+00 6.308781000e-01 9.025726000e-04 
1.319756000e+00 7.413888000e-01 9.052769000e-02 
9.303148000e-01 1.212752000e+00 5.146709000e-03 
1.007248000e-02 1.173375000e+00 9.229419000e-01 
1.178082000e+00 1.057702000e+00 1.078251000e-02 
1.021657000e-01 1.397923000e+00 5.264819000e-01 
1.682592000e+00 4.729267000e-03 6.717071000e-02 
2.705280000e-05 1.032185000e-02 1.979555000e+00 
4.965932000e-01 7.947816000e-03 1.372701000e+00 
9.835871000e-03 3.462716000e-01 1.376102000e+00 
4.378455000e-02 1.496725000e+00 1.124025000e-03 
7.089193000e-04 2.532350000e-02 1.580629000e+00 
1.535444000e+00 3.452704000e-01 1.111582000e-02 
1.197097000e-01 7.928545000e-01 1.284939000e+00 
1.907510000e-01 1.463382000e+00 7.005109000e-04 
1.853840000e-01 1.254069000e+00 8.301744000e-01 
1.139673000e+00 9.928947000e-01 1.381973000e-01 
9.830942000e-01 4.951899000e-01 1.068389000e+00 
7.859892000e-02 1.328878000e+00 8.667541000e-01 
1.467785000e-02 1.597623000e+00 7.926175000e-02 
6.846159000e-01 6.151693000e-01 1.277677000e+00 
7.044115000e-01 9.955728000e-01 1.082428000e+00 
3.057058000e-01 1.034516000e+00 1.022866000e+00 
1.511148000e+00 8.245115000e-02 7.466487000e-02 
1.020295000e+00 8.927510000e-01 9.251934000e-01 
1.284850000e+00 7.497780000e-01 8.118343000e-02 
9.447585000e-01 1.045004000e+00 6.192073000e-01 
8.185347000e-03 8.556737000e-01 1.258562000e+00 
1.084535000e+00 2.514685000e-01 1.024611000e+00 
4.609104000e-02 1.066084000e+00 1.083257000e+00 
4.018676000e-02 1.449459000e+00 1.180122000e-01 
3.700222000e-02 4.668597000e-04 1.512328000e+00 
1.518423000e+00 3.015817000e-02 3.284455000e-02 
2.197548000e-01 1.312377000e+00 6.511424000e-01 
5.600602000e-02 1.386054000e+00 6.179136000e-01 
2.206223000e-02 1.080700000e+00 1.014560000e+00 
1.513217000e+00 2.150595000e-01 3.335660000e-02 
8.892387000e-01 9.350535000e-01 9.948553000e-01 
1.172863000e+00 1.480099000e-01 1.007958000e+00 
1.065151000e+00 3.865134000e-01 1.020250000e+00 
1.037674000e+00 1.077705000e+00 6.229172000e-03 
5.778570000e-03 5.318290000e-01 1.407522000e+00 

5.296693000e-02 1.889795000e+00 3.656916000e-03 
1.734200000e-03 4.327260000e+00 1.105321000e+00 
8.709497000e-01 7.965546000e-01 1.215465000e+00 
1.198047000e+00 1.074181000e+00 2.952682000e-01 
7.979764000e-03 1.318341000e+00 1.167823000e+00 
9.333498000e-01 7.863145000e-01 1.207604000e+00 
2.627829000e-02 8.420341000e-01 1.186581000e+00 
1.748802000e+00 6.089152000e-03 8.423819000e-03 
7.925164000e-01 1.118299000e+00 8.502014000e-01 
1.621003000e+00 6.762762000e-02 1.107620000e-02 
1.632950000e+00 1.083692000e-02 8.469406000e-02 
7.712431000e-03 3.284167000e-04 1.609840000e+00 
1.517490000e+00 8.686680000e-02 1.259962000e-02 
6.728894000e-05 7.068979000e-06 9.406206000e+00 
1.377707000e+00 2.706924000e-02 6.986801000e-01 
1.702320000e+00 5.586369000e-03 2.220356000e-02 
8.220086000e-01 8.922977000e-01 1.059472000e+00 
7.824866000e-01 7.299321000e-02 1.371841000e+00 
8.690373000e-04 6.723563000e+00 1.404192000e+00 
1.801640000e+00 1.737339000e-03 2.074860000e-02 
8.027842000e-01 1.182014000e+00 6.265466000e-01 
1.334910000e+00 1.551135000e-01 5.723668000e-01 
1.656179000e+00 6.044053000e-02 2.001424000e-02 
4.405630000e-05 4.348140000e-04 6.880289000e+00 
8.893976000e-03 1.056746000e+00 1.281695000e+00 
9.264158000e-01 9.996199000e-01 6.034334000e-01 
1.002849000e+00 1.312167000e+00 4.102043000e-03 
2.642776000e+00 3.416526000e-04 1.745770000e-02 
1.742549000e-03 1.498688000e+00 7.124092000e-01 
2.223708000e+00 4.734031000e-03 6.204004000e-03 
1.449791000e+00 9.089137000e-03 8.480966000e-01 
1.645600000e+00 9.949328000e-03 4.467200000e-02 
1.226512000e+00 7.399055000e-01 7.188342000e-01 
8.361394000e-04 4.334320000e-02 1.639222000e+00 
1.317104000e+00 7.088775000e-03 1.029482000e+00 
8.414732000e-01 1.655080000e-02 1.364967000e+00 
1.278713000e+00 7.879649000e-01 1.828991000e-01 
1.715062000e+00 2.372687000e-02 9.971068000e-03 
8.608916000e-01 4.028257000e-02 1.347832000e+00 
1.482636000e+00 5.356690000e-02 5.867075000e-01 
4.530179000e-04 6.844186000e-02 1.580529000e+00 
1.650796000e+00 5.863791000e-03 5.698905000e-02 
1.901411000e+00 1.797434000e-03 9.222271000e-03 
1.295573000e+00 1.207837000e+00 2.548182000e-04 
3.126008000e-02 2.086487000e+00 9.263039000e-04 
1.086341000e+00 6.809869000e-01 1.034686000e+00 
2.917081000e-02 1.316246000e+00 9.663585000e-01 
1.348453000e+00 9.112932000e-01 1.048113000e-02 
1.523885000e+00 4.359419000e-02 9.381373000e-02 
5.360903000e-01 5.393139000e-01 1.289099000e+00 
1.670248000e+00 1.856786000e-02 1.682748000e-02 
8.541061000e-01 1.291264000e-02 1.392272000e+00 
1.216467000e+00 7.855478000e-01 7.005168000e-01 
1.990451000e-03 6.598157000e-02 1.579315000e+00 
1.258666000e+00 1.800431000e+00 3.265459000e-03 
1.367707000e+00 5.128286000e-02 6.845269000e-01 
1.082579000e+00 8.905097000e-01 7.084968000e-01 
1.489241000e+00 2.282758000e-02 7.292403000e-01 
8.012697000e-01 5.765216000e-02 1.250769000e+00 
4.393562000e-02 9.165193000e-01 1.186190000e+00 
8.097770000e-02 2.360942000e-04 1.550253000e+00 
1.614498000e+00 3.110498000e-02 2.650722000e-02 
7.391889000e-01 1.374981000e+00 2.630480000e-02 
3.106128000e-02 2.182659000e+00 2.093716000e-05 
1.330758000e+00 1.231397000e-01 5.830306000e-01 
1.113529000e+00 3.466829000e-02 1.326097000e+00 
1.119758000e+00 1.038170000e+00 3.853373000e-01 
1.084233000e+00 8.814825000e-01 7.291734000e-01 
8.212594000e-01 1.119502000e+00 6.400697000e-01 
9.127319000e-01 7.933518000e-01 1.111609000e+00 
1.509913000e+00 1.050054000e-01 5.558762000e-02 
1.347848000e-01 1.798717000e-01 1.492224000e+00 
1.364868000e+00 7.181198000e-02 7.713001000e-01 
1.108750000e+00 1.058238000e+00 3.039885000e-01 
1.972964000e-05 8.817257000e-04 2.096404000e+00 
1.140167000e+00 8.861359000e-01 7.195280000e-01 
1.522738000e-01 2.040974000e+00 2.476275000e-03 
2.529357000e-01 1.375486000e+00 7.120674000e-01 
1.735431000e+00 4.523530000e-04 9.637471000e-01 
1.814558000e+00 1.004273000e-01 7.411699000e-04 
1.188327000e+00 7.495473000e-01 7.108644000e-01 
1.102727000e+00 1.090541000e+00 2.168087000e-01 
4.976142000e-01 5.645989000e-01 1.310858000e+00 
1.182349000e+00 8.571893000e-01 7.729590000e-01 
2.124999000e+00 1.025881000e-03 9.803959000e-03 
7.119288000e-01 1.323525000e+00 1.995541000e-01 
1.266814000e-01 1.454940000e+00 7.180813000e-01 
4.989367000e-01 5.700509000e-01 1.298991000e+00 
2.102937000e-04 4.482849000e-03 2.030016000e+00 
3.039638000e-03 1.252356000e+00 1.168767000e+00 
1.420525000e+00 8.191315000e-04 1.229394000e+00 
6.513839000e-03 1.719173000e+00 5.054995000e-03 
7.130563000e-02 1.575199000e+00 8.093831000e-03 
1.852564000e+00 1.721629000e-02 7.631727000e-03 
1.151721000e+00 7.288146000e-01 9.988750000e-01 
1.148006000e+00 2.842375000e-02 1.074520000e+00 
1.737265000e-02 1.747248000e+00 3.925638000e-03 
1.251598000e+00 7.769504000e-01 6.345081000e-01 
1.099992000e-01 1.909790000e+00 3.454339000e-03 
9.144939000e-01 8.285844000e-01 1.107708000e+00 
1.196441000e+00 1.054898000e-03 1.105933000e+00 
1.137870000e+00 1.625100000e-02 1.081694000e+00 
2.997153000e-03 1.232105000e+00 1.193059000e+00 
1.774895000e+00 7.703528000e-02 4.151158000e-03 
6.590009000e-03 1.069174000e+00 1.323456000e+00 
6.532060000e-01 6.890091000e-01 1.246709000e+00 
3.400118000e-03 1.373613000e-01 1.567870000e+00 
1.020372000e+00 6.049573000e-01 1.137147000e+00 
2.518532000e-02 2.819765000e-01 1.500562000e+00 
9.566779000e-01 9.699996000e-01 6.756022000e-01 
9.195255000e-01 1.185013000e+00 6.167928000e-02 
9.589178000e-02 1.715695000e+00 5.261694000e-03 
1.506564000e+00 4.308053000e-02 6.732537000e-01 
1.867301000e-02 1.390554000e+00 7.234267000e-01 
1.025738000e+00 6.268681000e-01 1.084040000e+00 
5.448482000e-03 1.624179000e+00 3.305970000e-02 
9.914294000e-01 1.347995000e+00 1.877687000e-02 
1.708481000e+00 3.338786000e-03 1.650921000e-02 
2.869654000e-03 2.170984000e-01 1.576123000e+00 
1.956375000e+00 9.832746000e-04 7.176227000e-02 
5.359614000e-01 5.580667000e-01 1.331684000e+00 
6.868288000e-01 1.057168000e+00 9.990904000e-01 
1.564954000e+00 1.528860000e-02 8.441716000e-01 
7.712494000e-01 5.927529000e-01 1.234109000e+00 
1.062888000e+00 1.097578000e+00 2.542177000e-01 
8.138174000e-01 1.278410000e-02 1.403153000e+00 
4.290283000e-03 2.309483000e+00 4.442636000e-03 
5.565578000e-03 1.328848000e+00 7.387653000e-01 
1.490893000e-04 5.095700000e-02 1.764688000e+00 
3.673621000e-01 1.166027000e+00 1.087098000e+00 
4.291688000e-04 1.861656000e-05 1.681432000e+00 
9.665588000e-01 1.350863000e+00 1.123632000e-02 
1.311757000e+00 8.307219000e-01 2.108229000e-02 
1.139360000e+00 8.209063000e-01 1.018969000e+00 
1.173073000e+00 4.467812000e-03 1.058545000e+00 
1.103367000e+00 1.163053000e-01 1.057562000e+00 
8.575682000e-01 1.281953000e+00 2.682131000e-02 
9.662829000e-01 6.153750000e-01 1.098489000e+00 
1.017602000e-02 9.656805000e-04 1.517637000e+00 
9.604837000e-01 1.398068000e+00 5.105742000e-03 
2.554644000e-03 1.336570000e+00 9.819731000e-01 
1.259629000e-01 1.536642000e+00 1.145121000e-01 
1.170083000e+00 8.318195000e-03 1.098925000e+00 
9.268567000e-01 8.281148000e-01 1.105746000e+00 
2.305436000e-03 1.653571000e+00 1.873780000e-02 
1.141678000e+00 1.532103000e-02 1.076374000e+00 
2.287088000e-03 9.238640000e-01 1.407691000e+00 
1.116769000e+00 1.223484000e+00 2.617583000e-02 
9.721972000e-01 4.391328000e-03 1.344539000e+00 
8.062691000e-01 8.150810000e-01 1.108288000e+00 
1.365977000e+00 2.872965000e-02 8.117700000e-01 
1.014040000e+00 1.100211000e+00 6.475190000e-02 
1.168540000e-02 1.197896000e+00 1.023416000e+00 
7.650207000e-01 5.485474000e-01 1.245432000e+00 
1.262457000e+00 1.027422000e-01 7.386217000e-01 
6.464278000e-01 4.120233000e-01 1.322478000e+00 
1.120151000e+00 1.095472000e+00 1.876362000e-02 
2.434967000e-02 1.589685000e+00 2.226795000e-02 
1.258404000e-01 1.659413000e-01 1.515946000e+00 
1.143986000e+00 1.461245000e-02 1.077734000e+00 
1.141800000e+00 1.062635000e+00 2.970226000e-01 
1.705868000e+00 9.793973000e-02 1.221746000e-03 
3.039024000e-02 1.504190000e+00 6.663316000e-01 
4.734520000e-02 1.294779000e+00 9.485992000e-01 
6.908242000e-01 4.677717000e-01 1.317393000e+00 
1.310373000e+00 8.628358000e-01 3.288875000e-02 
1.332700000e+00 9.809470000e-02 8.826219000e-01 
1.042565000e-02 8.893578000e-01 1.339359000e+00 
4.628717000e-03 1.569563000e+00 6.528851000e-02 
1.173361000e+00 1.030259000e+00 3.948538000e-01 
1.110982000e+00 4.256943000e-02 1.032171000e+00 
1.302046000e+00 9.143649000e-01 1.304917000e-01 
4.310798000e-02 1.126285000e+00 1.094159000e+00 
9.506005000e-02 8.307582000e-01 1.348600000e+00 
9.143552000e-01 1.749910000e-02 1.363697000e+00 
8.212730000e-01 1.158889000e+00 6.172697000e-01 
9.844798000e-01 5.247898000e-02 1.315568000e+00 
6.993675000e-01 9.197459000e-01 1.067703000e+00 
1.502872000e-01 6.599633000e-05 1.658850000e+00 
1.923936000e-01 1.167774000e+00 9.425019000e-01 
7.356926000e-01 1.408903000e+00 3.881283000e-02 
1.516318000e+00 1.678562000e-02 7.438341000e-01 
9.581827000e-01 1.193432000e+00 2.773946000e-02 
4.091326000e-03 2.329484000e-01 1.546641000e+00 
1.532052000e+00 3.282593000e-02 3.634912000e-02 
6.738032000e-01 8.676454000e-01 1.096280000e+00 

