1.898393000e-02 1.151718000e+00 1.777628000e-01 
7.218884000e-01 6.485729000e-01 7.821613000e-01 
7.687852000e-01 7.918100000e-01 5.606263000e-01 
4.719500000e-01 3.407620000e-01 1.070520000e+00 
1.240721000e+00 2.101719000e-03 2.102557000e-02 
9.112714000e-01 5.774870000e-01 7.192437000e-01 
1.170250000e+00 4.222790000e-01 7.162535000e-03 
7.485933000e-02 7.679351000e-01 8.978415000e-01 
6.695232000e-01 1.753148000e-02 1.055640000e+00 
1.190869000e+00 3.522153000e-02 3.188391000e-02 
1.894748000e-02 1.115706000e+00 4.110493000e-01 
7.686559000e-01 9.137124000e-01 7.336987000e-02 
7.163096000e-01 6.486234000e-01 7.993862000e-01 
7.550260000e-01 3.243407000e-01 8.938454000e-01 
9.983794000e-01 6.688039000e-01 3.078398000e-02 
9.027160000e-01 7.495083000e-01 1.047931000e-01 
9.549419000e-01 8.020876000e-03 8.212358000e-01 
5.085712000e-02 1.036551000e+00 6.257761000e-01 
7.124690000e-01 1.049895000e+00 1.993725000e-04 
4.856957000e-01 7.981135000e-01 7.806290000e-01 
5.457373000e-01 7.796675000e-01 7.575281000e-01 
1.185909000e+00 4.614892000e-03 6.233114000e-02 
1.153948000e+00 5.622171000e-05 5.447469000e-01 
8.313152000e-03 1.150111000e+00 5.301356000e-01 
2.958161000e-01 9.044529000e-01 7.765238000e-01 
1.558688000e-01 1.050155000e+00 6.016824000e-01 
7.047897000e-01 6.171434000e-02 9.774626000e-01 
4.947210000e-03 3.672739000e-01 1.151684000e+00 
1.209176000e+00 8.011763000e-03 8.972144000e-03 
9.059762000e-01 6.495318000e-01 4.327765000e-01 
5.590652000e-01 9.613349000e-01 5.187225000e-01 
5.605254000e-02 1.110361000e+00 5.424950000e-01 
3.551269000e-04 6.132356000e-01 1.066827000e+00 
1.154008000e-04 1.848653000e+00 6.101887000e-02 
1.915011000e+00 9.036560000e-02 4.198176000e-04 
1.173538000e+00 3.472558000e-01 1.610286000e-01 
5.061477000e-01 8.450431000e-01 7.027405000e-01 
8.614553000e-01 3.760412000e-01 7.488786000e-01 
1.048200000e+00 2.811060000e-02 5.708542000e-01 
9.706136000e-01 6.950856000e-01 8.586508000e-03 
1.118482000e+00 4.328202000e-01 2.543621000e-02 
1.288069000e-01 9.376900000e-01 7.404232000e-01 
4.816552000e-05 3.908182000e-04 2.046646000e+00 
1.038796000e-01 4.942421000e+00 4.928849000e-06 
3.277520000e-01 9.822972000e-01 6.272088000e-01 
3.874400000e-01 1.013187000e+00 5.156572000e-01 
3.805391000e-02 1.049655000e+00 6.280191000e-01 
1.400777000e-01 4.668104000e-01 1.077832000e+00 
1.119107000e+00 3.744625000e-01 8.670574000e-02 
7.427777000e-01 3.076289000e-01 9.005909000e-01 
1.122141000e+00 4.398818000e-02 4.436169000e-01 
7.285332000e-01 6.537892000e-01 7.110176000e-01 
6.583733000e-01 4.350895000e-01 9.427409000e-01 
7.443316000e-01 6.010501000e-01 7.673759000e-01 
3.436634000e-01 8.894960000e-01 7.452174000e-01 
7.863938000e-01 7.773071000e-01 5.040149000e-01 
3.422945000e-01 1.202445000e+00 5.575897000e-03 
1.142248000e+00 4.258759000e-01 5.854734000e-03 
6.655649000e-02 5.590490000e-01 1.013507000e+00 
8.483533000e-01 6.406148000e-01 5.261775000e-01 
1.256017000e-01 4.510314000e+00 6.052033000e-04 
4.185635000e-03 4.667995000e-01 1.107948000e+00 
2.237561000e-01 1.064584000e+00 5.144668000e-01 
9.474620000e-01 7.399427000e-01 1.232415000e-02 
9.003815000e-01 7.605514000e-01 3.359593000e-02 
1.099167000e-02 1.075157000e+00 5.768016000e-01 
3.469964000e-04 8.077055000e-01 9.031202000e-01 
8.601791000e-06 4.096035000e-04 4.025180000e+00 
6.800891000e-01 2.699435000e-02 1.037846000e+00 
5.539578000e-02 3.517046000e-01 1.143222000e+00 
6.680412000e-01 7.486824000e-02 1.036376000e+00 
4.563405000e-01 1.010981000e+00 4.927651000e-01 
1.137006000e+00 1.883528000e-02 4.738204000e-01 
4.536490000e-01 4.538695000e-03 1.186328000e+00 
1.123180000e+00 4.287453000e-01 7.933846000e-02 
2.871796000e-05 9.615258000e-02 1.224905000e+00 
6.383013000e-04 1.363692000e-01 1.180362000e+00 
5.789486000e-03 1.282138000e+00 5.518077000e-03 
3.534516000e-03 1.058178000e+00 5.895341000e-01 
7.507674000e-01 7.997613000e-01 5.507164000e-01 
3.164549000e-03 6.033367000e-01 1.113581000e+00 
5.208464000e-01 8.289349000e-01 7.031926000e-01 
5.667472000e-01 4.869615000e-01 9.666618000e-01 
9.950504000e-01 6.485534000e-01 7.998429000e-02 
1.044948000e+00 1.583057000e-01 5.949811000e-01 
2.667588000e-02 1.891393000e+00 6.542484000e-04 
1.157654000e+00 7.664332000e-01 2.114221000e-03 
1.920776000e-01 1.172749000e+00 2.579569000e-02 
5.257208000e-05 2.974460000e-03 1.822581000e+00 
1.158837000e+00 3.492206000e-01 1.610419000e-01 
6.296684000e-01 9.152374000e-01 4.584138000e-01 
5.559206000e-01 9.599048000e-03 1.065372000e+00 
2.826637000e-01 8.100497000e-01 8.367375000e-01 
2.821513000e+00 1.836126000e-01 2.272096000e-04 
2.510603000e-01 1.153901000e+00 2.283432000e-02 
9.985123000e-01 6.382312000e-01 1.302704000e-01 
3.766420000e-01 9.227126000e-01 7.004497000e-01 
2.844470000e-02 8.628902000e-01 8.829125000e-01 
1.170728000e+00 8.941441000e-04 4.465179000e-01 
7.487603000e-01 9.457848000e-01 1.083344000e-01 
2.832631000e-01 6.877942000e-01 9.633555000e-01 
1.148629000e+00 3.582769000e-01 7.125105000e-02 
3.701717000e-02 8.475977000e-01 8.682121000e-01 
1.411923000e-01 1.329974000e+00 1.387883000e-04 
1.140197000e+00 5.359663000e-05 5.605720000e-01 
1.056129000e+00 1.788113000e-01 5.642008000e-01 
7.509068000e-01 9.044884000e-03 9.422696000e-01 
7.984763000e-01 7.821525000e-01 4.328371000e-01 
1.094716000e+00 3.517356000e-01 4.578555000e-01 
8.374359000e-01 8.205589000e-01 1.214781000e-02 
9.266120000e-01 6.958541000e-01 1.324790000e-01 
7.103559000e-04 4.559082000e-01 1.170307000e+00 
6.339809000e-01 8.803415000e-01 4.801870000e-01 
9.058337000e-01 7.393921000e-01 7.354142000e-02 
1.042329000e+00 3.474627000e-03 6.992774000e-01 
7.256352000e-01 3.574855000e-01 9.119257000e-01 
9.346502000e-01 3.794790000e-01 6.449122000e-01 
4.529637000e-01 8.002461000e-01 7.971610000e-01 
1.231851000e+00 1.327173000e-02 6.045354000e-03 
1.113477000e+00 5.331365000e-01 3.389367000e-02 
7.384997000e-01 8.847861000e-01 4.479825000e-01 
2.296455000e-01 6.975837000e-01 9.880157000e-01 
5.821592000e-01 1.040330000e+00 2.144015000e-02 
1.005208000e+00 6.278292000e-01 2.315515000e-02 
2.147816000e+00 1.215821000e-04 2.013046000e-02 
1.271507000e+00 4.465921000e-04 1.320482000e-02 
8.090719000e-01 2.712821000e-03 9.100757000e-01 
1.046478000e+00 1.090068000e-01 5.827252000e-01 
8.970090000e-01 6.147483000e-01 5.228306000e-01 
9.655638000e-01 2.578994000e-01 6.657991000e-01 
1.062922000e+00 5.046201000e-02 5.707201000e-01 
1.614340000e-01 5.249339000e-01 1.046984000e+00 
9.851010000e-05 2.155444000e-01 1.173742000e+00 
7.678457000e-05 2.197981000e-03 1.187262000e+00 
9.738000000e-01 7.490296000e-01 7.506554000e-03 
3.914380000e-01 1.142832000e+00 6.031616000e-02 
9.539139000e-01 5.420120000e-01 5.160759000e-01 
6.848184000e-01 6.620450000e-01 7.643966000e-01 
2.886883000e-02 8.677275000e-01 8.441681000e-01 
3.008790000e-04 1.276728000e+00 4.854686000e-02 
4.241498000e-01 5.965315000e-01 9.503219000e-01 
3.764490000e-04 9.832384000e-01 7.781955000e-01 
3.515801000e-01 1.154135000e+00 6.099289000e-03 
8.341344000e-01 6.457263000e-01 5.203395000e-01 
6.664018000e-01 7.908716000e-01 5.823389000e-01 
8.520317000e-01 6.640536000e-01 4.952662000e-01 
3.214245000e-01 9.833713000e-01 6.377532000e-01 
2.841183000e-01 1.035113000e+00 5.197599000e-01 
2.765765000e-01 2.581105000e-01 1.152568000e+00 
7.178593000e-01 6.807364000e-01 7.176383000e-01 
9.093077000e-05 1.221078000e+00 9.445833000e-01 
5.670247000e-02 1.111438000e+00 5.187382000e-01 
5.133278000e-01 5.794518000e-01 1.012181000e+00 
1.143108000e+00 1.998475000e-03 5.439544000e-01 
1.987240000e+00 2.846005000e-02 5.018319000e-04 
9.459456000e-01 1.758327000e-02 7.717051000e-01 
2.987702000e-03 4.991347000e-01 1.136395000e+00 
7.830839000e-01 6.267411000e-01 7.089855000e-01 
9.244343000e-01 2.570917000e-01 7.364911000e-01 
8.246532000e-01 1.066019000e-01 8.989364000e-01 
6.344960000e-01 8.925133000e-01 4.524220000e-01 
8.763665000e-01 6.275652000e-01 5.225131000e-01 
7.513597000e-01 9.354024000e-01 1.321429000e-04 
1.011828000e+00 8.176994000e-04 7.286641000e-01 
3.635671000e-01 6.850231000e-01 9.078177000e-01 
2.735827000e-01 4.705812000e-01 1.055524000e+00 
1.029811000e+00 3.376873000e-02 5.986495000e-01 
9.546140000e-01 3.523367000e-01 6.549435000e-01 
6.307132000e-01 4.359821000e-01 9.501990000e-01 
1.482167000e-03 1.068614000e+00 5.777205000e-01 
6.515768000e-01 7.780891000e-02 1.007944000e+00 
1.077745000e-03 1.117342000e+00 6.051549000e-01 
2.058407000e-03 1.222799000e+00 6.327055000e-03 
7.567877000e-01 3.449475000e-01 8.908899000e-01 
8.369608000e-01 7.793981000e-01 4.984817000e-01 
3.526259000e-05 6.216273000e-01 1.096107000e+00 
1.016428000e+00 5.913648000e-01 8.844366000e-03 
7.012580000e-01 3.738808000e-02 1.030758000e+00 
2.826536000e-01 1.284641000e-01 1.164963000e+00 
5.983096000e-01 6.009889000e-01 8.804808000e-01 
1.208543000e-02 8.667025000e-01 8.754590000e-01 
1.278403000e-01 9.402271000e-01 7.419043000e-01 
1.072094000e+00 1.461462000e-01 5.354506000e-01 
6.834240000e-01 9.815472000e-01 1.884119000e-02 
5.868945000e-01 1.096192000e+00 8.578525000e-03 
5.597928000e-01 6.719475000e-01 9.246275000e-01 
9.974250000e-01 3.503072000e-02 6.637538000e-01 
3.891268000e-01 1.143237000e+00 2.897861000e-02 
7.926490000e-01 1.042619000e-02 9.163523000e-01 
6.049243000e-01 1.104008000e+00 6.401220000e-03 
8.397446000e-01 4.581466000e-02 8.697849000e-01 
8.372640000e-01 1.376781000e-02 8.874141000e-01 
1.402237000e-04 1.296933000e-03 1.280515000e+00 
1.125186000e-02 3.692332000e-01 1.134101000e+00 
1.086291000e+00 4.394620000e-01 1.456182000e-01 
1.022205000e+00 8.439886000e-02 5.956277000e-01 
6.478666000e-01 6.189267000e-01 8.244280000e-01 
9.250289000e-03 3.745842000e-01 1.130358000e+00 
5.275610000e-01 9.562523000e-01 6.162590000e-01 
1.911872000e-05 5.664998000e-03 1.399472000e+00 
2.593226000e-01 1.219836000e-01 1.172746000e+00 
1.921522000e-03 3.828576000e-01 1.151236000e+00 
9.954615000e-01 7.038367000e-01 6.992584000e-03 
4.400410000e-01 2.762360000e-01 1.105397000e+00 
1.499892000e-03 9.389531000e-01 8.468572000e-01 
1.124799000e+00 1.329023000e-02 4.944071000e-01 
2.229761000e-02 7.301179000e-01 9.399968000e-01 
8.601877000e-01 3.302337000e-01 7.721665000e-01 
1.187399000e+00 3.345708000e-02 3.773141000e-02 
8.291933000e-01 1.026102000e-01 8.963953000e-01 
1.221154000e+00 4.801001000e-02 6.069045000e-03 
6.995168000e-01 7.889305000e-01 5.801563000e-01 
1.968857000e-03 1.150715000e+00 4.377767000e-01 
5.056913000e-01 7.977868000e-01 7.868252000e-01 
8.258485000e-01 4.862235000e-01 7.345392000e-01 
1.144517000e+00 1.038091000e-03 4.154675000e-01 
1.228963000e-01 7.061930000e-01 9.791588000e-01 
5.107352000e-03 1.216941000e+00 6.241086000e-03 
5.924704000e-01 1.042147000e+00 2.140618000e-02 
4.937689000e-01 8.312035000e-01 7.411722000e-01 
1.052322000e+00 2.778448000e-02 6.143156000e-01 
1.072668000e+00 4.894072000e-01 7.226147000e-02 
9.626600000e-01 4.989053000e-03 7.758115000e-01 
9.019858000e-01 2.664575000e-01 7.374553000e-01 
7.553144000e-01 6.126657000e-01 7.183515000e-01 
7.507169000e-03 5.920538000e-01 1.029787000e+00 
8.632585000e-01 1.813081000e-02 8.497736000e-01 
3.891150000e-01 1.799031000e-01 1.113036000e+00 
3.355987000e-01 8.282851000e-01 8.198101000e-01 
1.360101000e-02 6.538003000e-01 9.915772000e-01 
2.498183000e-01 9.120006000e-01 7.687004000e-01 
8.876772000e-01 7.633841000e-03 8.754838000e-01 
6.830466000e-01 8.124935000e-01 5.795428000e-01 
8.304390000e-01 7.512850000e-01 5.670965000e-01 
1.104845000e-01 9.402645000e-01 7.741876000e-01 
4.940135000e-01 5.910864000e-01 9.387826000e-01 
2.480236000e-02 8.723943000e-01 8.483491000e-01 
5.729664000e-01 8.594978000e-01 6.032871000e-01 
6.561996000e-01 1.014447000e+00 7.859610000e-03 
5.118670000e-01 9.153051000e-01 6.540855000e-01 
3.847390000e-01 7.600740000e-01 9.000561000e-01 
4.914385000e-01 7.774558000e-01 8.142257000e-01 
4.011897000e-01 3.723193000e-01 1.033165000e+00 
8.972756000e-01 8.713618000e-04 1.097823000e+00 
5.011301000e-04 8.186162000e-05 1.289372000e+00 
3.742433000e-02 1.115256000e+00 5.695436000e-01 
7.049666000e-03 1.256670000e+00 3.489619000e-03 
7.817845000e-01 3.231608000e-01 8.677907000e-01 
1.165815000e-01 8.722137000e-01 8.379440000e-01 
7.476713000e-01 7.774383000e-01 7.110149000e-01 
2.564770000e-01 7.913813000e-03 1.177706000e+00 
6.034992000e-01 2.731127000e-03 1.145205000e+00 
8.379996000e-01 4.237620000e-01 8.030500000e-01 
4.950004000e-03 9.867504000e-01 7.614040000e-01 
1.918038000e-01 1.083189000e+00 4.649903000e-01 
1.268124000e+00 1.330852000e-02 5.169321000e-04 
7.027843000e-01 7.208693000e-03 1.052231000e+00 
8.667608000e-01 8.134328000e-01 1.259723000e-02 
7.283749000e-01 6.318731000e-01 7.904731000e-01 
1.017200000e+00 4.839614000e-03 6.153346000e-01 
2.288535000e-01 1.094428000e+00 4.041961000e-01 
9.955593000e-01 6.747242000e-01 3.025625000e-02 
9.736438000e-03 1.203390000e+00 1.441915000e-03 
1.222551000e+00 1.405869000e-02 7.188452000e-03 
2.238666000e-01 1.171011000e+00 1.153955000e-02 
6.241756000e-01 8.821847000e-01 5.126829000e-01 
1.094111000e+00 4.584453000e-04 7.275976000e-01 
9.280674000e-01 6.045429000e-01 4.062967000e-01 
7.311198000e-01 6.060012000e-01 8.463961000e-01 
5.452407000e-01 4.097959000e-01 9.719291000e-01 
6.392205000e-01 7.371809000e-01 7.716337000e-01 
1.719043000e-03 1.437688000e-05 1.494397000e+00 
7.429006000e-01 8.863166000e-01 4.349019000e-01 
6.048717000e-01 1.112005000e+00 1.579235000e-03 
7.751798000e-01 7.584873000e-01 5.245905000e-01 
1.082841000e+00 4.747938000e-01 4.124823000e-02 
5.008647000e-01 3.076845000e-01 1.075609000e+00 
1.188477000e+00 4.208595000e-02 3.283624000e-02 
5.305355000e-01 9.980817000e-01 5.348983000e-01 
3.786966000e-01 2.958346000e-02 1.169593000e+00 
3.312121000e-04 1.090875000e+00 9.021747000e-01 
4.845701000e-01 1.059773000e+00 4.183328000e-01 
8.689470000e-01 8.249728000e-01 6.466339000e-03 
6.703649000e-02 1.102937000e+00 4.817612000e-01 
6.283862000e-01 9.238273000e-01 4.616889000e-01 
9.838994000e-01 4.878757000e-01 4.846017000e-01 
8.957042000e-01 2.142033000e-03 8.841490000e-01 
2.171398000e-01 1.180913000e+00 1.424536000e-02 
1.071193000e+00 1.042668000e-02 5.603145000e-01 
4.767714000e-01 3.081243000e-01 1.076714000e+00 
7.642596000e-01 8.029018000e-01 5.043084000e-01 
1.128129000e+00 3.701833000e-01 8.622274000e-02 
6.156366000e-01 4.770525000e-01 9.237027000e-01 
7.440819000e-01 1.436557000e-03 9.644041000e-01 
9.754805000e-01 6.920949000e-04 7.398507000e-01 
4.528647000e-01 7.205741000e-01 8.778972000e-01 
7.942519000e-01 9.174897000e-01 1.139962000e-02 
8.939232000e-01 2.730582000e-01 7.321242000e-01 
5.536477000e-01 1.065915000e+00 1.319407000e-01 
1.083316000e+00 1.459258000e-01 5.203757000e-01 
3.399638000e-02 8.523794000e-01 8.804188000e-01 
1.020322000e+00 3.387136000e-01 5.284985000e-01 
5.817998000e-01 1.097032000e+00 2.319008000e-02 
6.831912000e-01 8.622081000e-01 4.860730000e-01 
1.750001000e-03 1.608615000e-01 1.166467000e+00 
1.164725000e+00 3.321859000e-01 2.992131000e-01 
6.634267000e-01 4.700813000e-02 1.054577000e+00 
1.243191000e+00 1.968808000e-02 2.009557000e-03 
6.394898000e-01 1.135266000e+00 1.409859000e-04 
6.850580000e-01 1.040762000e+00 1.770172000e-03 
4.614429000e-01 1.963211000e-03 1.172227000e+00 
1.856884000e-04 9.828985000e-04 1.222928000e+00 
7.066146000e-01 8.320270000e-01 5.555077000e-01 
7.248416000e-01 9.068676000e-01 4.290624000e-01 
5.274950000e-01 1.021473000e+00 4.424488000e-01 
2.249487000e-01 1.078000000e+00 4.664276000e-01 
7.062743000e-01 6.301737000e-03 1.063084000e+00 
8.401406000e-03 4.331597000e-01 1.139485000e+00 
1.149804000e+00 4.094202000e-01 2.096118000e-02 
6.114985000e-01 5.239471000e-01 8.928536000e-01 
7.374002000e-01 5.431364000e-03 9.633274000e-01 
9.611677000e-01 1.069339000e-01 7.017798000e-01 
4.138183000e-01 7.747336000e-01 8.888451000e-01 
1.217158000e+00 7.429650000e-03 7.715304000e-03 
5.361437000e-01 7.904253000e-01 7.581973000e-01 
5.149559000e-04 1.176088000e+00 1.491403000e-02 
2.322702000e-01 1.035122000e+00 5.680793000e-01 
1.009564000e+00 3.974867000e-01 5.208706000e-01 
4.812139000e-05 1.271569000e+00 6.830260000e-02 
6.708283000e-01 9.695205000e-01 2.496170000e-01 
6.195134000e-01 3.911978000e-01 9.766355000e-01 
6.794001000e-01 3.744534000e-01 9.801233000e-01 
1.113464000e+00 4.668030000e-01 1.273310000e-01 
3.577533000e-01 3.733446000e-01 1.112195000e+00 
5.471919000e-03 1.173851000e+00 9.325055000e-02 
9.176096000e-01 5.464298000e-01 5.302060000e-01 
4.685565000e-01 1.217513000e-02 1.127784000e+00 
8.993866000e-03 9.149955000e-01 8.318790000e-01 
7.884991000e-01 7.038882000e-01 6.640194000e-01 
4.094117000e-01 3.275624000e-02 1.122411000e+00 
4.103073000e-01 6.277485000e-01 9.694532000e-01 
6.398851000e-01 5.475147000e-01 8.551462000e-01 
3.987548000e-01 9.835665000e-01 5.360553000e-01 
9.497377000e-01 9.978203000e-02 7.382237000e-01 
1.138709000e+00 3.664426000e-02 4.280683000e-01 
1.142908000e+00 3.514142000e-01 1.574723000e-01 
5.945879000e-01 8.591328000e-01 6.257287000e-01 
9.724423000e-01 2.954785000e-02 7.358339000e-01 
5.864041000e-01 1.019043000e+00 4.738593000e-02 
6.496917000e-01 1.026644000e+00 3.351716000e-02 
9.282348000e-01 7.792926000e-02 7.799679000e-01 
2.238661000e-01 1.022934000e-02 1.176737000e+00 
1.696510000e-02 8.163203000e-01 8.938803000e-01 
5.785563000e-01 9.884569000e-01 4.361717000e-01 
7.191549000e-01 6.441122000e-01 7.883716000e-01 
7.126380000e-01 1.943758000e-02 9.315654000e-01 
8.226552000e-01 4.880839000e-01 7.339705000e-01 
4.698782000e-01 7.372134000e-01 8.511509000e-01 
6.840889000e-01 6.680492000e-01 7.695029000e-01 
1.169389000e+00 3.948472000e-02 3.889077000e-01 
1.283875000e+00 2.557644000e-03 1.218968000e-02 
5.646130000e-01 5.794499000e-01 8.834365000e-01 
1.089361000e+00 1.439766000e-01 4.926418000e-01 
1.245917000e+00 3.907470000e-03 1.632038000e-03 
5.570904000e-01 4.376773000e-01 9.671136000e-01 
7.559199000e-01 4.730947000e-01 8.474483000e-01 
4.426966000e-03 5.427861000e-01 1.068652000e+00 
1.381525000e-01 5.331299000e-01 1.064529000e+00 
5.618603000e-01 7.032227000e-03 1.074022000e+00 
5.607631000e-01 1.000639000e+00 4.894361000e-01 
4.913743000e-01 1.489862000e-02 1.085860000e+00 
4.224328000e-01 7.386794000e-01 8.375658000e-01 
3.399118000e-04 7.860162000e-01 9.141402000e-01 
6.506823000e-01 7.737870000e-01 7.122133000e-01 
9.616195000e-03 9.942937000e-01 6.530447000e-01 
5.176494000e-01 8.264772000e-01 7.113590000e-01 
6.749551000e-01 7.079582000e-02 1.041890000e+00 
3.690989000e-03 5.086764000e-01 1.135632000e+00 
9.930568000e-01 5.998281000e-01 3.834506000e-01 
3.726969000e-02 8.252456000e-01 8.739890000e-01 
7.527671000e-01 7.856017000e-01 5.611767000e-01 
2.465825000e-01 7.668649000e-01 9.207301000e-01 
4.609978000e-01 3.032872000e-01 1.081880000e+00 
2.406779000e-01 3.327623000e-01 1.119395000e+00 
1.193110000e+00 7.859027000e-03 1.999284000e-02 
1.424357000e-01 9.538134000e-01 7.222402000e-01 
1.931861000e-01 1.104797000e+00 4.514497000e-01 
1.016239000e+00 2.833398000e-01 5.764627000e-01 
4.986289000e-01 9.749866000e-01 5.986243000e-01 
6.619569000e-01 5.204448000e-01 8.741719000e-01 
1.033027000e+00 6.011347000e-01 3.034565000e-03 
4.471160000e-01 1.110799000e+00 1.754994000e-02 
2.100882000e-02 9.534717000e-01 7.234835000e-01 
6.227223000e-01 4.702642000e-01 9.130375000e-01 
1.119456000e+00 4.706625000e-01 1.844328000e-02 
2.282715000e-02 5.847209000e-01 1.025455000e+00 
3.497306000e-02 1.180953000e-02 1.182947000e+00 
1.091037000e+00 1.046148000e-01 5.235540000e-01 
5.184765000e-01 8.241692000e-01 7.587082000e-01 
4.465061000e-01 1.103894000e+00 1.934438000e-02 
4.302815000e-02 8.191415000e-01 8.631213000e-01 
1.099937000e+00 3.892186000e-02 5.220404000e-01 
7.972233000e-01 9.226679000e-01 9.268550000e-04 
4.638288000e-01 3.032454000e-01 1.099218000e+00 
6.458919000e-01 4.629904000e-01 9.294607000e-01 
4.902322000e-01 5.637521000e-03 1.118687000e+00 
4.149418000e-01 5.873462000e-01 9.657525000e-01 
2.841413000e-01 7.218197000e-01 9.271308000e-01 
5.225028000e-01 4.987613000e-01 1.031036000e+00 
1.229923000e+00 2.135088000e-02 2.109156000e-03 
7.415532000e-04 1.088594000e+00 6.202248000e-01 
9.067796000e-03 1.130496000e+00 4.577757000e-01 
1.147039000e-02 1.127902000e+00 4.573458000e-01 
4.520068000e-02 6.701550000e-03 1.182612000e+00 
7.145261000e-01 8.922459000e-01 4.337141000e-01 
1.233138000e+00 3.727760000e-04 2.487370000e-02 
1.700439000e-01 8.550674000e-01 8.302953000e-01 
7.836663000e-01 6.208815000e-01 7.052132000e-01 
1.137030000e+00 3.690900000e-02 4.312976000e-01 
1.116440000e+00 4.356781000e-01 1.290280000e-01 
4.947238000e-01 1.097261000e+00 1.105251000e-01 
4.158416000e-01 7.284795000e-01 8.863119000e-01 
3.142910000e-01 2.361629000e-01 1.148587000e+00 
2.393574000e-03 1.351671000e-01 1.162380000e+00 
4.302364000e-01 1.110283000e+00 2.131121000e-02 
4.339429000e-01 1.150096000e+00 2.328071000e-03 
2.491960000e-01 1.042436000e+00 5.077101000e-01 
3.978202000e-01 3.266210000e-02 1.160352000e+00 
9.332683000e-01 3.189158000e-02 7.822540000e-01 
9.219038000e-01 7.508492000e-01 2.446413000e-03 
1.087116000e+00 5.403188000e-01 7.647996000e-03 
8.672957000e-01 5.256973000e-02 8.156980000e-01 
9.398381000e-01 1.034332000e-01 7.307646000e-01 
6.310764000e-01 1.077236000e-01 1.014826000e+00 
1.092250000e+00 6.660684000e-03 5.617437000e-01 
6.998223000e-01 6.795314000e-01 7.208677000e-01 
6.983365000e-01 2.654935000e-01 9.452257000e-01 
9.318862000e-01 5.552473000e-01 4.849437000e-01 
1.444811000e-01 4.756805000e-01 1.057761000e+00 
2.917310000e-01 4.760813000e-01 1.046546000e+00 
9.901022000e-01 6.896825000e-01 2.307718000e-02 
6.016044000e-01 1.044338000e+00 8.956634000e-03 
5.617459000e-01 1.041973000e+00 1.305471000e-01 
9.757652000e-01 1.855775000e-02 7.087373000e-01 
5.809399000e-01 9.057989000e-01 5.557319000e-01 
7.066866000e-02 1.055863000e-02 1.180582000e+00 
1.108296000e+00 4.219864000e-02 4.663627000e-01 
1.243598000e+00 1.496728000e-02 7.768428000e-04 
9.138509000e-01 6.269556000e-01 4.301622000e-01 
5.061787000e-01 8.586803000e-01 6.980735000e-01 
1.725755000e-01 8.371083000e-01 8.283510000e-01 
1.394973000e-01 8.429197000e-01 8.532808000e-01 
1.123067000e+00 3.690615000e-01 1.384372000e-01 
1.158473000e+00 3.705779000e-01 2.570283000e-02 
3.216245000e-01 3.009101000e-01 1.112462000e+00 
6.906979000e-01 9.729469000e-01 5.851022000e-04 
1.758045000e-02 5.922772000e-01 1.016024000e+00 
6.951820000e-03 1.163409000e+00 9.185569000e-02 
1.356017000e-03 1.821853000e-04 1.190020000e+00 
5.552476000e-02 9.422409000e-01 7.284403000e-01 
6.399222000e-01 9.995784000e-01 6.506957000e-02 
3.901898000e-01 9.825351000e-01 5.373024000e-01 
1.009915000e+00 4.503358000e-01 4.658000000e-01 
4.331907000e-01 2.240429000e-02 1.124069000e+00 
5.386840000e-04 1.212225000e+00 1.384884000e-02 
8.074037000e-01 8.455205000e-01 2.105070000e-03 
8.826254000e-01 2.743760000e-01 7.238212000e-01 
1.072029000e+00 5.014305000e-01 3.634578000e-02 
1.182029000e+00 1.050881000e-01 1.574200000e-03 
3.120042000e-01 1.033468000e+00 4.486469000e-01 
8.537324000e-01 3.785983000e-02 8.314099000e-01 
1.299268000e-02 1.126705000e+00 3.873316000e-01 

6.547568000e-03 1.015105000e+00 5.569811000e-01 
4.692040000e-01 9.630773000e-01 4.955910000e-01 
3.523032000e-03 8.509549000e-01 9.028611000e-01 
4.102421000e-01 7.655757000e-01 7.492425000e-01 
7.027938000e-01 1.213269000e-04 9.295792000e-01 
6.027109000e-01 8.952410000e-01 3.687199000e-01 
9.113481000e-01 6.716751000e-01 4.162619000e-01 
7.913739000e-01 1.469950000e-02 9.127026000e-01 
8.512019000e-01 6.006827000e-01 5.479248000e-01 
9.112656000e-01 7.589860000e-01 1.423766000e-03 
2.947516000e-03 7.640273000e-01 9.932389000e-01 
5.291911000e-01 7.384251000e-01 7.069049000e-01 
1.886438000e-03 3.889293000e-06 1.945847000e+00 
6.935667000e-05 1.109121000e-03 1.794424000e+00 
5.956125000e-01 1.007069000e+00 5.996870000e-03 
8.721755000e-01 7.522118000e-01 1.199960000e-02 
1.715983000e-02 2.350865000e+00 1.021514000e-03 
1.140483000e+00 1.905175000e-01 2.295818000e-02 
3.782999000e-01 2.578123000e-01 1.054942000e+00 
2.142151000e+00 2.280233000e-01 6.034394000e-04 
1.059170000e+00 8.668483000e-01 1.147797000e-04 
9.089970000e-01 6.026740000e-01 4.669600000e-01 
5.533857000e-01 1.015763000e+00 3.752546000e-02 
2.634307000e-02 8.415112000e-01 8.007070000e-01 
1.866069000e-03 1.202909000e+00 1.398746000e-02 
8.583482000e-01 8.122920000e-01 5.683917000e-04 
1.770091000e-04 1.237265000e+00 9.346076000e-02 
1.126151000e-02 8.599717000e-01 7.898675000e-01 
8.765869000e-01 5.932635000e-01 5.019788000e-01 
2.792575000e-02 7.805461000e-01 8.861792000e-01 
1.325202000e-02 1.003075000e+00 6.173580000e-01 
4.559594000e-01 9.428773000e-01 5.058260000e-01 
7.390880000e-01 3.850671000e-02 9.238948000e-01 
3.043226000e-01 3.536894000e-01 1.104098000e+00 
4.599173000e-01 6.883528000e-01 8.296623000e-01 
7.706489000e-01 8.976392000e-01 3.105590000e-02 
2.489912000e+00 3.946161000e-03 7.222181000e-04 
6.225599000e-01 5.764283000e-01 8.061448000e-01 
6.938145000e-01 4.311576000e-02 9.229761000e-01 
6.048355000e-01 9.155773000e-01 3.647891000e-01 
5.299414000e-02 7.238898000e-01 9.416223000e-01 
1.108647000e+00 1.559910000e-02 3.283103000e-01 
1.076236000e+00 2.342485000e-02 3.638396000e-01 
6.780709000e-01 5.089945000e-01 8.103579000e-01 
3.084261000e-01 5.060219000e-01 9.847130000e-01 
4.662237000e-01 9.466977000e-01 5.018328000e-01 
6.079029000e-01 9.094580000e-01 3.657047000e-01 
5.771010000e-01 7.703088000e-03 1.018411000e+00 
7.767397000e-01 8.036138000e-01 3.626458000e-01 
1.230081000e+00 2.703475000e-01 5.137750000e-04 
6.610182000e-02 7.123813000e-01 9.045872000e-01 
4.439786000e-01 1.431369000e-03 1.103412000e+00 
5.764001000e-01 8.324676000e-01 6.187490000e-01 
4.288728000e-01 9.840454000e-01 3.364941000e-01 
1.188558000e-01 6.871002000e-01 9.364744000e-01 
9.760827000e-01 2.111930000e-02 6.219103000e-01 
8.213499000e-04 4.886947000e-01 1.108771000e+00 
7.071434000e-01 9.607240000e-01 3.029047000e-03 
2.924645000e-01 6.037685000e-01 9.129338000e-01 
4.136329000e-01 3.975550000e-01 1.031873000e+00 
7.225193000e-01 5.557248000e-01 7.004378000e-01 
6.564288000e-01 9.253245000e-01 1.651910000e-02 
1.045818000e+00 5.014693000e-01 2.047705000e-02 
4.659706000e-03 4.457874000e-01 1.124896000e+00 
5.286048000e-01 3.036634000e-01 1.023979000e+00 
1.729120000e-04 8.583354000e-01 1.415205000e+00 
1.056108000e-01 7.454722000e-06 1.581935000e+00 
4.524150000e-01 8.848645000e-01 6.128501000e-01 
4.245381000e-01 8.269613000e-01 7.307096000e-01 
4.155654000e-03 8.757838000e-01 8.940191000e-01 
4.915968000e-02 9.883204000e-01 6.182364000e-01 
1.201914000e+00 2.856910000e-04 3.914283000e-01 
1.308887000e-02 1.052365000e+00 5.460126000e-01 
5.970088000e-01 8.424887000e-01 5.444967000e-01 
4.281515000e-01 3.798738000e-01 1.021391000e+00 
1.227100000e+00 7.797334000e-03 1.650670000e-03 
1.055117000e+00 3.789518000e-01 5.138607000e-01 
1.536821000e-03 1.013870000e+00 8.804549000e-01 
5.025161000e-02 1.152385000e+00 5.722739000e-03 
4.489505000e-01 3.500156000e-01 1.046364000e+00 
1.004918000e+00 8.559537000e-02 5.571259000e-01 
1.011151000e+00 1.459888000e-02 6.069033000e-01 
1.092473000e-01 2.153673000e-05 1.411492000e+00 
3.772324000e-03 7.294948000e-01 9.072768000e-01 
9.099540000e-03 7.247342000e-01 9.420625000e-01 
1.145328000e+00 1.263986000e-02 2.657426000e-02 
4.857831000e-02 1.120460000e+00 2.863002000e-02 
8.361385000e-01 6.520443000e-01 5.087669000e-01 
4.019910000e-02 9.037430000e-01 7.303776000e-01 
9.627548000e-01 6.461658000e-01 7.477519000e-04 
1.008070000e+00 6.381138000e-02 5.208420000e-01 
4.389232000e-01 4.850725000e-01 9.429257000e-01 
8.763311000e-01 7.529000000e-01 1.182541000e-02 
1.645109000e-02 9.240982000e-01 7.047447000e-01 
1.125199000e+00 5.224626000e-03 3.597186000e-01 
2.910995000e-03 1.186890000e+00 5.136502000e-03 
2.713448000e+00 7.125943000e-04 2.569167000e-03 
4.384072000e-02 7.597058000e-02 1.127310000e+00 
5.867352000e-01 9.717052000e-01 6.840799000e-03 
5.839797000e-01 5.746897000e-01 8.772672000e-01 
7.377081000e-04 1.080708000e+00 5.452782000e-01 
1.333905000e+00 3.145105000e-04 1.306713000e-02 
1.069066000e+00 5.132527000e-01 1.544689000e-02 
4.837615000e-01 1.008622000e+00 8.661936000e-02 
6.439767000e-01 9.193098000e-01 2.838913000e-02 
5.813313000e-01 9.854727000e-01 1.140033000e-02 
4.020057000e-01 5.847652000e-01 9.629060000e-01 
8.688934000e-01 7.700290000e-01 9.096951000e-03 
7.140425000e-01 9.224491000e-01 2.308059000e-02 
1.202171000e+00 8.905189000e-03 7.504668000e-03 
2.384699000e+00 1.159148000e-01 7.330270000e-04 
5.040527000e-01 7.055622000e-01 8.258184000e-01 
3.807594000e-01 6.439390000e-01 8.900594000e-01 
1.233934000e-02 4.709951000e-01 1.061816000e+00 
4.552605000e-01 2.675128000e-02 1.062095000e+00 
5.870737000e-02 1.301563000e+00 2.373847000e-04 
7.808122000e-02 1.125453000e+00 5.940614000e-03 
9.624050000e-01 6.372510000e-01 1.211116000e-02 
1.065367000e-01 1.220178000e+00 1.315605000e-03 
4.197749000e-02 1.543798000e+00 3.533264000e-04 
1.225076000e+00 1.099397000e-02 1.837855000e-03 
8.534936000e-01 6.940915000e-03 7.514965000e-01 
7.536870000e-01 8.060375000e-01 3.467445000e-01 
2.459420000e-02 3.979507000e-01 1.086481000e+00 
6.517861000e-01 1.156706000e-02 9.330931000e-01 
7.861117000e-01 8.517275000e-01 1.748534000e-02 
3.561461000e-01 2.432715000e-01 1.089663000e+00 
7.648623000e-04 5.733906000e-04 1.332923000e+00 
8.609594000e-01 4.121236000e-01 6.521440000e-01 
1.065667000e+00 8.569438000e-04 5.052875000e-01 
8.228901000e-01 4.229836000e-01 6.804827000e-01 
6.051378000e-01 9.025612000e-03 9.926515000e-01 
1.103693000e+00 1.386957000e-01 3.300389000e-01 
1.138904000e+00 2.597462000e-02 5.416413000e-02 
5.243001000e-01 4.969531000e-01 8.914803000e-01 
6.770435000e-01 9.192872000e-01 3.345566000e-01 
5.115289000e-01 3.709762000e-01 1.043606000e+00 
7.848631000e-01 1.482161000e-02 8.980722000e-01 
1.051859000e+00 5.019123000e-01 2.036305000e-02 
4.572255000e-01 9.014925000e-01 5.910134000e-01 
5.101432000e-04 7.479508000e-05 1.934879000e+00 
1.392790000e-01 8.067863000e-01 7.745225000e-01 
1.100485000e+00 2.572681000e-02 3.527922000e-01 
5.643183000e-01 7.295686000e-01 6.918817000e-01 
3.976601000e-01 6.028525000e-01 9.119436000e-01 
8.755916000e-01 3.417145000e-04 7.638223000e-01 
7.604120000e-01 5.267767000e-01 6.978112000e-01 
3.591027000e-02 1.957621000e-05 1.592919000e+00 
6.100141000e-01 5.263847000e-01 8.850004000e-01 
3.637785000e-01 3.721295000e-01 1.075004000e+00 
4.015161000e-01 9.407883000e-01 6.412872000e-01 
6.434817000e-01 8.645772000e-01 3.464149000e-01 
2.233517000e-02 8.489852000e-01 8.474089000e-01 
9.079623000e-01 7.364705000e-01 5.748382000e-02 
1.082973000e+00 2.083185000e-05 6.122086000e-01 
8.049304000e-01 5.460502000e-01 5.714989000e-01 
2.705280000e-05 1.032185000e-02 1.979555000e+00 
3.849469000e-01 7.021471000e-02 1.099144000e+00 
7.690549000e-01 5.906181000e-01 6.955775000e-01 
7.622904000e-01 1.133528000e-02 9.135780000e-01 
5.341554000e-01 4.786931000e-01 8.990796000e-01 
4.465185000e-03 4.491577000e-01 1.104519000e+00 
1.082727000e+00 3.794214000e-02 3.482989000e-01 
8.389879000e-01 7.794503000e-01 1.138838000e-02 
7.259140000e-01 5.737361000e-02 9.139254000e-01 
9.138416000e-01 5.148204000e-01 5.275512000e-01 
9.497071000e-01 6.593055000e-01 1.220549000e-02 
9.194499000e-01 5.744082000e-02 7.094877000e-01 
4.816011000e-03 1.028421000e+00 5.643879000e-01 
6.705633000e-01 9.439024000e-01 9.346077000e-03 
1.522355000e-02 7.829255000e-01 8.673922000e-01 
3.614441000e-01 7.007397000e-01 8.392081000e-01 
3.798536000e-02 4.047708000e-01 1.041535000e+00 
5.440476000e-01 9.198656000e-01 3.653783000e-01 
7.187601000e-01 4.769413000e-01 7.978156000e-01 
1.446677000e-01 7.861405000e-01 8.231980000e-01 
5.296376000e-01 1.122523000e+00 1.689707000e-03 
6.818298000e-01 7.551177000e-01 6.646139000e-01 
7.777407000e-01 8.548937000e-01 2.440723000e-02 
9.349114000e-01 2.228307000e-01 6.432738000e-01 
9.369360000e-01 6.816841000e-01 1.093391000e-02 
6.079630000e-01 3.240461000e-02 9.910565000e-01 
6.973295000e-01 4.904804000e-01 7.515877000e-01 
6.026486000e-01 8.381919000e-01 4.806248000e-01 
5.195411000e-01 8.940290000e-01 5.141636000e-01 
3.268596000e-01 1.094546000e-01 1.093758000e+00 
4.812870000e-01 5.371739000e-01 8.899637000e-01 
6.590812000e-01 9.703269000e-01 1.245391000e-03 
5.203238000e-01 1.004325000e+00 3.758087000e-02 
9.165620000e-01 7.253906000e-01 7.020435000e-02 
4.519718000e-01 1.043687000e+00 7.358208000e-03 
7.246634000e-02 7.723024000e-01 8.990081000e-01 
8.983853000e-01 7.278842000e-01 8.071957000e-02 
1.044778000e+00 5.404629000e-01 8.055263000e-03 
6.089447000e-01 3.693173000e-01 9.387253000e-01 
6.158924000e-01 9.093214000e-01 3.507555000e-01 
7.407960000e-01 5.333622000e-01 7.403514000e-01 
1.039607000e+00 2.941501000e-02 5.940002000e-01 
5.971952000e-01 8.805562000e-03 9.980497000e-01 
5.739689000e-04 9.296361000e-01 9.229723000e-01 
1.021537000e+00 5.601868000e-01 9.094876000e-02 
9.206874000e-01 2.202368000e-01 6.453303000e-01 
6.986112000e-03 5.969222000e-01 1.053195000e+00 
5.546059000e-01 8.390236000e-01 6.048252000e-01 
9.471774000e-01 5.680668000e-01 3.617033000e-01 
6.487787000e-01 1.058099000e+00 8.961382000e-04 
3.416167000e-01 7.150729000e-01 8.731607000e-01 
5.856071000e-05 1.207467000e+00 5.672527000e-01 
5.868971000e-01 6.162604000e-01 8.100371000e-01 
1.028959000e+00 8.410856000e-03 6.139413000e-01 
4.674347000e-01 1.337444000e-02 1.046874000e+00 
6.428217000e-01 7.027165000e-01 6.682282000e-01 
7.929210000e-01 8.497791000e-01 8.675132000e-02 
7.967136000e-01 6.266579000e-01 5.618361000e-01 
6.345129000e-01 1.046112000e+00 1.652994000e-03 
5.960879000e-01 8.475426000e-01 5.797859000e-01 
1.893693000e-03 1.175203000e+00 7.871430000e-02 
4.611678000e-02 1.516582000e+00 6.838002000e-04 
4.127709000e-01 9.687398000e-01 5.203706000e-01 
9.127442000e-04 1.221345000e+00 7.114382000e-03 
5.691130000e-01 3.839057000e-01 9.118642000e-01 
4.561702000e-01 9.734608000e-01 3.703480000e-01 
4.781169000e-04 4.403856000e-04 1.460189000e+00 
9.136268000e-01 4.850659000e-02 7.120099000e-01 
1.151894000e+00 2.838788000e-02 9.896733000e-04 
4.360268000e-01 8.715935000e-01 7.013318000e-01 
7.989549000e-02 9.169832000e-04 1.156628000e+00 
1.084110000e+00 5.631825000e-01 3.055955000e-03 
5.437738000e-01 9.090827000e-03 1.067866000e+00 
8.846862000e-01 7.003424000e-01 1.324077000e-01 
6.873465000e-01 5.070514000e-01 8.426761000e-01 
8.167374000e-01 7.246875000e-01 3.283683000e-01 
1.599747000e-02 9.298144000e-02 1.134447000e+00 
8.526824000e-01 5.245332000e-01 6.120892000e-01 
7.116951000e-01 7.563243000e-01 5.452352000e-01 
3.523171000e-01 2.538836000e-01 1.089167000e+00 
1.057758000e+00 6.411196000e-01 6.325945000e-03 
3.416404000e-01 6.985315000e-01 8.562289000e-01 
6.015883000e-04 5.267518000e-01 1.090579000e+00 
2.902373000e-01 1.435506000e+00 8.881911000e-05 
1.174395000e+00 7.592618000e-03 8.635663000e-03 
6.643107000e-02 8.705342000e-01 7.428993000e-01 
1.182366000e-02 4.763093000e-01 1.045397000e+00 
7.618912000e-01 1.265518000e-02 9.185996000e-01 
1.067292000e-04 1.345157000e-02 1.431125000e+00 
6.376587000e-01 3.858342000e-03 9.816441000e-01 
5.296799000e-01 1.034937000e+00 2.495143000e-03 
1.246695000e+00 9.232946000e-03 1.400551000e-03 
9.673373000e-01 5.565124000e-01 2.927877000e-01 
1.002922000e+00 5.600437000e-01 2.751833000e-01 
9.003435000e-02 1.011865000e+00 6.158234000e-01 
1.096204000e+00 5.635689000e-01 2.927522000e-03 
4.193809000e-01 6.047139000e-03 1.125081000e+00 
1.144247000e+00 9.158224000e-02 2.555249000e-02 
8.382451000e-01 8.198677000e-01 1.130335000e-02 
1.209141000e+00 1.546723000e-02 4.384158000e-03 
8.366369000e-01 7.997863000e-01 1.179481000e-02 
7.992393000e-01 8.329232000e-01 3.296342000e-01 
9.942673000e-01 6.059731000e-01 4.568760000e-02 
8.043685000e-01 7.817087000e-01 3.649561000e-01 
1.131874000e+00 1.433496000e-01 3.208298000e-01 
5.236623000e-04 1.286314000e-01 1.345247000e+00 
6.972756000e-01 3.284164000e-02 9.329432000e-01 
6.306341000e-01 1.915510000e-02 9.918312000e-01 
1.028384000e-02 4.324793000e-01 1.081404000e+00 
1.682937000e-01 1.023800000e+00 5.536009000e-01 
1.951563000e-03 3.849546000e-05 1.163623000e+00 
1.201615000e+00 7.637384000e-03 7.767646000e-03 
4.442147000e-01 2.674577000e-03 1.097671000e+00 
1.167796000e+00 1.685125000e-02 6.122316000e-03 
8.847775000e-01 4.506657000e-01 5.856131000e-01 
9.700703000e-01 5.415229000e-01 3.531629000e-01 
4.521383000e-02 5.773082000e-01 9.757095000e-01 
7.126010000e-01 4.809708000e-01 7.586970000e-01 
5.308845000e-01 3.020056000e-01 9.758325000e-01 
1.439073000e-02 9.821860000e-01 6.322923000e-01 
5.512650000e-02 7.131305000e-01 9.416789000e-01 
6.436848000e-01 9.409555000e-01 1.275912000e-02 
9.463167000e-01 5.074014000e-01 5.544906000e-01 
1.042034000e+00 9.994210000e-03 5.996452000e-01 
3.378358000e-01 6.007652000e-01 9.242927000e-01 
3.994744000e-01 5.985744000e-01 9.480127000e-01 
2.337646000e-02 1.313621000e+00 9.573504000e-04 
5.927481000e-01 6.110325000e-01 7.912244000e-01 
1.223649000e+00 3.815041000e-01 2.901386000e-04 
3.584616000e-01 2.623912000e-01 1.080548000e+00 
5.023710000e-01 8.355373000e-01 6.463038000e-01 
1.049608000e+00 9.741914000e-03 6.094836000e-01 
1.035492000e+00 4.626285000e-01 5.169393000e-01 
5.098390000e-02 1.027217000e+00 5.429492000e-01 
3.629730000e-04 1.219366000e+00 3.997303000e-01 
1.140434000e+00 5.464375000e-03 2.677108000e-02 
1.513517000e-02 1.203298000e+00 1.498001000e-03 
2.007279000e-03 1.274773000e-03 1.159302000e+00 
5.852396000e-03 1.274218000e+00 1.974965000e-03 
4.482372000e-01 9.382213000e-01 5.596623000e-01 
8.822411000e-01 5.543199000e-01 5.147621000e-01 
5.913016000e-01 8.296415000e-01 6.271645000e-01 
6.989418000e-01 3.939083000e-01 8.441367000e-01 
7.349810000e-02 9.648418000e-01 6.372325000e-01 
5.027608000e-01 7.463830000e-01 7.330862000e-01 
2.041020000e-02 5.828202000e-01 9.900346000e-01 
5.789975000e-01 6.094438000e-01 8.779835000e-01 
9.007193000e-01 6.984429000e-02 6.957200000e-01 
5.763332000e-01 1.019577000e-02 1.017183000e+00 
2.896663000e-01 1.618312000e-01 1.122371000e+00 
1.881835000e-02 1.268356000e-02 1.140694000e+00 
5.152741000e-03 5.069460000e-01 1.076945000e+00 
9.515816000e-01 7.315075000e-01 5.730453000e-04 
7.938998000e-01 1.898745000e-02 8.034489000e-01 
8.847877000e-01 2.000643000e-02 7.167175000e-01 
4.747163000e-01 7.092986000e-01 8.137884000e-01 
8.482865000e-01 5.325343000e-01 5.652814000e-01 
9.112155000e-01 7.163291000e-01 8.727551000e-02 
6.090699000e-02 1.226673000e+00 5.620472000e-04 
4.312961000e-01 7.268251000e-01 7.527869000e-01 
8.474566000e-01 5.816138000e-01 5.491619000e-01 
3.889194000e-03 7.091988000e-01 9.443606000e-01 
8.813339000e-01 5.499564000e-01 5.292547000e-01 
7.672970000e-01 8.580591000e-01 1.016103000e-01 
5.956830000e-03 8.026180000e-01 8.799244000e-01 
3.554957000e-01 8.601222000e-01 7.259288000e-01 
6.786108000e-01 9.094202000e-01 2.571562000e-01 
6.182344000e-01 5.243252000e-03 1.026362000e+00 
3.848988000e-01 4.489392000e-01 1.014169000e+00 
4.410878000e-01 8.658445000e-01 6.317092000e-01 
8.716317000e-01 7.560452000e-01 2.561716000e-02 
1.851632000e-02 1.033368000e+00 5.514188000e-01 
5.812757000e-01 4.961124000e-01 8.934151000e-01 
6.323316000e-01 8.935457000e-01 3.466475000e-01 
9.705004000e-01 4.708260000e-01 3.642688000e-01 
7.720134000e-02 1.121583000e+00 9.539980000e-03 
2.758270000e-01 4.726718000e-01 1.041478000e+00 
5.947676000e-02 1.148698000e+00 5.047363000e-03 
1.892968000e-02 9.741075000e-01 6.385580000e-01 
1.165358000e+00 6.851189000e-04 9.047644000e-03 
1.002516000e+00 2.401245000e-02 6.115748000e-01 
4.405960000e-01 1.110787000e-02 1.093574000e+00 
7.143143000e-01 5.326571000e-04 9.294496000e-01 
1.295620000e-02 9.075424000e-01 7.058021000e-01 
1.356771000e-01 8.197514000e-01 7.656226000e-01 
1.135477000e+00 6.916189000e-02 3.654144000e-02 
8.920583000e-01 8.491432000e-02 6.996774000e-01 
5.853495000e-01 5.309179000e-01 8.732714000e-01 
7.379603000e-01 4.419451000e-01 7.889438000e-01 
1.026573000e+00 5.256528000e-01 1.149601000e-02 
6.691802000e-03 1.176909000e+00 1.501263000e-03 
3.973759000e-01 8.249782000e-01 7.336465000e-01 
5.750922000e-01 7.294714000e-01 7.029735000e-01 
8.764734000e-01 5.214939000e-01 6.514294000e-01 
1.205141000e+00 7.432681000e-04 6.353069000e-03 
1.753727000e-02 1.050844000e+00 5.368640000e-01 
6.307156000e-04 3.171707000e-03 1.188829000e+00 
6.194692000e-01 5.782221000e-01 7.976100000e-01 
4.002970000e-01 7.342849000e-01 7.879932000e-01 
8.736703000e-01 7.592099000e-01 5.618151000e-03 
1.049928000e+00 1.552185000e-02 5.540551000e-01 
9.410235000e-01 5.599000000e-01 3.684891000e-01 
5.420418000e-01 5.443837000e-01 8.859827000e-01 
9.988256000e-01 5.350791000e-01 3.337620000e-01 
5.592872000e-01 1.847595000e-02 1.039067000e+00 
4.625021000e-01 1.126079000e-04 1.092091000e+00 
1.073272000e+00 1.980675000e-01 3.644836000e-01 
3.382507000e-01 7.957964000e-01 7.720755000e-01 
6.213397000e-01 5.836036000e-01 7.896997000e-01 
6.029696000e-01 6.956544000e-01 6.999586000e-01 
6.947097000e-01 7.075175000e-01 6.265026000e-01 
2.575860000e-01 3.648112000e-01 1.082065000e+00 
1.406171000e-02 4.364830000e-01 1.062581000e+00 
4.891135000e-01 1.038217000e+00 3.782752000e-02 
1.101017000e+00 5.007046000e-01 1.318534000e-02 
4.279057000e-01 2.428713000e-01 1.060950000e+00 
8.324744000e-01 1.101572000e-01 7.672354000e-01 
5.316568000e-01 1.029882000e+00 1.191433000e-02 
1.002516000e+00 2.401245000e-02 6.115748000e-01 
5.924854000e-01 6.113657000e-01 8.004256000e-01 
7.676627000e-01 8.374856000e-01 9.464003000e-02 
7.095878000e-01 5.592396000e-01 6.969461000e-01 
1.799888000e-02 1.119967000e+00 3.199910000e-01 
1.410414000e-01 1.008826000e+00 5.839035000e-01 
3.171816000e-01 4.839060000e-01 1.027125000e+00 
7.196893000e-02 1.055499000e+00 5.313136000e-01 
6.537181000e-01 9.332021000e-01 2.785395000e-02 
5.171397000e-01 1.033236000e+00 3.498567000e-02 
4.168186000e-01 3.879208000e-01 1.022493000e+00 
5.953961000e-01 6.229836000e-01 7.839782000e-01 
1.057039000e+00 1.385562000e-02 5.049865000e-01 
2.306859000e-03 8.779012000e-01 7.433311000e-01 
6.689606000e-01 9.230013000e-01 2.099802000e-02 
1.165235000e+00 3.788228000e-03 2.813334000e-02 
9.427215000e-01 2.182090000e-01 6.363769000e-01 
7.679519000e-01 1.967246000e-02 9.057692000e-01 
3.817971000e-01 7.848171000e-01 7.534684000e-01 
9.488547000e-01 6.811353000e-01 1.194714000e-02 
1.136109000e+00 1.824481000e-01 2.473408000e-02 
2.757388000e-03 1.202233000e+00 4.525242000e-02 
3.979199000e-04 1.477940000e-01 1.153099000e+00 
7.181231000e-01 7.588504000e-01 5.329123000e-01 
4.876187000e-01 5.301234000e-01 8.974099000e-01 
3.206187000e-02 8.220405000e-01 7.758671000e-01 
3.330485000e-01 1.917563000e-01 1.091097000e+00 
7.333937000e-02 8.661716000e-01 7.670051000e-01 
5.252080000e-01 8.833069000e-01 5.062900000e-01 
3.746873000e-02 1.117096000e+00 2.529413000e-01 
7.876628000e-01 2.988291000e-02 8.519487000e-01 
2.194658000e-02 1.170762000e+00 9.126843000e-03 
9.797792000e-01 3.246210000e-04 6.157176000e-01 
1.452719000e-01 7.955637000e-01 8.163395000e-01 
6.853109000e-02 6.325026000e-01 9.728843000e-01 
7.248065000e-01 8.007262000e-01 3.797751000e-01 
2.989503000e-01 4.874265000e-01 9.850580000e-01 
8.314690000e-01 3.932525000e-02 7.812793000e-01 
1.983523000e-02 1.142228000e+00 9.581846000e-03 
9.600075000e-01 6.523126000e-01 7.984427000e-03 
4.574640000e-01 2.171034000e-02 1.054882000e+00 
4.701006000e-01 2.944684000e-02 1.046148000e+00 
7.373564000e-01 7.215631000e-01 5.507049000e-01 
5.387590000e-02 9.645257000e-02 1.124544000e+00 
3.498781000e-01 7.201804000e-01 8.552435000e-01 
1.482405000e-02 1.769197000e-01 1.142289000e+00 
7.917356000e-01 8.841683000e-01 1.380251000e-02 
6.951212000e-01 5.101559000e-01 7.657986000e-01 
7.536463000e-01 2.660207000e-02 8.593397000e-01 
6.666980000e-01 5.234986000e-01 7.417893000e-01 
9.463670000e-01 6.235832000e-01 2.853963000e-02 
4.502409000e-01 9.017139000e-01 5.721588000e-01 
5.420136000e-01 6.993329000e-01 7.782716000e-01 
7.655256000e-02 9.146487000e-01 6.907192000e-01 
8.197683000e-01 8.502370000e-01 1.756308000e-02 
7.345835000e-01 7.283836000e-01 5.485356000e-01 
7.463872000e-01 8.076885000e-01 3.528064000e-01 
3.959379000e-01 4.253061000e-01 9.759125000e-01 
1.175937000e-01 6.719480000e-01 9.439316000e-01 
8.683298000e-01 5.463055000e-04 7.564649000e-01 
8.084560000e-01 5.684328000e-02 7.673867000e-01 
3.946411000e-01 2.938748000e-01 1.053654000e+00 
6.135823000e-01 4.241864000e-01 8.685284000e-01 
6.371244000e-01 8.359172000e-01 4.140577000e-01 
9.750390000e-02 6.554213000e-02 1.138533000e+00 
1.050330000e+00 1.563661000e-02 5.194575000e-01 
2.964375000e-02 5.714206000e-01 1.022727000e+00 
4.058165000e-01 1.051449000e+00 3.480539000e-01 
1.884148000e-02 1.095586000e+00 3.106780000e-01 
1.030073000e+00 5.283677000e-01 8.355697000e-03 
5.260877000e-03 3.837926000e-01 1.087713000e+00 
9.414439000e-01 3.228752000e-01 5.908833000e-01 
1.542146000e-02 1.122328000e+00 7.603544000e-02 
8.522714000e-01 5.511428000e-02 7.457054000e-01 
8.787750000e-01 3.138930000e-02 7.408265000e-01 
3.749585000e-01 1.009502000e+00 3.512209000e-01 
7.225016000e-02 1.067487000e+00 3.788200000e-01 
9.107600000e-01 7.051132000e-01 1.304853000e-01 
8.977021000e-01 6.582508000e-02 6.989785000e-01 
5.926630000e-03 1.059924000e+00 4.285740000e-01 

1.084427000e+00 2.487685000e-03 6.145350000e-01 
8.194110000e-04 1.204252000e+00 3.242763000e-02 
4.515027000e-01 7.085069000e-01 8.694411000e-01 
1.133278000e+00 3.872529000e-03 4.348730000e-01 
3.848171000e-01 6.042881000e-01 9.614414000e-01 
8.115249000e-02 1.154323000e+00 4.007363000e-02 
2.892884000e-02 1.261096000e+00 8.107022000e-05 
3.990461000e-02 1.016317000e+00 5.887619000e-01 
4.673465000e-04 9.888532000e-04 1.262863000e+00 
2.478763000e-02 1.101663000e+00 3.934555000e-01 
9.384418000e-01 1.921389000e-01 6.862407000e-01 
3.155080000e-02 8.634572000e-01 7.740959000e-01 
8.119584000e-01 4.874017000e-01 7.095554000e-01 
6.728894000e-05 7.068979000e-06 9.406206000e+00 
3.549068000e-01 5.485502000e-01 1.005922000e+00 
9.633178000e-01 5.224522000e-01 5.934398000e-01 
1.222857000e+00 1.228691000e-02 3.998586000e-04 
2.607189000e-04 1.002302000e+00 9.216503000e-01 
7.798677000e-03 2.380376000e-04 1.190922000e+00 
1.801640000e+00 1.737339000e-03 2.074860000e-02 
9.948354000e-01 3.099378000e-01 5.905580000e-01 
9.688532000e-01 4.999705000e-01 4.871062000e-01 
6.028320000e-01 1.478714000e-01 1.019955000e+00 
4.405630000e-05 4.348140000e-04 6.880289000e+00 
5.804882000e-01 9.360999000e-01 3.870450000e-01 
1.197467000e-01 1.222216000e+00 5.603583000e-04 
1.332386000e-03 1.191116000e+00 5.169282000e-01 
2.642776000e+00 3.416526000e-04 1.745770000e-02 
2.047297000e-03 1.118900000e+00 4.887868000e-01 
8.191953000e-01 3.836400000e-02 8.371142000e-01 
9.579502000e-01 2.251379000e-01 6.595374000e-01 
7.991034000e-01 9.035597000e-01 1.848263000e-02 
7.192070000e-01 9.264714000e-01 1.686690000e-01 
4.612187000e-03 1.119769000e+00 4.887315000e-01 
4.663160000e-03 9.548941000e-01 7.546795000e-01 
3.439417000e-03 6.197852000e-01 1.033266000e+00 
8.104756000e-01 4.482308000e-01 7.163965000e-01 
1.898010000e-03 1.081496000e+00 6.792295000e-01 
2.861030000e-03 6.366761000e-01 1.045370000e+00 
8.756161000e-01 4.374166000e-01 7.062880000e-01 
7.730061000e-01 4.650017000e-01 8.588089000e-01 
2.359828000e-01 4.436859000e-01 1.078988000e+00 
1.901411000e+00 1.797434000e-03 9.222271000e-03 
7.289168000e-01 7.684732000e-01 4.785612000e-01 
8.141346000e-01 2.939752000e-02 8.459574000e-01 
1.587958000e-02 8.597475000e-01 8.797672000e-01 
4.078609000e-01 5.736767000e-01 9.718892000e-01 
1.040929000e+00 5.880133000e-01 1.364370000e-03 
8.117920000e-01 8.640832000e-01 3.084397000e-02 
6.528464000e-01 7.731474000e-03 9.813995000e-01 
7.318970000e-01 8.923123000e-01 3.784365000e-02 
6.607667000e-01 4.845015000e-01 8.367490000e-01 
1.849530000e-02 6.353407000e-01 1.005860000e+00 
5.391266000e-01 6.891481000e-01 8.134063000e-01 
8.927741000e-03 1.108907000e+00 4.703988000e-01 
7.749992000e-01 9.066693000e-01 1.808057000e-02 
5.391920000e-05 3.326057000e-05 1.308313000e+00 
1.138626000e+00 2.645553000e-01 4.772770000e-03 
7.312244000e-02 1.152059000e+00 4.386840000e-02 
5.493714000e-04 1.286465000e+00 6.234950000e-03 
8.755532000e-01 2.622104000e-01 7.833225000e-01 
7.329017000e-01 8.696989000e-01 4.696062000e-01 
6.325494000e-01 1.980730000e-02 1.054853000e+00 
3.106128000e-02 2.182659000e+00 2.093716000e-05 
9.848479000e-06 5.765023000e-03 1.394635000e+00 
6.466325000e-01 4.286013000e-01 9.350219000e-01 
1.057805000e-01 9.969119000e-01 6.398932000e-01 
4.067917000e-01 7.452349000e-01 8.231935000e-01 
2.734652000e-02 1.018064000e+00 5.657685000e-01 
3.425056000e-01 4.000057000e-01 1.059762000e+00 
8.391860000e-01 4.160833000e-01 7.956644000e-01 
4.833261000e-01 1.087040000e+00 1.346317000e-03 
1.218971000e+00 3.810619000e-02 9.690780000e-03 
4.004656000e-02 4.711133000e-01 1.114699000e+00 
1.972964000e-05 8.817257000e-04 2.096404000e+00 
9.497848000e-01 6.152180000e-01 4.626774000e-01 
9.895760000e-01 3.167213000e-01 6.242122000e-01 
9.248766000e-01 5.032145000e-01 5.998600000e-01 
1.056443000e+00 1.548307000e-03 6.523703000e-01 
7.861084000e-04 9.436665000e-01 8.203467000e-01 
6.150146000e-03 9.202887000e-01 8.013721000e-01 
4.431800000e-01 6.918905000e-01 9.086373000e-01 
8.221935000e-01 4.169485000e-01 7.793386000e-01 
3.975832000e-01 2.246896000e-01 1.071425000e+00 
2.124999000e+00 1.025881000e-03 9.803959000e-03 
1.540294000e-03 8.201678000e-01 9.219626000e-01 
3.810061000e-01 7.128906000e-01 8.789493000e-01 
8.111467000e-01 4.193459000e-01 7.679167000e-01 
7.054108000e-01 1.410761000e-03 1.061873000e+00 
5.132229000e-01 2.910018000e-03 1.096489000e+00 
8.378298000e-01 8.030273000e-01 1.071382000e-02 
1.959965000e-01 4.765416000e-01 1.068394000e+00 
3.898236000e-04 1.227950000e+00 1.126249000e-02 
1.776206000e-04 1.226416000e+00 5.167255000e-01 
9.355819000e-01 2.787336000e-01 7.074254000e-01 
5.829618000e-01 4.390192000e-01 9.394181000e-01 
1.852788000e-02 8.832362000e-01 8.215952000e-01 
3.776756000e-01 7.156748000e-01 8.754086000e-01 
8.247146000e-01 1.092204000e-03 8.504796000e-01 
1.855660000e-01 5.071223000e-03 1.161974000e+00 
1.149470000e+00 1.677395000e-01 1.732727000e-02 
2.224915000e-03 6.588517000e-01 1.037428000e+00 
9.626292000e-03 1.080784000e+00 4.760679000e-01 
7.506784000e-01 9.715866000e-01 7.180763000e-04 
6.887378000e-01 7.594123000e-01 5.799719000e-01 
1.090465000e+00 6.486379000e-01 2.442204000e-06 
4.878124000e-01 8.767392000e-01 6.455718000e-01 
3.928758000e-01 6.224519000e-01 9.355573000e-01 
8.524950000e-01 3.467545000e-02 7.981680000e-01 
2.894543000e-01 3.389240000e-01 1.105524000e+00 
4.267969000e-01 7.654039000e-01 7.880787000e-01 
1.325763000e-03 7.042113000e-01 1.012591000e+00 
7.825351000e-01 5.307828000e-01 7.130552000e-01 
9.771861000e-01 6.997252000e-01 2.113537000e-03 
7.120582000e-01 9.456331000e-01 5.404248000e-02 
2.341587000e-03 1.127231000e+00 4.814693000e-01 
1.405932000e-02 1.215016000e+00 1.088746000e-02 
5.939302000e-01 5.800123000e-01 8.128975000e-01 
4.364163000e-01 5.300255000e-01 1.033187000e+00 
5.550152000e-01 6.055054000e-01 8.614858000e-01 
8.552987000e-01 8.362892000e-01 5.910560000e-03 
1.170064000e-02 4.576012000e-01 1.114701000e+00 
9.971334000e-01 6.792060000e-01 8.363280000e-06 
7.226280000e-01 3.303161000e-02 8.973822000e-01 
9.823644000e-01 7.606946000e-01 1.796637000e-03 
9.592661000e-01 3.380579000e-02 6.963764000e-01 
4.774262000e-01 9.586778000e-01 5.036020000e-01 
1.006882000e-03 1.318085000e+00 8.380033000e-04 
9.476031000e-01 4.458033000e-02 6.702861000e-01 
4.905141000e-01 5.806777000e-03 1.058008000e+00 
4.291688000e-04 1.861656000e-05 1.681432000e+00 
9.731218000e-02 9.946341000e-01 6.541854000e-01 
4.500847000e-01 9.004885000e-01 6.789932000e-01 
7.010564000e-01 2.414687000e-02 9.568042000e-01 
3.804231000e-03 6.417997000e-01 1.025882000e+00 
5.710324000e-01 2.861592000e-01 1.020479000e+00 
6.271739000e-04 8.342905000e-01 1.198893000e+00 
1.074988000e+00 2.872200000e-01 4.607800000e-01 
9.475955000e-03 8.184742000e-01 8.880584000e-01 
6.522898000e-01 1.699231000e-02 9.842011000e-01 
9.480456000e-01 4.630603000e-05 6.967565000e-01 
6.328743000e-01 1.758585000e-01 9.800559000e-01 
9.275605000e-01 1.678537000e-01 7.327398000e-01 
5.682864000e-01 2.944786000e-01 1.038094000e+00 
1.017463000e+00 2.485240000e-02 6.275814000e-01 
4.821106000e-01 3.136779000e-02 1.088891000e+00 
4.587492000e-01 1.093925000e-01 1.088472000e+00 
9.310422000e-01 7.245066000e-01 5.719846000e-03 
4.555703000e-01 4.859612000e-01 9.833943000e-01 
5.534847000e-03 6.580511000e-01 9.731822000e-01 
5.824571000e-01 9.223314000e-01 3.692807000e-01 
1.501674000e-03 6.742132000e-01 1.013391000e+00 
4.794752000e-01 3.089817000e-02 1.090872000e+00 
1.142963000e+00 2.542346000e-01 3.429773000e-02 
4.788566000e-01 5.542794000e-01 8.975903000e-01 
1.059314000e+00 2.714206000e-03 6.254483000e-01 
1.221914000e-01 1.138576000e+00 6.132908000e-03 
3.920864000e-01 8.379161000e-01 7.124432000e-01 
9.513876000e-01 3.600749000e-02 6.888737000e-01 
3.273314000e-01 6.419736000e-01 9.263844000e-01 
4.205794000e-01 8.349237000e-01 8.163373000e-01 
7.047326000e-01 9.364602000e-01 1.623748000e-01 
6.198726000e-01 1.547901000e-01 9.865642000e-01 
1.020985000e+00 5.032370000e-01 4.295204000e-01 
4.912902000e-01 1.014106000e+00 4.342720000e-01 
7.534856000e-03 4.721639000e-02 1.193572000e+00 
1.265872000e+00 2.512020000e-03 1.347298000e-02 
5.199028000e-03 8.616550000e-01 8.651648000e-01 
1.289011000e+00 3.606418000e-02 2.284605000e-05 
4.820013000e-01 9.694658000e-01 4.827453000e-01 
8.302457000e-01 4.467214000e-01 7.070155000e-01 
4.461089000e-01 1.084780000e+00 1.695508000e-02 
8.048413000e-02 1.155706000e+00 1.679370000e-02 
2.630831000e-01 5.541528000e-01 9.905806000e-01 
1.223531000e+00 2.206458000e-03 2.520460000e-02 
1.020812000e+00 3.016964000e-03 6.070162000e-01 
6.600461000e-01 1.644607000e-01 9.758195000e-01 
9.381353000e-01 2.516469000e-02 7.694619000e-01 
7.045242000e-01 9.438408000e-01 1.589300000e-01 
9.182848000e-03 8.995095000e-01 8.637269000e-01 
9.040551000e-01 6.837501000e-02 7.648258000e-01 
2.410983000e-01 4.315786000e-01 1.062301000e+00 
2.219790000e-01 4.094668000e-01 1.130169000e+00 
1.300386000e-02 1.102671000e+00 3.831191000e-01 
4.870920000e-05 6.274631000e-02 1.358598000e+00 
4.194927000e-01 8.764764000e-01 6.916213000e-01 
3.138394000e-02 8.697403000e-01 7.971837000e-01 
3.441316000e-03 1.097713000e-03 1.193845000e+00 
6.248587000e-01 7.444064000e-01 6.481704000e-01 
1.076069000e+00 1.613819000e-01 4.520831000e-01 
6.612636000e-02 1.059225000e+00 5.376104000e-01 
7.603909000e-01 2.529863000e-03 8.822808000e-01 
1.085053000e-03 1.193790000e+00 5.174064000e-01 
2.306932000e-01 4.333510000e-01 1.093610000e+00 
9.157339000e-01 7.264216000e-01 8.809433000e-03 
5.552384000e-01 4.074417000e-01 9.927770000e-01 
1.047702000e+00 5.765313000e-01 1.254639000e-02 
6.858679000e-01 7.165521000e-01 6.609480000e-01 
2.956250000e-03 2.781287000e-02 1.207097000e+00 
5.622511000e-01 7.307411000e-01 6.855325000e-01 
7.006259000e-01 4.085852000e-01 9.184163000e-01 
9.832748000e-01 7.085033000e-01 2.111443000e-03 
1.262669000e+00 3.356596000e-03 1.705651000e-02 
9.944269000e-01 6.134282000e-01 1.104511000e-02 
6.011744000e-01 7.020714000e-01 7.738072000e-01 
1.078596000e+00 6.504019000e-01 5.657417000e-04 
2.584873000e-02 1.248017000e+00 2.253597000e-03 
6.884171000e-01 3.507967000e-01 9.377577000e-01 
5.261749000e-01 6.458571000e-01 8.796046000e-01 
1.114247000e+00 2.850085000e-01 8.517859000e-02 
6.068782000e-01 1.407206000e-01 1.008986000e+00 
8.981664000e-01 5.959067000e-01 5.843922000e-01 
9.452819000e-01 5.133645000e-02 7.397679000e-01 
1.733880000e-03 1.173524000e+00 4.562656000e-01 
1.672874000e-02 8.050917000e-01 8.758612000e-01 
8.327958000e-01 8.280874000e-01 9.317466000e-02 
1.183711000e+00 3.009324000e-04 3.736684000e-02 
1.051311000e+00 2.315289000e-02 4.736127000e-01 
8.123372000e-01 8.734548000e-01 7.754051000e-04 
4.746724000e-01 1.083557000e+00 1.094892000e-02 
1.390048000e-03 1.027130000e+00 7.658613000e-01 
4.002593000e-03 1.290374000e+00 2.427285000e-03 
7.969503000e-02 1.090894000e+00 3.700803000e-01 
6.800968000e-01 8.699017000e-01 4.399494000e-01 
5.452763000e-01 8.795364000e-01 5.872634000e-01 
7.742594000e-01 5.112848000e-01 8.068909000e-01 
2.491289000e-01 3.598817000e-01 1.106004000e+00 
5.550002000e-02 1.174518000e+00 3.334646000e-03 
5.138450000e-01 4.408831000e-02 1.057597000e+00 
6.355383000e-01 3.774406000e-02 1.050762000e+00 
9.742111000e-01 5.830444000e-01 4.730964000e-01 
1.133527000e+00 5.185244000e-04 3.856518000e-01 
5.397053000e-03 7.773700000e-01 9.801250000e-01 
3.560797000e-02 9.921720000e-01 6.571031000e-01 
4.834507000e-01 2.305718000e-02 1.075984000e+00 
4.835016000e-01 3.271511000e-01 1.068356000e+00 
5.255546000e-01 6.795427000e-01 8.176436000e-01 
4.347554000e-01 7.449254000e-01 7.758026000e-01 
1.708221000e-02 1.189735000e+00 4.068563000e-03 
4.011282000e-02 1.168868000e+00 8.025298000e-03 
8.516021000e-01 7.886399000e-03 8.368580000e-01 
1.278213000e-02 9.034422000e-01 8.410386000e-01 
6.029733000e-01 1.541240000e-01 9.981964000e-01 
1.306062000e-03 4.329043000e-05 1.293221000e+00 
4.774408000e-01 6.963983000e-01 8.016121000e-01 
7.035648000e-01 1.065401000e+00 4.900672000e-04 
6.012153000e-04 2.954111000e-02 1.206738000e+00 
9.643181000e-01 5.279960000e-01 5.860130000e-01 
1.106945000e-02 1.278100000e+00 1.695208000e-03 
7.752299000e-03 1.196119000e+00 2.625585000e-02 
4.311054000e-01 1.044187000e+00 4.636960000e-01 
5.467480000e-01 9.612352000e-01 4.571050000e-01 
5.356668000e-01 3.827591000e-01 1.008251000e+00 
7.495361000e-02 8.170991000e-01 8.745912000e-01 
6.502220000e-01 7.745140000e-01 6.207445000e-01 
7.682468000e-01 5.157195000e-01 7.727514000e-01 
6.040080000e-01 1.450580000e-01 1.046934000e+00 
4.305462000e-01 1.919081000e-02 1.093035000e+00 
3.541468000e-03 1.164535000e+00 2.939795000e-02 
5.128761000e-01 9.628223000e-01 3.841979000e-01 
1.219313000e+00 1.079339000e-02 1.501856000e-02 
5.060720000e-04 9.438432000e-01 8.261514000e-01 
4.472573000e-01 1.058422000e+00 7.130582000e-02 
1.000743000e+00 3.087146000e-03 6.382048000e-01 
1.280982000e-03 7.062214000e-01 1.012552000e+00 
6.279455000e-01 9.842176000e-01 1.374837000e-02 
8.225372000e-01 4.863426000e-01 7.097945000e-01 
5.146161000e-01 1.057173000e+00 8.988856000e-03 
5.174869000e-01 6.645538000e-01 8.616598000e-01 
1.278788000e+00 3.078958000e-03 1.554182000e-03 
7.771842000e-01 5.973928000e-01 7.001063000e-01 
5.213259000e-01 7.034123000e-01 7.311872000e-01 
8.192318000e-01 2.400353000e-02 8.453499000e-01 
5.298716000e-01 1.042032000e+00 5.122956000e-03 
6.131898000e-01 1.090684000e+00 2.294344000e-04 
1.290559000e+00 1.119713000e-02 8.764523000e-04 
5.549079000e-01 9.497112000e-01 4.608633000e-01 
7.048115000e-03 1.260454000e+00 1.803204000e-03 
7.054190000e-01 1.799765000e-03 9.088562000e-01 
8.722884000e-04 6.437216000e-01 1.056219000e+00 
1.165985000e+00 4.893471000e-02 1.852507000e-02 
4.196117000e-01 4.830816000e-01 1.037540000e+00 
4.329060000e-01 5.325564000e-01 9.824340000e-01 
8.821200000e-01 4.609070000e-01 6.990331000e-01 
4.264941000e-02 4.567985000e-01 1.105496000e+00 
8.448195000e-01 4.214986000e-01 7.175685000e-01 
6.147311000e-02 1.200475000e+00 8.287888000e-04 
9.038208000e-01 1.854054000e-02 7.740776000e-01 
1.175463000e-02 7.353448000e-01 9.156816000e-01 
6.010409000e-01 6.561091000e-01 7.833263000e-01 
1.084726000e+00 4.425243000e-01 5.581011000e-02 
9.607640000e-01 6.474606000e-01 3.980858000e-02 
1.171945000e+00 3.596423000e-02 3.866487000e-02 
9.277861000e-01 5.024869000e-01 6.171691000e-01 
4.236541000e-02 1.033518000e+00 5.655878000e-01 
4.190754000e-01 8.849408000e-01 7.022251000e-01 
6.476204000e-01 9.671682000e-01 1.363488000e-01 
1.100624000e+00 5.769919000e-01 4.588526000e-03 
8.688557000e-03 9.486518000e-01 7.654816000e-01 
9.633085000e-01 4.161777000e-02 6.816507000e-01 
4.358931000e-01 9.043260000e-01 6.730950000e-01 
3.219521000e-01 2.793184000e-01 1.081956000e+00 
6.745493000e-01 3.827834000e-03 1.006037000e+00 
2.953666000e-01 3.642387000e-01 1.091931000e+00 
4.547585000e-01 1.865753000e-01 1.077598000e+00 
6.549271000e-01 8.235054000e-01 4.735175000e-01 
1.032925000e+00 2.273301000e-01 4.759808000e-01 
7.530650000e-03 1.096209000e+00 5.722983000e-01 
5.489160000e-01 7.809908000e-01 6.760303000e-01 
1.112790000e+00 4.857624000e-01 4.316362000e-03 
8.010297000e-01 4.108428000e-01 8.512715000e-01 
9.806802000e-04 7.235041000e-05 1.249218000e+00 
6.494487000e-01 8.330197000e-01 6.420480000e-01 
6.985403000e-03 9.166223000e-01 8.134862000e-01 
1.104395000e+00 3.781584000e-02 4.608475000e-01 
9.411429000e-01 6.240894000e-02 7.423283000e-01 
7.199922000e-01 9.201098000e-01 1.166785000e-03 
2.240386000e-02 8.734107000e-01 7.541328000e-01 
3.483734000e-03 7.755455000e-01 1.003306000e+00 
7.812000000e-01 5.317305000e-01 7.083956000e-01 
9.667880000e-01 5.873107000e-01 4.702559000e-01 
1.180907000e+00 2.612288000e-02 1.680612000e-02 
5.649328000e-01 5.647128000e-01 8.544619000e-01 
4.500267000e-01 3.421352000e-01 1.062074000e+00 
2.881740000e-02 8.774109000e-01 7.419374000e-01 
9.311014000e-01 6.911347000e-01 8.731059000e-03 
1.047217000e+00 4.698917000e-02 6.048771000e-01 
9.475650000e-03 2.486306000e-03 1.177656000e+00 
9.313011000e-01 5.098739000e-01 5.938557000e-01 
1.925411000e-02 9.015100000e-01 7.714663000e-01 
2.807503000e-03 1.056417000e+00 6.068354000e-01 
6.341790000e-01 8.480329000e-01 6.154885000e-01 
2.761484000e-04 7.407112000e-03 1.219520000e+00 
1.592646000e-02 1.238071000e+00 4.475902000e-03 
1.088493000e+00 5.766969000e-01 7.012072000e-03 
1.041334000e-03 1.233462000e+00 7.619615000e-03 
5.141699000e-01 8.128287000e-01 6.872969000e-01 
9.283378000e-01 6.329216000e-02 7.609110000e-01 
1.099629000e+00 1.013614000e-01 4.402743000e-01 
6.838316000e-01 4.552395000e-01 8.911697000e-01 
1.090344000e+00 4.737267000e-01 1.823351000e-02 
6.786703000e-04 8.791762000e-03 1.208923000e+00 
4.973031000e-01 1.061817000e+00 1.903359000e-02 
2.499277000e-02 8.628915000e-01 8.206962000e-01 
9.667331000e-01 8.594969000e-04 6.946516000e-01 
7.796595000e-02 1.246247000e+00 4.520955000e-04 
5.981691000e-01 1.001607000e+00 3.564337000e-02 
7.957064000e-03 1.102039000e+00 5.220716000e-01 
7.540478000e-01 5.093258000e-01 8.319851000e-01 
1.099355000e+00 4.745369000e-01 1.087495000e-02 
4.589881000e-01 1.065579000e+00 2.237433000e-02 
6.126244000e-01 9.872863000e-01 2.090976000e-02 
5.537371000e-01 5.561104000e-01 8.898070000e-01 
4.786543000e-01 5.835496000e-01 9.542994000e-01 
9.424848000e-01 6.904259000e-01 4.405006000e-02 
7.506998000e-01 8.805972000e-01 3.922919000e-01 
4.480319000e-01 1.082420000e+00 1.313615000e-02 
2.288223000e-01 4.228293000e-01 1.108655000e+00 
5.571653000e-03 4.891779000e-01 1.056985000e+00 
1.089569000e+00 1.107759000e-01 3.669944000e-01 
9.109702000e-01 5.289321000e-01 4.763695000e-01 
3.876438000e-02 7.173256000e-01 9.315444000e-01 
8.823833000e-01 7.058596000e-02 7.395347000e-01 
1.024660000e+00 6.230134000e-01 9.327997000e-03 
1.179742000e+00 1.140033000e-03 6.620645000e-02 
1.198901000e+00 1.643873000e-04 1.747379000e-01 
3.776265000e-01 7.923312000e-01 8.319850000e-01 
8.773892000e-02 9.413263000e-01 7.348215000e-01 
5.169181000e-02 1.201868000e+00 1.014874000e-03 
1.238168000e+00 9.793235000e-03 1.165652000e-02 
8.120476000e-01 9.023116000e-01 6.959462000e-04 
4.590515000e-01 4.780739000e-01 1.002931000e+00 
5.659753000e-01 1.066215000e+00 3.957852000e-04 
9.998140000e-01 5.374489000e-01 4.576972000e-01 
8.792913000e-01 7.620158000e-01 1.088581000e-01 
4.935341000e-01 7.736035000e-01 7.477399000e-01 
5.116548000e-02 6.642601000e-01 9.632718000e-01 
5.417804000e-01 2.956950000e-01 1.001453000e+00 
5.220148000e-01 1.056795000e+00 1.132419000e-02 
3.310689000e-01 3.688147000e-01 1.073218000e+00 
4.171430000e-01 9.244095000e-01 7.123568000e-01 
5.645116000e-02 8.282860000e-01 8.640104000e-01 
1.106590000e+00 6.812852000e-02 4.415707000e-01 
1.033854000e+00 5.534535000e-01 1.723149000e-02 
6.497560000e-01 8.200116000e-03 1.020327000e+00 
5.573785000e-01 1.010509000e+00 4.681887000e-02 
1.117085000e-02 9.548975000e-01 6.929165000e-01 
6.534762000e-01 2.259154000e-01 9.695358000e-01 
6.475855000e-01 9.735421000e-01 1.485380000e-01 
4.683121000e-01 1.005107000e+00 4.637762000e-01 
7.895043000e-01 4.364174000e-01 7.712147000e-01 
5.765170000e-01 9.296116000e-01 4.179408000e-01 
5.211217000e-03 1.164151000e+00 4.284520000e-01 
3.669533000e-02 1.015810000e+00 6.454650000e-01 
7.237668000e-03 1.025836000e+00 5.856429000e-01 
6.913702000e-01 9.567670000e-01 1.864100000e-02 
9.479691000e-01 7.484463000e-01 5.467402000e-03 
1.044013000e+00 4.482247000e-01 3.880948000e-01 
1.232290000e-01 8.167223000e-01 8.733709000e-01 
5.814425000e-01 9.504333000e-01 3.826433000e-01 
4.997500000e-02 1.224720000e+00 2.539793000e-03 
3.551442000e-02 6.914867000e-05 1.174837000e+00 
1.043958000e-02 6.895285000e-01 9.510223000e-01 
4.424860000e-03 1.781431000e-01 1.191490000e+00 
4.666183000e-03 1.027702000e-03 1.199020000e+00 
4.853782000e-01 1.536111000e-02 1.080191000e+00 
1.121209000e+00 2.264132000e-01 3.526416000e-02 
2.794482000e-02 9.713614000e-01 6.694307000e-01 
5.015149000e-01 8.888643000e-01 5.869438000e-01 
1.151935000e+00 8.684334000e-02 5.259467000e-03 
4.425235000e-01 7.928794000e-01 7.686835000e-01 
8.640226000e-01 3.656878000e-01 7.515328000e-01 
9.795213000e-01 6.761722000e-01 1.125476000e-02 
5.051950000e-01 7.128540000e-01 7.876030000e-01 
8.482462000e-01 6.002649000e-01 4.660599000e-01 
4.555285000e-01 1.671072000e-02 1.096129000e+00 
7.203780000e-01 7.596119000e-01 4.846093000e-01 
9.357421000e-02 9.357033000e-01 7.055243000e-01 
8.969022000e-01 4.756237000e-01 6.476807000e-01 
5.427505000e-01 1.034960000e+00 2.425176000e-02 
1.174628000e+00 3.079638000e-03 2.833373000e-02 
1.155977000e+00 2.854622000e-03 4.442574000e-02 
1.726098000e-02 1.113656000e+00 3.679201000e-01 
4.404811000e-01 1.065651000e+00 1.779471000e-02 
9.500677000e-01 6.763150000e-01 4.173540000e-03 
8.077700000e-01 7.232177000e-02 8.298260000e-01 
1.109688000e+00 2.642864000e-02 3.883542000e-01 
8.009689000e-01 8.621324000e-01 3.709161000e-02 
2.902169000e-02 1.844886000e-02 1.160037000e+00 
7.967074000e-01 4.463437000e-01 7.183136000e-01 
1.142027000e-03 5.178954000e-01 1.054469000e+00 
1.117864000e+00 4.198214000e-01 5.622870000e-02 

