3.910407000e+00 2.459305000e+00 1.870317000e-02 
3.065032000e+00 5.625006000e-01 3.148764000e+00 
5.756199000e-02 3.899282000e+00 3.614714000e+00 
2.694914000e-01 4.156634000e+00 2.960383000e+00 
1.388876000e-01 3.713349000e-02 5.109504000e+00 
2.284687000e+00 4.943126000e-02 4.622754000e+00 
8.977466000e-02 5.284313000e+00 4.309435000e-02 
3.385200000e-02 2.973113000e+00 3.761846000e+00 
1.219144000e+00 3.472913000e+00 2.274492000e+00 
2.490308000e-01 4.150386000e+00 2.988426000e+00 
1.818340000e-01 6.717253000e-03 5.698005000e+00 
3.232615000e-01 4.961260000e+00 4.024123000e-02 
4.288608000e+00 3.622813000e-03 3.342759000e+00 
5.183569000e+00 2.157081000e-02 1.973442000e+00 
2.103790000e-01 4.686456000e+00 2.626923000e-01 
3.489694000e-02 3.229763000e+00 3.735386000e+00 
3.419462000e-01 4.684679000e+00 3.210576000e-02 
5.174559000e+00 1.066224000e-01 1.888557000e-02 
4.067077000e+00 2.379907000e+00 2.729015000e-01 
4.515626000e+00 6.972169000e-01 1.699819000e-02 
2.849299000e-03 5.500013000e+00 7.568020000e-01 
4.478841000e-02 4.974377000e+00 2.530650000e-01 
6.691511000e+00 5.921347000e-03 1.166074000e-01 
9.121508000e-02 3.300421000e+00 3.546260000e+00 
4.641225000e+00 2.182058000e-02 1.968215000e-01 
7.261072000e+00 2.197524000e-02 4.194931000e-02 
5.881397000e+00 5.104998000e-03 1.265972000e-01 
3.871323000e+00 4.580604000e+00 1.109388000e-02 
2.134005000e+00 7.250633000e-02 4.571043000e+00 
2.996686000e+00 1.706275000e-01 4.148044000e+00 
4.434691000e+00 2.412231000e+00 2.637941000e-02 
3.288116000e+00 4.648305000e+00 4.563718000e-02 
7.947747000e-01 3.861314000e+00 2.615958000e+00 
5.253945000e+00 3.367161000e-01 8.357507000e-04 
8.522232000e-03 3.683213000e+00 4.294106000e+00 
2.185975000e-01 1.052212000e-02 5.101299000e+00 
4.722646000e+00 1.142157000e+00 1.016054000e-03 
1.086059000e-02 4.860208000e+00 2.924426000e+00 
2.146979000e-01 1.222917000e-02 4.878222000e+00 
5.469576000e+00 8.061909000e-02 4.712762000e-02 
2.929830000e-04 6.700734000e-03 6.461768000e+00 
2.197378000e+00 2.967456000e-01 4.309034000e+00 
1.851853000e+00 4.094693000e+00 2.777507000e-01 
2.213028000e+00 6.338438000e-02 4.458035000e+00 
2.388230000e-01 3.375360000e+00 3.128223000e+00 
6.876598000e+00 2.842176000e-02 1.073253000e-01 
3.740715000e-01 7.509058000e+00 2.293725000e-04 
1.969292000e-01 3.686885000e-02 4.843460000e+00 
2.763233000e-03 7.712508000e+00 2.415907000e+00 
2.676514000e+00 9.479845000e-01 3.370443000e+00 
6.053257000e-03 2.715435000e-04 7.494658000e+00 
1.881631000e+00 3.027280000e+00 2.216993000e+00 
5.243993000e-02 7.264548000e-02 4.430348000e+00 
4.499898000e+00 2.961694000e+00 9.201601000e-03 
2.834139000e+00 1.930321000e-02 4.598108000e+00 
5.925829000e-01 1.210080000e-01 4.374152000e+00 
5.596127000e-03 5.289817000e+00 3.339769000e+00 
5.464229000e-02 4.348589000e+00 3.604628000e-01 
3.079443000e-01 9.331279000e-03 5.570077000e+00 
2.803833000e+00 3.293560000e+00 3.042938000e-01 
1.499725000e-01 5.041410000e+00 1.308203000e-02 
3.380097000e+00 4.217170000e+00 7.155607000e-02 
1.702959000e-02 1.960275000e+00 4.039773000e+00 
8.168037000e-03 6.114816000e+00 5.116005000e-02 
5.165555000e-01 4.856844000e-03 5.784836000e+00 
3.035057000e+00 4.871890000e+00 1.255536000e-02 
4.506017000e+00 1.035332000e+00 1.042653000e-01 
2.409592000e+00 1.242621000e-03 6.010913000e+00 
3.809259000e+00 5.011984000e+00 7.802389000e-03 
2.981495000e-01 4.818244000e+00 7.517960000e-02 
4.485892000e-01 4.412539000e+00 6.539191000e-02 
2.238057000e-01 5.399181000e-02 4.599259000e+00 
4.635569000e-02 4.734472000e+00 2.798524000e+00 
1.923895000e-01 4.041520000e-02 5.054544000e+00 
4.646827000e+00 1.295937000e-01 6.796118000e-03 
1.098062000e-01 6.122138000e+00 1.064924000e-02 
2.857874000e-02 5.349671000e+00 4.071178000e-01 
9.329953000e-01 4.284059000e+00 3.587245000e-01 
1.010168000e-01 4.296728000e+00 3.759099000e-01 
5.379114000e+00 8.730990000e-02 4.917363000e-02 
9.081513000e-03 5.715356000e+00 5.856100000e-01 
1.902852000e+00 1.111148000e+00 4.164447000e+00 
3.261422000e+00 4.889594000e-02 4.536233000e+00 
6.488989000e-02 5.203095000e+00 4.587813000e-02 
4.593186000e-02 4.745996000e+00 3.196463000e+00 
8.373509000e-03 3.474793000e+00 4.643003000e+00 
9.772619000e-01 1.589916000e+00 4.121753000e+00 
3.007663000e+00 9.793032000e-02 3.778821000e+00 
4.036534000e+00 6.004594000e-02 3.674782000e-01 
3.281870000e-01 2.924165000e+00 3.702758000e+00 
2.693916000e+00 3.862793000e+00 2.531139000e-01 
1.671037000e-01 3.129424000e-02 5.067182000e+00 
1.287219000e-01 2.935134000e+00 3.731281000e+00 
5.289593000e-02 6.135831000e+00 2.355093000e-03 
2.236322000e-01 5.381848000e+00 1.188648000e-03 
5.085898000e-02 8.813024000e-04 6.132412000e+00 
1.598487000e-01 3.176587000e-02 5.256411000e+00 
2.292407000e+00 3.700253000e+00 3.745506000e-01 
5.323714000e+00 9.740572000e-03 1.482875000e-01 
3.380615000e+00 4.327924000e+00 3.952153000e-02 
2.839087000e-01 3.566987000e+00 2.722461000e+00 
2.629235000e+00 3.018319000e+00 2.949277000e+00 
6.495405000e-02 3.058835000e+00 3.737313000e+00 
2.824869000e+00 5.784472000e-01 3.192883000e+00 
1.506728000e-01 1.491558000e-02 5.529746000e+00 
4.040068000e+00 2.061184000e+00 3.371773000e-01 
1.203774000e+00 2.549552000e+00 3.607204000e+00 
6.610560000e-02 4.238819000e+00 3.460530000e+00 
3.457073000e+00 1.480534000e-02 2.422960000e+00 
1.404185000e-01 2.992840000e+00 3.606495000e+00 
1.925040000e+00 2.502557000e+00 3.755884000e+00 
1.128972000e-01 5.672634000e+00 3.452213000e-02 
1.899800000e+00 3.444526000e+00 1.271571000e+00 
6.779551000e-04 3.313048000e-02 5.120948000e+00 
9.269197000e-03 5.359060000e+00 2.012437000e-01 
6.611723000e-02 4.899652000e+00 1.103390000e-01 

9.559888000e+00 1.634357000e+00 1.619164000e-03 
4.577758000e+00 1.355334000e+00 8.364456000e-02 
8.598121000e-01 2.170861000e-03 5.496860000e+00 
4.162106000e+00 1.013440000e-01 1.321215000e+00 
5.088971000e-03 9.613150000e-02 5.021791000e+00 
2.469160000e-01 1.005953000e-02 5.321841000e+00 
3.599440000e-01 4.338106000e+00 1.848265000e-02 
2.242865000e-01 5.129469000e+00 6.345101000e-02 
3.500198000e+00 2.779240000e+00 5.387930000e-01 
3.113140000e-03 1.013154000e-04 6.991614000e+00 
1.899377000e-01 5.345291000e+00 3.215872000e-02 
3.676702000e+00 3.387715000e+00 7.872177000e-02 
3.814832000e-03 5.196463000e+00 2.076743000e+00 
1.830114000e-02 1.632929000e-02 5.637955000e+00 
5.127243000e-02 4.258395000e+00 1.461748000e+00 
9.314768000e-02 4.928602000e+00 6.776658000e-02 
1.763351000e-01 7.079112000e+00 9.975047000e-03 
6.449185000e-02 5.120478000e+00 3.472485000e-01 
6.205998000e-01 3.682934000e-02 4.104911000e+00 
5.369922000e+00 2.487022000e-01 2.700226000e-02 
4.297460000e-02 3.906160000e+00 4.094481000e+00 
3.320045000e-01 3.621368000e+00 2.969387000e+00 
3.151248000e+00 3.285465000e+00 1.769513000e+00 
3.720549000e+00 2.865062000e+00 4.755394000e-01 
2.359527000e-01 4.874381000e+00 2.567867000e-02 
3.525780000e+00 2.982806000e+00 2.018542000e-01 
1.808738000e-03 6.032433000e+00 2.075215000e-01 
3.996506000e+00 2.566434000e+00 2.990480000e-01 
3.746453000e+00 2.661253000e+00 5.082563000e-01 
3.220637000e-03 5.546060000e+00 8.871765000e-02 
1.399914000e-03 3.206279000e+00 4.981924000e+00 
5.246732000e+00 1.982619000e-01 1.305912000e-01 
5.770043000e+00 2.744917000e-03 6.506082000e-01 
1.010440000e-01 7.559837000e-04 5.630420000e+00 
2.167717000e+00 1.707257000e+00 3.646048000e+00 
6.195548000e-02 3.416190000e+00 3.664606000e+00 
9.265052000e-02 4.892292000e+00 5.434697000e-01 
5.549491000e+00 6.719219000e-03 5.092412000e-02 
3.455746000e+00 5.994995000e+00 1.465125000e-02 
2.649989000e-01 9.846089000e-02 4.814483000e+00 
2.236230000e-01 2.383084000e+00 3.017350000e+00 
2.057869000e-03 5.745346000e+00 2.514603000e+00 
4.891633000e+00 2.232379000e-02 2.209735000e-01 
2.789535000e+00 2.272815000e-01 3.261553000e+00 
1.432095000e-02 2.201971000e-01 4.931038000e+00 
5.514083000e-01 5.585303000e-03 4.191943000e+00 
1.998257000e-01 1.929791000e-01 4.952066000e+00 
5.217579000e+00 4.531584000e-01 3.404408000e-02 
5.121236000e+00 2.977966000e+00 2.521572000e-02 
2.953069000e+00 5.106502000e+00 1.673257000e-02 
3.674070000e+00 2.876238000e+00 3.438661000e-01 
7.670433000e-05 5.809128000e-02 6.517648000e+00 
9.660421000e-04 9.179667000e-04 5.645097000e+00 
5.814439000e+00 9.588318000e-03 4.303845000e-02 
5.018096000e-02 5.071792000e+00 2.175182000e+00 
3.549894000e+00 3.931495000e+00 5.472509000e-02 
1.964128000e-02 5.103727000e+00 4.224036000e+00 
3.067636000e+00 3.348766000e+00 4.225149000e-01 
5.970327000e-03 2.542464000e-01 4.521685000e+00 
4.365480000e+00 1.267370000e+00 2.855126000e-01 
2.945226000e+00 3.489988000e+00 1.898152000e-01 
5.429805000e+00 1.299459000e-01 1.861404000e-01 
9.756638000e-03 2.199571000e-01 4.948631000e+00 
1.574775000e-01 7.595089000e+00 5.467950000e-04 
4.431447000e+00 3.205168000e-01 5.415458000e-01 
4.914459000e+00 1.606470000e+00 5.994550000e-02 
4.617617000e+00 3.228652000e-01 8.593375000e-02 
3.997163000e+00 3.155602000e+00 1.288541000e-01 
1.676008000e-03 6.127741000e+00 1.067854000e-01 
1.143696000e+00 1.496387000e-01 3.767098000e+00 
5.393640000e+00 1.865893000e-01 1.519833000e-02 
1.993881000e-01 2.186275000e+00 3.398926000e+00 
4.509395000e+00 9.679194000e-01 1.157401000e-01 
6.043360000e+00 4.304137000e+00 1.719234000e-03 
1.564273000e-04 1.277959000e-01 5.906209000e+00 
4.064351000e+00 2.520952000e+00 9.433693000e-01 
4.662619000e+00 3.068544000e+00 3.368146000e-02 
4.949941000e+00 2.967511000e-01 1.603147000e-01 
4.507623000e+00 3.001657000e+00 3.939987000e-02 
1.229669000e-01 2.738144000e+00 3.849791000e+00 
3.866426000e+00 1.251785000e-01 3.265499000e+00 
1.326480000e-02 3.790092000e-04 6.963523000e+00 
1.597953000e-01 2.672761000e+00 4.111823000e+00 
5.187871000e+00 1.712925000e+00 1.615128000e-02 
3.847470000e-02 5.813912000e+00 4.881986000e-02 
3.466248000e+00 2.839879000e+00 8.624445000e-01 
4.874498000e+00 2.901641000e-01 7.822851000e-01 
3.913741000e+00 3.087424000e+00 1.576678000e-01 
1.340787000e-01 5.491180000e+00 5.766028000e-02 
3.419114000e-01 4.268780000e+00 3.073453000e-01 
2.127069000e+00 1.196625000e+00 3.705582000e+00 
6.973617000e-03 5.258292000e+00 6.359635000e-02 
7.038171000e+00 2.157698000e-03 7.846820000e-02 
4.398556000e+00 5.716944000e-01 2.339318000e-01 
1.555886000e-02 2.071490000e-01 4.611540000e+00 
4.197872000e-02 1.827830000e-03 5.560680000e+00 
4.056938000e-01 4.251595000e+00 1.416851000e+00 
1.725660000e-01 4.280803000e+00 8.257078000e-02 
1.540680000e-01 2.683034000e+00 4.135918000e+00 
4.520040000e+00 1.559791000e+00 6.279556000e-02 
5.651658000e-01 4.929767000e-03 5.377600000e+00 
4.162706000e-01 4.172235000e+00 1.477593000e+00 
4.643987000e+00 5.735311000e-02 4.088332000e+00 
3.408194000e+00 2.141055000e-01 3.006969000e+00 
4.211444000e+00 3.688719000e-01 4.713938000e-01 
1.502516000e+00 3.360390000e+00 1.919566000e-01 
4.936241000e+00 1.518100000e+00 6.517668000e-02 
1.163413000e-02 6.059474000e-01 4.279470000e+00 
3.840027000e+00 1.563579000e-01 1.226134000e+00 
1.979283000e-03 3.313775000e-02 5.038400000e+00 
4.827881000e-01 3.865489000e+00 1.686675000e-01 
1.195483000e-01 3.671041000e+00 1.500129000e+00 
4.993893000e+00 3.864633000e-01 6.256462000e-02 
3.370233000e+00 2.935056000e+00 5.757054000e-01 
2.403196000e+00 6.044732000e-02 3.486618000e+00 
4.559778000e+00 2.783529000e-01 8.042856000e-01 
6.467326000e-02 9.218546000e-03 5.515343000e+00 
4.374116000e+00 1.487830000e+00 1.003459000e-01 
2.929751000e-01 4.811609000e+00 2.394634000e-02 

6.671432000e-03 4.189146000e+00 3.704527000e+00 
9.545908000e-02 3.272512000e-03 5.513803000e+00 
4.391859000e-02 4.623910000e+00 8.744273000e-01 
8.644360000e-01 1.727039000e+00 4.290842000e+00 
1.294286000e-01 2.068363000e+00 4.132870000e+00 
1.729792000e-03 1.394727000e-02 5.442628000e+00 
5.316315000e-02 3.345617000e+00 3.736632000e+00 
2.714439000e+00 4.236427000e-02 4.237014000e+00 
3.229071000e+00 3.463433000e-01 2.986501000e+00 
1.569786000e+00 4.418696000e+00 8.208828000e-01 
4.439800000e-02 3.521045000e+00 3.033840000e+00 
2.739729000e+00 2.225526000e+00 3.304275000e+00 
1.910223000e+00 3.980467000e+00 1.434791000e-01 
6.728894000e-05 7.068979000e-06 9.406206000e+00 
3.989415000e-02 3.733006000e+00 3.149952000e+00 
1.106461000e-02 3.580237000e+00 3.964146000e+00 
6.413174000e-02 5.117101000e+00 5.392945000e-01 
1.996857000e+00 4.075181000e+00 1.257949000e-01 
8.690373000e-04 6.723563000e+00 1.404192000e+00 
3.470409000e+00 4.101367000e+00 4.553945000e-02 
4.293203000e+00 9.650828000e-01 2.020004000e-01 
2.708159000e-03 6.016257000e+00 3.159068000e+00 
5.717553000e+00 1.398817000e-01 1.174378000e-01 
1.052455000e-01 5.146266000e-03 5.464141000e+00 
9.485855000e-01 1.929951000e+00 4.283298000e+00 
2.787032000e+00 2.369816000e+00 3.216923000e+00 
2.210798000e+00 2.348968000e-01 4.022605000e+00 
5.081289000e+00 2.606533000e-02 2.183522000e-01 
4.026756000e-02 3.461579000e+00 3.541061000e+00 
1.806952000e+00 3.610180000e+00 2.736955000e+00 
2.855331000e-03 4.927019000e+00 4.435984000e+00 
2.474373000e+00 1.497864000e-01 4.637458000e+00 
1.185585000e+00 3.871368000e+00 2.042058000e+00 
6.032142000e-02 2.982197000e+00 3.381321000e+00 
2.742234000e-02 5.709671000e+00 3.674224000e-02 
5.796346000e-02 2.236178000e+00 4.639185000e+00 
6.410628000e-03 1.738692000e-01 5.015983000e+00 
2.062181000e+00 3.607242000e+00 2.420002000e+00 
4.702870000e+00 1.853009000e-01 2.043827000e-01 
5.589303000e+00 6.243747000e-02 2.108443000e-01 
1.820897000e-01 8.871584000e-03 4.899021000e+00 
4.111947000e+00 2.827693000e+00 2.764510000e-01 
1.127514000e+00 4.544267000e+00 2.412834000e-01 
3.525599000e+00 7.935404000e-02 1.905815000e+00 
3.763456000e+00 3.289865000e+00 7.425586000e-01 
1.396934000e-01 7.759068000e-04 6.763741000e+00 
4.946877000e+00 4.222235000e-02 2.980481000e-01 
4.099638000e+00 2.947753000e+00 2.510179000e-01 
1.259001000e-03 1.251684000e-02 6.689770000e+00 
4.292073000e+00 2.509933000e-02 2.469697000e+00 
1.951549000e-01 4.155398000e+00 1.619581000e+00 
6.467639000e-01 3.859888000e+00 2.354125000e+00 
1.357654000e+00 4.633161000e+00 1.983626000e-01 
1.761499000e-01 1.313013000e-02 4.909492000e+00 
1.767604000e-03 2.040192000e-01 4.737699000e+00 
3.939547000e+00 2.858346000e+00 7.794004000e-01 
3.803944000e+00 3.441845000e+00 4.415852000e-02 
2.702562000e+00 4.335206000e+00 9.610781000e-03 
2.525402000e-01 6.625569000e-03 5.121188000e+00 
4.372134000e+00 3.173258000e+00 1.501185000e-02 
1.716295000e+00 4.853161000e+00 1.946073000e-02 
5.125150000e+00 1.453113000e-01 1.721991000e-03 
1.337283000e-01 4.169230000e+00 2.697752000e+00 
3.268790000e+00 8.701552000e-02 2.768942000e+00 
6.107087000e-02 3.467637000e+00 2.740629000e+00 
1.291144000e-01 5.855438000e-03 5.191225000e+00 
3.350741000e+00 8.161749000e-02 3.729200000e+00 
6.912534000e+00 1.196099000e-01 1.270591000e-01 
6.247169000e-02 3.384144000e+00 2.799228000e+00 
2.587124000e+00 6.321559000e-02 4.469036000e+00 
4.513218000e-03 4.957178000e+00 9.272922000e-01 
5.924211000e-02 6.758579000e-03 6.078841000e+00 
9.089201000e-01 3.649433000e+00 2.315151000e+00 
1.769389000e+00 2.815588000e+00 2.949295000e+00 
1.162847000e-02 4.637433000e+00 8.727272000e-01 
4.995487000e+00 1.698396000e-02 4.614479000e-01 
2.595254000e-01 5.161715000e+00 6.235200000e-03 
1.232071000e-02 1.343227000e-01 5.371575000e+00 
4.834607000e+00 6.981818000e-01 4.133208000e-02 
5.116492000e+00 3.732354000e-01 5.780590000e-02 
6.954425000e-04 3.040807000e+00 6.187771000e+00 
2.657620000e+00 3.971972000e+00 1.672971000e-01 
1.100752000e-02 7.811612000e-04 6.098904000e+00 
4.405630000e-05 4.348140000e-04 6.880289000e+00 
3.219374000e+00 3.564287000e-02 4.540814000e+00 
7.266778000e-02 4.638877000e+00 4.242634000e-02 
5.124094000e+00 2.826456000e-01 9.204008000e-02 
5.198558000e+00 2.953683000e-03 2.314288000e-01 
4.504765000e+00 1.738755000e-01 4.377167000e-01 
4.098475000e+00 3.143648000e+00 3.074510000e-01 
4.632788000e+00 1.269375000e-01 3.361767000e-01 
2.712579000e+00 3.736126000e+00 1.015729000e-01 
1.046122000e-01 1.789227000e+00 4.668905000e+00 
3.628724000e+00 3.429200000e+00 4.882158000e-02 
4.200987000e+00 3.901586000e+00 1.306604000e-02 
1.682724000e-01 1.735715000e-02 5.027878000e+00 
4.250050000e+00 1.249860000e+00 3.671311000e-01 
1.466086000e+00 1.185688000e+00 4.445350000e+00 
3.983145000e+00 2.740868000e+00 1.219357000e+00 

