6.586289000e+00 1.377981000e-01 4.132856000e-02 
3.589824000e-01 1.675748000e-03 6.133467000e+00 
1.109372000e-01 4.559807000e+00 3.127251000e+00 
5.867884000e+00 1.269945000e-02 2.087611000e+00 
4.853309000e+00 2.926773000e+00 2.536835000e-02 
2.124915000e-01 4.581005000e+00 2.827438000e+00 
8.977466000e-02 5.284313000e+00 4.309435000e-02 
4.543992000e+00 2.831401000e+00 3.471704000e-01 
3.874991000e+00 4.493032000e+00 6.492783000e-02 
7.045339000e-04 3.400954000e-02 5.917468000e+00 
2.992721000e-02 1.275579000e-01 5.734009000e+00 
3.905525000e-01 4.342699000e+00 3.228620000e+00 
1.254268000e+00 4.893402000e+00 1.941603000e-01 
2.718836000e+00 3.463907000e+00 2.853849000e+00 
3.286419000e-04 7.435909000e-03 6.622477000e+00 
3.862951000e+00 4.623450000e+00 6.903253000e-02 
8.363175000e-02 6.972513000e+00 1.509618000e-02 
2.276870000e-01 2.985642000e+00 4.301828000e+00 
3.724176000e-01 3.592109000e+00 4.092959000e+00 
5.625192000e-02 2.155902000e-01 4.766857000e+00 
4.839940000e+00 3.032447000e+00 1.564233000e-02 
4.478841000e-02 4.974377000e+00 2.530650000e-01 
2.421630000e+00 4.444722000e+00 4.496061000e-01 
5.738742000e-01 3.581413000e+00 4.126731000e+00 
2.932124000e+00 4.159902000e+00 5.352235000e-01 
7.261072000e+00 2.197524000e-02 4.194931000e-02 
5.881397000e+00 5.104998000e-03 1.265972000e-01 
3.871323000e+00 4.580604000e+00 1.109388000e-02 
1.366639000e+00 3.982244000e+00 2.658102000e+00 
1.157657000e-01 2.273574000e+00 4.381104000e+00 
9.695677000e-01 4.126661000e+00 2.796382000e+00 
2.985619000e+00 1.080746000e+00 3.843782000e+00 
5.187138000e+00 9.741882000e-01 4.688398000e-02 
1.452974000e-01 3.915787000e+00 4.147225000e+00 
5.061854000e+00 3.603169000e-01 2.816280000e-01 
2.604439000e+00 3.066050000e+00 3.072479000e+00 
3.071806000e+00 4.534237000e+00 1.686850000e-01 
1.086059000e-02 4.860208000e+00 2.924426000e+00 
2.146979000e-01 1.222917000e-02 4.878222000e+00 
5.287595000e+00 1.989602000e-01 2.252532000e-01 
6.778659000e-02 1.494960000e-01 5.716840000e+00 
3.566644000e+00 4.433749000e+00 1.064114000e-01 
1.119393000e-01 4.500936000e+00 3.036050000e+00 
1.856506000e-01 3.618622000e-02 5.107129000e+00 
6.013854000e+00 8.167559000e-02 1.091701000e-01 
6.876598000e+00 2.842176000e-02 1.073253000e-01 
3.740715000e-01 7.509058000e+00 2.293725000e-04 
9.519480000e-01 4.637020000e+00 2.256472000e-01 
2.763233000e-03 7.712508000e+00 2.415907000e+00 
1.222364000e+00 4.319708000e+00 2.786833000e+00 
6.053257000e-03 2.715435000e-04 7.494658000e+00 
3.437807000e-02 2.436593000e+00 5.007180000e+00 
4.595606000e+00 2.501044000e+00 3.995016000e-02 
1.336252000e+00 2.995628000e+00 4.040931000e+00 
4.092718000e+00 2.271522000e-02 2.925366000e+00 
3.159225000e+00 3.991289000e+00 5.451951000e-01 
5.596127000e-03 5.289817000e+00 3.339769000e+00 
4.982447000e+00 8.897456000e-01 5.914097000e-01 
3.079443000e-01 9.331279000e-03 5.570077000e+00 
2.042905000e-03 1.007901000e-01 5.839844000e+00 
1.499725000e-01 5.041410000e+00 1.308203000e-02 
2.858076000e+00 4.393653000e+00 1.770983000e+00 
2.941641000e-01 3.848419000e+00 4.215567000e+00 
8.168037000e-03 6.114816000e+00 5.116005000e-02 
2.231528000e-01 1.753175000e-03 6.398423000e+00 
3.035057000e+00 4.871890000e+00 1.255536000e-02 
1.257836000e-01 7.637324000e+00 4.068838000e-03 
2.409592000e+00 1.242621000e-03 6.010913000e+00 
3.809259000e+00 5.011984000e+00 7.802389000e-03 
4.949480000e+00 1.809872000e-02 3.608767000e+00 
3.175581000e+00 1.527883000e-01 4.404572000e+00 
2.238057000e-01 5.399181000e-02 4.599259000e+00 
4.635569000e-02 4.734472000e+00 2.798524000e+00 
1.923895000e-01 4.041520000e-02 5.054544000e+00 
3.263528000e+00 3.981168000e-01 4.211321000e+00 
1.098062000e-01 6.122138000e+00 1.064924000e-02 
2.674940000e+00 3.434721000e+00 2.978865000e+00 
7.348056000e-01 3.308339000e+00 3.599332000e+00 
5.695209000e+00 1.588136000e-01 2.561675000e-02 
5.379114000e+00 8.730990000e-02 4.917363000e-02 
9.081513000e-03 5.715356000e+00 5.856100000e-01 
4.112363000e-01 3.562811000e+00 4.211912000e+00 
3.261422000e+00 4.889594000e-02 4.536233000e+00 
6.488989000e-02 5.203095000e+00 4.587813000e-02 
4.593186000e-02 4.745996000e+00 3.196463000e+00 
8.373509000e-03 3.474793000e+00 4.643003000e+00 
4.055998000e+00 6.236692000e-01 2.611569000e+00 
3.092746000e-03 2.864177000e+00 5.533243000e+00 
1.395128000e-02 1.995592000e-01 5.156656000e+00 
3.395678000e+00 4.290699000e+00 5.218306000e-01 
1.195756000e+00 2.768999000e+00 4.113413000e+00 
1.635589000e+00 3.685345000e+00 2.482347000e+00 
2.951053000e+00 3.477199000e+00 2.805473000e+00 
5.396303000e+00 4.149346000e-02 2.541068000e-01 
2.236322000e-01 5.381848000e+00 1.188648000e-03 
2.869977000e-01 4.288690000e+00 3.289169000e+00 
1.239885000e+00 4.408654000e+00 2.762899000e+00 
3.333749000e+00 6.621908000e-01 3.846489000e+00 
3.966282000e+00 4.412856000e+00 7.282077000e-02 
5.212035000e+00 9.637789000e-01 1.576776000e-01 
7.993620000e-01 3.101176000e+00 3.944741000e+00 
1.222663000e+00 1.796148000e+00 4.426028000e+00 
2.916486000e+00 2.508320000e+00 3.990085000e+00 
4.294469000e+00 2.870045000e-01 2.696629000e+00 
5.307898000e-02 4.102364000e+00 3.749633000e+00 
8.522232000e-03 3.683213000e+00 4.294106000e+00 
3.672115000e+00 2.931371000e+00 3.181475000e+00 
8.274692000e-02 3.258672000e+00 4.567118000e+00 
4.550338000e+00 1.243955000e-01 1.121208000e+00 
3.338765000e+00 1.640084000e-01 4.258819000e+00 
2.779446000e+00 4.042498000e+00 1.833679000e+00 
5.253945000e+00 3.367161000e-01 8.357507000e-04 

9.559888000e+00 1.634357000e+00 1.619164000e-03 
1.359530000e-01 2.761233000e+00 4.463539000e+00 
8.598121000e-01 2.170861000e-03 5.496860000e+00 
4.846487000e+00 8.786897000e-01 3.827315000e-01 
4.543424000e+00 1.028450000e-02 4.921302000e+00 
4.376279000e+00 2.777670000e+00 7.365132000e-01 
6.985891000e-01 4.947732000e-02 4.623740000e+00 
2.242865000e-01 5.129469000e+00 6.345101000e-02 
2.124475000e-01 4.618538000e+00 1.584286000e+00 
3.113140000e-03 1.013154000e-04 6.991614000e+00 
3.723268000e+00 2.938365000e+00 1.819786000e+00 
5.085330000e-01 1.257432000e-01 5.299307000e+00 
3.814832000e-03 5.196463000e+00 2.076743000e+00 
2.278082000e+00 4.841878000e+00 1.105938000e-01 
1.968491000e+00 4.456048000e+00 2.730100000e-01 
1.084147000e+00 2.368672000e+00 3.914129000e+00 
1.763351000e-01 7.079112000e+00 9.975047000e-03 
1.051929000e-01 3.332848000e+00 4.326766000e+00 
1.491696000e-01 4.962804000e+00 2.239880000e-01 
5.369922000e+00 2.487022000e-01 2.700226000e-02 
4.297460000e-02 3.906160000e+00 4.094481000e+00 
4.703096000e+00 9.769390000e-03 4.791330000e+00 
3.811097000e-01 4.735940000e+00 3.520665000e-01 
3.293024000e+00 4.823653000e-01 3.881069000e+00 
4.738250000e-01 4.876692000e+00 3.471873000e-01 
2.305269000e+00 4.239284000e+00 3.015528000e-01 
1.808738000e-03 6.032433000e+00 2.075215000e-01 
1.061903000e+00 5.021628000e+00 3.484099000e-02 
2.261869000e-01 2.800010000e+00 3.714644000e+00 
3.220637000e-03 5.546060000e+00 8.871765000e-02 
1.399914000e-03 3.206279000e+00 4.981924000e+00 
3.996484000e+00 4.614486000e+00 7.665430000e-02 
3.736582000e-02 6.015987000e-01 5.160286000e+00 
2.551374000e+00 1.603073000e-01 3.930105000e+00 
2.167717000e+00 1.707257000e+00 3.646048000e+00 
6.195548000e-02 3.416190000e+00 3.664606000e+00 
9.265052000e-02 4.892292000e+00 5.434697000e-01 
5.549491000e+00 6.719219000e-03 5.092412000e-02 
3.455746000e+00 5.994995000e+00 1.465125000e-02 
4.597792000e+00 1.270012000e+00 5.053600000e-01 
1.844556000e+00 4.722492000e+00 5.285022000e-01 
2.057869000e-03 5.745346000e+00 2.514603000e+00 
4.891633000e+00 2.232379000e-02 2.209735000e-01 
3.107094000e-01 5.137170000e+00 3.286643000e-02 
3.622619000e-01 6.995908000e+00 1.951897000e-02 
4.647662000e-01 6.538525000e+00 3.015712000e-02 
1.998257000e-01 1.929791000e-01 4.952066000e+00 
5.217579000e+00 4.531584000e-01 3.404408000e-02 
5.121236000e+00 2.977966000e+00 2.521572000e-02 
2.953069000e+00 5.106502000e+00 1.673257000e-02 
1.146131000e-02 5.306072000e+00 7.370529000e-02 
7.670433000e-05 5.809128000e-02 6.517648000e+00 
9.660421000e-04 9.179667000e-04 5.645097000e+00 
5.814439000e+00 9.588318000e-03 4.303845000e-02 
5.018096000e-02 5.071792000e+00 2.175182000e+00 
4.325838000e-02 7.235850000e-01 4.493256000e+00 
1.964128000e-02 5.103727000e+00 4.224036000e+00 
3.548589000e+00 8.792032000e-01 3.623548000e+00 
3.499799000e+00 1.982416000e+00 3.389658000e+00 
4.204433000e+00 3.659171000e-01 1.788074000e+00 
3.869587000e+00 2.981137000e+00 3.853851000e-01 
7.861098000e-01 4.074302000e+00 3.532244000e+00 
1.978571000e-01 5.519748000e+00 3.314145000e-02 
1.574775000e-01 7.595089000e+00 5.467950000e-04 
3.638884000e+00 4.013541000e+00 8.597522000e-02 
8.136472000e+00 3.953697000e-01 2.229251000e-02 
2.381771000e+00 4.846181000e+00 4.736368000e-02 
3.997163000e+00 3.155602000e+00 1.288541000e-01 
1.676008000e-03 6.127741000e+00 1.067854000e-01 
4.285877000e+00 6.552183000e-02 3.719860000e+00 
7.305860000e-03 7.077688000e-02 5.388627000e+00 
2.668475000e-02 3.077713000e+00 5.133375000e+00 
2.740957000e-01 5.087141000e+00 9.151624000e-02 
6.043360000e+00 4.304137000e+00 1.719234000e-03 
1.564273000e-04 1.277959000e-01 5.906209000e+00 
2.355055000e-01 2.472544000e+00 3.606029000e+00 
3.553871000e+00 3.503913000e-01 3.888162000e+00 
3.697461000e+00 7.889017000e-01 3.727211000e+00 
2.878452000e+00 3.810891000e+00 2.474800000e+00 
4.377496000e+00 2.622659000e+00 1.580680000e-01 
3.866426000e+00 1.251785000e-01 3.265499000e+00 
1.326480000e-02 3.790092000e-04 6.963523000e+00 
1.597953000e-01 2.672761000e+00 4.111823000e+00 
5.187871000e+00 1.712925000e+00 1.615128000e-02 
3.847470000e-02 5.813912000e+00 4.881986000e-02 
3.530670000e+00 3.892542000e+00 1.842462000e+00 
2.116796000e+00 2.020164000e+00 4.175326000e+00 
4.948621000e+00 5.777021000e-01 1.011897000e-01 
1.340787000e-01 5.491180000e+00 5.766028000e-02 
3.865414000e+00 4.422255000e+00 7.683750000e-02 
2.748284000e+00 1.264084000e-01 4.296059000e+00 
3.107917000e+00 7.493734000e-02 4.520259000e+00 
7.038171000e+00 2.157698000e-03 7.846820000e-02 
1.860729000e-02 2.119487000e-01 5.204352000e+00 
1.176598000e+00 1.719924000e-01 4.594179000e+00 
4.197872000e-02 1.827830000e-03 5.560680000e+00 
4.056938000e-01 4.251595000e+00 1.416851000e+00 
3.072137000e+00 1.215952000e-01 4.059229000e+00 
2.062694000e+00 4.673584000e+00 1.429508000e-01 
4.520040000e+00 1.559791000e+00 6.279556000e-02 
3.146171000e+00 3.949045000e+00 1.801721000e+00 
2.811061000e+00 1.717632000e+00 3.606598000e+00 
4.643987000e+00 5.735311000e-02 4.088332000e+00 

6.671432000e-03 4.189146000e+00 3.704527000e+00 
9.545908000e-02 3.272512000e-03 5.513803000e+00 
5.003965000e+00 8.083294000e-02 2.306764000e+00 
2.348970000e-01 3.440762000e+00 3.748315000e+00 
5.137798000e+00 4.889027000e-01 9.599093000e-02 
4.931897000e+00 2.736774000e-01 1.806419000e+00 
3.807718000e+00 3.521772000e+00 7.533498000e-02 
5.330426000e+00 2.415047000e-01 9.915308000e-02 
4.521464000e+00 2.386246000e+00 1.812974000e+00 
1.917128000e+00 3.941234000e+00 2.518547000e+00 
3.528353000e+00 5.065783000e+00 1.304787000e-01 
5.168116000e+00 2.591150000e-01 2.399896000e-01 
2.080005000e-01 4.560108000e+00 2.517669000e+00 
6.728894000e-05 7.068979000e-06 9.406206000e+00 
6.004157000e+00 8.149769000e-02 2.350705000e-01 
1.106461000e-02 3.580237000e+00 3.964146000e+00 
5.073227000e+00 2.000296000e+00 1.229439000e-01 
1.324527000e-01 5.702034000e+00 1.742355000e-01 
8.690373000e-04 6.723563000e+00 1.404192000e+00 
2.501498000e-03 4.888858000e+00 5.085201000e+00 
3.961820000e+00 2.775237000e-01 3.607924000e+00 
1.812773000e-02 3.074567000e-01 5.878480000e+00 
5.717553000e+00 1.398817000e-01 1.174378000e-01 
1.052455000e-01 5.146266000e-03 5.464141000e+00 
3.769605000e-01 4.063582000e+00 3.595048000e+00 
3.558959000e+00 8.319607000e-01 4.348265000e+00 
1.324388000e-01 2.088694000e+00 4.807316000e+00 
5.269362000e+00 2.001783000e-01 2.102820000e-01 
4.531968000e+00 3.271781000e+00 7.342800000e-01 
3.894328000e-02 8.967666000e+00 8.713968000e-01 
1.308896000e-02 1.148968000e-01 6.174513000e+00 
2.474373000e+00 1.497864000e-01 4.637458000e+00 
5.298061000e+00 4.238830000e-02 2.541175000e-01 
5.466908000e+00 3.154179000e-02 7.014931000e-01 
3.634477000e+00 3.872787000e-01 3.834072000e+00 
4.084463000e+00 1.080184000e-01 2.346302000e+00 
5.352539000e+00 1.836807000e-01 1.989961000e-01 
2.062181000e+00 3.607242000e+00 2.420002000e+00 
6.901774000e-02 5.515797000e+00 8.878473000e-01 
1.888728000e+00 4.550379000e+00 2.176961000e+00 
7.168456000e+00 1.833896000e+00 2.546992000e-02 
1.965423000e-03 5.034574000e+00 5.639318000e+00 
1.337254000e+00 2.059225000e+00 4.416313000e+00 
5.035030000e+00 7.006374000e-02 3.385848000e+00 
2.156564000e-01 5.565499000e+00 1.437903000e-01 
1.396934000e-01 7.759068000e-04 6.763741000e+00 
1.353895000e+00 4.467939000e+00 2.353480000e+00 
6.411472000e+00 1.550700000e-02 3.809918000e-01 
1.259001000e-03 1.251684000e-02 6.689770000e+00 
2.581986000e+00 4.071222000e+00 1.820875000e+00 
1.923004000e-01 5.691888000e+00 1.988933000e-01 
1.287462000e-01 4.761082000e+00 3.172205000e+00 
1.357654000e+00 4.633161000e+00 1.983626000e-01 
1.761499000e-01 1.313013000e-02 4.909492000e+00 
6.803186000e-01 4.215185000e+00 2.494924000e+00 
1.077901000e+00 4.921988000e+00 1.532960000e-01 
5.316020000e+00 3.317434000e-02 2.437877000e-01 
3.223683000e+00 5.825073000e-02 4.751605000e+00 
2.796035000e-02 4.851989000e-02 6.624262000e+00 
5.019225000e+00 3.351101000e-01 7.019172000e-01 
1.308823000e-02 4.828285000e-01 5.352731000e+00 
3.397783000e+00 2.481299000e+00 3.590095000e+00 
4.754672000e+00 7.119503000e-02 3.465230000e+00 
7.297578000e+00 1.653497000e-02 3.670589000e-01 
5.160965000e+00 8.339250000e-01 4.359838000e-02 
1.512976000e-01 6.164429000e+00 6.934199000e-02 
1.259468000e-01 5.013579000e+00 2.104921000e-01 
6.912534000e+00 1.196099000e-01 1.270591000e-01 
4.111569000e+00 2.924982000e+00 7.848663000e-01 
6.927718000e+00 1.802338000e-02 3.543612000e-01 
2.763507000e-03 1.736851000e-01 6.528830000e+00 
5.924211000e-02 6.758579000e-03 6.078841000e+00 
1.138275000e+00 4.732127000e+00 1.472368000e-01 
6.057814000e+00 5.513710000e-02 2.287086000e-01 
3.372999000e+00 4.713447000e+00 1.509587000e-01 
1.787424000e+00 3.249417000e+00 3.752400000e+00 
2.595254000e-01 5.161715000e+00 6.235200000e-03 
7.119877000e-02 1.225508000e-01 5.884365000e+00 
6.680180000e-01 4.467705000e+00 2.562944000e+00 
3.295524000e+00 4.596187000e-01 4.609106000e+00 
6.954425000e-04 3.040807000e+00 6.187771000e+00 
2.657620000e+00 3.971972000e+00 1.672971000e-01 
2.091566000e-01 2.836950000e+00 4.515134000e+00 
4.405630000e-05 4.348140000e-04 6.880289000e+00 
2.708159000e-03 6.016257000e+00 3.159068000e+00 
2.855331000e-03 4.927019000e+00 4.435984000e+00 
1.194512000e-01 4.954869000e+00 3.169544000e-01 
2.525402000e-01 6.625569000e-03 5.121188000e+00 
4.513218000e-03 4.957178000e+00 9.272922000e-01 
4.392285000e-03 1.244493000e+00 5.326011000e+00 

