1.205881000e+00 7.155335000e-01 2.124063000e-03 
8.300448000e-01 1.108060000e+00 2.433513000e-02 
1.175631000e+00 6.587908000e-01 8.723182000e-02 
1.228060000e+00 6.231856000e-02 5.515075000e-01 
2.139267000e+00 4.859401000e-04 3.724379000e-02 
1.195557000e+00 7.200447000e-01 6.805886000e-02 
7.682562000e-01 7.057098000e-01 8.842942000e-01 
1.353591000e+00 9.981881000e-01 2.853038000e-04 
5.195958000e-01 9.899447000e-01 8.631132000e-01 
1.020768000e+00 1.030835000e+00 5.459383000e-03 
8.167322000e-01 1.072443000e+00 1.340696000e-01 
1.913206000e-02 1.021973000e+00 9.599551000e-01 
1.524896000e-01 1.344241000e+00 2.441435000e-03 
6.880701000e-02 1.384735000e+00 2.154751000e-02 
6.657213000e-01 1.203643000e+00 6.727428000e-03 
1.982382000e+00 5.387881000e-03 6.659107000e-03 
7.158876000e-01 6.274789000e-01 9.390429000e-01 
1.699266000e-01 5.324638000e-01 1.276135000e+00 
4.783501000e-03 1.223421000e+00 8.086747000e-01 
1.096146000e-01 1.210717000e+00 6.729605000e-01 
1.302307000e-02 1.062901000e+00 9.903510000e-01 
6.719076000e-01 1.730333000e+00 2.295185000e-04 
7.420074000e-01 1.255352000e+00 1.344229000e-03 
1.071685000e+00 5.874581000e-01 6.246986000e-01 
1.791408000e+00 2.781167000e-02 2.529789000e-03 
8.156275000e-01 8.311615000e-01 7.858337000e-01 
1.500240000e-02 2.470125000e+00 3.517924000e-03 
7.402931000e-04 2.162183000e+00 3.947870000e-02 
4.486252000e-03 8.093494000e-01 1.127558000e+00 
8.407043000e-01 8.195066000e-02 1.044784000e+00 
2.952539000e-01 9.963865000e-01 9.383099000e-01 
8.843978000e-03 1.253187000e-01 1.398136000e+00 
1.195185000e+00 7.820489000e-01 6.801867000e-02 
1.154008000e-04 1.848653000e+00 6.101887000e-02 
1.915011000e+00 9.036560000e-02 4.198176000e-04 
1.102789000e+00 6.671532000e-02 8.666797000e-01 
1.542817000e-02 1.042943000e+00 8.540572000e-01 
1.091702000e+00 7.163153000e-01 5.547121000e-01 
4.222974000e-02 8.494892000e-01 1.109173000e+00 
9.741506000e-01 9.316759000e-01 1.126833000e-01 
3.491684000e-01 1.095768000e+00 7.587957000e-01 
8.169633000e-01 2.381244000e-02 1.148024000e+00 
4.816552000e-05 3.908182000e-04 2.046646000e+00 
1.038796000e-01 4.942421000e+00 4.928849000e-06 
2.289194000e-04 2.471030000e-03 1.420482000e+00 
8.494335000e-01 1.009145000e+00 1.100672000e-01 
1.875099000e-04 1.538132000e-03 1.809666000e+00 
1.512631000e+00 7.070642000e-03 2.412002000e-02 
5.310945000e-03 1.202572000e+00 7.890575000e-01 
5.209372000e-02 1.396245000e+00 1.734961000e-02 
6.545804000e-01 1.196656000e+00 4.355364000e-02 
1.443258000e+00 4.353547000e-03 5.706925000e-02 
4.005200000e-01 8.225414000e-01 1.011677000e+00 
1.092967000e-02 1.278369000e+00 5.333246000e-01 
1.004154000e-03 1.606504000e-04 1.770605000e+00 
7.710705000e-01 6.706082000e-02 1.128461000e+00 
1.404391000e+00 1.473426000e-02 6.673865000e-02 
1.173042000e+00 7.230775000e-01 9.547391000e-02 
4.779135000e-03 1.108113000e-01 1.414087000e+00 
7.345915000e-03 1.364088000e+00 2.943862000e-02 
1.256017000e-01 4.510314000e+00 6.052033000e-04 
1.149214000e-02 6.158532000e-02 1.380593000e+00 
1.099634000e+00 1.999043000e-02 9.106842000e-01 
8.088683000e-02 1.386501000e+00 4.074463000e-03 
4.897103000e-02 4.942864000e-01 1.303391000e+00 
6.672403000e-01 6.359723000e-01 1.101295000e+00 
1.448961000e+00 2.521135000e-02 9.013657000e-03 
8.601791000e-06 4.096035000e-04 4.025180000e+00 
1.210620000e+00 4.626924000e-02 5.707329000e-01 
9.166908000e-01 8.584936000e-01 5.490406000e-01 
1.269404000e-01 1.338563000e+00 4.324633000e-02 
7.510855000e-01 7.127206000e-01 8.610570000e-01 
2.432926000e-01 8.177219000e-01 1.097128000e+00 
2.436152000e-02 1.434651000e+00 3.195392000e-03 
8.421105000e-01 4.138013000e-02 1.134017000e+00 
1.432751000e+00 8.918916000e-03 5.237711000e-01 
1.403976000e+00 2.680843000e-02 2.483889000e-01 
5.070588000e-01 8.816416000e-01 8.725971000e-01 
2.399883000e-01 1.332260000e+00 2.953075000e-02 
1.021874000e+00 9.333873000e-01 1.276134000e-03 
8.047052000e-01 1.074035000e+00 1.148563000e-01 
1.358073000e+00 9.539618000e-02 1.235585000e-02 
9.716799000e-01 2.653552000e-03 9.841904000e-01 
4.868401000e-01 2.795655000e-02 1.256804000e+00 
3.916913000e-01 7.137003000e-01 1.048949000e+00 
2.667588000e-02 1.891393000e+00 6.542484000e-04 
1.125632000e+00 7.778283000e-01 1.368595000e-01 
4.672311000e-02 7.571123000e-01 1.131099000e+00 
5.257208000e-05 2.974460000e-03 1.822581000e+00 
6.093880000e-01 1.035122000e+00 7.765019000e-01 
8.347242000e-01 4.902616000e-02 1.098141000e+00 
7.053627000e-01 9.810007000e-01 7.258469000e-01 
1.358094000e+00 3.325618000e-01 5.716337000e-03 
2.821513000e+00 1.836126000e-01 2.272096000e-04 
7.987612000e-03 1.157462000e+00 9.942502000e-01 
4.382959000e-03 5.263124000e-01 1.324871000e+00 
4.617841000e-01 3.068393000e-01 1.313104000e+00 
4.716886000e-01 4.136357000e-01 1.228882000e+00 
5.857588000e-02 1.132619000e+00 7.505551000e-01 
8.780229000e-01 1.033637000e+00 1.188712000e-02 
6.536247000e-01 6.608547000e-01 1.086591000e+00 
1.381802000e+00 4.432252000e-02 1.620149000e-02 
1.478105000e+00 5.576882000e-02 1.074894000e-03 
7.670218000e-01 1.172380000e+00 4.695257000e-02 
9.287877000e-02 1.038169000e+00 9.123242000e-01 
7.671109000e-03 1.109984000e+00 1.022603000e+00 
8.707494000e-01 2.527478000e-03 1.064714000e+00 
2.257412000e-02 4.947005000e-01 1.317232000e+00 
8.822423000e-01 8.454369000e-01 6.190066000e-01 
6.819685000e-01 6.650425000e-01 9.481137000e-01 
1.330341000e+00 1.499566000e-01 4.486339000e-02 
4.268614000e-01 1.296905000e+00 2.221245000e-02 
1.513898000e-03 1.341302000e+00 1.457425000e-01 
8.332697000e-01 8.111366000e-01 6.827571000e-01 
1.073073000e-02 9.891523000e-05 1.476813000e+00 
1.194779000e+00 7.036915000e-02 5.675727000e-01 
5.944259000e-01 1.857144000e+00 1.537108000e-04 
2.561845000e-01 8.837880000e-03 1.325141000e+00 
7.190359000e-01 1.082439000e+00 7.075691000e-01 
6.890948000e-01 4.408571000e-01 1.117133000e+00 
6.491355000e-01 1.298961000e+00 1.347708000e-02 
2.008652000e+00 8.904737000e-04 1.895086000e-01 
7.128845000e-01 2.331816000e-02 1.169738000e+00 
1.711055000e-01 5.602444000e-01 1.272399000e+00 
2.147816000e+00 1.215821000e-04 2.013046000e-02 
1.025480000e+00 4.795237000e-02 8.735761000e-01 
1.401775000e+00 8.501212000e-04 1.269759000e+00 
1.063831000e-01 1.015479000e+00 8.723364000e-01 
1.275122000e+00 4.653314000e-01 9.039491000e-02 
1.376943000e-03 1.843612000e+00 1.579793000e-01 
9.721938000e-01 7.089371000e-01 6.128018000e-01 
7.735174000e-01 7.327448000e-03 1.183517000e+00 
1.143647000e+00 7.350742000e-01 5.474442000e-01 
4.129213000e-01 1.313770000e+00 6.356123000e-02 
1.099617000e+00 8.138588000e-01 1.127113000e-02 
7.189056000e-01 4.674715000e-01 1.072548000e+00 
8.489068000e-01 1.053719000e+00 2.199989000e-02 
7.515876000e-01 1.106570000e+00 1.080250000e-01 
2.789669000e-01 9.245591000e-01 9.716631000e-01 
2.700571000e-02 1.242014000e+00 5.386419000e-01 
1.151501000e+00 7.560502000e-01 1.931687000e-01 
3.043644000e-04 8.242681000e-01 1.123145000e+00 
6.685197000e-01 6.415763000e-03 1.201147000e+00 
1.412516000e+00 1.213915000e-01 9.687384000e-04 
4.175399000e-03 1.629819000e+00 1.768285000e-02 
1.851134000e+00 2.823482000e-03 4.826604000e-02 
4.126723000e-02 5.488411000e-01 1.291635000e+00 
1.078596000e+00 6.475274000e-01 6.237291000e-01 
1.031533000e+00 1.173876000e-01 8.120490000e-01 
6.950433000e-01 1.260071000e+00 2.501091000e-03 
9.093077000e-05 1.221078000e+00 9.445833000e-01 
2.716509000e-01 8.093789000e-01 1.068039000e+00 
3.185117000e-01 1.005045000e+00 8.724341000e-01 
6.997669000e-01 6.646317000e-01 9.763301000e-01 
1.987240000e+00 2.846005000e-02 5.018319000e-04 
1.125104000e+00 1.024743000e-02 9.205621000e-01 
4.120771000e-02 3.762638000e-04 1.363821000e+00 
8.186700000e-01 7.232879000e-02 1.056565000e+00 
3.888604000e-01 7.166563000e-01 1.103715000e+00 
3.155552000e-01 1.049041000e+00 8.331815000e-01 
5.190349000e-01 9.002029000e-01 8.701750000e-01 
1.642943000e+00 1.354849000e-02 7.733620000e-03 
9.069257000e-01 5.158213000e-01 9.016307000e-01 
4.948089000e-01 9.018754000e-01 8.744896000e-01 
7.380133000e-01 8.878999000e-01 5.808553000e-01 
1.081274000e+00 4.730400000e-02 8.745342000e-01 
4.439733000e-03 1.442095000e+00 6.557197000e-03 
4.024426000e-03 1.823200000e+00 2.909652000e-02 
6.598879000e-01 7.438946000e-01 1.003863000e+00 
9.799850000e-01 5.959626000e-01 7.792241000e-01 
9.008324000e-01 6.644652000e-01 8.037346000e-01 
8.476364000e-01 5.047058000e-02 1.094664000e+00 
1.372195000e+00 2.730655000e-02 9.445172000e-02 
1.244660000e-01 1.234255000e+00 5.436109000e-01 
1.331224000e+00 2.920302000e-02 3.172532000e-02 
1.037476000e+00 6.507782000e-01 6.264094000e-01 
1.166102000e-01 1.163424000e+00 5.599500000e-01 
1.145845000e+00 2.731032000e-01 7.538877000e-01 
6.944611000e-03 1.409803000e+00 1.373626000e-02 
1.056573000e+00 8.791498000e-02 8.701860000e-01 
7.846721000e-01 4.365991000e-02 1.101426000e+00 
4.287018000e-01 4.052627000e-01 1.263181000e+00 
4.386104000e-01 3.821664000e-03 1.315451000e+00 
1.162849000e+00 7.070223000e-01 1.058811000e-01 
6.199321000e-01 1.291515000e+00 1.004522000e-01 
5.335283000e-01 9.071915000e-01 8.600761000e-01 
6.678976000e-01 7.894314000e-01 9.841155000e-01 
6.568124000e-01 1.085889000e+00 7.478676000e-01 
4.973025000e-01 6.000574000e-01 1.180785000e+00 
2.452396000e-02 1.398859000e+00 2.272232000e-02 
1.152495000e+00 5.390151000e-02 7.120053000e-01 
1.613550000e-03 1.278344000e+00 5.904201000e-01 
4.176791000e-01 1.298552000e+00 1.338670000e-01 
9.218835000e-01 6.827937000e-01 7.693379000e-01 
6.317871000e-03 8.106973000e-01 1.110892000e+00 
6.260717000e-01 1.189853000e-02 1.183468000e+00 
6.489166000e-03 5.172600000e-01 1.378186000e+00 
6.672685000e-01 1.196633000e+00 2.465786000e-02 
5.452808000e-01 6.584244000e-01 1.096940000e+00 
7.413271000e-01 1.197913000e+00 2.067608000e-02 
9.603601000e-03 1.087105000e+00 9.988126000e-01 
2.534343000e-02 9.717474000e-01 9.791836000e-01 
1.212840000e+00 7.112043000e-01 1.694910000e-02 
4.483146000e-01 9.774189000e-01 9.332670000e-01 
3.375516000e-01 1.104129000e+00 6.713600000e-01 
3.474453000e-03 1.225465000e+00 8.136414000e-01 
9.121384000e-01 5.986006000e-01 8.508216000e-01 
1.417269000e+00 8.895313000e-03 5.473720000e-01 
4.534880000e-01 1.272771000e+00 1.325799000e-01 
9.600650000e-01 6.468275000e-03 1.011702000e+00 
5.532314000e-02 1.385123000e+00 2.251358000e-02 
2.932811000e-02 1.330035000e+00 1.408933000e-01 
7.178623000e-03 8.571525000e-01 1.065371000e+00 
1.254948000e-02 5.828291000e-04 1.373967000e+00 
2.778624000e-01 4.147652000e-03 1.346019000e+00 
6.714266000e-01 8.006893000e-01 8.673590000e-01 
6.194423000e-01 5.872339000e-01 1.140774000e+00 
3.899675000e-01 7.339899000e-01 1.096415000e+00 
8.383564000e-01 4.768316000e-01 9.734844000e-01 
6.471212000e-03 1.163029000e+00 7.683726000e-01 
1.226433000e+00 4.445616000e-01 4.673973000e-01 
4.935886000e-01 2.352515000e-02 1.294033000e+00 
2.312027000e-03 5.991145000e-01 1.289850000e+00 
1.132625000e+00 7.777037000e-01 1.243232000e-01 
7.104997000e-01 4.780316000e-01 1.070623000e+00 
4.425212000e-01 1.315089000e+00 1.348976000e-02 
8.687144000e-01 1.076968000e+00 2.344447000e-04 
1.263026000e+00 3.122165000e-03 6.468658000e-01 
6.602638000e-01 1.228470000e+00 5.347033000e-03 
1.537416000e+00 1.787205000e-02 6.300281000e-03 
1.159092000e-01 1.006599000e+00 9.167580000e-01 
9.742528000e-01 4.229916000e-02 9.822002000e-01 
6.929396000e-04 8.918490000e-01 1.064861000e+00 
1.327927000e-02 9.307103000e-01 1.052653000e+00 
1.457187000e+00 3.073990000e-02 1.872885000e-03 
1.212884000e-03 8.215183000e-01 1.128789000e+00 
9.250298000e-01 6.570319000e-02 9.407191000e-01 
3.993405000e-01 7.013204000e-01 1.040267000e+00 
8.395990000e-01 8.235884000e-02 1.051488000e+00 
1.091439000e+00 7.878526000e-01 1.482951000e-01 
6.682679000e-01 8.434576000e-01 8.790530000e-01 
2.464531000e-01 8.493575000e-01 1.080515000e+00 
1.009525000e-02 1.142109000e+00 9.451122000e-01 
8.972756000e-01 8.713618000e-04 1.097823000e+00 
2.524359000e-03 1.392661000e+00 4.090523000e-02 
5.629563000e-01 5.339715000e-01 1.178719000e+00 
1.415160000e+00 1.476615000e-02 1.328364000e-02 
1.242997000e+00 4.416443000e-01 1.151848000e-01 
1.326586000e+00 3.687214000e-01 9.388002000e-02 
5.335523000e-01 1.128653000e+00 5.727078000e-01 
9.879940000e-01 4.558517000e-02 8.820689000e-01 
1.060668000e+00 1.725314000e-01 7.696500000e-01 
5.927725000e-01 1.094878000e+00 6.597899000e-01 
3.693469000e-03 6.217459000e-01 1.216641000e+00 
7.125663000e-01 4.146550000e-01 1.128527000e+00 
4.001818000e-01 1.140540000e+00 5.975667000e-01 
2.179846000e-02 9.747393000e-01 1.004888000e+00 
1.461656000e+00 1.209109000e-02 2.554901000e-02 
4.447850000e-02 1.351536000e+00 1.266688000e-01 
8.556749000e-03 1.339506000e+00 1.583693000e-01 
1.180082000e+00 7.909710000e-01 2.304735000e-02 
8.763878000e-01 5.653681000e-01 8.766257000e-01 
9.771375000e-01 6.998839000e-01 6.143124000e-01 
6.398475000e-01 7.479373000e-01 9.952354000e-01 
2.564262000e-02 2.268340000e-04 1.442476000e+00 
3.274338000e-01 8.838937000e-01 1.035756000e+00 
1.116279000e+00 7.994925000e-01 1.353565000e-01 
4.810786000e-02 1.361263000e+00 1.163588000e-01 
7.014821000e-01 4.398108000e-01 1.147120000e+00 
9.774004000e-01 9.101307000e-01 3.592130000e-02 
5.024897000e-01 7.797746000e-03 1.312299000e+00 
1.719043000e-03 1.437688000e-05 1.494397000e+00 
4.301302000e-01 4.003887000e-01 1.311162000e+00 
1.602846000e+00 2.868520000e-02 2.294705000e-03 
8.240755000e-01 9.247490000e-01 5.706073000e-01 
5.463734000e-01 1.119357000e+00 6.582712000e-01 
4.531118000e-02 1.150713000e+00 8.300987000e-01 
2.447951000e-01 4.439151000e-01 1.198598000e+00 
1.325523000e+00 9.910354000e-02 1.113315000e-01 
4.279932000e-01 6.306272000e-01 1.169335000e+00 
7.427987000e-01 7.152487000e-01 8.575760000e-01 
1.011768000e+00 3.927254000e-02 9.029643000e-01 
1.186373000e+00 8.163123000e-03 6.027655000e-01 
8.187319000e-01 1.626413000e-01 1.027299000e+00 
6.462864000e-01 1.142654000e+00 7.573319000e-02 
4.901395000e-01 2.453630000e-02 1.237147000e+00 
9.883340000e-01 5.518989000e-02 8.762796000e-01 
1.366276000e-01 1.336274000e+00 2.386023000e-02 
1.535600000e-02 1.062486000e+00 9.110356000e-01 
1.339973000e+00 3.938374000e-02 1.917131000e-02 
1.160049000e-01 9.524237000e-01 1.007156000e+00 
5.157335000e-02 9.162181000e-01 1.059891000e+00 

7.887834000e-01 3.449042000e-01 1.051407000e+00 
1.298403000e+00 6.363713000e-01 3.828213000e-03 
5.701032000e-02 1.350017000e+00 7.786840000e-02 
1.510604000e+00 7.706486000e-03 7.552182000e-03 
1.410173000e-02 1.692702000e+00 3.680626000e-03 
8.530914000e-01 9.362912000e-01 6.261555000e-01 
6.696128000e-01 2.653984000e-01 1.145885000e+00 
5.949034000e-01 1.197206000e-02 1.150121000e+00 
2.132702000e-03 1.134711000e+00 7.381835000e-01 
9.075797000e-01 1.184640000e+00 6.297744000e-03 
1.020099000e-01 1.048101000e+00 7.848937000e-01 
6.266313000e-04 7.330963000e-01 1.288787000e+00 
1.886438000e-03 3.889293000e-06 1.945847000e+00 
6.935667000e-05 1.109121000e-03 1.794424000e+00 
4.364609000e-02 7.647843000e-01 1.190785000e+00 
8.825125000e-01 9.295659000e-01 5.457201000e-01 
1.715983000e-02 2.350865000e+00 1.021514000e-03 
1.218358000e+00 1.018771000e-01 5.795089000e-01 
1.015466000e+00 4.912896000e-02 8.251729000e-01 
2.142151000e+00 2.280233000e-01 6.034394000e-04 
9.850500000e-01 8.069130000e-01 5.352416000e-01 
1.018122000e+00 2.569356000e-03 1.009209000e+00 
1.200549000e+00 4.078968000e-03 8.441495000e-01 
1.221692000e+00 1.093327000e-02 5.660537000e-01 
3.632320000e-01 1.100881000e+00 7.439290000e-01 
1.167482000e+00 5.483468000e-03 8.918246000e-01 
8.970748000e-01 5.914755000e-01 8.406331000e-01 
1.163385000e+00 2.635990000e-02 7.881313000e-01 
1.262543000e+00 3.871365000e-01 4.892577000e-03 
5.652400000e-02 1.125108000e+00 7.936756000e-01 
7.219707000e-01 1.131573000e+00 2.953699000e-02 
1.233928000e+00 6.519391000e-01 9.393574000e-03 
2.262038000e-01 1.127435000e+00 7.260754000e-01 
5.923373000e-01 5.617779000e-02 1.185487000e+00 
8.884765000e-03 8.727642000e-01 1.193149000e+00 
1.163014000e+00 2.525769000e-01 5.874363000e-01 
2.489912000e+00 3.946161000e-03 7.222181000e-04 
8.353567000e-01 6.834885000e-01 8.898129000e-01 
2.341504000e+00 1.444646000e-02 2.566954000e-03 
3.074115000e-03 1.337387000e+00 6.613748000e-01 
2.711611000e-01 9.170852000e-01 9.625460000e-01 
7.238426000e-01 1.122589000e+00 6.259343000e-02 
7.945264000e-02 1.362707000e+00 1.684913000e-02 
1.221685000e+00 1.564615000e-02 5.962319000e-01 
4.646750000e-02 7.598467000e-01 1.176463000e+00 
3.714132000e-01 1.087126000e+00 7.699257000e-01 
7.819955000e-01 8.061511000e-01 8.679059000e-01 
1.214805000e+00 3.778265000e-03 8.559173000e-01 
1.979574000e-01 1.329948000e+00 5.054585000e-02 
1.308449000e-01 1.471002000e+00 1.873462000e-03 
9.097984000e-01 1.586279000e-01 9.354463000e-01 
1.953812000e-02 4.128118000e-03 1.359050000e+00 
2.059764000e+00 3.850490000e-03 1.258109000e-02 
9.555536000e-01 1.007128000e-02 1.070340000e+00 
5.047726000e-03 1.972830000e-02 1.400465000e+00 
1.457009000e+00 8.106736000e-03 1.846678000e-02 
8.676602000e-01 9.966852000e-01 8.569447000e-02 
1.058904000e+00 8.741979000e-01 2.907525000e-02 
1.203605000e+00 1.112697000e-01 5.667908000e-01 
7.179099000e-01 1.000568000e+00 5.342819000e-01 
1.043060000e-02 1.415869000e+00 3.215181000e-02 
1.269504000e+00 3.523119000e-01 1.040624000e-01 
2.079835000e-03 5.986642000e-01 1.327440000e+00 
1.150417000e+00 8.313419000e-02 6.313373000e-01 
5.610793000e-01 4.697280000e-01 1.177101000e+00 
1.729120000e-04 8.583354000e-01 1.415205000e+00 
1.056108000e-01 7.454722000e-06 1.581935000e+00 
8.286269000e-02 1.374357000e+00 1.916811000e-03 
1.561380000e+00 1.472103000e-02 7.066138000e-03 
4.104403000e-01 1.331458000e+00 3.496303000e-02 
1.842480000e-03 1.732028000e+00 1.093926000e-02 
9.490699000e-01 5.073345000e-01 7.417340000e-01 
1.496539000e-03 1.679956000e+00 3.663791000e-02 
1.394325000e+00 1.207535000e-02 6.078486000e-02 
1.347485000e+00 4.608301000e-03 5.066726000e-01 
2.288459000e-02 1.386808000e+00 1.408259000e-02 
1.397056000e+00 1.431630000e-01 1.577057000e-03 
1.536821000e-03 1.013870000e+00 8.804549000e-01 
1.063508000e+00 7.055751000e-01 4.791790000e-01 
8.967073000e-01 8.702041000e-01 5.572660000e-01 
3.231501000e-02 1.439876000e+00 3.507939000e-03 
1.143420000e+00 5.939039000e-01 4.630805000e-01 
1.092473000e-01 2.153673000e-05 1.411492000e+00 
1.361085000e-03 1.681069000e+00 5.546545000e-02 
3.151817000e-03 1.665024000e+00 5.290048000e-02 
1.121834000e-01 5.042551000e-03 1.254784000e+00 
6.654996000e-02 1.385620000e+00 3.947097000e-03 
1.198617000e+00 1.440060000e-02 8.543089000e-01 
5.018107000e-01 3.291238000e-01 1.207241000e+00 
8.906354000e-01 1.288577000e-02 1.082559000e+00 
1.871212000e+00 5.483606000e-02 2.429322000e-03 
1.202269000e+00 1.016654000e-02 7.958455000e-01 
8.089950000e-01 1.058576000e-02 1.122390000e+00 
9.623919000e-04 1.021914000e-01 1.366827000e+00 
4.105702000e-01 3.983191000e-01 1.234711000e+00 
1.416272000e+00 1.688982000e-01 1.450100000e-03 
2.713448000e+00 7.125943000e-04 2.569167000e-03 
2.620147000e+00 1.714216000e-03 2.656550000e-02 
1.223041000e+00 3.762540000e-03 8.582245000e-01 
1.066665000e+00 6.816815000e-01 5.171745000e-01 
1.128896000e+00 3.232267000e-04 1.033226000e+00 
1.255005000e+00 5.435770000e-01 7.922023000e-02 
1.118757000e+00 1.634362000e-03 1.118825000e+00 
1.353583000e+00 2.936807000e-03 5.209331000e-01 
1.030268000e+00 8.906106000e-01 2.347941000e-02 
1.417973000e+00 1.364741000e-02 4.231574000e-02 
9.697630000e-02 1.566596000e-04 1.585893000e+00 
4.042330000e-03 1.573149000e+00 1.101516000e-02 
9.647937000e-03 8.984102000e-01 1.093376000e+00 
1.080949000e+00 3.623635000e-03 9.807088000e-01 
2.384699000e+00 1.159148000e-01 7.330270000e-04 
1.481231000e-02 1.429954000e+00 4.638947000e-03 
1.358008000e-02 2.421997000e+00 7.378438000e-03 
6.987644000e-01 7.854148000e-03 1.247308000e+00 
1.502218000e-02 6.075998000e-01 1.195868000e+00 
1.478199000e+00 3.818977000e-02 3.102547000e-03 
2.640752000e-02 1.617678000e-04 1.313434000e+00 
8.408880000e-01 7.960778000e-01 7.563542000e-01 
9.979377000e-01 7.110553000e-01 5.748747000e-01 
4.197749000e-02 1.543798000e+00 3.533264000e-04 
2.051280000e-02 1.276974000e+00 4.774885000e-01 
4.452565000e-03 3.425806000e-01 1.292649000e+00 
8.573978000e-01 9.613785000e-01 4.371188000e-01 
2.988524000e-03 9.574357000e-02 1.414051000e+00 
3.912798000e-03 1.281523000e+00 4.915278000e-01 
2.235868000e-01 1.203955000e+00 4.579798000e-01 
5.655008000e-01 3.890027000e-01 1.151610000e+00 
5.042935000e-02 1.326484000e+00 9.681437000e-02 
8.420427000e-01 6.158189000e-01 8.409401000e-01 
1.423676000e+00 6.907909000e-03 2.869413000e-02 
1.101536000e+00 8.191012000e-01 1.289462000e-02 
9.070195000e-01 5.965167000e-01 7.844352000e-01 
1.111096000e+00 8.044860000e-01 7.929519000e-02 
7.593054000e-01 5.498705000e-01 9.259917000e-01 
1.005328000e+00 4.608119000e-02 8.681732000e-01 
8.802748000e-01 2.993513000e-02 9.929623000e-01 
8.828868000e-01 2.016006000e-03 1.267838000e+00 
7.192776000e-02 1.334391000e+00 4.989702000e-02 
3.011458000e-02 1.414094000e+00 5.478639000e-03 
7.851251000e-01 7.089459000e-01 7.937437000e-01 
5.101432000e-04 7.479508000e-05 1.934879000e+00 
1.898895000e-03 1.388986000e+00 8.073798000e-02 
1.069427000e+00 7.525439000e-01 8.144501000e-02 
3.042007000e-03 1.671595000e+00 1.503874000e-02 
1.241227000e+00 9.242235000e-03 4.461084000e-01 
7.536431000e-01 9.891085000e-01 4.836209000e-01 
1.804229000e-03 1.400540000e+00 5.404005000e-02 
3.591027000e-02 1.957621000e-05 1.592919000e+00 
1.318163000e-01 1.349379000e+00 2.984383000e-03 
1.416160000e+00 6.308781000e-01 9.025726000e-04 
1.242082000e+00 5.163201000e-03 6.643891000e-01 
9.303148000e-01 1.212752000e+00 5.146709000e-03 
8.170628000e-03 3.347116000e-02 1.396412000e+00 
1.057851000e+00 4.564181000e-01 8.028814000e-01 
1.017520000e+00 9.265187000e-01 8.109935000e-03 
1.347331000e+00 1.670382000e-02 1.266645000e-02 
2.705280000e-05 1.032185000e-02 1.979555000e+00 
1.040519000e+00 2.620030000e-02 8.657111000e-01 
1.406245000e+00 1.209893000e-01 8.373589000e-03 
4.378455000e-02 1.496725000e+00 1.124025000e-03 
9.291554000e-01 2.082484000e-02 1.039112000e+00 
1.605232000e-01 7.075882000e-01 1.167687000e+00 
4.781266000e-01 1.107901000e+00 5.662770000e-01 
1.907510000e-01 1.463382000e+00 7.005109000e-04 
5.557626000e-01 7.652926000e-01 1.069340000e+00 
1.116732000e+00 4.378547000e-02 7.919992000e-01 
1.113352000e+00 6.596964000e-01 5.977480000e-01 
1.141978000e+00 2.409502000e-02 7.981450000e-01 
8.824975000e-01 8.382775000e-03 1.087268000e+00 
4.809445000e-02 7.600614000e-01 1.165134000e+00 
3.781026000e-01 1.283695000e+00 6.043471000e-02 
7.789452000e-01 4.144462000e-01 1.051441000e+00 
1.084816000e-02 1.488722000e+00 1.910681000e-02 
1.035321000e+00 4.715067000e-01 7.874713000e-01 
1.428778000e+00 4.607747000e-04 3.681280000e-02 
7.596669000e-01 1.059554000e+00 1.347089000e-02 
1.022657000e+00 9.008805000e-01 5.275609000e-03 
1.439055000e+00 2.281140000e-02 3.522869000e-03 
1.279733000e+00 5.334069000e-03 4.587083000e-01 
9.241430000e-01 9.598254000e-01 8.150384000e-02 
7.710530000e-02 9.227216000e-01 1.043428000e+00 
1.012169000e-02 9.785844000e-01 9.203956000e-01 
6.653027000e-03 6.291330000e-03 1.451178000e+00 
5.909679000e-01 8.224932000e-01 9.678963000e-01 
1.103829000e+00 1.065860000e+00 2.645592000e-03 
1.018693000e+00 8.998445000e-01 5.054197000e-01 
5.208387000e-01 8.313107000e-04 1.270620000e+00 
1.415965000e+00 6.351349000e-01 6.616871000e-04 
5.022590000e-01 5.009320000e-03 1.263548000e+00 
7.096109000e-01 6.218155000e-01 9.326208000e-01 
1.058093000e+00 1.321393000e+00 1.278511000e-03 
9.707598000e-01 1.509470000e-02 8.805088000e-01 
2.172548000e-03 1.687751000e+00 3.114797000e-02 
1.121221000e+00 8.089956000e-01 3.141142000e-02 
1.108712000e+00 2.516891000e-03 1.032278000e+00 
4.859326000e-02 7.581113000e-01 1.150601000e+00 
1.072274000e+00 7.041797000e-01 8.843041000e-02 
1.017080000e+00 4.615139000e-02 8.103226000e-01 
1.133227000e+00 6.502807000e-03 9.060762000e-01 
5.739689000e-04 9.296361000e-01 9.229723000e-01 
8.641555000e-01 1.148940000e+00 7.015844000e-03 
3.857149000e-02 1.065953000e+00 8.185188000e-01 
1.107930000e-01 5.422121000e-01 1.259329000e+00 
4.558073000e-02 1.495211000e+00 1.668992000e-03 
1.232486000e+00 6.878937000e-02 5.046940000e-01 
8.610751000e-01 7.534002000e-01 7.100713000e-01 
1.128750000e+00 7.810734000e-01 1.200082000e-03 
6.303568000e-01 7.847031000e-01 1.001769000e+00 
7.299728000e-01 4.197016000e-01 1.142843000e+00 
8.906000000e-01 1.207958000e+00 6.730805000e-03 
9.860793000e-03 5.520581000e-01 1.253479000e+00 
1.178973000e+00 7.551471000e-01 3.845222000e-03 
1.172617000e+00 4.075183000e-02 7.829665000e-01 
1.408616000e+00 5.396014000e-03 1.378018000e-01 
9.872106000e-01 9.166201000e-01 1.111621000e-02 
3.350362000e-01 1.072256000e+00 7.785176000e-01 
1.141092000e+00 7.644501000e-01 4.274280000e-02 
4.611678000e-02 1.516582000e+00 6.838002000e-04 
1.759626000e-02 1.582612000e-03 1.375489000e+00 
1.433709000e+00 6.124856000e-02 1.636359000e-03 
4.866380000e-01 5.730518000e-01 1.111683000e+00 
1.135211000e+00 7.671145000e-01 1.507550000e-02 
4.781169000e-04 4.403856000e-04 1.460189000e+00 
1.005743000e+00 1.493356000e-02 1.021202000e+00 
1.511401000e-01 5.383429000e-01 1.254213000e+00 
1.090825000e+00 1.193511000e-02 9.358936000e-01 
1.244159000e+00 5.455689000e-01 5.030413000e-02 
2.129803000e-01 1.118396000e+00 7.449778000e-01 
1.049021000e+00 7.093865000e-01 5.778056000e-01 
1.126316000e+00 5.890673000e-01 4.734319000e-01 
9.154091000e-01 1.175243000e+00 6.959703000e-03 
1.212655000e+00 5.503964000e-01 5.089082000e-01 
8.999941000e-03 1.503949000e+00 9.024725000e-03 
1.020677000e+00 3.082099000e-02 8.286863000e-01 
1.117776000e+00 8.182814000e-01 6.198851000e-02 
1.181948000e+00 2.425683000e-02 6.463234000e-01 
4.730319000e-02 1.129737000e+00 7.988980000e-01 
8.838347000e-01 1.007636000e+00 3.262772000e-02 
7.808263000e-01 1.105674000e+00 1.183964000e-02 
2.902373000e-01 1.435506000e+00 8.881911000e-05 
1.237647000e+00 6.591872000e-01 4.462261000e-03 
8.895755000e-01 9.191779000e-01 5.592456000e-01 
9.707525000e-01 5.662234000e-02 9.740721000e-01 
5.139788000e-01 4.756046000e-01 1.205014000e+00 
1.067292000e-04 1.345157000e-02 1.431125000e+00 
3.135222000e-01 1.327913000e+00 8.236943000e-02 
2.307883000e-02 7.791799000e-04 1.425066000e+00 
3.664418000e-01 1.144327000e+00 5.668531000e-01 
7.709946000e-01 2.444665000e-03 1.139756000e+00 
1.067057000e+00 7.284905000e-01 8.345218000e-02 
6.552100000e-01 8.984111000e-01 9.396887000e-01 
1.375209000e+00 3.697325000e-01 3.445184000e-03 
9.436664000e-04 1.220516000e-01 1.361573000e+00 
1.001148000e+00 9.431888000e-01 4.224072000e-03 
2.908092000e-03 6.098876000e-01 1.205468000e+00 
1.392750000e+00 2.911747000e-01 8.010125000e-03 
8.286350000e-01 8.461762000e-01 6.449122000e-01 
7.149664000e-02 1.449423000e+00 1.965244000e-03 
5.080245000e-03 1.132938000e+00 7.080925000e-01 
7.837776000e-02 1.413840000e+00 2.005295000e-03 
7.727955000e-01 8.389921000e-01 7.600372000e-01 
5.236623000e-04 1.286314000e-01 1.345247000e+00 
1.094666000e+00 8.218942000e-01 7.037196000e-02 
1.112743000e+00 2.607044000e-01 8.035454000e-01 
7.765044000e-02 9.224330000e-01 1.033638000e+00 
1.224904000e+00 5.936923000e-01 5.838012000e-02 
1.052982000e+00 1.103722000e+00 3.312214000e-03 
8.218117000e-01 7.438404000e-01 7.736026000e-01 
6.884911000e-03 1.194694000e+00 5.761449000e-01 
6.475554000e-03 1.364785000e+00 5.134593000e-02 
9.245648000e-01 8.001164000e-02 9.103014000e-01 
2.886678000e-01 1.092858000e+00 7.800610000e-01 
1.020118000e+00 7.622361000e-01 5.382202000e-01 
2.170568000e-02 5.104107000e-01 1.269842000e+00 
1.047526000e+00 6.758247000e-01 6.016127000e-01 
1.332513000e+00 5.170565000e-02 7.525782000e-02 
8.560872000e-01 9.476530000e-01 5.261035000e-01 
3.925979000e-02 7.768895000e-01 1.127016000e+00 
3.483732000e-03 1.368740000e+00 6.729453000e-02 
1.142380000e+00 5.942726000e-01 4.628101000e-01 
1.039310000e+00 7.678274000e-01 4.986837000e-01 
1.209062000e+00 4.427262000e-02 6.095794000e-01 
9.601864000e-01 9.618116000e-01 7.409845000e-02 
4.408285000e-01 4.082510000e-02 1.238483000e+00 
1.290812000e+00 8.310948000e-02 4.177063000e-02 
5.695381000e-01 4.341438000e-01 1.078139000e+00 
8.051757000e-01 7.268931000e-01 7.861724000e-01 
1.003813000e-01 7.298875000e-01 1.093925000e+00 
9.089834000e-01 9.799948000e-01 6.404155000e-02 
7.722939000e-01 7.188587000e-02 1.102870000e+00 
8.157722000e-01 1.040409000e+00 9.267998000e-03 

5.566839000e-01 9.890923000e-01 7.825584000e-01 
6.636006000e-01 1.284742000e+00 2.216795000e-02 
1.975917000e-01 9.525509000e-01 9.375488000e-01 
3.313760000e-03 1.056723000e+00 1.051664000e+00 
1.631373000e-01 7.867200000e-01 1.097654000e+00 
7.639683000e-01 1.150913000e+00 3.593076000e-02 
7.650341000e-01 1.113961000e+00 1.285433000e-02 
1.418085000e-02 8.862185000e-01 1.081699000e+00 
7.661053000e-01 2.168374000e-02 1.116135000e+00 
1.140723000e+00 7.251491000e-01 1.196595000e-01 
7.576686000e-03 8.118076000e-01 1.155387000e+00 
1.104735000e-01 1.039161000e+00 8.812513000e-01 
1.404642000e+00 1.798658000e-01 3.620100000e-03 
6.728894000e-05 7.068979000e-06 9.406206000e+00 
1.086511000e-01 1.000629000e+00 9.930186000e-01 
1.116801000e+00 1.125768000e-01 7.018204000e-01 
1.179795000e+00 8.133558000e-02 5.046357000e-01 
2.499945000e-03 6.453993000e-02 1.351854000e+00 
5.684908000e-01 1.042672000e+00 5.790931000e-01 
1.801640000e+00 1.737339000e-03 2.074860000e-02 
1.284974000e-01 5.898539000e-01 1.204640000e+00 
6.423004000e-01 4.517737000e-01 1.143028000e+00 
1.393807000e-02 6.642189000e-01 1.264434000e+00 
4.405630000e-05 4.348140000e-04 6.880289000e+00 
9.629240000e-01 8.725541000e-01 5.573714000e-01 
1.451258000e+00 2.899936000e-02 1.152176000e-02 
5.342362000e-01 8.154094000e-01 9.782583000e-01 
2.642776000e+00 3.416526000e-04 1.745770000e-02 
9.891940000e-01 1.082569000e-02 1.070260000e+00 
2.223708000e+00 4.734031000e-03 6.204004000e-03 
1.950556000e-02 7.888246000e-01 1.158888000e+00 
1.439180000e+00 4.844901000e-03 1.693226000e-02 
5.715456000e-01 1.213103000e+00 3.011254000e-01 
1.778306000e-02 1.768517000e-03 1.427334000e+00 
9.816578000e-01 1.211528000e+00 6.114287000e-04 
9.632078000e-01 8.663587000e-01 5.394290000e-01 
2.656278000e-04 3.750392000e-02 1.423651000e+00 
9.321964000e-01 6.432404000e-02 1.032190000e+00 
1.314492000e+00 2.008145000e-02 3.004587000e-01 
9.135928000e-01 9.958110000e-01 2.466871000e-03 
1.218720000e+00 2.528065000e-02 6.320008000e-01 
8.380878000e-03 1.188897000e+00 7.375661000e-01 
1.901411000e+00 1.797434000e-03 9.222271000e-03 
1.295573000e+00 1.207837000e+00 2.548182000e-04 
9.474378000e-01 5.737115000e-01 7.691161000e-01 
7.755804000e-01 8.898398000e-01 7.388987000e-01 
1.278370000e+00 9.195086000e-03 7.382142000e-01 
4.214924000e-01 5.499095000e-01 1.145057000e+00 
8.593522000e-01 9.050231000e-01 5.316955000e-01 
1.020984000e-01 1.313904000e+00 5.029040000e-02 
8.256733000e-01 5.143999000e-01 9.519366000e-01 
1.163484000e+00 4.639497000e-02 7.533759000e-01 
1.527274000e+00 2.164586000e-01 2.262192000e-04 
8.189435000e-01 1.079027000e+00 3.235602000e-03 
6.906298000e-01 1.042911000e-01 1.129383000e+00 
1.527744000e+00 3.801375000e-02 9.055863000e-03 
1.594612000e-01 9.761723000e-01 9.707980000e-01 
8.754305000e-01 9.623249000e-01 3.931952000e-01 
3.249219000e-02 9.119733000e-01 1.015931000e+00 
5.127390000e-02 1.170717000e+00 6.988871000e-01 
3.191048000e-01 8.360515000e-01 1.042047000e+00 
4.517798000e-01 4.844781000e-01 1.208516000e+00 
6.966992000e-01 6.054696000e-02 1.118245000e+00 
3.106128000e-02 2.182659000e+00 2.093716000e-05 
3.174774000e-01 9.712494000e-01 8.767661000e-01 
7.516618000e-01 6.514963000e-01 1.034547000e+00 
5.307996000e-01 7.638051000e-01 9.949141000e-01 
2.911295000e-02 1.012227000e+00 1.002555000e+00 
7.789133000e-01 8.740844000e-01 7.310866000e-01 
1.246790000e+00 1.650766000e-02 6.230483000e-01 
2.953069000e-03 4.278251000e-02 1.369343000e+00 
1.257727000e+00 8.214099000e-01 4.398212000e-04 
6.842069000e-01 1.214879000e+00 3.103837000e-02 
9.117109000e-01 1.034209000e+00 2.530739000e-03 
1.972964000e-05 8.817257000e-04 2.096404000e+00 
7.916568000e-01 2.003821000e-03 1.175168000e+00 
2.391516000e-02 1.447762000e-03 1.354061000e+00 
1.312654000e+00 1.663004000e-02 5.560199000e-01 
1.735431000e+00 4.523530000e-04 9.637471000e-01 
1.814558000e+00 1.004273000e-01 7.411699000e-04 
4.239548000e-01 5.670804000e-01 1.054289000e+00 
1.171331000e+00 7.289483000e-01 5.166582000e-03 
7.489809000e-01 2.935945000e-02 1.148153000e+00 
4.954240000e-01 3.118930000e-01 1.219322000e+00 
2.124999000e+00 1.025881000e-03 9.803959000e-03 
9.582239000e-01 1.056600000e+00 1.220769000e-03 
1.359743000e-02 7.147712000e-01 1.168846000e+00 
5.346849000e-03 1.023913000e+00 9.646548000e-01 
2.102937000e-04 4.482849000e-03 2.030016000e+00 
8.616410000e-01 7.810840000e-01 7.586214000e-01 
7.484501000e-01 1.264972000e+00 1.916748000e-02 
1.354686000e-02 8.488501000e-01 1.140920000e+00 
2.371284000e-02 1.436830000e-02 1.364631000e+00 
1.149816000e+00 7.669914000e-01 9.987923000e-03 
2.521356000e-03 1.230355000e+00 9.266479000e-01 
7.715861000e-03 7.064424000e-01 1.222574000e+00 
4.527037000e-03 7.862057000e-01 1.241667000e+00 
3.747267000e-01 5.021754000e-01 1.163879000e+00 
1.425968000e+00 1.568622000e-02 2.752759000e-02 
6.992920000e-01 6.020926000e-02 1.124102000e+00 
1.196441000e+00 1.054898000e-03 1.105933000e+00 
5.843977000e-01 8.180439000e-01 9.337713000e-01 
5.623781000e-01 9.550621000e-01 7.777717000e-01 
1.774895000e+00 7.703528000e-02 4.151158000e-03 
8.443116000e-01 8.190066000e-01 7.657645000e-01 
1.377247000e+00 2.411990000e-01 1.595967000e-02 
6.019997000e-03 8.204097000e-01 1.181373000e+00 
8.535764000e-01 9.443712000e-01 5.497611000e-01 
6.257173000e-01 8.243911000e-01 9.084218000e-01 
7.431030000e-01 1.128018000e+00 3.725441000e-02 
1.446332000e+00 1.303146000e-01 1.322214000e-02 
6.943429000e-01 7.044392000e-01 9.524523000e-01 
1.353002000e+00 2.821344000e-02 2.387747000e-02 
6.930052000e-04 1.473422000e+00 1.219820000e-02 
1.020788000e+00 5.832340000e-02 8.300744000e-01 
1.154280000e+00 6.868044000e-01 8.505247000e-02 
6.480165000e-01 4.265307000e-01 1.152340000e+00 
1.708481000e+00 3.338786000e-03 1.650921000e-02 
8.035946000e-01 5.175082000e-01 9.883956000e-01 
1.956375000e+00 9.832746000e-04 7.176227000e-02 
1.094520000e+00 6.524045000e-01 6.532193000e-01 
5.022439000e-01 8.904168000e-01 8.779333000e-01 
1.420668000e+00 2.810535000e-02 2.265968000e-02 
5.497650000e-01 1.136002000e+00 5.129994000e-01 
1.136214000e-02 8.055038000e-01 1.206204000e+00 
8.098720000e-01 5.115148000e-01 9.814766000e-01 
5.468852000e-01 7.781151000e-01 9.885264000e-01 
1.006882000e-03 1.318085000e+00 8.380033000e-04 
1.490893000e-04 5.095700000e-02 1.764688000e+00 
1.496975000e+00 1.818598000e-02 9.309935000e-03 
4.291688000e-04 1.861656000e-05 1.681432000e+00 
1.609302000e+00 1.060973000e-01 2.060585000e-03 
1.142209000e+00 6.630701000e-03 1.087220000e+00 
8.704693000e-01 9.993130000e-01 4.307321000e-01 
1.173073000e+00 4.467812000e-03 1.058545000e+00 
2.653083000e-01 1.202300000e+00 4.930883000e-01 
6.271739000e-04 8.342905000e-01 1.198893000e+00 
1.250799000e+00 7.955457000e-03 8.156973000e-01 
4.488212000e-01 5.508858000e-01 1.104357000e+00 
1.426697000e+00 2.769480000e-02 2.066127000e-02 
1.092587000e+00 6.643233000e-01 6.501131000e-01 
1.104795000e+00 7.482216000e-01 1.260532000e-02 
5.891430000e-01 1.238517000e+00 7.430121000e-02 
1.517210000e+00 8.821057000e-02 6.989750000e-03 
1.452896000e+00 9.424889000e-02 7.241108000e-03 
8.031628000e-01 6.306442000e-02 1.085879000e+00 
1.559962000e+00 6.000557000e-03 7.507819000e-03 
1.945563000e-01 9.770727000e-01 9.689032000e-01 
2.244964000e-01 1.112396000e+00 7.430232000e-01 
6.945675000e-01 6.829181000e-01 9.695610000e-01 
9.401454000e-01 9.464929000e-01 2.715898000e-02 
1.108275000e+00 1.584392000e-01 7.759075000e-01 
2.393352000e-02 1.096490000e+00 8.954930000e-01 
7.095636000e-01 7.753817000e-01 8.438452000e-01 
1.409793000e+00 3.774145000e-02 1.400866000e-02 
1.189230000e+00 5.154132000e-02 6.039010000e-01 
6.144306000e-02 8.530757000e-01 1.060290000e+00 
4.948678000e-02 6.900094000e-01 1.197181000e+00 
1.908176000e-02 6.843945000e-01 1.243806000e+00 
1.117841000e+00 7.391281000e-01 2.801133000e-02 
1.253724000e+00 1.619501000e-02 6.026042000e-01 
1.705868000e+00 9.793973000e-02 1.221746000e-03 
9.273827000e-01 1.229719000e+00 2.668101000e-04 
1.223799000e+00 2.236482000e-02 5.936167000e-01 
3.947684000e-01 4.854482000e-01 1.159130000e+00 
3.455006000e-02 7.598632000e-01 1.116604000e+00 
1.121896000e+00 7.291252000e-01 5.771609000e-01 
1.085280000e-03 1.240048000e+00 5.030529000e-01 
9.996691000e-01 9.156157000e-01 4.117198000e-02 
6.319536000e-01 1.128395000e+00 4.974601000e-01 
5.053179000e-04 8.109793000e-03 1.526501000e+00 
8.619111000e-03 7.024309000e-01 1.219749000e+00 
7.305165000e-03 6.758209000e-05 1.505469000e+00 
7.643660000e-01 8.720218000e-01 7.439672000e-01 
1.314703000e+00 4.729667000e-02 3.234580000e-02 
1.600654000e+00 5.928945000e-04 1.409975000e-01 
3.642123000e-01 7.063443000e-01 1.149248000e+00 
4.113474000e-01 6.055575000e-01 1.090403000e+00 
1.502872000e-01 6.599633000e-05 1.658850000e+00 
8.302150000e-04 5.027011000e-02 1.369422000e+00 
2.450349000e-03 6.787567000e-04 1.433603000e+00 
8.711231000e-01 9.936735000e-01 1.603318000e-01 
2.250991000e-04 2.354247000e-02 1.476419000e+00 
5.559560000e-01 9.777218000e-03 1.203213000e+00 
4.870920000e-05 6.274631000e-02 1.358598000e+00 
1.282969000e+00 1.123868000e-01 4.347875000e-01 
5.676896000e-01 3.546612000e-01 1.161970000e+00 
2.057769000e-01 8.736729000e-01 1.022921000e+00 
1.199182000e-02 7.567445000e-01 1.202326000e+00 
9.744966000e-01 6.017531000e-01 7.019270000e-01 
1.277333000e+00 6.733663000e-04 8.688741000e-01 
6.425819000e-01 8.297264000e-01 8.947398000e-01 
1.118075000e+00 2.296100000e-01 6.827151000e-01 
7.598278000e-01 8.456268000e-01 7.554489000e-01 
8.187314000e-01 3.519142000e-02 1.080436000e+00 
9.280177000e-02 1.151627000e+00 6.926331000e-01 
1.194858000e+00 3.534531000e-02 6.293658000e-01 
7.937644000e-01 1.532062000e-02 1.173151000e+00 
9.534388000e-01 8.801999000e-01 6.640384000e-01 
1.477275000e-02 1.196048000e+00 7.161371000e-01 
3.045044000e-01 1.291467000e+00 9.768587000e-03 
5.743949000e-01 1.207598000e+00 3.007704000e-01 
1.475519000e+00 9.224676000e-02 3.884738000e-03 
4.876605000e-02 1.061346000e+00 7.713128000e-01 
2.406979000e-02 1.068432000e+00 7.793484000e-01 
4.299807000e-03 7.567336000e-01 1.297236000e+00 
7.511674000e-01 2.646329000e-02 1.115416000e+00 
1.378160000e+00 2.032316000e-02 8.511079000e-02 
1.270220000e+00 7.555234000e-02 5.086887000e-01 
1.092583000e+00 9.066638000e-01 3.204529000e-01 
8.743405000e-03 1.171036000e+00 7.195150000e-01 
1.270220000e+00 7.555234000e-02 5.086887000e-01 
1.377121000e+00 2.715816000e-03 6.274860000e-01 
7.203194000e-01 1.090804000e+00 5.084270000e-01 
1.352726000e+00 2.685589000e-02 6.368210000e-02 
2.277749000e-02 1.369705000e-02 1.404472000e+00 
2.657169000e-01 1.276164000e+00 3.843197000e-01 
6.452276000e-01 4.292989000e-01 1.138526000e+00 
8.363322000e-01 1.020190000e+00 1.540229000e-02 
1.225683000e-01 9.978581000e-01 9.922234000e-01 
2.555984000e-02 8.445003000e-01 1.148278000e+00 
7.940080000e-01 2.142547000e-03 1.173263000e+00 
1.261200000e+00 5.441304000e-02 5.813705000e-01 
9.001724000e-01 6.176293000e-01 7.843581000e-01 
6.370627000e-01 1.130935000e+00 3.887355000e-02 
1.157984000e+00 1.259859000e-02 1.013342000e+00 
1.092635000e+00 1.840814000e-02 8.059818000e-01 
1.613885000e-02 3.377677000e-03 1.429924000e+00 
9.223361000e-01 6.534270000e-02 1.033762000e+00 
7.314377000e-02 6.336875000e-01 1.262000000e+00 
9.623947000e-01 3.283912000e-02 8.725372000e-01 
8.748659000e-01 9.651756000e-01 3.901460000e-01 
2.150197000e-01 1.315514000e+00 2.251462000e-02 
6.392592000e-01 9.494945000e-01 5.622921000e-01 
6.129961000e-01 6.561441000e-01 1.008991000e+00 
6.502768000e-01 9.002485000e-02 1.191815000e+00 
8.088136000e-01 9.157779000e-01 7.297320000e-01 
3.480803000e-02 1.294768000e+00 2.906350000e-01 
9.351905000e-01 1.930799000e-02 1.049946000e+00 
2.210886000e-01 1.048032000e+00 8.676900000e-01 

