9.422434000e-01 1.990677000e-01 1.544963000e+00 
8.975901000e-03 2.475234000e+00 2.357114000e-02 
6.842467000e-01 1.607300000e+00 4.972608000e-02 
2.110512000e-01 2.073259000e+00 1.314003000e-03 
2.139267000e+00 4.859401000e-04 3.724379000e-02 
2.911896000e-01 1.786591000e+00 2.732865000e-02 
3.880953000e-03 1.783588000e+00 4.137617000e-01 
6.394810000e-01 9.484688000e-01 1.405058000e+00 
1.062803000e+00 1.842738000e-02 1.649467000e+00 
7.724831000e-01 1.726305000e+00 2.519864000e-02 
7.457060000e-01 1.037005000e+00 1.134050000e+00 
9.132582000e-01 1.538716000e-01 1.619068000e+00 
1.354618000e+00 1.186637000e+00 1.363174000e-02 
1.758268000e+00 3.875073000e-02 8.697284000e-01 
2.098938000e+00 7.747561000e-02 8.732026000e-04 
1.982382000e+00 5.387881000e-03 6.659107000e-03 
9.029893000e-01 2.866294000e-01 1.514472000e+00 
1.325006000e+00 1.310965000e-01 1.124639000e+00 
1.095819000e+00 3.539366000e-03 1.459653000e+00 
1.887463000e-01 9.676510000e-01 1.437205000e+00 
4.383787000e-04 1.134691000e+00 1.741063000e+00 
6.719076000e-01 1.730333000e+00 2.295185000e-04 
5.736711000e-01 6.011998000e-01 1.462728000e+00 
1.263965000e+00 1.473225000e-01 1.141497000e+00 
1.283922000e-02 1.330176000e+00 1.630460000e+00 
1.783598000e-01 1.842683000e+00 7.536669000e-03 
1.500240000e-02 2.470125000e+00 3.517924000e-03 
7.402931000e-04 2.162183000e+00 3.947870000e-02 
9.034518000e-01 1.581690000e+00 6.454230000e-02 
6.926490000e-01 1.636424000e+00 3.132082000e-02 
1.172485000e+00 1.782434000e-01 1.055531000e+00 
1.328168000e+00 1.293226000e-01 1.126352000e+00 
1.305515000e+00 1.484565000e-01 1.062164000e+00 
1.154008000e-04 1.848653000e+00 6.101887000e-02 
1.915011000e+00 9.036560000e-02 4.198176000e-04 
1.338644000e+00 1.202875000e+00 2.114939000e-02 
1.174394000e+00 1.066448000e+00 8.014574000e-01 
7.762762000e-02 2.318696000e+00 5.397774000e-03 
1.046398000e-02 2.597583000e+00 2.093876000e-02 
5.922915000e-01 1.191171000e+00 1.188224000e+00 
1.137292000e+00 8.155901000e-01 1.264453000e+00 
1.377266000e+00 9.037435000e-01 8.283532000e-01 
4.816552000e-05 3.908182000e-04 2.046646000e+00 
1.038796000e-01 4.942421000e+00 4.928849000e-06 
2.371853000e-02 1.680085000e+00 6.937786000e-01 
9.087510000e-01 1.365266000e-01 1.631171000e+00 
1.028681000e-01 1.298403000e+00 1.175332000e+00 
1.232136000e-01 8.708396000e-01 1.512000000e+00 
5.389643000e-02 2.303874000e-01 1.645279000e+00 
1.025919000e-02 6.923903000e-05 2.733046000e+00 
6.053257000e-03 2.715435000e-04 7.494658000e+00 
2.743166000e-02 3.006341000e+00 1.470656000e-03 
1.786203000e-02 1.891027000e+00 4.357306000e-02 
1.405753000e+00 5.921559000e-03 1.014786000e+00 
1.907204000e-01 9.426505000e-01 1.443121000e+00 
7.084821000e-03 1.352042000e+00 1.647982000e+00 
9.318207000e-01 1.362215000e+00 3.426765000e-02 
6.917952000e-01 1.335002000e+00 1.112655000e+00 
8.260034000e-01 1.631772000e+00 2.846055000e-02 
9.518717000e-01 1.754738000e-01 1.546849000e+00 
1.256017000e-01 4.510314000e+00 6.052033000e-04 
4.043463000e-02 1.209305000e+00 1.305915000e+00 
9.213938000e-01 4.695292000e-03 1.741223000e+00 
1.560827000e+00 3.074194000e-01 7.427116000e-01 
9.309783000e-01 1.857174000e-01 1.578469000e+00 
1.289230000e+00 4.991840000e-02 1.244963000e+00 
2.525519000e-02 1.056317000e+00 1.455139000e+00 
8.601791000e-06 4.096035000e-04 4.025180000e+00 
1.370651000e+00 1.223428000e+00 1.174592000e-02 
6.974209000e-02 1.325669000e+00 1.186237000e+00 
1.090068000e-01 1.353839000e+00 1.095770000e+00 
6.448941000e-01 5.866853000e-01 1.574303000e+00 
9.324742000e-03 1.308170000e+00 1.666359000e+00 
1.756322000e-01 1.794966000e+00 1.170693000e-01 
2.509037000e-01 2.439753000e-02 1.728471000e+00 
1.573974000e+00 1.034163000e+00 6.498883000e-03 
1.402373000e+00 3.834543000e-03 1.263866000e+00 
1.268355000e+00 1.211192000e+00 1.794105000e-02 
1.133368000e-01 5.721892000e-03 1.739431000e+00 
1.301941000e+00 6.457459000e-03 1.182773000e+00 
1.253893000e-02 2.937532000e+00 8.180541000e-03 
8.421108000e-02 1.444527000e+00 1.069022000e+00 
1.267048000e+00 1.442163000e-01 1.141991000e+00 
1.484604000e+00 1.258261000e+00 8.234536000e-03 
8.811872000e-01 1.535168000e+00 4.151526000e-01 
6.211361000e-01 6.788568000e-01 1.453437000e+00 
1.213485000e+00 1.300296000e+00 7.457924000e-03 
1.644664000e+00 1.224814000e-01 3.820827000e-03 
5.257208000e-05 2.974460000e-03 1.822581000e+00 
8.217174000e-01 7.440162000e-01 1.418241000e+00 
7.588016000e-03 1.305545000e+00 1.673208000e+00 
8.919262000e-01 3.031046000e-02 1.728405000e+00 
8.571996000e-01 7.769683000e-01 1.402891000e+00 
2.821513000e+00 1.836126000e-01 2.272096000e-04 
1.422200000e+00 1.213454000e+00 8.865693000e-03 
1.948356000e-02 2.166908000e+00 1.863226000e-02 
6.171678000e-01 1.162851000e+00 1.187460000e+00 
2.745351000e-01 1.450628000e+00 5.801748000e-01 
7.832918000e-02 2.179811000e+00 3.513521000e-03 
5.790872000e-02 2.485101000e-01 1.596985000e+00 
1.632749000e+00 2.132409000e-01 6.582377000e-01 
2.653523000e-02 1.451477000e+00 1.065491000e+00 
3.386955000e-01 1.730847000e+00 6.018069000e-02 
1.992386000e-02 1.087397000e+00 1.424203000e+00 
1.024255000e+00 9.293396000e-01 1.341103000e+00 
1.311417000e+00 1.171326000e+00 2.285968000e-02 
6.268678000e-02 1.398745000e+00 1.207762000e+00 
6.697623000e-03 6.876628000e-01 1.797576000e+00 
9.691668000e-01 1.429065000e+00 2.432035000e-02 
1.214591000e+00 1.023309000e+00 1.027095000e+00 
2.485462000e-02 1.912019000e+00 1.239584000e-02 
2.428711000e-01 1.644797000e+00 7.750469000e-01 
1.084258000e+00 4.442463000e-03 1.398254000e+00 
1.254911000e+00 1.118658000e+00 3.632164000e-02 
1.827199000e-02 1.888405000e+00 2.236174000e-02 
1.021132000e+00 1.497994000e+00 7.411119000e-03 
5.944259000e-01 1.857144000e+00 1.537108000e-04 
2.521259000e-02 1.796490000e+00 9.250514000e-03 
8.529999000e-01 1.681388000e+00 2.230307000e-02 
1.203872000e+00 1.085827000e+00 6.812528000e-01 
1.007276000e+00 4.528863000e-02 1.343254000e+00 
2.008652000e+00 8.904737000e-04 1.895086000e-01 
6.598792000e-01 5.662334000e-01 1.531348000e+00 
2.228033000e-01 1.319395000e+00 1.117675000e+00 
2.147816000e+00 1.215821000e-04 2.013046000e-02 
3.576216000e-03 1.810762000e+00 4.301897000e-01 
1.180035000e+00 1.270509000e+00 2.460534000e-02 
1.522607000e-01 1.349237000e+00 1.138964000e+00 
9.025935000e-01 1.770115000e-01 1.607653000e+00 
1.293170000e+00 1.431990000e-01 1.178383000e+00 
8.028502000e-02 1.309229000e+00 1.145923000e+00 
1.448769000e+00 1.079042000e+00 2.277690000e-02 
3.100001000e-02 1.115663000e+00 1.401736000e+00 
8.956324000e-01 1.757157000e-02 1.673326000e+00 
4.149969000e-02 1.208816000e+00 1.284878000e+00 
3.451682000e-02 8.995616000e-01 1.481712000e+00 
1.900624000e+00 2.126537000e-02 9.456348000e-02 
1.407043000e-02 1.062681000e+00 1.488647000e+00 
2.518378000e-01 1.204646000e+00 1.134544000e+00 
4.220139000e-02 8.462525000e-01 1.660218000e+00 
1.730950000e+00 4.944379000e-02 3.519394000e-02 
1.711523000e+00 6.975413000e-02 8.480492000e-02 
6.197243000e-02 1.745359000e+00 4.102494000e-01 
1.157455000e+00 1.207428000e+00 7.338712000e-02 
1.766732000e+00 2.309914000e-02 1.170919000e-02 
9.463461000e-01 4.000317000e-02 1.565634000e+00 
5.524926000e-01 7.845655000e-01 1.586471000e+00 
1.875099000e-04 1.538132000e-03 1.809666000e+00 
1.052994000e+00 8.283550000e-01 1.205404000e+00 
7.948145000e-01 9.384739000e-01 1.093641000e+00 
1.080687000e-02 1.002574000e-03 1.752048000e+00 

6.924328000e-02 1.222371000e+00 1.291752000e+00 
1.511641000e+00 2.335459000e-01 1.088667000e+00 
6.924328000e-02 1.222371000e+00 1.291752000e+00 
2.335012000e-03 1.131282000e+00 1.527648000e+00 
1.892637000e+00 4.229412000e-01 2.609735000e-02 
1.872673000e+00 1.284319000e-01 4.629706000e-02 
1.916107000e+00 1.207861000e-02 8.916068000e-03 
1.331954000e+00 1.305424000e-03 1.342233000e+00 
1.143089000e+00 1.114247000e+00 1.855374000e-01 
1.018949000e+00 1.611330000e+00 3.584654000e-02 
1.698714000e+00 2.720347000e-01 1.713121000e-01 
1.559355000e+00 5.999295000e-01 1.842759000e-01 
1.886438000e-03 3.889293000e-06 1.945847000e+00 
7.668078000e-02 1.265071000e+00 1.067681000e+00 
3.647382000e-02 9.920013000e-01 1.515396000e+00 
3.098821000e-02 1.477612000e+00 1.157954000e+00 
1.715983000e-02 2.350865000e+00 1.021514000e-03 
6.703635000e-02 1.647833000e+00 6.505384000e-01 
7.143076000e-02 2.380718000e+00 8.170179000e-04 
2.142151000e+00 2.280233000e-01 6.034394000e-04 
8.080985000e-01 1.058587000e+00 1.345580000e+00 
1.638505000e+00 9.990579000e-04 1.591271000e+00 
3.189889000e-02 1.491813000e+00 1.150394000e+00 
1.147526000e+00 5.639098000e-01 1.080077000e+00 
1.739184000e+00 9.310667000e-02 9.933008000e-02 
6.424947000e-02 1.744927000e+00 1.132359000e-01 
1.315086000e-01 1.199770000e+00 1.047884000e+00 
1.063904000e+00 1.645216000e+00 1.857125000e-02 
1.898833000e+00 1.143563000e-01 4.064651000e-02 
1.188206000e+00 2.553510000e-01 1.309607000e+00 
2.000158000e+00 3.586539000e-01 3.855329000e-03 
4.032646000e-01 2.098462000e+00 3.848015000e-04 
7.113743000e-02 1.778148000e+00 1.204724000e-02 
1.394933000e+00 3.085625000e-02 1.186906000e+00 
5.260591000e-02 1.278352000e+00 1.134314000e+00 
3.194519000e-04 1.458578000e-01 1.818607000e+00 
2.489912000e+00 3.946161000e-03 7.222181000e-04 
2.177298000e+00 3.953373000e-02 4.656459000e-03 
2.341504000e+00 1.444646000e-02 2.566954000e-03 
1.116119000e+00 1.647967000e-02 1.679930000e+00 
2.246097000e+00 1.692076000e-01 3.298267000e-03 
1.684251000e-03 1.746104000e+00 4.077154000e-02 
1.919489000e-02 1.612661000e+00 7.448051000e-01 
1.569085000e+00 8.477932000e-01 3.930888000e-02 
1.908168000e+00 4.767921000e-01 1.397197000e-02 
1.104397000e+00 1.685910000e+00 3.438499000e-03 
1.061450000e+00 2.033281000e-02 1.468568000e+00 
1.022061000e+00 9.824189000e-01 1.184577000e+00 
1.513235000e-03 7.261963000e-01 1.690891000e+00 
1.065727000e+00 9.306280000e-01 1.008838000e+00 
1.657596000e+00 2.650635000e-01 2.236353000e-01 
1.174871000e+00 1.141121000e+00 8.043684000e-02 
2.059764000e+00 3.850490000e-03 1.258109000e-02 
3.207538000e-03 1.511012000e+00 1.210663000e+00 
2.043919000e+00 3.580449000e-01 5.930087000e-03 
1.129649000e+00 1.582572000e+00 2.023288000e-02 
2.193955000e-02 5.451144000e-04 1.900758000e+00 
8.311331000e-01 8.175002000e-01 1.194878000e+00 
1.303010000e+00 1.985373000e-03 1.237987000e+00 
6.397469000e-02 1.526719000e+00 7.114803000e-01 
1.934341000e-02 1.594677000e+00 8.017469000e-01 
1.384442000e+00 1.144143000e+00 4.497870000e-02 
1.919489000e-02 1.612661000e+00 7.448051000e-01 
1.574775000e-01 7.595089000e+00 5.467950000e-04 
3.289406000e-02 1.465671000e+00 1.074191000e+00 
3.450014000e-02 1.449465000e+00 1.154030000e+00 
1.911512000e+00 1.476280000e-02 1.129971000e-01 
4.291163000e-03 1.454329000e+00 1.205918000e+00 
1.676008000e-03 6.127741000e+00 1.067854000e-01 
6.920362000e-02 1.242342000e+00 1.267078000e+00 
1.259240000e+00 1.150725000e+00 6.463613000e-03 
1.287718000e+00 1.336687000e-01 1.150847000e+00 
1.570577000e-01 9.301219000e-01 1.451194000e+00 
9.908543000e-01 4.775883000e-01 1.412529000e+00 
1.488698000e-03 3.649573000e+00 4.039208000e-01 
1.831180000e+00 3.018468000e-02 7.018034000e-02 
1.046931000e+00 1.588325000e+00 1.255271000e-01 
3.926768000e-01 2.352085000e-03 1.737025000e+00 
9.740258000e-01 1.054176000e-01 1.499929000e+00 
6.311584000e-01 7.580388000e-01 1.518548000e+00 
1.102379000e-03 7.456286000e-03 1.807948000e+00 
3.899263000e-02 1.219726000e+00 1.312837000e+00 
1.901964000e+00 7.394037000e-02 2.303555000e-02 
1.633878000e+00 1.051043000e-01 6.523171000e-01 
1.869624000e+00 8.623779000e-01 1.101459000e-02 
3.911717000e-01 2.059308000e+00 4.166888000e-04 
2.037707000e+00 3.572422000e-03 7.111219000e-02 
1.731058000e-02 2.326691000e+00 1.365424000e-02 
1.825849000e+00 1.295171000e-01 2.659931000e-02 
3.080531000e-01 1.964939000e-03 1.801905000e+00 
1.247433000e+00 1.102016000e+00 1.172546000e-01 
1.114214000e+00 1.087366000e+00 6.716717000e-01 
1.761212000e+00 7.168667000e-02 2.029079000e-01 
2.071614000e+00 8.940051000e-02 4.957510000e-03 
1.158672000e+00 1.006842000e+00 8.127006000e-01 
1.360249000e+00 6.005876000e-02 1.185766000e+00 
2.713448000e+00 7.125943000e-04 2.569167000e-03 
2.620147000e+00 1.714216000e-03 2.656550000e-02 
1.946438000e+00 8.327809000e-03 6.814957000e-01 
1.256710000e-01 2.399369000e-02 1.795449000e+00 
3.946476000e-01 1.846332000e-01 1.609206000e+00 
1.180339000e-01 1.220484000e+00 1.120370000e+00 
1.154882000e-01 1.596339000e+00 6.162820000e-01 
7.856155000e-01 1.684944000e-01 1.437817000e+00 
2.221769000e-02 2.253330000e+00 1.147826000e-02 
1.857226000e+00 8.464547000e-02 5.406146000e-02 
8.279141000e-01 7.804614000e-01 1.295711000e+00 
1.817071000e+00 8.098690000e-03 1.074152000e+00 
1.189846000e+00 1.278971000e+00 2.885402000e-03 
1.469088000e-02 3.540879000e-01 1.655918000e+00 
2.384699000e+00 1.159148000e-01 7.330270000e-04 
9.862281000e-01 1.927535000e-02 1.529052000e+00 
1.358008000e-02 2.421997000e+00 7.378438000e-03 
2.277416000e+00 1.868631000e-01 1.866354000e-03 
3.288768000e-01 1.757096000e-02 1.784743000e+00 
1.825495000e+00 3.641626000e-02 7.574212000e-01 
1.716552000e+00 1.496897000e+00 6.798252000e-04 
3.956753000e-02 1.383731000e+00 1.013518000e+00 
1.161984000e-02 1.617893000e+00 7.037443000e-01 
1.157033000e+00 1.069285000e+00 8.349097000e-01 
1.550492000e+00 2.655275000e-01 6.853476000e-01 
2.583875000e-02 2.114078000e+00 3.609520000e-02 
7.406624000e-01 8.254276000e-01 1.472820000e+00 
1.504781000e+00 1.499520000e+00 1.714949000e-03 
2.927040000e-02 2.015271000e+00 1.722249000e-02 
2.409042000e-01 1.142719000e+00 1.278187000e+00 
5.656830000e-01 5.515111000e-01 1.580620000e+00 
1.336671000e-01 1.626823000e+00 6.071730000e-01 
1.605116000e+00 4.398238000e-02 6.620209000e-01 
1.166140000e+00 1.137912000e+00 1.854604000e-01 
2.229055000e-02 1.584208000e+00 1.166392000e+00 
2.133033000e+00 1.183304000e-03 4.849526000e-02 
1.116143000e+00 1.664957000e+00 3.262956000e-03 
1.271785000e-01 1.922927000e+00 3.657889000e-03 
1.108605000e+00 1.302694000e+00 7.916418000e-01 
2.136655000e+00 1.187572000e-02 9.920069000e-03 
1.182019000e+00 1.079731000e-01 1.339079000e+00 
4.106012000e-02 5.471855000e-03 1.899297000e+00 
7.075361000e-02 1.734740000e+00 2.091699000e-01 
1.584749000e+00 8.141146000e-01 3.929359000e-02 
5.101432000e-04 7.479508000e-05 1.934879000e+00 
3.349844000e-04 2.192214000e-03 1.919607000e+00 
9.123835000e-02 1.649641000e+00 2.198210000e-02 
6.924328000e-02 1.222371000e+00 1.291752000e+00 
9.308777000e-03 1.023509000e+00 1.353216000e+00 
1.192177000e+00 3.856660000e-03 1.190886000e+00 
1.331070000e-02 1.078972000e+00 1.337527000e+00 
1.531570000e+00 3.053125000e-01 7.423332000e-01 
1.664101000e+00 6.524076000e-01 2.122866000e-02 
1.540069000e+00 3.242377000e-02 1.131658000e+00 
1.301300000e+00 1.218344000e-01 1.177160000e+00 
9.871759000e-01 2.336583000e-02 1.466671000e+00 
9.337164000e-04 3.332063000e-02 1.694322000e+00 
5.035955000e-02 1.792295000e+00 6.106996000e-03 
1.132680000e-01 1.266009000e-01 1.668479000e+00 
1.818258000e+00 7.420749000e-02 2.017364000e-01 
2.705280000e-05 1.032185000e-02 1.979555000e+00 
1.301420000e-02 3.598178000e-01 1.667258000e+00 
1.118858000e+00 2.304058000e-03 1.353355000e+00 
1.116619000e+00 8.059752000e-03 1.619904000e+00 
1.530590000e+00 6.396342000e-01 2.485735000e-01 

5.296693000e-02 1.889795000e+00 3.656916000e-03 
1.734200000e-03 4.327260000e+00 1.105321000e+00 
1.387871000e-01 1.858576000e+00 8.866917000e-03 
1.842047000e+00 1.093166000e+00 2.557182000e-02 
7.804781000e-01 8.388904000e-01 1.429829000e+00 
1.046320000e+00 8.164439000e-01 1.277077000e+00 
1.838868000e+00 2.659167000e-01 3.700505000e-02 
1.381239000e+00 1.022277000e+00 9.066062000e-01 
8.849747000e-04 3.010764000e-02 1.852675000e+00 
2.026587000e+00 6.467259000e-02 1.444474000e-02 
9.793537000e-02 1.792209000e+00 4.229905000e-01 
1.709249000e+00 2.074856000e-01 1.063969000e-01 
3.291405000e-03 2.054782000e+00 1.122505000e-01 
6.728894000e-05 7.068979000e-06 9.406206000e+00 
1.422842000e+00 9.652223000e-01 9.022493000e-01 
1.970682000e+00 2.731536000e-02 1.998855000e-02 
6.055669000e-01 7.145377000e-01 1.556038000e+00 
4.183445000e-02 9.987662000e-01 1.565799000e+00 
8.690373000e-04 6.723563000e+00 1.404192000e+00 
1.325392000e+00 1.282165000e+00 3.068979000e-01 
6.926961000e-02 1.683610000e+00 8.211792000e-01 
1.117963000e-02 1.321252000e+00 1.465345000e+00 
3.037059000e+00 5.065535000e-02 8.913780000e-03 
4.405630000e-05 4.348140000e-04 6.880289000e+00 
1.457025000e-01 1.138790000e+00 1.503158000e+00 
1.313760000e+00 8.975435000e-03 1.747143000e+00 
3.283314000e-02 1.585217000e+00 9.168358000e-01 
2.642776000e+00 3.416526000e-04 1.745770000e-02 
1.596581000e+00 5.412288000e-02 7.619835000e-01 
1.530680000e+00 1.162621000e+00 7.866415000e-02 
1.041566000e-02 2.316106000e-04 3.172374000e+00 
4.721610000e-03 1.697505000e+00 9.743036000e-01 
1.101096000e+00 1.376045000e-01 1.421813000e+00 
1.465281000e+00 1.172343000e+00 4.857833000e-02 
1.114697000e+00 1.347594000e+00 1.072022000e-01 
1.022023000e+00 9.944940000e-03 1.640740000e+00 
1.516262000e+00 1.227103000e+00 2.341217000e-03 
9.314460000e-01 1.284029000e+00 8.585406000e-01 
1.609104000e-02 1.357343000e-03 1.919744000e+00 
1.730412000e+00 2.895599000e-02 9.194204000e-01 
1.382697000e-01 1.144977000e+00 1.432604000e+00 
9.433570000e-01 8.632072000e-01 1.144525000e+00 
5.962630000e-02 1.446457000e+00 1.183738000e+00 
3.227920000e+00 4.560939000e-02 7.926703000e-03 
9.910127000e-03 7.267896000e-04 5.347439000e+00 
1.845383000e+00 1.675504000e-02 1.381207000e-01 
1.059061000e-02 2.171027000e+00 2.553769000e-02 
1.784967000e+00 1.313616000e-02 9.088710000e-01 
6.366850000e-01 7.462769000e-01 1.457120000e+00 
2.660243000e-02 9.619227000e-04 2.028294000e+00 
2.592971000e+00 3.579506000e-01 1.556154000e-03 
1.388036000e+00 1.198618000e+00 8.403968000e-02 
1.966768000e+00 6.517772000e-02 1.753515000e-02 
6.835656000e-02 1.652240000e+00 8.697796000e-01 
1.258666000e+00 1.800431000e+00 3.265459000e-03 
1.351191000e+00 8.939233000e-01 9.269079000e-01 
2.144918000e-01 1.701248000e+00 5.600588000e-02 
3.685493000e+00 6.360931000e-01 1.481823000e-03 
1.551096000e+00 8.495061000e-01 9.383317000e-01 
1.170990000e+00 1.051052000e-02 1.464875000e+00 
1.953761000e+00 2.125025000e-01 2.144780000e-02 
5.125150000e+00 1.453113000e-01 1.721991000e-03 
1.807760000e-02 1.884721000e+00 9.070249000e-01 
1.151227000e-01 1.172286000e+00 1.511856000e+00 
1.069902000e+00 7.595183000e-01 1.165174000e+00 
3.831836000e+00 5.706684000e-01 1.492431000e-03 
2.097342000e-01 2.293486000e+00 7.940680000e-04 
1.777585000e+00 3.355351000e-02 3.775320000e-02 
1.327923000e+00 1.494968000e+00 8.256051000e-03 
1.262858000e+00 9.684166000e-01 9.153410000e-01 
1.246096000e-01 1.621768000e+00 9.035449000e-01 
9.793159000e-04 2.188255000e-02 1.888596000e+00 
1.792068000e+00 1.762077000e+00 2.171771000e-03 
2.429105000e-03 3.038817000e+00 1.668011000e+00 
1.972964000e-05 8.817257000e-04 2.096404000e+00 
4.822974000e-02 1.206206000e+00 1.500334000e+00 
1.522738000e-01 2.040974000e+00 2.476275000e-03 
5.891039000e-02 1.692842000e+00 8.867983000e-01 
1.735431000e+00 4.523530000e-04 9.637471000e-01 
6.626943000e-02 1.622189000e+00 8.914285000e-01 
1.416655000e-02 1.024815000e-02 1.949560000e+00 
1.886229000e-01 1.809639000e+00 3.658610000e-01 
3.373330000e+00 1.458618000e-01 6.438418000e-03 
1.071677000e-01 1.202785000e+00 1.458312000e+00 
2.124999000e+00 1.025881000e-03 9.803959000e-03 
8.606566000e-02 1.417492000e+00 1.148421000e+00 
7.920564000e-01 7.053902000e-01 1.596632000e+00 
3.226826000e-02 1.916841000e+00 4.740887000e-02 
2.102937000e-04 4.482849000e-03 2.030016000e+00 
1.661300000e+00 1.006596000e+00 5.620205000e-02 
1.420525000e+00 8.191315000e-04 1.229394000e+00 
1.606494000e+00 5.088190000e-02 8.930720000e-01 
1.657851000e+00 1.034115000e+00 1.448829000e-01 
1.629089000e+00 5.388340000e-02 8.744694000e-01 
1.239147000e+00 1.268636000e+00 8.769387000e-01 
2.555254000e-02 2.795424000e-03 1.909907000e+00 
5.190467000e-02 1.818707000e+00 1.309354000e-01 
2.582638000e+00 3.557591000e-01 2.742161000e-03 
1.741270000e-02 1.858671000e+00 9.443800000e-01 
3.223147000e-02 2.702693000e-04 1.869133000e+00 
1.884966000e-01 2.114541000e+00 1.708224000e-03 
1.228445000e+00 1.422130000e+00 3.622659000e-02 
2.059629000e-02 9.740032000e-01 1.644480000e+00 
8.113820000e-01 5.304152000e-01 1.597068000e+00 
1.222032000e+00 9.718456000e-01 9.133216000e-01 
7.546063000e-01 8.693273000e-01 1.380724000e+00 
1.417400000e-01 1.698823000e+00 8.062388000e-01 
7.351267000e-02 1.819658000e+00 9.407520000e-03 
1.320123000e+00 1.605598000e-01 1.279104000e+00 
3.972272000e-02 2.195443000e+00 2.528520000e-02 
2.667930000e-02 1.633705000e-04 2.256569000e+00 
1.648026000e+00 1.222395000e+00 7.168573000e-03 
1.025396000e+00 1.600945000e-02 1.595297000e+00 
1.534595000e+00 1.213076000e+00 4.065552000e-02 
2.066415000e+00 9.358434000e-02 9.580999000e-03 
1.982770000e-02 1.249292000e+00 1.232015000e+00 
2.745225000e-02 9.957754000e-01 1.612895000e+00 
1.390616000e+00 4.607823000e-02 1.204250000e+00 
9.348533000e-01 2.813073000e-02 1.436439000e+00 
1.117999000e+00 1.281564000e+00 9.751253000e-01 
7.064146000e-03 1.680033000e+00 9.642491000e-01 
1.722355000e+00 3.181741000e-02 4.815851000e-02 
1.610186000e+00 2.962856000e-02 9.082132000e-01 
1.070317000e-01 9.888836000e-01 1.625797000e+00 
1.938356000e+00 1.124684000e-02 8.168324000e-01 
8.463864000e-01 9.674470000e-01 1.233194000e+00 
4.290283000e-03 2.309483000e+00 4.442636000e-03 
1.359783000e+00 2.715627000e-02 1.312839000e+00 
2.091397000e+00 6.694331000e-03 7.315710000e-02 
1.667136000e-01 1.400862000e+00 1.069156000e+00 
8.065599000e-01 7.476182000e-01 1.432058000e+00 
6.437270000e-01 7.277499000e-01 1.441084000e+00 
1.552035000e+00 6.749647000e-02 9.143282000e-01 
1.219288000e+00 1.319774000e+00 4.959829000e-02 
1.406308000e+00 7.213412000e-02 1.094452000e+00 
1.450879000e+00 1.078469000e+00 1.117869000e-01 
1.883295000e+00 1.098863000e-02 8.673440000e-01 
1.317487000e+00 1.446852000e+00 1.888909000e-02 
8.529385000e-01 9.782422000e-01 1.177035000e+00 
1.588107000e-02 1.985308000e+00 5.083400000e-02 
1.363463000e+00 1.162143000e+00 1.206279000e-01 
7.584443000e-02 6.467934000e-03 1.775094000e+00 
2.074302000e+00 1.520724000e-01 3.635694000e-03 
1.223837000e+00 9.576740000e-01 1.123502000e+00 
4.443767000e-02 1.642486000e+00 8.957686000e-01 
8.074843000e-02 1.815617000e+00 4.261488000e-01 
1.425366000e+00 9.459618000e-01 9.001659000e-01 

