4.237016000e+00 1.068727000e+00 7.687917000e-04 
6.111618000e+00 8.736856000e-03 5.188545000e-02 
2.934412000e+00 4.272487000e-02 1.321993000e-01 
1.193486000e-01 1.096777000e-02 2.788177000e+00 
3.598171000e+00 1.092871000e-02 3.744728000e-01 
2.053581000e+00 1.802514000e+00 9.282573000e-02 
2.340396000e+00 1.271002000e-02 1.970302000e+00 
8.698247000e-03 2.331937000e+00 9.279037000e-01 
2.572464000e+00 2.631025000e-03 3.201699000e+00 
2.707203000e+00 7.943520000e-02 1.182660000e-01 
2.583814000e+00 4.718730000e-02 1.043707000e+00 
4.692851000e+00 3.957313000e-02 1.698895000e-02 
2.814785000e+00 2.141156000e-01 8.475178000e-03 
2.330294000e-01 1.634701000e+00 2.183202000e+00 
4.249685000e+00 1.231292000e-02 3.323610000e-02 
3.029395000e+00 2.048490000e-02 3.464369000e-02 
3.962420000e-02 2.654397000e+00 4.130548000e-01 
2.256661000e+00 1.960629000e+00 6.994589000e-03 
7.303083000e-03 2.706835000e+00 2.149014000e+00 
3.827920000e+00 1.077188000e-02 3.818366000e-01 
8.626308000e-04 3.540698000e-01 3.249177000e+00 
1.422203000e-02 3.502019000e+00 3.560016000e-02 
6.691511000e+00 5.921347000e-03 1.166074000e-01 
2.875482000e+00 8.547552000e-02 8.749975000e-03 
2.727213000e+00 3.920675000e-03 8.098503000e-01 
7.731343000e-02 1.390762000e-02 2.775587000e+00 
5.881397000e+00 5.104998000e-03 1.265972000e-01 
1.419448000e-02 2.293315000e+00 2.302872000e+00 
2.871213000e+00 2.252309000e+00 3.328117000e-03 
1.967716000e+00 8.373448000e-02 2.306701000e+00 
2.745265000e+00 5.651628000e-02 1.823046000e-01 
4.149255000e+00 7.576763000e-03 5.393103000e-01 
3.751033000e-03 2.883311000e-02 2.815815000e+00 
5.253945000e+00 3.367161000e-01 8.357507000e-04 
3.029119000e+00 2.275353000e-02 1.431730000e-01 
1.162831000e-02 3.011909000e+00 6.234349000e-02 
1.391292000e+00 3.669042000e-03 2.361458000e+00 
9.835792000e-02 4.874207000e-04 3.364255000e+00 
3.266663000e+00 1.966490000e+00 3.708297000e-03 
1.445968000e+00 2.819476000e+00 7.081718000e-04 
2.242318000e+00 7.538856000e-01 2.086628000e-01 
2.634331000e+00 1.211600000e-01 4.454827000e-02 
2.307663000e-02 2.809472000e+00 5.789809000e-02 
1.038796000e-01 4.942421000e+00 4.928849000e-06 
2.207999000e+00 1.579999000e+00 6.735915000e-02 
2.537210000e+00 4.439486000e-01 2.355899000e-02 
3.703568000e+00 1.113963000e-02 2.323199000e-01 
6.204741000e-03 1.760967000e+00 2.350446000e+00 
3.440289000e+00 1.127001000e-01 2.908069000e-03 
2.022239000e+00 1.809132000e+00 1.160645000e-02 
6.053257000e-03 2.715435000e-04 7.494658000e+00 
2.743166000e-02 3.006341000e+00 1.470656000e-03 
6.695975000e-02 4.738592000e-03 3.390382000e+00 
2.101234000e+00 9.383837000e-02 1.790397000e+00 
2.148456000e-03 4.756885000e+00 8.498217000e-02 
2.536397000e-01 2.355764000e+00 4.435279000e-01 
2.102416000e-02 2.290622000e+00 2.123177000e+00 
4.507595000e+00 1.110547000e-02 1.683091000e-01 
2.273983000e-02 2.896651000e+00 8.863628000e-01 
9.214207000e-02 1.331999000e+00 2.229477000e+00 
1.256017000e-01 4.510314000e+00 6.052033000e-04 
3.671164000e-02 1.878118000e+00 1.889711000e+00 
9.795887000e-03 1.476095000e-02 3.500604000e+00 
8.168037000e-03 6.114816000e+00 5.116005000e-02 
1.922727000e-01 1.707458000e-01 2.484256000e+00 
3.039465000e-01 2.271036000e+00 1.334512000e+00 
1.215657000e+00 2.516694000e+00 1.936077000e-01 
8.601791000e-06 4.096035000e-04 4.025180000e+00 
1.869979000e+00 2.108556000e+00 1.136507000e+00 
1.147055000e+00 2.534716000e+00 1.743135000e-01 
3.673959000e-03 2.464360000e-01 2.708335000e+00 
1.338335000e+00 1.083456000e+00 2.047403000e+00 
5.111549000e+00 4.437047000e-03 2.552760000e-01 
3.604252000e+00 1.901653000e-02 7.932898000e-02 
1.078777000e-01 3.162074000e-03 3.226397000e+00 
4.340624000e+00 4.051451000e-03 4.536814000e-01 
1.973858000e+00 2.275964000e+00 1.299613000e-01 
3.659685000e+00 2.135254000e+00 8.304575000e-04 
2.729574000e+00 4.411641000e-02 7.661577000e-01 
3.750170000e-02 1.776275000e+00 1.742983000e+00 
1.294748000e-02 9.407940000e-02 2.657310000e+00 
4.228123000e-01 2.340706000e+00 8.990844000e-01 
2.083980000e+00 1.750839000e+00 1.323193000e-01 
7.263730000e-01 1.581766000e+00 2.185863000e+00 
2.454911000e+00 3.583369000e-02 1.936071000e+00 
2.312042000e+00 4.033419000e-02 1.780814000e+00 
9.494898000e-02 3.955793000e-04 3.441126000e+00 
5.292731000e-03 1.276856000e+00 2.686006000e+00 
2.579490000e-03 2.622931000e-01 3.957865000e+00 
1.496907000e+00 1.644117000e+00 1.972377000e+00 
2.146211000e+00 6.252404000e-02 1.796562000e+00 
3.121280000e-01 1.311743000e+00 2.244175000e+00 
1.667712000e+00 4.952103000e-01 1.985349000e+00 
3.065218000e-01 7.644337000e-03 2.899678000e+00 
4.137811000e-02 2.623987000e+00 5.620692000e-02 
2.665799000e+00 2.384399000e-01 3.426968000e-02 
1.317863000e+00 2.869218000e+00 1.606038000e-03 
2.663734000e+00 8.029687000e-02 9.791537000e-02 
5.323714000e+00 9.740572000e-03 1.482875000e-01 
2.186965000e-01 1.292721000e-02 2.608619000e+00 
2.938272000e+00 4.224215000e-02 6.099271000e-02 
1.294225000e+00 2.620997000e+00 2.487567000e-02 
5.178665000e+00 3.398445000e-02 3.304176000e-02 
1.698587000e+00 2.470876000e-01 1.906856000e+00 
1.688364000e+00 3.397004000e-01 1.862030000e+00 
2.761220000e+00 8.051340000e-02 5.353053000e-02 
2.378816000e+00 5.202334000e-01 6.872573000e-01 
2.402505000e-01 2.171781000e+00 1.531173000e+00 
3.127303000e-03 2.403402000e-02 2.958119000e+00 
1.275403000e+00 2.288578000e+00 7.414226000e-01 
1.231507000e+00 2.683286000e+00 1.115910000e-02 
2.293397000e+00 4.415699000e-02 1.882531000e+00 
1.316259000e+00 2.313495000e+00 2.062804000e-01 
2.868453000e+00 1.276911000e-01 2.201467000e-02 
2.186965000e-01 1.292721000e-02 2.608619000e+00 
2.186965000e-01 1.292721000e-02 2.608619000e+00 
1.887840000e+00 1.758280000e+00 1.477191000e-01 
2.537869000e+00 1.079179000e-01 7.911726000e-02 
6.177436000e-02 2.585988000e+00 3.151918000e-02 
1.788800000e+00 2.393024000e-01 2.032817000e+00 
2.038319000e+00 1.578555000e+00 2.041143000e-01 
1.077643000e+00 2.419761000e+00 2.272506000e-01 
2.034589000e+00 6.739414000e-02 1.909563000e+00 
2.292872000e+00 5.233214000e-01 1.633133000e+00 
1.093612000e+00 2.372097000e-01 2.376064000e+00 
2.218131000e-02 2.356934000e-01 2.417805000e+00 
1.804938000e-01 2.281673000e-02 2.489446000e+00 
2.549438000e+00 1.258390000e-01 6.964112000e-02 

4.456280000e-01 2.947893000e+00 2.187359000e-02 
2.095378000e+00 2.858939000e-01 1.782811000e+00 
2.260895000e-01 5.067178000e+00 5.246726000e-03 
2.512494000e+00 2.123549000e-01 1.187766000e-01 
1.207998000e-02 1.561259000e+00 2.031232000e+00 
2.276757000e+00 1.884216000e+00 1.171082000e-01 
1.486325000e+00 2.082137000e-01 2.275561000e+00 
2.863670000e+00 5.292421000e-02 5.194330000e-02 
1.212172000e-02 5.165299000e+00 9.188977000e-02 
3.113140000e-03 1.013154000e-04 6.991614000e+00 
5.128660000e-02 3.367164000e+00 6.647888000e-03 
2.049181000e+00 1.182742000e-01 2.006773000e+00 
2.413469000e+00 7.933745000e-01 1.516230000e-01 
2.018663000e-01 1.639882000e+00 1.975226000e+00 
8.519537000e-02 3.293369000e+00 9.535077000e-03 
2.981916000e+00 4.571519000e-03 2.971734000e-01 
3.203772000e+00 9.975574000e-02 1.044638000e-02 
1.185196000e-02 3.174135000e+00 1.818722000e-01 
1.588366000e-02 3.344044000e+00 6.529846000e-02 
3.666266000e-01 3.082096000e+00 1.136160000e-02 
1.403901000e-01 2.030118000e+00 1.633317000e+00 
6.917000000e-02 6.972517000e-03 2.806745000e+00 
3.109438000e-02 2.457182000e-03 3.293295000e+00 
3.101788000e+00 4.549107000e-02 6.075292000e-02 
2.026939000e+00 2.978443000e-01 1.656408000e+00 
1.078295000e-03 2.476439000e-02 2.960965000e+00 
1.808738000e-03 6.032433000e+00 2.075215000e-01 
1.979053000e+00 7.574348000e-03 2.166039000e+00 
3.075376000e-03 3.476964000e-02 2.681090000e+00 
3.220637000e-03 5.546060000e+00 8.871765000e-02 
3.040115000e-01 3.077338000e+00 1.419588000e-02 
2.755796000e+00 4.467249000e-01 1.581122000e-03 
5.770043000e+00 2.744917000e-03 6.506082000e-01 
2.444121000e+00 3.111255000e-01 6.595757000e-02 
1.323264000e+00 2.460678000e+00 1.122322000e-01 
1.390280000e+00 2.990436000e-01 2.341103000e+00 
4.667247000e-02 5.569354000e-01 2.657417000e+00 
5.352780000e-02 2.853322000e+00 1.134573000e-01 
9.354105000e-02 1.590151000e+00 2.019342000e+00 
1.716430000e+00 1.412713000e+00 8.216844000e-01 
1.333808000e+00 2.118298000e+00 9.590045000e-02 
1.171230000e+00 2.675303000e+00 5.004438000e-02 
2.259505000e+00 5.377445000e-01 1.326510000e+00 
2.862047000e+00 9.574005000e-02 6.644003000e-02 
2.226521000e-03 1.967495000e+00 2.722463000e+00 
1.059508000e-01 1.994850000e-05 2.995915000e+00 
6.986812000e-02 1.586483000e-03 2.625528000e+00 
9.923677000e-02 3.595748000e-02 2.375686000e+00 
1.823721000e+00 3.000571000e-01 1.512930000e+00 
1.017996000e-04 5.627434000e-02 4.926456000e+00 
1.355618000e+00 2.430670000e+00 4.831960000e-02 
7.670433000e-05 5.809128000e-02 6.517648000e+00 
9.660421000e-04 9.179667000e-04 5.645097000e+00 
1.802118000e-01 2.507632000e+00 1.503733000e-01 
2.491227000e+00 5.883365000e-02 9.754891000e-01 
2.069712000e-02 3.100425000e-03 3.203752000e+00 
1.600276000e-02 1.845262000e+00 2.008420000e+00 
7.947653000e-03 8.793843000e-01 2.386018000e+00 
2.758944000e+00 1.404645000e-02 1.503682000e-01 
2.057494000e-02 2.236901000e+00 1.217740000e+00 
1.565059000e-03 2.100030000e-02 3.812441000e+00 
3.422014000e-02 3.730111000e+00 2.711691000e-02 
1.842868000e+00 7.019146000e-02 2.242292000e+00 
1.574775000e-01 7.595089000e+00 5.467950000e-04 
2.749898000e+00 2.674809000e-02 9.673755000e-01 
1.727999000e+00 1.904670000e+00 4.567994000e-03 
3.077303000e-01 3.103354000e+00 1.225033000e-02 
3.370631000e+00 1.048217000e-01 6.700688000e-03 
1.676008000e-03 6.127741000e+00 1.067854000e-01 
2.571471000e+00 2.822330000e+00 1.292631000e-03 
2.162420000e+00 2.155834000e-01 1.813143000e+00 
5.652266000e-02 2.697105000e+00 4.416916000e-02 
1.287146000e+00 2.187276000e+00 1.024272000e+00 
4.924804000e-02 2.942739000e+00 2.191814000e-02 
1.488698000e-03 3.649573000e+00 4.039208000e-01 
4.015876000e-01 8.377789000e-03 2.523837000e+00 
4.765419000e-01 2.942230000e+00 2.242909000e-02 
8.111145000e-03 4.265976000e+00 2.261610000e-01 
1.157765000e+00 8.676216000e-01 2.301957000e+00 
3.328967000e-01 3.083643000e+00 1.080451000e-03 
3.463113000e-02 3.177206000e-05 2.930280000e+00 
1.326480000e-02 3.790092000e-04 6.963523000e+00 
2.465915000e+00 8.269220000e-02 1.854380000e-01 
2.023819000e+00 1.689536000e-02 2.036624000e+00 
3.102926000e+00 1.483317000e-02 3.423355000e-02 
2.291687000e-01 3.264122000e+00 1.599408000e-02 
2.611232000e+00 3.044272000e-01 4.206828000e-02 
1.833496000e-01 2.468117000e+00 9.236569000e-02 
2.961541000e-02 1.035724000e-03 4.655670000e+00 
4.599679000e-02 1.819805000e+00 1.849559000e+00 
2.687969000e+00 7.084395000e-02 1.763584000e-01 
6.973617000e-03 5.258292000e+00 6.359635000e-02 
7.038171000e+00 2.157698000e-03 7.846820000e-02 
3.693869000e-02 3.484340000e+00 6.428011000e-02 
1.227443000e+00 2.237396000e+00 1.723932000e-01 
1.437898000e+00 5.564294000e-01 1.578484000e+00 
1.336138000e+00 1.567900000e+00 2.027492000e+00 
3.580878000e+00 2.942597000e-03 9.815645000e-02 
3.085120000e+00 4.307485000e-02 1.289575000e-01 
3.098032000e+00 5.719320000e-03 1.774776000e-01 
1.706126000e-02 3.148249000e-03 3.598776000e+00 
2.740090000e+00 1.303295000e-01 1.723200000e-01 
1.180998000e+00 1.361659000e+00 2.054449000e+00 
1.215298000e+00 2.651759000e+00 7.682317000e-02 
3.185174000e+00 8.343130000e-03 1.008462000e-01 
3.429230000e+00 4.972465000e-03 4.176825000e-02 
1.214884000e+00 2.810140000e+00 2.682548000e-02 
3.836071000e-01 3.393084000e+00 9.092289000e-04 
1.534254000e+00 1.762492000e-01 1.956345000e+00 
2.747397000e-01 2.248165000e-03 2.596695000e+00 
1.310188000e-02 1.921926000e+00 1.941355000e+00 
4.183356000e-02 1.331641000e+00 2.166832000e+00 
2.636894000e+00 3.104396000e-01 2.888625000e-03 

2.697017000e+00 6.698879000e-03 2.411556000e+00 
1.734200000e-03 4.327260000e+00 1.105321000e+00 
3.685946000e-01 2.418862000e+00 8.373585000e-02 
3.501896000e+00 3.292827000e-02 3.420684000e-02 
2.418750000e+00 3.686484000e-01 1.458635000e+00 
2.380764000e+00 3.771993000e-01 1.433348000e+00 
1.786762000e-02 3.002597000e+00 2.854043000e-01 
1.929614000e+00 1.496488000e+00 2.914807000e-01 
2.857710000e-02 1.293640000e-01 2.604809000e+00 
3.996346000e+00 5.089868000e-03 1.515998000e-01 
4.189853000e-02 2.745454000e+00 1.479699000e+00 
5.838854000e-02 2.391162000e+00 1.276491000e+00 
2.097693000e+00 2.816935000e+00 9.546390000e-03 
6.728894000e-05 7.068979000e-06 9.406206000e+00 
2.293976000e+00 2.472442000e+00 2.159536000e-02 
1.181493000e-03 4.757125000e-02 4.237633000e+00 
1.707954000e-02 2.968343000e+00 4.070634000e-01 
2.939616000e+00 7.267901000e-03 9.561885000e-02 
8.690373000e-04 6.723563000e+00 1.404192000e+00 
2.665664000e+00 4.444274000e-01 4.779114000e-02 
2.922913000e-02 2.847233000e+00 1.290304000e+00 
2.789998000e+00 3.491117000e-02 1.448060000e+00 
3.037059000e+00 5.065535000e-02 8.913780000e-03 
4.405630000e-05 4.348140000e-04 6.880289000e+00 
2.592460000e+00 1.266379000e-01 1.519214000e+00 
5.805229000e-03 2.172271000e+00 2.215239000e+00 
5.476019000e-02 2.669170000e+00 1.346543000e+00 
2.088634000e+00 4.432784000e-01 1.628623000e+00 
1.579577000e+00 2.088103000e+00 2.010367000e-01 
2.092462000e+00 3.468397000e-01 1.916387000e+00 
1.041566000e-02 2.316106000e-04 3.172374000e+00 
2.474027000e+00 2.123738000e+00 6.018549000e-02 
4.950591000e-02 2.867041000e+00 5.132445000e-02 
2.740591000e+00 5.170405000e-04 2.860212000e+00 
1.956430000e+00 1.110408000e+00 1.204143000e+00 
3.713919000e+00 1.557168000e-01 4.159014000e-03 
1.261618000e-03 8.068647000e-02 3.015346000e+00 
3.227948000e+00 4.272164000e-02 4.572155000e-02 
4.499369000e+00 4.367279000e-02 2.357154000e-02 
4.200991000e-01 2.834342000e+00 7.814911000e-03 
2.938902000e+00 1.770786000e-02 4.968204000e-02 
5.198558000e+00 2.953683000e-03 2.314288000e-01 
4.520529000e-02 2.989579000e+00 2.799269000e-01 
2.183720000e+00 1.772980000e+00 6.772883000e-02 
9.910127000e-03 7.267896000e-04 5.347439000e+00 
6.817031000e-02 3.632440000e+00 7.246823000e-03 
2.356608000e+00 2.231826000e+00 6.278575000e-03 
2.243272000e+00 1.640528000e+00 2.156465000e-01 
1.259001000e-03 1.251684000e-02 6.689770000e+00 
4.002629000e-01 2.575901000e+00 6.988896000e-02 
7.514086000e-01 1.555162000e+00 2.346032000e+00 
1.372991000e-02 4.937250000e-03 3.003204000e+00 
1.074947000e-01 2.508359000e+00 1.680650000e-01 
6.296822000e-03 2.176692000e+00 2.013833000e+00 
1.836356000e+00 1.797647000e+00 2.084358000e-01 
2.679758000e+00 1.863522000e+00 5.098405000e-03 
3.920796000e-01 2.686520000e+00 1.132065000e-02 
3.685493000e+00 6.360931000e-01 1.481823000e-03 
1.638053000e+00 1.300768000e+00 1.351653000e+00 
6.421112000e-01 3.907040000e+00 5.658671000e-03 
1.175218000e-02 3.287053000e+00 3.722902000e-01 
5.125150000e+00 1.453113000e-01 1.721991000e-03 
4.046704000e+00 4.703816000e-03 1.770397000e-01 
1.341603000e-03 5.994762000e-03 3.576756000e+00 
7.015713000e-01 3.692152000e+00 1.943611000e-03 
3.831836000e+00 5.706684000e-01 1.492431000e-03 
2.099447000e-03 9.674342000e-03 2.657439000e+00 
4.742364000e-02 2.929511000e+00 1.712084000e-01 
2.941139000e+00 5.178858000e-01 2.473686000e-03 
1.245673000e+00 1.725999000e+00 2.033714000e+00 
4.513218000e-03 4.957178000e+00 9.272922000e-01 
1.823588000e+00 2.068283000e+00 1.496258000e-01 
1.118037000e-01 2.239066000e+00 1.323514000e+00 
2.429105000e-03 3.038817000e+00 1.668011000e+00 
2.208470000e+00 5.386026000e-01 1.563840000e+00 
1.780779000e-02 1.993998000e+00 1.935001000e+00 
2.595254000e-01 5.161715000e+00 6.235200000e-03 
2.332363000e-01 2.191163000e+00 1.353165000e+00 
2.507030000e+00 2.400741000e-01 1.113969000e+00 
2.633574000e+00 1.145288000e-02 2.295778000e+00 
3.517980000e+00 7.010040000e-02 8.751473000e-03 
4.500713000e-01 1.746668000e+00 1.790261000e+00 
3.373330000e+00 1.458618000e-01 6.438418000e-03 
1.559993000e-02 2.324798000e+00 1.521271000e+00 
5.581748000e-03 2.596228000e-01 2.553183000e+00 
2.996953000e+00 3.307621000e-01 1.722200000e-02 
1.824004000e+00 1.877559000e+00 1.747579000e-01 
4.143984000e-02 3.237338000e+00 2.357811000e-01 
2.421574000e+00 1.392220000e-02 2.312939000e+00 
1.354681000e-02 2.073437000e+00 1.941719000e+00 
2.847687000e+00 7.048736000e-02 3.745564000e-02 
1.254255000e-01 4.109151000e+00 7.099892000e-03 
5.759351000e-03 2.362008000e+00 2.172421000e+00 
2.771132000e+00 3.403594000e-03 1.925301000e+00 
2.666245000e+00 7.671213000e-02 2.024965000e-02 
2.442029000e+00 2.837558000e-01 1.579497000e+00 
8.549549000e-01 2.938923000e+00 3.450112000e-03 
2.068492000e+00 2.167144000e+00 3.367580000e-02 
1.973871000e+00 1.932268000e+00 8.013721000e-02 
1.903061000e-02 3.256699000e+00 9.366391000e-03 
7.598258000e-02 2.994111000e+00 4.633853000e-02 
2.552107000e+00 2.084325000e-01 1.545995000e+00 
1.683643000e-01 1.830385000e+00 2.178701000e+00 
1.631321000e-01 2.200363000e+00 1.223594000e+00 
2.982394000e-04 5.044173000e-02 3.020853000e+00 
1.728944000e+00 1.131740000e+00 1.593936000e+00 
1.364530000e+00 1.743446000e+00 1.916534000e+00 
2.560610000e+00 6.562894000e-01 6.791186000e-02 
2.861147000e+00 4.293637000e-02 3.959452000e-01 
2.120039000e+00 2.422640000e-02 1.662285000e+00 
1.415137000e+00 1.254067000e+00 1.674510000e+00 
2.373757000e-01 3.154935000e+00 4.094480000e-02 
2.936725000e-02 1.889585000e+00 1.665264000e+00 
7.107639000e-02 2.829979000e+00 1.919165000e-01 
1.475499000e-01 1.833083000e+00 2.171297000e+00 
2.338814000e+00 4.442423000e-01 1.508119000e+00 
1.678822000e+00 2.219305000e+00 6.875620000e-02 
1.951634000e+00 1.003546000e-01 2.002169000e+00 
1.132703000e-01 2.207740000e+00 1.360052000e+00 
7.294801000e-03 3.289344000e+00 6.462675000e-02 
1.559639000e-02 2.324460000e+00 1.530806000e+00 
1.865960000e+00 2.988246000e-01 2.343938000e+00 
2.655440000e+00 1.791216000e+00 5.996379000e-03 
2.342414000e+00 4.052970000e-01 1.412584000e+00 
1.767970000e+00 2.082705000e+00 1.002364000e-01 
1.403635000e+00 1.546310000e+00 1.256016000e+00 
1.007423000e-01 2.842337000e+00 1.310386000e-01 

