9.422434000e-01 1.990677000e-01 1.544963000e+00 
8.975901000e-03 2.475234000e+00 2.357114000e-02 
3.553999000e-02 2.229967000e+00 1.464677000e-02 
2.110512000e-01 2.073259000e+00 1.314003000e-03 
2.139267000e+00 4.859401000e-04 3.724379000e-02 
5.846874000e-01 1.208024000e+00 1.218289000e+00 
1.183498000e+00 1.621716000e-01 1.529076000e+00 
2.524869000e+00 2.181682000e-01 5.314794000e-03 
1.062803000e+00 1.842738000e-02 1.649467000e+00 
1.225316000e-01 1.968276000e+00 1.879856000e-01 
1.037584000e+00 1.511134000e+00 7.742641000e-01 
1.954452000e-01 1.851824000e+00 9.289446000e-03 
6.152956000e-02 2.073121000e+00 2.988302000e-02 
7.798808000e-01 1.830355000e+00 8.835003000e-02 
2.627756000e-01 1.661856000e+00 7.908480000e-01 
2.172001000e+00 1.720181000e-04 5.117152000e-02 
9.029893000e-01 2.866294000e-01 1.514472000e+00 
1.790259000e+00 1.693381000e-01 7.164052000e-01 
1.305746000e+00 1.908843000e+00 3.997534000e-03 
1.200868000e+00 1.182803000e-01 1.464601000e+00 
4.383787000e-04 1.134691000e+00 1.741063000e+00 
1.460882000e+00 1.190954000e+00 4.595483000e-02 
3.004586000e-03 1.070546000e+00 1.944437000e+00 
1.304524000e+00 4.786879000e-01 1.362214000e+00 
1.283922000e-02 1.330176000e+00 1.630460000e+00 
2.004620000e-02 4.708349000e-02 1.861132000e+00 
1.500240000e-02 2.470125000e+00 3.517924000e-03 
7.402931000e-04 2.162183000e+00 3.947870000e-02 
1.004411000e-01 6.268722000e-01 1.802146000e+00 
1.234098000e+00 3.937440000e-03 1.947799000e+00 
2.419824000e-01 1.484448000e+00 1.168404000e+00 
1.328168000e+00 1.293226000e-01 1.126352000e+00 
4.285357000e-02 2.196006000e+00 1.482614000e-02 
6.549717000e-02 2.014363000e+00 9.750781000e-03 
7.598437000e-02 1.060452000e+00 1.512917000e+00 
1.740259000e+00 2.832574000e-01 8.257058000e-01 
1.036303000e+00 9.419464000e-01 1.387620000e+00 
7.762762000e-02 2.318696000e+00 5.397774000e-03 
1.046398000e-02 2.597583000e+00 2.093876000e-02 
1.445968000e+00 2.819476000e+00 7.081718000e-04 
2.174432000e+00 1.925786000e-02 1.446758000e-02 
1.377266000e+00 9.037435000e-01 8.283532000e-01 
4.816552000e-05 3.908182000e-04 2.046646000e+00 
1.038796000e-01 4.942421000e+00 4.928849000e-06 
2.287853000e+00 1.584756000e-01 5.529923000e-03 
9.087510000e-01 1.365266000e-01 1.631171000e+00 
2.034530000e+00 5.304966000e-02 7.676405000e-03 
5.645513000e-02 9.235431000e-01 1.653682000e+00 
3.440289000e+00 1.127001000e-01 2.908069000e-03 
1.025919000e-02 6.923903000e-05 2.733046000e+00 
6.053257000e-03 2.715435000e-04 7.494658000e+00 
2.743166000e-02 3.006341000e+00 1.470656000e-03 
1.893270000e+00 5.019826000e-02 2.793647000e-02 
8.804034000e-03 2.320028000e-02 2.041963000e+00 
1.914965000e-01 2.121952000e+00 9.530860000e-03 
7.084821000e-03 1.352042000e+00 1.647982000e+00 
2.931517000e-02 2.262517000e+00 1.003029000e-02 
8.823451000e-01 6.890279000e-01 1.538240000e+00 
3.646939000e-01 2.057212000e+00 7.866362000e-03 
9.518717000e-01 1.754738000e-01 1.546849000e+00 
1.256017000e-01 4.510314000e+00 6.052033000e-04 
1.014216000e+00 9.648278000e-01 1.274711000e+00 
9.213938000e-01 4.695292000e-03 1.741223000e+00 
9.221276000e-01 1.616237000e+00 6.399342000e-02 
1.381877000e+00 1.401989000e+00 8.960076000e-02 
1.859474000e+00 2.330302000e-01 9.354811000e-03 
2.516726000e+00 1.267954000e-02 7.219581000e-03 
8.601791000e-06 4.096035000e-04 4.025180000e+00 
2.008716000e+00 3.440694000e-01 4.243244000e-04 
1.335639000e+00 1.207735000e-02 1.196017000e+00 
1.915943000e-01 1.978083000e+00 1.349530000e-02 
1.005590000e-01 1.672017000e-02 1.976229000e+00 
9.324742000e-03 1.308170000e+00 1.666359000e+00 
1.993436000e+00 4.310045000e-02 2.971868000e-02 
2.509037000e-01 2.439753000e-02 1.728471000e+00 
1.573974000e+00 1.034163000e+00 6.498883000e-03 
1.033419000e+00 1.557892000e+00 7.897432000e-01 
1.078324000e+00 3.597325000e-01 1.506273000e+00 
8.011301000e-02 1.419619000e+00 1.241874000e+00 
1.960955000e-01 1.527357000e+00 1.139921000e+00 
1.253893000e-02 2.937532000e+00 8.180541000e-03 
8.128073000e-02 1.972015000e+00 2.231617000e-02 
1.175698000e+00 1.998004000e+00 5.258170000e-03 
1.484604000e+00 1.258261000e+00 8.234536000e-03 
2.232855000e-02 2.156165000e+00 1.192404000e-01 
4.057868000e-02 2.112676000e+00 3.007443000e-02 
1.995725000e+00 4.755070000e-01 6.527120000e-04 
1.390242000e+00 1.845308000e-01 1.077073000e+00 
1.028323000e+00 1.776663000e+00 5.216646000e-02 
1.869074000e+00 3.780731000e-02 1.842594000e-01 
7.588016000e-03 1.305545000e+00 1.673208000e+00 
5.843462000e-03 7.034434000e-01 1.934822000e+00 
1.755755000e+00 2.157437000e-01 7.425022000e-01 
2.821513000e+00 1.836126000e-01 2.272096000e-04 
1.422200000e+00 1.213454000e+00 8.865693000e-03 
1.948356000e-02 2.166908000e+00 1.863226000e-02 
8.379747000e-02 1.386073000e+00 1.210365000e+00 
1.818224000e+00 1.034324000e-01 2.352221000e-02 
7.832918000e-02 2.179811000e+00 3.513521000e-03 
3.744489000e-03 3.509052000e-02 1.983121000e+00 
3.804532000e-02 2.035405000e+00 9.837852000e-02 
1.117211000e-02 1.839893000e-01 1.849601000e+00 
1.713444000e+00 7.155502000e-01 6.899723000e-01 
1.992386000e-02 1.087397000e+00 1.424203000e+00 
2.239582000e-01 3.480131000e-02 1.913728000e+00 
2.161650000e+00 1.070643000e-02 1.611116000e-02 
2.037396000e+00 1.414172000e-02 1.988232000e-01 
6.697623000e-03 6.876628000e-01 1.797576000e+00 
1.929393000e+00 3.298629000e-01 5.957805000e-03 
1.214591000e+00 1.023309000e+00 1.027095000e+00 
1.090095000e+00 1.595824000e+00 1.399714000e-02 
7.594826000e-01 1.638438000e+00 1.084847000e-01 
6.404550000e-01 5.773321000e-01 1.628147000e+00 
7.491159000e-01 1.140539000e+00 1.168490000e+00 
1.081563000e+00 1.744609000e+00 1.017109000e-02 
1.323358000e+00 1.273065000e+00 7.148964000e-01 
1.398454000e-01 1.572720000e+00 1.129195000e+00 
8.217174000e-01 7.440162000e-01 1.418241000e+00 
3.691473000e-03 1.902737000e+00 4.512004000e-01 

5.458572000e-02 3.500152000e-04 2.348870000e+00 
1.401713000e+00 1.402207000e+00 3.113542000e-02 
6.924328000e-02 1.222371000e+00 1.291752000e+00 
3.075318000e-01 1.803926000e+00 8.323516000e-02 
1.540970000e+00 1.319071000e+00 3.047702000e-02 
7.433730000e-02 1.656754000e+00 9.365869000e-01 
1.048640000e-01 1.543987000e-02 1.865185000e+00 
1.331954000e+00 1.305424000e-03 1.342233000e+00 
1.143089000e+00 1.114247000e+00 1.855374000e-01 
3.113140000e-03 1.013154000e-04 6.991614000e+00 
8.566302000e-01 1.515087000e-01 1.765532000e+00 
1.538355000e+00 1.655933000e-01 1.160105000e+00 
1.786714000e-02 1.338428000e+00 1.355735000e+00 
2.002712000e+00 1.353346000e-02 2.579834000e-02 
1.597549000e+00 1.097475000e-01 1.219944000e+00 
3.098821000e-02 1.477612000e+00 1.157954000e+00 
1.715983000e-02 2.350865000e+00 1.021514000e-03 
1.391564000e+00 1.206207000e+00 1.291027000e-01 
7.143076000e-02 2.380718000e+00 8.170179000e-04 
2.142151000e+00 2.280233000e-01 6.034394000e-04 
8.080985000e-01 1.058587000e+00 1.345580000e+00 
1.638505000e+00 9.990579000e-04 1.591271000e+00 
3.189889000e-02 1.491813000e+00 1.150394000e+00 
8.693491000e-02 1.028660000e+00 1.635932000e+00 
1.739184000e+00 9.310667000e-02 9.933008000e-02 
1.956234000e+00 1.570237000e-02 6.324700000e-01 
1.808738000e-03 6.032433000e+00 2.075215000e-01 
1.063904000e+00 1.645216000e+00 1.857125000e-02 
6.874908000e-02 5.741826000e-02 1.868879000e+00 
3.220637000e-03 5.546060000e+00 8.871765000e-02 
2.000158000e+00 3.586539000e-01 3.855329000e-03 
4.032646000e-01 2.098462000e+00 3.848015000e-04 
2.025185000e+00 3.908511000e-02 1.949296000e-02 
1.369474000e+00 2.869656000e-01 1.178125000e+00 
5.260591000e-02 1.278352000e+00 1.134314000e+00 
1.690436000e+00 8.185738000e-01 1.879768000e-01 
2.489912000e+00 3.946161000e-03 7.222181000e-04 
2.177298000e+00 3.953373000e-02 4.656459000e-03 
2.341504000e+00 1.444646000e-02 2.566954000e-03 
1.116119000e+00 1.647967000e-02 1.679930000e+00 
2.246097000e+00 1.692076000e-01 3.298267000e-03 
1.309717000e-01 1.714295000e+00 7.306248000e-01 
2.041502000e+00 1.957086000e-02 1.063370000e-02 
1.710588000e-02 1.861294000e+00 1.013747000e+00 
1.908168000e+00 4.767921000e-01 1.397197000e-02 
1.059508000e-01 1.994850000e-05 2.995915000e+00 
1.165254000e+00 1.665321000e-02 1.667737000e+00 
2.612493000e-02 1.163123000e+00 1.640929000e+00 
1.930822000e+00 8.599709000e-02 8.807045000e-02 
1.017996000e-04 5.627434000e-02 4.926456000e+00 
9.349899000e-01 3.487663000e-02 1.757049000e+00 
7.670433000e-05 5.809128000e-02 6.517648000e+00 
9.660421000e-04 9.179667000e-04 5.645097000e+00 
3.207538000e-03 1.511012000e+00 1.210663000e+00 
2.043919000e+00 3.580449000e-01 5.930087000e-03 
1.129649000e+00 1.582572000e+00 2.023288000e-02 
1.442065000e+00 1.343808000e+00 6.820659000e-02 
8.311331000e-01 8.175002000e-01 1.194878000e+00 
1.382516000e+00 1.297931000e+00 1.028611000e-01 
1.381375000e+00 1.438527000e+00 4.480487000e-02 
1.407676000e+00 1.316002000e+00 7.192573000e-02 
1.421388000e+00 1.189321000e+00 1.057469000e-01 
1.365088000e+00 3.014366000e-03 1.327624000e+00 
1.574775000e-01 7.595089000e+00 5.467950000e-04 
3.289406000e-02 1.465671000e+00 1.074191000e+00 
3.450014000e-02 1.449465000e+00 1.154030000e+00 
1.485902000e-01 1.262003000e+00 1.097690000e+00 
4.291163000e-03 1.454329000e+00 1.205918000e+00 
1.676008000e-03 6.127741000e+00 1.067854000e-01 
6.882632000e-02 1.674032000e+00 8.936723000e-01 
7.763803000e-02 1.350655000e-04 2.691940000e+00 
1.518100000e+00 1.232690000e+00 4.943606000e-02 
3.859739000e-01 1.732352000e+00 2.292822000e-01 
1.432127000e+00 2.490614000e-02 1.300045000e+00 
1.488698000e-03 3.649573000e+00 4.039208000e-01 
5.934144000e-03 1.897705000e+00 1.258175000e-01 
1.866524000e+00 8.430471000e-01 8.399610000e-02 
1.568581000e+00 1.410949000e-02 1.251749000e+00 
9.740258000e-01 1.054176000e-01 1.499929000e+00 
6.878142000e-01 1.030695000e+00 1.628044000e+00 
3.463113000e-02 3.177206000e-05 2.930280000e+00 
1.326480000e-02 3.790092000e-04 6.963523000e+00 
1.829937000e+00 8.862106000e-02 7.558335000e-01 
2.155758000e+00 1.091841000e-01 9.835438000e-03 
1.869624000e+00 8.623779000e-01 1.101459000e-02 
3.911717000e-01 2.059308000e+00 4.166888000e-04 
1.510729000e+00 1.382280000e+00 1.154265000e-02 
1.731058000e-02 2.326691000e+00 1.365424000e-02 
2.961541000e-02 1.035724000e-03 4.655670000e+00 
1.362984000e+00 2.375348000e-01 1.339881000e+00 
8.398485000e-02 1.046565000e+00 1.654532000e+00 
6.973617000e-03 5.258292000e+00 6.359635000e-02 
2.122765000e+00 1.248984000e-01 1.031143000e-02 
6.096585000e-02 1.628047000e-04 2.394548000e+00 
1.295105000e-01 2.472187000e-02 1.855035000e+00 
2.231725000e-02 1.818537000e+00 4.262915000e-02 
2.713448000e+00 7.125943000e-04 2.569167000e-03 
2.620147000e+00 1.714216000e-03 2.656550000e-02 
1.946438000e+00 8.327809000e-03 6.814957000e-01 
1.077540000e+00 3.459767000e-02 1.555974000e+00 
1.734949000e+00 1.450527000e+00 3.092196000e-03 
1.468802000e+00 3.003146000e-02 1.238759000e+00 
1.916213000e-01 2.072899000e+00 9.388363000e-03 
1.892869000e+00 1.315413000e-01 4.055535000e-02 
2.221769000e-02 2.253330000e+00 1.147826000e-02 
1.228313000e+00 6.685965000e-03 1.776281000e+00 
1.379998000e+00 1.372804000e+00 1.297544000e-01 
1.817071000e+00 8.098690000e-03 1.074152000e+00 
5.509139000e-03 1.942054000e+00 6.850554000e-02 
5.466143000e-02 1.088351000e+00 1.430468000e+00 
2.384699000e+00 1.159148000e-01 7.330270000e-04 
4.038748000e-03 1.370382000e+00 1.682050000e+00 
1.358008000e-02 2.421997000e+00 7.378438000e-03 
2.277416000e+00 1.868631000e-01 1.866354000e-03 
1.393231000e-01 1.807659000e+00 8.480748000e-02 
1.825495000e+00 3.641626000e-02 7.574212000e-01 
1.716552000e+00 1.496897000e+00 6.798252000e-04 
1.984035000e+00 3.740092000e-02 1.957932000e-02 
1.538259000e+00 2.405891000e-01 1.199110000e+00 
1.429721000e+00 1.513036000e+00 2.035250000e-02 
1.504889000e+00 1.310007000e+00 3.100690000e-02 
2.583875000e-02 2.114078000e+00 3.609520000e-02 
1.652741000e+00 2.899438000e-01 6.977214000e-01 
1.504781000e+00 1.499520000e+00 1.714949000e-03 
2.927040000e-02 2.015271000e+00 1.722249000e-02 
1.402319000e+00 1.542981000e+00 5.828403000e-03 
2.358084000e-01 1.868783000e+00 3.074969000e-02 
7.926321000e-01 9.090443000e-01 1.535778000e+00 
4.530888000e-03 9.644181000e-02 1.776850000e+00 
1.764970000e+00 7.975347000e-01 9.640433000e-02 
2.229055000e-02 1.584208000e+00 1.166392000e+00 
2.133033000e+00 1.183304000e-03 4.849526000e-02 
2.018660000e-01 1.007676000e+00 1.635466000e+00 
1.980916000e+00 6.600800000e-02 1.994522000e-01 
1.223102000e+00 2.942760000e-02 1.497346000e+00 
2.136655000e+00 1.187572000e-02 9.920069000e-03 
1.423635000e+00 2.506164000e-02 1.256080000e+00 
4.106012000e-02 5.471855000e-03 1.899297000e+00 
1.216726000e+00 1.018614000e-02 1.560432000e+00 
7.056885000e-01 8.368483000e-01 1.723077000e+00 
7.804007000e-03 1.229696000e+00 1.581592000e+00 
3.349844000e-04 2.192214000e-03 1.919607000e+00 
1.324666000e+00 1.386012000e-01 1.402787000e+00 
6.924328000e-02 1.222371000e+00 1.291752000e+00 
6.924328000e-02 1.222371000e+00 1.291752000e+00 

7.409827000e-01 8.338211000e-01 1.668556000e+00 
1.734200000e-03 4.327260000e+00 1.105321000e+00 
1.829047000e-02 1.644361000e+00 1.553009000e+00 
2.070584000e+00 1.535194000e+00 7.675915000e-03 
1.751466000e+00 1.171932000e+00 5.971767000e-02 
1.046320000e+00 8.164439000e-01 1.277077000e+00 
1.882897000e+00 1.877636000e-01 2.029400000e-01 
1.381239000e+00 1.022277000e+00 9.066062000e-01 
3.681874000e-02 1.117876000e+00 1.816715000e+00 
1.674838000e+00 1.224282000e-03 1.481624000e+00 
1.103795000e+00 3.937227000e-02 1.655952000e+00 
8.716954000e-03 2.528119000e+00 3.968073000e-01 
1.663539000e+00 3.025935000e-02 9.415162000e-01 
6.728894000e-05 7.068979000e-06 9.406206000e+00 
2.055856000e+00 7.304989000e-02 2.313855000e-02 
1.032158000e+00 6.431472000e-01 1.698303000e+00 
2.256745000e+00 1.645598000e+00 3.601087000e-03 
1.541449000e-02 1.686987000e+00 1.610310000e+00 
8.690373000e-04 6.723563000e+00 1.404192000e+00 
1.545149000e+00 1.458730000e+00 1.404096000e-02 
3.758825000e-01 1.425601000e+00 1.360735000e+00 
1.361383000e+00 1.462098000e+00 2.975935000e-02 
3.037059000e+00 5.065535000e-02 8.913780000e-03 
4.405630000e-05 4.348140000e-04 6.880289000e+00 
1.047603000e+00 1.493177000e-02 1.668275000e+00 
1.313760000e+00 8.975435000e-03 1.747143000e+00 
1.120495000e-02 2.574134000e+00 1.523218000e-02 
2.642776000e+00 3.416526000e-04 1.745770000e-02 
1.009662000e+00 6.194021000e-01 1.751507000e+00 
1.530680000e+00 1.162621000e+00 7.866415000e-02 
1.041566000e-02 2.316106000e-04 3.172374000e+00 
7.374844000e-01 8.309624000e-01 1.723710000e+00 
1.695268000e+00 1.284707000e+00 2.767645000e-02 
1.435137000e+00 1.274898000e+00 1.410472000e-01 
1.865730000e-02 1.377412000e+00 1.690480000e+00 
3.713919000e+00 1.557168000e-01 4.159014000e-03 
7.294801000e-03 3.289344000e+00 6.462675000e-02 
7.398581000e-03 1.311290000e+00 1.857124000e+00 
5.612056000e-02 1.486131000e+00 1.284188000e+00 
1.981181000e+00 2.859525000e-01 1.469241000e-01 
2.045048000e+00 9.889272000e-02 5.551126000e-02 
1.928092000e+00 8.724795000e-03 1.195663000e+00 
3.412270000e-02 1.190946000e+00 1.766926000e+00 
3.227920000e+00 4.560939000e-02 7.926703000e-03 
9.910127000e-03 7.267896000e-04 5.347439000e+00 
7.807074000e-01 7.973845000e-01 1.767858000e+00 
1.059061000e-02 2.171027000e+00 2.553769000e-02 
1.784967000e+00 1.313616000e-02 9.088710000e-01 
2.766600000e-02 1.308372000e+00 1.629452000e+00 
1.015899000e+00 6.732149000e-01 1.516079000e+00 
2.592971000e+00 3.579506000e-01 1.556154000e-03 
1.654910000e+00 1.570372000e+00 1.067974000e-02 
1.543252000e+00 8.434989000e-03 1.340795000e+00 
3.643929000e-03 2.080880000e+00 1.120148000e+00 
1.258666000e+00 1.800431000e+00 3.265459000e-03 
1.351191000e+00 8.939233000e-01 9.269079000e-01 
2.109008000e+00 1.736535000e-02 1.861244000e-01 
3.685493000e+00 6.360931000e-01 1.481823000e-03 
4.915632000e-02 1.769345000e+00 1.052276000e+00 
1.170990000e+00 1.051052000e-02 1.464875000e+00 
4.636566000e-02 1.136836000e+00 1.683423000e+00 
5.125150000e+00 1.453113000e-01 1.721991000e-03 
1.807760000e-02 1.884721000e+00 9.070249000e-01 
1.503885000e+00 7.882004000e-03 1.784084000e+00 
1.966387000e+00 8.988122000e-03 9.937732000e-01 
3.831836000e+00 5.706684000e-01 1.492431000e-03 
2.097342000e-01 2.293486000e+00 7.940680000e-04 
3.251169000e+00 2.424561000e-01 6.446477000e-03 
9.391098000e-01 7.457327000e-01 1.771090000e+00 
1.517387000e+00 1.238375000e+00 1.447632000e-01 
4.513218000e-03 4.957178000e+00 9.272922000e-01 
9.793159000e-04 2.188255000e-02 1.888596000e+00 
1.792068000e+00 1.762077000e+00 2.171771000e-03 
2.429105000e-03 3.038817000e+00 1.668011000e+00 
1.972964000e-05 8.817257000e-04 2.096404000e+00 
4.822974000e-02 1.206206000e+00 1.500334000e+00 
3.526050000e-02 1.221134000e+00 1.730036000e+00 
3.260803000e-02 1.592417000e+00 1.517587000e+00 
1.743617000e+00 1.262341000e+00 7.225445000e-02 
6.626943000e-02 1.622189000e+00 8.914285000e-01 
1.416655000e-02 1.024815000e-02 1.949560000e+00 
9.440939000e-01 6.988368000e-01 1.677026000e+00 
3.373330000e+00 1.458618000e-01 6.438418000e-03 
1.619185000e-02 1.815378000e+00 1.420185000e+00 
2.124999000e+00 1.025881000e-03 9.803959000e-03 
1.022795000e-02 1.908186000e+00 1.799238000e+00 
1.335141000e+00 1.501049000e+00 2.889001000e-02 
4.226373000e-02 1.378238000e+00 1.445453000e+00 
1.511018000e+00 2.783943000e-02 1.450889000e+00 
4.961204000e-03 2.065197000e+00 1.221147000e+00 
1.336870000e+00 5.158481000e-03 1.877269000e+00 
2.010827000e+00 6.950574000e-02 9.776157000e-02 
1.657851000e+00 1.034115000e+00 1.448829000e-01 
4.244925000e-02 1.292684000e+00 1.626475000e+00 
1.479161000e+00 3.021736000e-02 1.395164000e+00 
9.176470000e-01 9.700919000e-01 1.574069000e+00 
5.190467000e-02 1.818707000e+00 1.309354000e-01 
2.582638000e+00 3.557591000e-01 2.742161000e-03 
1.741270000e-02 1.858671000e+00 9.443800000e-01 
1.903061000e-02 3.256699000e+00 9.366391000e-03 
1.884966000e-01 2.114541000e+00 1.708224000e-03 
1.674110000e+00 1.334929000e+00 7.343345000e-02 
1.704182000e+00 1.264590000e+00 3.769709000e-02 
1.128404000e-01 5.027715000e-03 2.051756000e+00 
1.622244000e-02 1.727513000e+00 1.376045000e+00 
2.585967000e-02 1.378803000e+00 1.602330000e+00 
1.417400000e-01 1.698823000e+00 8.062388000e-01 
5.272776000e-02 3.078649000e-03 2.076317000e+00 
1.259798000e+00 1.535305000e+00 1.407474000e-01 
9.471408000e-01 7.001073000e-01 1.676682000e+00 
2.667930000e-02 1.633705000e-04 2.256569000e+00 
1.928938000e+00 1.111294000e-01 2.080671000e-01 
7.211766000e-02 1.752329000e+00 8.324029000e-01 
9.120457000e-01 9.804290000e-01 1.255209000e+00 
2.066415000e+00 9.358434000e-02 9.580999000e-03 
1.862532000e+00 2.466279000e-01 1.937260000e-01 
2.124248000e+00 4.246943000e-02 9.515115000e-02 
1.072050000e-01 1.467288000e+00 1.392840000e+00 
1.422842000e+00 9.652223000e-01 9.022493000e-01 
5.296693000e-02 1.889795000e+00 3.656916000e-03 
5.518602000e-02 1.589724000e+00 1.275406000e+00 
1.213757000e+00 1.296866000e+00 9.010278000e-01 
4.665452000e-02 1.605437000e+00 1.321600000e+00 
4.317407000e-02 1.615909000e+00 1.360028000e+00 
1.526491000e+00 1.639100000e+00 1.767968000e-02 
3.957390000e-02 2.050173000e+00 2.052557000e-01 

