8.166504000e-01 8.235074000e-01 8.829426000e-03 
9.987107000e-01 2.152283000e-02 6.005244000e-01 
1.814831000e-02 5.899401000e-01 9.974119000e-01 
2.738487000e-01 9.914526000e-01 5.607322000e-01 
5.218931000e-01 5.952094000e-01 8.415259000e-01 
5.247223000e-01 9.837135000e-01 4.152661000e-01 
6.050336000e-03 1.017013000e+00 5.106997000e-01 
9.359490000e-01 5.398211000e-01 3.713791000e-01 
4.847978000e-01 1.196422000e-01 1.015674000e+00 
7.799608000e-01 5.674410000e-01 6.768604000e-01 
4.109370000e-03 1.188192000e+00 1.435795000e-03 
5.739192000e-01 6.664843000e-01 7.260996000e-01 
7.574700000e-01 4.742137000e-01 6.985024000e-01 
5.906413000e-01 3.095812000e-02 9.760252000e-01 
2.881924000e-01 3.803924000e-01 1.035390000e+00 
9.164849000e-01 6.488017000e-01 3.951873000e-01 
9.869646000e-01 5.678332000e-01 1.040089000e-02 
7.811271000e-03 7.782208000e-01 8.396028000e-01 
2.230435000e-02 1.107278000e+00 1.561771000e-02 
8.568105000e-01 6.494947000e-01 4.882519000e-01 
1.030035000e+00 5.138272000e-01 1.042119000e-02 
1.120926000e+00 2.734604000e-01 1.519117000e-02 
1.153948000e+00 5.622171000e-05 5.447469000e-01 
1.061150000e+00 1.750919000e-02 4.985392000e-01 
4.850635000e-01 9.052488000e-01 5.132599000e-01 
5.092514000e-01 5.966829000e-01 8.212035000e-01 
9.166785000e-01 4.342066000e-01 5.737095000e-01 
5.406802000e-01 1.010259000e+00 4.156728000e-02 
3.645560000e-01 2.837690000e-01 1.084355000e+00 
9.059762000e-01 6.495318000e-01 4.327765000e-01 
5.893798000e-01 6.676842000e-01 6.745596000e-01 
9.548120000e-01 6.372591000e-01 5.829510000e-02 
3.551269000e-04 6.132356000e-01 1.066827000e+00 
3.120042000e-01 1.033468000e+00 4.486469000e-01 
5.349969000e-01 6.120378000e-01 8.171251000e-01 
8.802565000e-01 1.086431000e-01 7.154868000e-01 
2.692830000e-01 4.952272000e-01 9.941475000e-01 
3.291491000e-02 1.157099000e+00 3.940915000e-03 
5.620421000e-01 9.934411000e-01 1.039629000e-03 
3.516731000e-02 5.776213000e-01 9.513706000e-01 
1.212821000e+00 2.158958000e-04 2.846950000e-03 
1.079726000e+00 2.300805000e-01 3.220728000e-01 
4.816552000e-05 3.908182000e-04 2.046646000e+00 
1.038796000e-01 4.942421000e+00 4.928849000e-06 
1.659846000e-01 4.609261000e-01 1.028231000e+00 
1.008783000e+00 3.037001000e-03 5.127063000e-01 
1.053603000e+00 2.310557000e-02 4.090288000e-01 
2.821064000e-01 7.440201000e-01 8.448318000e-01 
5.360297000e-01 4.474017000e-01 9.181436000e-01 
7.817530000e-01 4.812537000e-02 8.454284000e-01 
8.704397000e-01 7.282642000e-01 8.003561000e-03 
2.482743000e-02 5.962040000e-01 9.630215000e-01 
7.670350000e-01 7.083878000e-01 4.398475000e-01 
7.291547000e-01 8.750460000e-01 3.865742000e-02 
5.359713000e-01 8.904146000e-01 4.846592000e-01 
1.602266000e-02 8.096755000e-01 8.371766000e-01 
2.934202000e-01 8.653567000e-01 7.226531000e-01 
1.021123000e+00 6.414669000e-01 1.771442000e-03 
2.917325000e-01 2.118895000e-01 1.105141000e+00 
4.464790000e-01 1.931440000e-01 1.014791000e+00 
1.256017000e-01 4.510314000e+00 6.052033000e-04 
4.185635000e-03 4.667995000e-01 1.107948000e+00 
5.617971000e-01 6.993654000e-04 9.762548000e-01 
6.960519000e-01 9.095078000e-01 5.545513000e-03 
1.107580000e+00 3.600918000e-01 6.710146000e-04 
4.268463000e-01 6.105494000e-01 8.994302000e-01 
3.469964000e-04 8.077055000e-01 9.031202000e-01 
8.601791000e-06 4.096035000e-04 4.025180000e+00 
1.082681000e+00 1.732872000e-01 3.300465000e-01 
6.586193000e-01 5.787102000e-01 7.155858000e-01 
1.093523000e+00 3.254601000e-01 1.844129000e-02 
6.662699000e-01 5.409545000e-01 7.277290000e-01 
1.120687000e+00 2.740400000e-01 1.342415000e-02 
5.342846000e-03 1.171768000e+00 1.029581000e-03 
1.062388000e-01 1.430015000e-03 1.134338000e+00 
2.871796000e-05 9.615258000e-02 1.224905000e+00 
4.603564000e-02 9.925054000e-01 5.182802000e-01 
4.768509000e-03 1.049250000e+00 4.680496000e-01 
3.534516000e-03 1.058178000e+00 5.895341000e-01 
8.068426000e-01 3.758568000e-01 6.710718000e-01 
4.258782000e-02 1.035524000e+00 4.983583000e-01 
1.005696000e+00 4.265837000e-02 5.564475000e-01 
1.062471000e+00 1.109600000e-01 3.607026000e-01 
6.605078000e-03 1.022963000e+00 5.090741000e-01 
9.146020000e-01 1.986760000e-01 6.285178000e-01 
2.667588000e-02 1.891393000e+00 6.542484000e-04 
9.490927000e-01 5.800161000e-01 1.172975000e-01 
2.468383000e-02 8.655087000e-01 7.478707000e-01 
5.257208000e-05 2.974460000e-03 1.822581000e+00 
7.304496000e-01 9.079305000e-01 2.366378000e-02 
5.444338000e-01 1.008852000e+00 2.284216000e-02 
7.846361000e-03 4.872717000e-01 1.030913000e+00 
2.769832000e-02 6.653285000e-01 9.160153000e-01 
7.978415000e-01 8.067766000e-01 6.358358000e-02 
5.901468000e-01 8.452060000e-01 6.182123000e-01 
1.104810000e+00 2.240716000e-02 2.393585000e-01 
9.211158000e-01 6.840721000e-01 6.275404000e-02 
5.048432000e-01 8.798303000e-01 5.270358000e-01 
1.170728000e+00 8.941441000e-04 4.465179000e-01 
6.735218000e-01 6.423433000e-01 6.323371000e-01 
5.835269000e-01 3.112109000e-02 9.651771000e-01 
1.024743000e+00 5.111045000e-01 4.458563000e-02 
7.097295000e-01 4.410089000e-01 7.736011000e-01 
1.411923000e-01 1.329974000e+00 1.387883000e-04 
1.140197000e+00 5.359663000e-05 5.605720000e-01 
3.288220000e-01 1.072693000e+00 2.475076000e-02 
4.177393000e-01 1.277598000e-01 1.066349000e+00 
3.137322000e-01 9.595276000e-01 6.120009000e-01 
1.121961000e+00 1.684313000e-03 2.922493000e-02 
8.374359000e-01 8.205589000e-01 1.214781000e-02 
7.610015000e-01 6.719236000e-01 5.723760000e-01 
5.083681000e-01 4.965713000e-02 1.028785000e+00 
8.394482000e-01 5.645266000e-01 5.085203000e-01 
1.020326000e+00 3.440944000e-01 4.096178000e-01 
6.718620000e-01 7.548476000e-01 5.270329000e-01 
1.057915000e+00 4.438604000e-01 1.433116000e-02 
5.993365000e-01 9.073706000e-01 4.157794000e-01 
7.825509000e-01 3.455121000e-01 8.222765000e-01 
8.131057000e-01 5.385551000e-01 6.182649000e-01 
7.878760000e-01 3.233444000e-01 8.217777000e-01 
6.084927000e-01 8.393332000e-01 5.313136000e-01 
1.103657000e+00 1.867302000e-03 4.108339000e-01 
8.182122000e-01 3.824258000e-01 6.572098000e-01 
8.417927000e-01 7.068455000e-01 3.777406000e-01 
2.147816000e+00 1.215821000e-04 2.013046000e-02 
3.182750000e-01 1.085924000e+00 4.021153000e-02 
8.090719000e-01 2.712821000e-03 9.100757000e-01 
8.142748000e-01 8.448536000e-01 9.038914000e-03 
1.086041000e-01 8.130025000e-01 7.567297000e-01 
8.630475000e-01 7.379625000e-01 1.167459000e-02 
9.498975000e-01 4.153523000e-02 6.533794000e-01 
8.422390000e-01 8.667723000e-01 1.571731000e-03 
4.551345000e-02 1.117698000e+00 6.547772000e-03 
2.883661000e-03 7.677595000e-01 8.481265000e-01 
3.351556000e-03 9.647028000e-01 6.490084000e-01 
5.339220000e-01 5.933777000e-01 8.571355000e-01 
5.019025000e-01 6.052843000e-01 8.220269000e-01 
1.064380000e+00 1.165377000e-01 3.598808000e-01 
4.206075000e-01 3.600295000e-02 1.063948000e+00 
7.377042000e-01 3.486957000e-01 8.175009000e-01 
2.327319000e-02 7.848427000e-01 8.353058000e-01 
3.764490000e-04 9.832384000e-01 7.781955000e-01 
7.962405000e-01 3.501711000e-03 8.691231000e-01 
8.341344000e-01 6.457263000e-01 5.203395000e-01 
8.565702000e-01 7.539039000e-01 2.901905000e-02 
2.013993000e-01 8.972948000e-01 6.577635000e-01 
5.098768000e-03 9.397945000e-01 6.415334000e-01 
2.008896000e-01 5.243874000e-01 1.016109000e+00 
7.611989000e-01 8.447634000e-01 4.528876000e-02 
9.508832000e-01 6.662770000e-01 7.698792000e-03 
1.648279000e-03 6.452604000e-01 9.946169000e-01 
7.605450000e-01 4.620528000e-01 7.083337000e-01 
8.615689000e-01 7.282721000e-01 2.456301000e-02 
5.411146000e-01 3.411207000e-01 9.250664000e-01 
3.936135000e-01 2.559283000e-01 1.046768000e+00 
1.619322000e-02 9.652325000e-01 6.134141000e-01 
2.420433000e-01 3.480142000e-01 1.102280000e+00 
6.718035000e-01 6.000176000e-01 6.941557000e-01 
4.516856000e-01 1.478569000e-02 1.060458000e+00 
5.028893000e-03 9.036675000e-01 7.474389000e-01 
7.265126000e-01 4.380197000e-01 7.384457000e-01 
6.954683000e-02 7.804862000e-01 8.135919000e-01 
7.513597000e-01 9.354024000e-01 1.321429000e-04 
1.403153000e-02 1.079796000e+00 3.483781000e-01 
3.611102000e-01 9.893365000e-01 4.239098000e-01 
1.202715000e+00 1.594508000e-03 1.765869000e-02 
5.918639000e-01 9.914377000e-01 3.236926000e-02 
9.655868000e-01 3.558781000e-01 5.493912000e-01 
6.627580000e-01 7.354973000e-01 5.333436000e-01 
1.482167000e-03 1.068614000e+00 5.777205000e-01 
4.682911000e-02 6.626063000e-01 9.266511000e-01 
1.077745000e-03 1.117342000e+00 6.051549000e-01 
2.058407000e-03 1.222799000e+00 6.327055000e-03 
7.509829000e-01 8.798193000e-01 2.670111000e-02 
1.894440000e-02 1.005506000e+00 5.057309000e-01 
3.526259000e-05 6.216273000e-01 1.096107000e+00 
1.016428000e+00 5.913648000e-01 8.844366000e-03 
2.530649000e-02 5.885978000e-01 9.584515000e-01 
3.158856000e-01 1.104666000e+00 5.896119000e-02 
1.308929000e-02 4.930986000e-01 1.021234000e+00 
1.015111000e+00 4.825648000e-01 5.818710000e-02 
8.001845000e-03 5.971816000e-01 9.586385000e-01 
6.644606000e-01 6.124098000e-01 6.935369000e-01 
7.553018000e-01 8.448556000e-01 8.214058000e-03 
6.319979000e-01 1.539121000e-03 9.435139000e-01 
9.147921000e-01 8.413760000e-02 6.761490000e-01 
6.508371000e-01 4.022548000e-01 8.462140000e-01 
4.158782000e-01 6.584155000e-01 8.518166000e-01 
7.926490000e-01 1.042619000e-02 9.163523000e-01 
7.817085000e-01 7.851172000e-01 4.146211000e-01 
8.218910000e-01 3.700068000e-01 6.568082000e-01 
9.872694000e-01 3.883526000e-01 4.055146000e-01 
1.402237000e-04 1.296933000e-03 1.280515000e+00 
8.239814000e-01 6.865400000e-01 3.939661000e-01 
4.060984000e-01 1.110733000e-02 1.087121000e+00 
1.044496000e+00 2.495186000e-02 3.819897000e-01 
5.818878000e-01 9.455703000e-02 9.727085000e-01 
7.155392000e-01 3.283207000e-02 8.814069000e-01 
2.600149000e-02 5.782725000e-01 9.685339000e-01 
1.911872000e-05 5.664998000e-03 1.399472000e+00 
8.775259000e-01 2.648999000e-01 7.145156000e-01 
9.862284000e-01 6.079039000e-01 6.477248000e-03 
8.753945000e-01 6.917760000e-01 3.558484000e-01 
4.227741000e-03 9.113036000e-01 7.277964000e-01 
1.499892000e-03 9.389531000e-01 8.468572000e-01 
3.864818000e-01 7.469033000e-01 7.757008000e-01 
1.122071000e+00 4.163835000e-03 8.184627000e-04 
7.383811000e-01 4.661294000e-01 7.220202000e-01 
8.376150000e-01 1.434014000e-04 8.830999000e-01 
7.365550000e-01 8.736741000e-01 3.318357000e-02 
5.727063000e-02 8.250987000e-01 7.925398000e-01 
9.521726000e-01 6.068527000e-01 8.297115000e-02 
1.313438000e-02 6.725707000e-01 8.740432000e-01 
4.358025000e-01 3.785929000e-01 1.012192000e+00 
7.657976000e-01 4.663222000e-01 7.034066000e-01 
1.144517000e+00 1.038091000e-03 4.154675000e-01 
2.471533000e-01 3.498119000e-01 1.101204000e+00 
4.330118000e-02 8.639995000e-01 7.476306000e-01 
3.580004000e-01 3.273769000e-01 1.051292000e+00 
7.759114000e-01 4.530266000e-01 7.313436000e-01 
8.046961000e-01 8.012877000e-01 2.909779000e-02 
3.345157000e-01 4.831379000e-01 9.557763000e-01 
8.812110000e-01 5.855110000e-02 7.255121000e-01 
4.264533000e-02 3.530536000e-01 1.077640000e+00 
7.971400000e-01 7.037192000e-01 4.953246000e-01 
7.507169000e-03 5.920538000e-01 1.029787000e+00 
9.376503000e-01 3.498368000e-01 5.739179000e-01 
1.084394000e-02 5.016792000e-04 1.157651000e+00 
5.489515000e-01 1.103955000e+00 1.038786000e-02 
2.290451000e-02 9.110706000e-01 6.602975000e-01 
9.839414000e-01 4.679641000e-03 7.120440000e-01 
3.776173000e-01 1.745353000e-02 1.097744000e+00 
9.309228000e-01 3.512574000e-01 5.706613000e-01 
6.411002000e-01 6.094040000e-01 7.366452000e-01 
3.120799000e-01 5.027342000e-01 9.936895000e-01 
1.039744000e+00 4.347035000e-01 2.426482000e-02 
1.064780000e+00 1.196123000e-02 3.624409000e-01 
5.729664000e-01 8.594978000e-01 6.032871000e-01 
5.495888000e-01 8.070369000e-02 9.949200000e-01 
9.825937000e-01 4.537244000e-02 6.433524000e-01 
4.260232000e-01 3.554985000e-01 1.021441000e+00 
4.658414000e-02 4.576804000e-01 1.046725000e+00 
4.011897000e-01 3.723193000e-01 1.033165000e+00 
8.058840000e-01 1.866334000e-02 8.170859000e-01 
5.011301000e-04 8.186162000e-05 1.289372000e+00 
6.508978000e-01 5.708817000e-03 9.205264000e-01 
1.022971000e+00 2.040849000e-01 5.048730000e-01 
6.959221000e-01 8.017488000e-01 4.907683000e-01 
5.987112000e-01 6.664853000e-01 6.523307000e-01 
8.308603000e-01 1.034369000e-03 7.427762000e-01 
6.253900000e-01 4.836591000e-01 8.730422000e-01 
1.080040000e+00 4.810161000e-03 4.232561000e-01 
7.891344000e-01 7.292790000e-01 4.110651000e-01 
1.065174000e+00 4.714192000e-01 1.018261000e-02 
1.440291000e-02 1.107746000e+00 3.107715000e-01 
5.972070000e-01 9.735367000e-01 1.791001000e-04 
8.176188000e-01 3.468583000e-03 8.432827000e-01 
4.574452000e-01 1.290756000e-01 1.001066000e+00 
9.785976000e-01 1.834082000e-01 6.372508000e-01 
9.465342000e-03 3.626630000e-01 1.104336000e+00 
9.068373000e-01 7.118830000e-01 1.269396000e-01 
5.320459000e-01 2.077264000e-01 9.942623000e-01 
1.022613000e+00 2.442274000e-03 5.081530000e-01 
2.785703000e-01 6.346448000e-01 9.134194000e-01 
7.996606000e-01 1.783779000e-01 7.744972000e-01 
4.995303000e-01 8.810469000e-01 5.093590000e-01 
3.723810000e-03 9.644230000e-01 6.444646000e-01 
9.280674000e-01 6.045429000e-01 4.062967000e-01 
4.749204000e-01 8.188591000e-01 6.189714000e-01 
1.136906000e-02 1.008674000e+00 5.143509000e-01 
9.150213000e-01 5.437125000e-03 7.211636000e-01 
1.719043000e-03 1.437688000e-05 1.494397000e+00 
2.628359000e-02 5.626076000e-01 9.702302000e-01 
4.770738000e-01 2.901453000e-01 9.877558000e-01 
1.113801000e+00 1.616410000e-02 3.988154000e-02 
7.791454000e-01 1.596528000e-01 8.326799000e-01 
4.538283000e-01 6.386878000e-01 8.959589000e-01 
1.079827000e+00 5.948835000e-03 3.483379000e-01 
4.138473000e-01 4.051144000e-01 9.962628000e-01 
6.736082000e-01 7.676363000e-01 5.197905000e-01 
3.312121000e-04 1.090875000e+00 9.021747000e-01 
6.585198000e-01 4.369320000e-01 8.156198000e-01 
8.265712000e-01 6.569088000e-03 7.607927000e-01 
9.318680000e-01 6.854216000e-01 3.050074000e-02 
5.606148000e-01 1.051991000e+00 4.052970000e-03 
9.069422000e-01 8.005462000e-01 4.306837000e-03 
6.494066000e-01 8.242026000e-01 5.513626000e-01 
6.925884000e-04 1.135752000e+00 1.586717000e-01 
7.260864000e-01 5.376057000e-01 7.373216000e-01 
8.429034000e-01 4.882262000e-01 6.383623000e-01 
4.295645000e-02 9.975801000e-01 5.430497000e-01 
5.329727000e-01 1.016092000e+00 2.836503000e-02 
4.976980000e-01 1.191757000e-02 1.042499000e+00 
7.440819000e-01 1.436557000e-03 9.644041000e-01 
9.754805000e-01 6.920949000e-04 7.398507000e-01 
3.102633000e-01 1.042303000e+00 3.517880000e-01 
8.723541000e-01 3.476994000e-01 6.709981000e-01 
4.121369000e-01 7.198170000e-01 7.650253000e-01 
3.641819000e-03 1.145997000e+00 7.637878000e-03 
7.130778000e-01 7.283381000e-01 5.211721000e-01 
7.196940000e-01 3.392692000e-01 8.271020000e-01 
9.729727000e-01 3.671335000e-01 5.071626000e-01 
7.284115000e-01 3.795873000e-01 7.625253000e-01 
9.670950000e-01 4.012537000e-01 4.541453000e-01 
8.961728000e-01 5.011429000e-01 5.760109000e-01 
8.475760000e-01 6.589285000e-01 4.860805000e-01 
4.158782000e-01 6.584155000e-01 8.518166000e-01 
5.211101000e-01 4.725322000e-01 9.281411000e-01 
6.394898000e-01 1.135266000e+00 1.409859000e-04 
9.487677000e-01 6.468162000e-01 2.911950000e-02 
3.924849000e-01 2.541520000e-01 1.051231000e+00 
1.856884000e-04 9.828985000e-04 1.222928000e+00 
1.078256000e+00 3.639926000e-01 2.788143000e-02 
5.029573000e-01 3.112720000e-01 9.468068000e-01 
7.973882000e-01 7.225672000e-01 4.129838000e-01 
6.254630000e-01 8.476031000e-01 4.222218000e-01 
4.772471000e-03 1.065290000e+00 4.375528000e-01 
3.294052000e-01 5.703705000e-01 9.303050000e-01 
3.167364000e-01 5.610603000e-01 9.396582000e-01 
6.114985000e-01 5.239471000e-01 8.928536000e-01 
5.244521000e-03 1.122054000e+00 2.524544000e-02 
8.195756000e-01 1.267580000e-02 7.824672000e-01 
9.596278000e-01 5.961671000e-01 1.263633000e-02 
7.078409000e-01 8.323746000e-01 4.748502000e-01 
9.888592000e-03 8.347106000e-01 7.599690000e-01 
5.149559000e-04 1.176088000e+00 1.491403000e-02 
7.057146000e-01 8.432752000e-01 3.671479000e-01 
3.727814000e-01 4.278752000e-01 9.885729000e-01 
9.215712000e-01 3.783838000e-01 6.009977000e-01 
9.510488000e-01 3.552178000e-02 6.603664000e-01 
3.805167000e-02 1.001497000e+00 5.548394000e-01 
6.709763000e-01 6.068670000e-01 7.074363000e-01 
1.074356000e+00 1.212359000e-01 3.441981000e-01 
7.522543000e-01 7.690760000e-01 4.556565000e-01 
1.255657000e-02 3.432492000e-01 1.109300000e+00 
9.176096000e-01 5.464298000e-01 5.302060000e-01 
5.000382000e-01 5.719885000e-01 9.030901000e-01 
5.149788000e-01 9.404076000e-03 1.031599000e+00 
1.106738000e-01 9.066015000e-01 6.638080000e-01 
7.360590000e-03 7.338608000e-01 8.556940000e-01 
1.775253000e-02 5.898907000e-01 1.005457000e+00 
6.871252000e-03 1.055608000e+00 4.126534000e-01 
3.987548000e-01 9.835665000e-01 5.360553000e-01 
1.133013000e-02 1.000204000e+00 5.602891000e-01 
9.976240000e-01 5.713928000e-02 6.006576000e-01 
1.899401000e-02 1.070990000e+00 3.674362000e-01 
9.587499000e-01 5.106368000e-03 7.072912000e-01 
8.810614000e-03 7.171049000e-01 9.196183000e-01 
9.690352000e-01 1.767276000e-02 6.470503000e-01 
5.902882000e-01 6.614825000e-01 6.731695000e-01 
1.126044000e-01 1.912720000e-01 1.126578000e+00 
8.057039000e-01 7.276009000e-01 3.986726000e-01 
8.660590000e-01 5.622879000e-01 5.912506000e-01 
3.155923000e-03 9.339720000e-01 7.253663000e-01 
1.121739000e+00 2.337195000e-03 2.456968000e-03 
7.823626000e-01 5.078902000e-02 8.329765000e-01 
6.179437000e-01 1.382033000e-03 9.749844000e-01 
6.494266000e-01 9.253947000e-01 4.100546000e-03 
4.730610000e-01 1.548304000e-02 1.045342000e+00 
1.152083000e-03 9.664932000e-01 7.123665000e-01 
4.156539000e-01 1.023992000e-02 1.105203000e+00 
5.646130000e-01 5.794499000e-01 8.834365000e-01 
8.535556000e-03 8.352433000e-01 7.582117000e-01 
6.281587000e-01 5.036328000e-03 9.509686000e-01 
9.223463000e-01 1.927932000e-01 6.235680000e-01 
9.427624000e-01 5.824907000e-02 6.588286000e-01 
1.774663000e-02 1.015091000e+00 5.057591000e-01 
1.044428000e+00 3.688011000e-01 3.809831000e-01 
7.254927000e-01 3.249942000e-01 8.390914000e-01 
9.742648000e-01 6.165661000e-01 9.110133000e-03 
7.553814000e-01 8.291908000e-01 4.624893000e-02 
6.718452000e-01 3.771246000e-01 8.566011000e-01 
3.399118000e-04 7.860162000e-01 9.141402000e-01 
1.172615000e-02 1.035081000e+00 5.022744000e-01 
4.471628000e-03 1.076426000e+00 4.808019000e-01 
1.319142000e-01 1.089728000e+00 2.391317000e-01 
6.050429000e-03 4.296316000e-01 1.101988000e+00 
8.084890000e-01 1.089575000e-02 8.499337000e-01 
1.071184000e+00 3.589317000e-01 2.846108000e-02 
5.572881000e-05 3.087756000e-03 1.186515000e+00 
5.093748000e-01 2.118288000e-02 1.027817000e+00 
3.681448000e-01 9.633575000e-03 1.119101000e+00 
1.539923000e-03 1.133943000e+00 4.516703000e-02 
2.406779000e-01 3.327623000e-01 1.119395000e+00 
1.113399000e+00 8.824446000e-02 6.716108000e-02 
1.039407000e+00 2.184106000e-01 4.811898000e-01 
2.780267000e-01 8.739859000e-01 7.400932000e-01 
6.255829000e-03 1.011168000e+00 5.544385000e-01 
1.045578000e+00 4.598588000e-01 1.660272000e-02 
3.385561000e-02 5.507914000e-01 1.010168000e+00 
1.033027000e+00 6.011347000e-01 3.034565000e-03 
4.094926000e-01 1.304205000e-02 1.077937000e+00 
4.898054000e-01 1.278735000e-01 1.007059000e+00 
6.227223000e-01 4.702642000e-01 9.130375000e-01 
4.063947000e-01 1.104711000e-02 1.104070000e+00 
2.397120000e-02 4.375651000e-01 1.066150000e+00 
1.031442000e+00 1.003976000e-01 4.833767000e-01 
1.062138000e+00 4.084735000e-01 2.045740000e-02 
9.163773000e-01 4.959758000e-02 6.737562000e-01 
4.465061000e-01 1.103894000e+00 1.934438000e-02 
4.779893000e-05 1.187740000e+00 1.264115000e-02 
9.377954000e-01 1.627351000e-02 6.814224000e-01 
7.972233000e-01 9.226679000e-01 9.268550000e-04 
1.034840000e+00 4.440621000e-04 5.232365000e-01 
5.931536000e-01 5.336979000e-01 8.501875000e-01 
9.102962000e-01 7.022623000e-01 8.293027000e-03 
1.008421000e+00 5.904407000e-04 5.209343000e-01 
8.803491000e-01 6.692078000e-01 3.642654000e-01 
4.567020000e-01 1.057210000e+00 8.967198000e-02 
8.191346000e-01 6.832306000e-01 4.074015000e-01 
7.415532000e-04 1.088594000e+00 6.202248000e-01 
7.530580000e-04 4.896465000e-01 1.047138000e+00 
5.112211000e-01 3.849354000e-01 9.331164000e-01 
7.865532000e-01 2.774744000e-02 8.325291000e-01 
1.661525000e-02 8.103524000e-01 8.273077000e-01 
7.874662000e-01 7.723156000e-01 4.177258000e-01 
9.766616000e-01 3.838087000e-01 4.417157000e-01 
2.289782000e-02 8.911720000e-01 6.967765000e-01 
8.776968000e-01 3.948512000e-02 7.348219000e-01 
4.168770000e-01 1.064793000e+00 8.708493000e-02 
1.034800000e+00 4.935128000e-01 6.603407000e-03 
6.993679000e-01 7.959873000e-01 4.962227000e-01 
6.583028000e-01 7.367494000e-01 5.289077000e-01 
5.614038000e-01 6.417644000e-01 7.683967000e-01 
6.140131000e-02 7.849052000e-01 8.218344000e-01 
1.077408000e-01 2.253421000e-04 1.132532000e+00 
6.668094000e-03 1.075280000e+00 3.726910000e-01 
4.824365000e-01 9.186270000e-01 5.036660000e-01 
7.721533000e-01 3.275933000e-02 8.776126000e-01 
9.219038000e-01 7.508492000e-01 2.446413000e-03 
4.347038000e-01 3.806701000e-02 1.039533000e+00 
4.418853000e-01 2.948760000e-02 1.074739000e+00 
1.029887000e+00 1.997614000e-01 5.026487000e-01 
6.272243000e-03 9.070481000e-01 7.121942000e-01 
3.147859000e-01 3.799953000e-01 1.034579000e+00 
1.120177000e+00 1.863818000e-03 4.060923000e-01 
1.157483000e+00 1.865362000e-03 2.064079000e-04 
9.318862000e-01 5.552473000e-01 4.849437000e-01 
6.007212000e-03 8.987114000e-01 7.176676000e-01 
4.085721000e-01 6.595932000e-01 8.318172000e-01 
1.007686000e-02 3.066768000e-01 1.123998000e+00 
8.667423000e-01 5.473988000e-01 5.245669000e-01 
6.402766000e-03 1.094721000e+00 3.526534000e-01 
4.894502000e-01 8.724419000e-01 5.629595000e-01 
5.117029000e-01 8.830472000e-01 4.978662000e-01 
7.225741000e-01 8.035552000e-01 3.760629000e-01 
6.379899000e-01 8.211593000e-01 5.521063000e-01 
5.351695000e-01 2.411466000e-01 9.688706000e-01 
9.138509000e-01 6.269556000e-01 4.301622000e-01 
5.886914000e-02 4.273110000e-01 1.055445000e+00 
5.515084000e-02 1.134453000e+00 4.766601000e-03 
1.001403000e+00 2.874494000e-02 5.584354000e-01 
4.782377000e-01 7.553124000e-01 6.694712000e-01 
7.612558000e-01 8.428066000e-02 8.382998000e-01 
8.857927000e-01 4.125842000e-02 6.966585000e-01 
6.906979000e-01 9.729469000e-01 5.851022000e-04 
1.758045000e-02 5.922772000e-01 1.016024000e+00 
4.855411000e-02 1.137096000e+00 1.273112000e-03 
1.356017000e-03 1.821853000e-04 1.190020000e+00 
7.139996000e-01 2.542212000e-03 9.270068000e-01 
1.077465000e+00 7.062181000e-02 3.560759000e-01 
3.901898000e-01 9.825351000e-01 5.373024000e-01 
2.104689000e-03 8.118038000e-01 8.688116000e-01 
1.032608000e+00 3.659071000e-01 3.979630000e-01 
5.995159000e-01 9.002768000e-01 4.528806000e-01 
8.074037000e-01 8.455205000e-01 2.105070000e-03 
4.792432000e-01 4.495024000e-04 1.052170000e+00 
4.975505000e-01 6.327926000e-01 8.556591000e-01 
9.385830000e-01 1.860619000e-01 6.440382000e-01 
2.920273000e-01 9.640758000e-01 6.080708000e-01 
4.283531000e-03 1.039910000e+00 5.983192000e-01 
4.085427000e-01 2.424142000e-01 1.077616000e+00 
2.521054000e-02 8.323897000e-01 7.678740000e-01 
1.079160000e+00 4.196218000e-01 6.837429000e-04 
7.641676000e-02 1.026272000e+00 4.944465000e-01 
1.033402000e+00 4.519821000e-01 3.820434000e-01 
8.075998000e-01 7.914297000e-01 1.234760000e-02 
5.992018000e-01 8.529474000e-01 4.906879000e-01 
4.618866000e-01 6.395127000e-01 8.830287000e-01 
1.012446000e+00 2.144448000e-03 5.117732000e-01 
5.238320000e-02 1.055045000e+00 3.859507000e-01 
4.074095000e-03 6.313750000e-01 9.470844000e-01 
5.939758000e-01 2.599785000e-01 9.559934000e-01 
7.505709000e-01 8.522786000e-01 4.298427000e-02 
1.162251000e-02 4.469244000e-01 1.077969000e+00 
9.673426000e-01 2.587180000e-01 6.206896000e-01 
9.328127000e-01 4.046007000e-02 6.727597000e-01 
9.476246000e-01 4.762929000e-01 4.593013000e-01 
8.497422000e-01 7.499871000e-01 4.289469000e-02 
1.058950000e+00 1.297555000e-01 3.574242000e-01 
6.222056000e-01 8.914009000e-01 3.381089000e-01 
5.129838000e-01 7.405056000e-01 7.595088000e-01 
1.862457000e-01 5.267575000e-01 1.001678000e+00 
8.614032000e-01 7.699408000e-01 4.676677000e-03 
7.327493000e-01 4.007928000e-01 7.611295000e-01 
3.722285000e-01 7.411609000e-01 8.272128000e-01 
5.384071000e-01 9.201010000e-01 3.633316000e-01 
1.047628000e+00 3.547340000e-01 3.786015000e-01 
8.367363000e-01 6.389706000e-04 8.072549000e-01 
9.216196000e-01 7.487365000e-01 7.367278000e-03 
7.871643000e-01 8.306953000e-01 2.141428000e-02 
1.054005000e+00 1.670458000e-01 3.592986000e-01 
1.843973000e-02 1.051579000e+00 4.116457000e-01 
6.773338000e-01 7.327990000e-01 5.012221000e-01 
9.035580000e-01 9.114437000e-02 6.834910000e-01 
8.150391000e-01 4.990058000e-01 6.330838000e-01 
1.359464000e-02 4.873402000e-01 1.018659000e+00 
5.183062000e-01 8.615663000e-01 4.914662000e-01 
6.454853000e-01 9.154064000e-01 4.838950000e-03 
6.581378000e-01 4.195394000e-01 8.183310000e-01 
4.695008000e-02 1.497361000e-03 1.146474000e+00 
8.115784000e-01 6.789629000e-01 4.172778000e-01 
8.338817000e-01 7.701841000e-01 2.541110000e-02 
7.801275000e-01 5.982646000e-01 5.313881000e-01 
8.189768000e-01 2.031285000e-02 7.819655000e-01 
5.625059000e-05 1.661308000e-03 1.129219000e+00 
6.008510000e-02 9.105687000e-01 6.785105000e-01 
6.811264000e-01 4.193081000e-01 8.180289000e-01 
7.426038000e-01 6.736213000e-02 8.611870000e-01 
2.955721000e-02 5.580433000e-01 9.833711000e-01 
9.014470000e-01 2.689837000e-02 6.916480000e-01 
7.535501000e-01 6.798199000e-01 5.211420000e-01 
6.400907000e-04 1.162588000e+00 2.085693000e-02 
1.413401000e-02 1.097202000e+00 3.476343000e-01 

2.905983000e-02 6.883328000e-01 8.614906000e-01 
4.692040000e-01 9.630773000e-01 4.955910000e-01 
3.050117000e-02 5.679567000e-01 9.524012000e-01 
9.115728000e-01 6.130753000e-01 2.887227000e-02 
7.027938000e-01 1.213269000e-04 9.295792000e-01 
6.027109000e-01 8.952410000e-01 3.687199000e-01 
1.012015000e+00 4.334774000e-01 2.500477000e-02 
3.362195000e-03 4.555169000e-01 1.005153000e+00 
5.594152000e-01 5.798089000e-01 7.685911000e-01 
9.112656000e-01 7.589860000e-01 1.423766000e-03 
5.979237000e-01 4.350999000e-01 8.760000000e-01 
3.556934000e-02 4.816943000e-01 1.002840000e+00 
1.886438000e-03 3.889293000e-06 1.945847000e+00 
6.935667000e-05 1.109121000e-03 1.794424000e+00 
5.736324000e-01 8.487797000e-01 4.846809000e-01 
6.865960000e-01 4.693797000e-01 7.446140000e-01 
1.715983000e-02 2.350865000e+00 1.021514000e-03 
1.003271000e+00 4.679442000e-01 3.845352000e-02 
3.960836000e-01 6.454543000e-01 8.253967000e-01 
2.142151000e+00 2.280233000e-01 6.034394000e-04 
1.059170000e+00 8.668483000e-01 1.147797000e-04 
4.394959000e-01 4.504757000e-03 1.021404000e+00 
1.152672000e+00 1.422489000e-03 1.234077000e-02 
9.859279000e-01 7.204160000e-03 5.165164000e-01 
1.866069000e-03 1.202909000e+00 1.398746000e-02 
8.583482000e-01 8.122920000e-01 5.683917000e-04 
1.770091000e-04 1.237265000e+00 9.346076000e-02 
1.057224000e+00 2.980501000e-01 5.726634000e-03 
9.382010000e-01 6.249865000e-01 4.153969000e-03 
6.852056000e-01 3.578291000e-03 8.913287000e-01 
7.199297000e-01 8.612100000e-01 4.257972000e-03 
4.559594000e-01 9.428773000e-01 5.058260000e-01 
7.913427000e-01 5.697386000e-01 5.522831000e-01 
3.962374000e-01 9.557262000e-04 1.046230000e+00 
4.448570000e-02 5.069176000e-01 9.916327000e-01 
7.034526000e-01 7.875294000e-03 8.378100000e-01 
2.489912000e+00 3.946161000e-03 7.222181000e-04 
5.406244000e-03 4.445661000e-01 1.010242000e+00 
6.283822000e-03 2.726747000e-05 1.141252000e+00 
6.625168000e-01 1.012793000e-01 8.823076000e-01 
1.654193000e-02 2.267815000e-02 1.097522000e+00 
6.025259000e-01 8.623846000e-03 9.929495000e-01 
1.033201000e+00 2.788138000e-03 4.060548000e-01 
4.405908000e-01 6.237605000e-01 7.784351000e-01 
3.084261000e-01 5.060219000e-01 9.847130000e-01 
4.662237000e-01 9.466977000e-01 5.018328000e-01 
6.079029000e-01 9.094580000e-01 3.657047000e-01 
5.101744000e-01 2.590847000e-01 9.737664000e-01 
4.255321000e-01 3.476161000e-01 9.840100000e-01 
1.230081000e+00 2.703475000e-01 5.137750000e-04 
1.197344000e-02 5.488838000e-01 9.809693000e-01 
8.173394000e-01 5.897033000e-01 4.023970000e-01 
7.387920000e-01 3.196505000e-01 7.741120000e-01 
4.288728000e-01 9.840454000e-01 3.364941000e-01 
1.052599000e+00 4.294522000e-01 6.209151000e-02 
7.864962000e-01 4.184931000e-01 6.890700000e-01 
5.078644000e-01 3.452625000e-01 9.281321000e-01 
9.951525000e-03 6.290505000e-01 8.771786000e-01 
2.924645000e-01 6.037685000e-01 9.129338000e-01 
8.123969000e-01 7.767361000e-01 1.314561000e-02 
7.225193000e-01 5.557248000e-01 7.004378000e-01 
6.564288000e-01 9.253245000e-01 1.651910000e-02 
1.017506000e+00 4.317641000e-01 3.729184000e-02 
4.324260000e-01 8.930677000e-01 5.110189000e-01 
1.087993000e+00 3.259619000e-02 1.309678000e-02 
3.954594000e-03 9.580137000e-01 5.185025000e-01 
1.056108000e-01 7.454722000e-06 1.581935000e+00 
6.285530000e-01 7.472990000e-01 4.957462000e-01 
6.532673000e-01 9.283305000e-01 7.653811000e-03 
9.035225000e-01 6.758855000e-01 2.369391000e-03 
3.188394000e-01 5.236227000e-01 9.466390000e-01 
1.201914000e+00 2.856910000e-04 3.914283000e-01 
8.548447000e-01 6.583193000e-01 3.369392000e-01 
5.669740000e-03 6.476493000e-01 8.828250000e-01 
5.308098000e-01 9.828357000e-01 4.281666000e-02 
1.227100000e+00 7.797334000e-03 1.650670000e-03 
5.219074000e-01 6.551941000e-01 7.041548000e-01 
3.638755000e-01 4.362918000e-01 9.926993000e-01 
9.326584000e-01 5.676820000e-01 7.346921000e-02 
6.787290000e-01 8.178922000e-01 3.232542000e-01 
4.093568000e-02 5.603483000e-01 9.551251000e-01 
7.948679000e-01 8.235486000e-01 5.571914000e-03 
1.092473000e-01 2.153673000e-05 1.411492000e+00 
3.542758000e-02 1.108846000e+00 1.204313000e-03 
8.351847000e-01 7.322621000e-01 1.021032000e-02 
2.411077000e-03 8.363096000e-01 8.663051000e-01 
5.325053000e-01 6.025671000e-01 7.649858000e-01 
1.012199000e+00 2.973815000e-01 3.478042000e-01 
4.898515000e-01 1.500000000e-02 1.014925000e+00 
9.627548000e-01 6.461658000e-01 7.477519000e-04 
3.198725000e-01 6.727099000e-01 8.613984000e-01 
8.090260000e-01 7.660420000e-01 2.650903000e-02 
7.344413000e-01 3.489561000e-01 7.460238000e-01 
9.498080000e-01 4.855402000e-02 5.429370000e-01 
9.593031000e-01 5.466111000e-01 1.420800000e-03 
2.910995000e-03 1.186890000e+00 5.136502000e-03 
2.713448000e+00 7.125943000e-04 2.569167000e-03 
4.343196000e-02 6.584008000e-01 8.656594000e-01 
5.867352000e-01 9.717052000e-01 6.840799000e-03 
2.842799000e-01 6.807282000e-01 8.163496000e-01 
4.383264000e-01 7.470158000e-01 6.644487000e-01 
1.333905000e+00 3.145105000e-04 1.306713000e-02 
6.736522000e-01 5.160819000e-02 8.677125000e-01 
5.454220000e-01 4.001161000e-01 8.766104000e-01 
6.439767000e-01 9.193098000e-01 2.838913000e-02 
5.813313000e-01 9.854727000e-01 1.140033000e-02 
6.083442000e-01 8.667795000e-02 9.046599000e-01 
1.017293000e+00 2.858749000e-01 3.437290000e-01 
9.329898000e-01 5.180969000e-01 3.534478000e-01 
1.202171000e+00 8.905189000e-03 7.504668000e-03 
2.384699000e+00 1.159148000e-01 7.330270000e-04 
2.609848000e-01 6.752901000e-01 8.598514000e-01 
9.480752000e-01 4.278154000e-01 4.013522000e-01 
7.758750000e-01 8.759642000e-02 7.648669000e-01 
6.834155000e-01 8.754435000e-01 7.594720000e-03 
1.584635000e-02 8.780048000e-01 6.611701000e-01 
9.024880000e-01 6.537894000e-01 1.089271000e-02 
7.678963000e-01 8.771439000e-02 7.657347000e-01 
1.053231000e+00 3.032705000e-01 3.320564000e-03 
4.380230000e-01 6.045696000e-01 8.266363000e-01 
1.225076000e+00 1.099397000e-02 1.837855000e-03 
6.862377000e-01 4.791213000e-01 7.522328000e-01 
5.977442000e-01 3.155998000e-01 9.104344000e-01 
4.334594000e-02 2.646560000e-03 1.098502000e+00 
6.517861000e-01 1.156706000e-02 9.330931000e-01 
5.787626000e-01 9.446085000e-01 5.626331000e-02 
1.091870000e+00 4.013552000e-03 2.404575000e-01 
7.648623000e-04 5.733906000e-04 1.332923000e+00 
8.609594000e-01 4.121236000e-01 6.521440000e-01 
1.065667000e+00 8.569438000e-04 5.052875000e-01 
5.364826000e-02 9.084734000e-01 6.085237000e-01 
3.468057000e-01 4.701988000e-01 9.854841000e-01 
1.119742000e-03 3.781136000e-01 1.038417000e+00 
3.565766000e-01 2.393295000e-01 1.028742000e+00 
6.057610000e-01 4.649417000e-01 8.012654000e-01 
6.338054000e-01 5.672806000e-01 7.509580000e-01 
9.390700000e-01 4.470004000e-01 3.887667000e-01 
1.452538000e-02 2.817920000e-01 1.085428000e+00 
7.828462000e-01 1.070322000e-01 7.644335000e-01 
5.107763000e-02 7.587892000e-01 7.926143000e-01 
5.101432000e-04 7.479508000e-05 1.934879000e+00 
4.060240000e-01 1.002167000e+00 2.845615000e-01 
8.754481000e-01 1.371865000e-01 6.532938000e-01 
9.641080000e-01 1.251706000e-01 5.008627000e-01 
6.696557000e-01 8.583447000e-01 4.088468000e-02 
8.755916000e-01 3.417145000e-04 7.638223000e-01 
7.604120000e-01 5.267767000e-01 6.978112000e-01 
3.591027000e-02 1.957621000e-05 1.592919000e+00 
6.261335000e-03 7.715234000e-01 7.677113000e-01 
6.035808000e-01 9.168447000e-01 6.226113000e-02 
7.836528000e-01 3.325458000e-01 7.357566000e-01 
8.541441000e-01 6.664100000e-01 7.101400000e-02 
9.398025000e-01 4.464616000e-01 3.952118000e-01 
4.737560000e-01 8.352117000e-01 5.424181000e-01 
1.082973000e+00 2.083185000e-05 6.122086000e-01 
4.324241000e-01 1.027896000e+00 2.952667000e-03 
2.705280000e-05 1.032185000e-02 1.979555000e+00 
4.081670000e-01 9.793972000e-01 3.432993000e-01 
7.261226000e-01 1.380244000e-01 8.221166000e-01 
6.768228000e-01 4.222559000e-01 7.916463000e-01 
7.933970000e-01 1.630892000e-02 7.565979000e-01 
9.765612000e-01 4.759244000e-01 7.909282000e-02 
7.816153000e-01 8.146966000e-01 1.769714000e-02 
5.443667000e-01 6.867410000e-01 6.280833000e-01 
5.296492000e-01 7.666039000e-01 6.069235000e-01 
9.138416000e-01 5.148204000e-01 5.275512000e-01 
5.835492000e-01 7.145332000e-01 6.245696000e-01 
7.544698000e-01 3.129652000e-04 8.674610000e-01 
5.333475000e-03 2.799758000e-01 1.085828000e+00 
2.950549000e-01 6.032178000e-01 8.790916000e-01 
7.365446000e-01 2.677200000e-03 8.523319000e-01 
7.347844000e-01 5.305956000e-01 6.144084000e-01 
4.348904000e-02 6.668227000e-01 8.644850000e-01 
8.386051000e-01 5.368495000e-01 4.768212000e-01 
3.630065000e-01 5.585273000e-01 8.701607000e-01 
6.519826000e-03 5.522214000e-01 9.786859000e-01 
4.853598000e-01 1.020790000e+00 4.682350000e-03 
5.137944000e-01 8.583808000e-01 5.225098000e-01 
5.124324000e-03 8.999994000e-01 6.963978000e-01 
4.859870000e-01 1.016526000e+00 3.587797000e-03 
1.081455000e+00 6.604874000e-02 3.205928000e-01 
4.720778000e-02 1.020798000e+00 3.893542000e-01 
8.707665000e-01 6.640676000e-01 2.706419000e-02 
6.026486000e-01 8.381919000e-01 4.806248000e-01 
5.303040000e-01 4.764155000e-03 9.944320000e-01 
2.277299000e-02 2.690477000e-01 1.074104000e+00 
3.716717000e-03 6.855251000e-01 8.705347000e-01 
6.590812000e-01 9.703269000e-01 1.245391000e-03 
4.950168000e-03 1.126624000e+00 1.060558000e-02 
8.277169000e-01 6.808131000e-02 7.322100000e-01 
9.650894000e-01 1.299151000e-01 4.893947000e-01 
2.708819000e-02 1.131215000e-03 1.121303000e+00 
1.223536000e-03 7.592405000e-03 1.152375000e+00 
5.991615000e-02 9.635493000e-01 4.986683000e-01 
5.991674000e-01 9.564454000e-01 2.592521000e-02 
6.158924000e-01 9.093214000e-01 3.507555000e-01 
5.140609000e-03 1.111589000e+00 1.207056000e-02 
5.618670000e-01 9.857428000e-01 1.823155000e-02 
7.846132000e-01 5.917660000e-01 5.512849000e-01 
3.220106000e-01 5.663180000e-01 8.642005000e-01 
1.046282000e+00 1.681530000e-01 3.331084000e-01 
5.869031000e-01 4.527141000e-01 8.094681000e-01 
6.855788000e-01 4.797928000e-01 7.620855000e-01 
1.194902000e-02 1.054501000e+00 3.314496000e-01 
9.373941000e-01 4.572576000e-01 3.835473000e-01 
2.672424000e-04 9.364238000e-01 5.772180000e-01 
1.099861000e+00 1.566839000e-01 2.011645000e-03 
5.856071000e-05 1.207467000e+00 5.672527000e-01 
5.036137000e-01 9.844173000e-01 1.250700000e-01 
5.900973000e-01 4.980468000e-01 7.790035000e-01 
5.098563000e-01 9.294040000e-01 3.447787000e-01 
1.019639000e-02 8.651051000e-01 6.757385000e-01 
9.103208000e-02 1.027998000e+00 3.824785000e-01 
1.235337000e-02 1.060303000e+00 3.282023000e-01 
7.311975000e-02 8.054319000e-01 7.384613000e-01 
8.012004000e-01 7.131890000e-01 3.512181000e-01 
7.738682000e-01 6.094292000e-01 5.522839000e-01 
2.874326000e-01 1.975364000e-02 1.076178000e+00 
2.091949000e-01 3.406082000e-01 1.032436000e+00 
9.127442000e-04 1.221345000e+00 7.114382000e-03 
8.398763000e-01 2.514761000e-01 6.730171000e-01 
4.561702000e-01 9.734608000e-01 3.703480000e-01 
4.781169000e-04 4.403856000e-04 1.460189000e+00 
3.835706000e-01 1.051422000e+00 1.035145000e-02 
1.151894000e+00 2.838788000e-02 9.896733000e-04 
3.886877000e-01 1.054126000e+00 3.643573000e-03 
7.208946000e-01 8.780059000e-01 2.003213000e-03 
9.497523000e-01 5.618533000e-01 9.605611000e-04 
9.402841000e-01 1.968164000e-03 6.292249000e-01 
5.994393000e-01 2.920284000e-01 8.944786000e-01 
9.716765000e-01 4.466629000e-01 3.762471000e-01 
8.167374000e-01 7.246875000e-01 3.283683000e-01 
1.079902000e+00 2.394138000e-01 3.261715000e-02 
4.383170000e-01 5.974988000e-01 8.076472000e-01 
3.983999000e-01 6.611205000e-01 8.069944000e-01 
1.081731000e+00 1.210375000e-01 4.497653000e-02 
4.317067000e-01 8.914504000e-01 5.130994000e-01 
6.745156000e-03 9.269226000e-01 6.008576000e-01 
6.015883000e-04 5.267518000e-01 1.090579000e+00 
2.902373000e-01 1.435506000e+00 8.881911000e-05 
5.442982000e-01 7.698496000e-01 5.397261000e-01 
6.018376000e-01 5.197980000e-01 7.747980000e-01 
9.416820000e-01 4.620145000e-01 3.239615000e-01 
4.956128000e-01 1.012771000e+00 1.069100000e-02 
1.067292000e-04 1.345157000e-02 1.431125000e+00 
6.376587000e-01 3.858342000e-03 9.816441000e-01 
3.916998000e-01 9.112515000e-02 1.036064000e+00 
1.246695000e+00 9.232946000e-03 1.400551000e-03 
1.423929000e-02 9.823157000e-01 5.097146000e-01 
3.777595000e-01 8.960410000e-01 5.166202000e-01 
7.662819000e-01 6.159434000e-01 5.439180000e-01 
3.134228000e-01 8.299611000e-01 6.637279000e-01 
6.197568000e-01 1.689252000e-01 8.908337000e-01 
9.317616000e-02 7.186484000e-01 8.075080000e-01 
8.789866000e-01 9.954943000e-02 6.525648000e-01 
1.209141000e+00 1.546723000e-02 4.384158000e-03 
4.435977000e-01 8.051668000e-01 6.091572000e-01 
5.224525000e-01 8.056857000e-01 5.330888000e-01 
1.025957000e-04 2.198566000e-02 1.118095000e+00 
4.173500000e-01 1.000580000e+00 3.162879000e-01 
7.639722000e-01 6.408679000e-01 4.550735000e-01 
8.394699000e-01 7.309066000e-01 3.546773000e-03 
1.020702000e+00 6.970303000e-02 4.684700000e-01 
4.727745000e-01 3.539443000e-01 9.541507000e-01 
6.824523000e-01 7.914048000e-01 3.870105000e-01 
3.081396000e-02 1.002998000e+00 4.926367000e-01 
1.951563000e-03 3.849546000e-05 1.163623000e+00 
1.201615000e+00 7.637384000e-03 7.767646000e-03 
8.303850000e-01 7.263617000e-01 7.943662000e-02 
1.167796000e+00 1.685125000e-02 6.122316000e-03 
8.847775000e-01 4.506657000e-01 5.856131000e-01 
5.461940000e-01 5.151890000e-01 7.981691000e-01 
4.125660000e-01 3.483961000e-01 9.657643000e-01 
7.132120000e-01 7.670207000e-01 4.025430000e-01 
6.690238000e-01 8.171143000e-01 3.361269000e-01 
7.164079000e-01 8.744640000e-01 2.238904000e-03 
8.383900000e-01 4.173636000e-01 6.329989000e-01 
6.436848000e-01 9.409555000e-01 1.275912000e-02 
1.053533000e+00 1.383533000e-01 3.076455000e-01 
6.039707000e-01 7.328338000e-01 5.559817000e-01 
6.528518000e-01 5.766396000e-03 9.436586000e-01 
6.851729000e-01 2.039753000e-02 8.665526000e-01 
3.831096000e-02 1.081703000e+00 1.359829000e-02 
1.025049000e+00 4.294117000e-01 1.114177000e-01 
1.223649000e+00 3.815041000e-01 2.901386000e-04 
9.159421000e-01 6.159755000e-01 1.715217000e-02 
6.101230000e-01 8.872261000e-01 3.554821000e-01 
7.667560000e-01 6.403752000e-01 4.588084000e-01 
2.811339000e-01 1.388351000e-02 1.080021000e+00 
5.050186000e-01 5.154717000e-01 8.761180000e-01 
3.051375000e-01 2.511711000e-02 1.055511000e+00 
1.021577000e-02 1.112546000e+00 6.519629000e-03 
1.513517000e-02 1.203298000e+00 1.498001000e-03 
2.007279000e-03 1.274773000e-03 1.159302000e+00 
5.852396000e-03 1.274218000e+00 1.974965000e-03 
3.726271000e-01 4.294412000e-01 9.492519000e-01 
3.523848000e-01 5.843581000e-01 8.638572000e-01 
1.176308000e-01 1.012231000e+00 4.663591000e-01 
2.955975000e-04 1.499441000e-02 1.119779000e+00 
1.253249000e-02 1.087580000e+00 1.040636000e-01 
4.011533000e-01 1.031645000e+00 5.648171000e-02 
4.769119000e-01 3.440137000e-01 9.568120000e-01 
5.533824000e-01 3.359507000e-01 9.332753000e-01 
5.526500000e-01 1.306427000e-02 9.710960000e-01 
4.001472000e-01 6.650259000e-02 1.030256000e+00 
1.740735000e-01 1.012549000e+00 4.211813000e-01 
8.870094000e-01 1.792028000e-04 7.751939000e-01 
3.537686000e-01 5.042413000e-01 9.097632000e-01 
9.515816000e-01 7.315075000e-01 5.730453000e-04 
7.727080000e-01 4.834488000e-02 7.805308000e-01 
8.847877000e-01 2.000643000e-02 7.167175000e-01 
8.299527000e-01 2.158685000e-02 7.354970000e-01 
5.805582000e-01 4.646889000e-01 8.121020000e-01 
1.121979000e+00 1.153061000e-01 3.256894000e-03 
7.308421000e-01 3.435570000e-03 7.955417000e-01 
1.528908000e-01 8.466669000e-01 6.967255000e-01 
7.223671000e-01 7.120915000e-01 5.966645000e-01 
2.458483000e-03 7.299649000e-01 8.136766000e-01 
6.138098000e-01 9.265919000e-01 3.781735000e-02 
5.791035000e-01 9.657944000e-01 1.263272000e-02 
9.330601000e-01 5.258173000e-01 3.077489000e-01 
1.116147000e+00 4.058963000e-03 9.659119000e-03 
4.417602000e-01 3.496478000e-01 9.611891000e-01 
3.698427000e-01 4.412641000e-01 9.523633000e-01 
1.086805000e-03 5.557539000e-01 9.893514000e-01 
4.796502000e-02 2.541632000e-01 1.067831000e+00 
1.034951000e+00 4.440024000e-01 6.981574000e-03 
8.675548000e-01 7.898141000e-01 8.818713000e-04 
5.710354000e-01 6.187836000e-01 7.033631000e-01 
1.099646000e+00 1.460712000e-02 3.302383000e-02 
1.001718000e-02 6.239594000e-01 9.031715000e-01 
2.636825000e-01 7.198817000e-01 7.584200000e-01 
8.645354000e-01 6.637204000e-01 3.218000000e-01 
3.034810000e-03 1.022548000e+00 5.204282000e-01 
9.358149000e-01 4.679590000e-01 3.832838000e-01 
1.165358000e+00 6.851189000e-04 9.047644000e-03 
9.095179000e-01 5.423750000e-01 3.899151000e-01 
5.443901000e-01 9.647330000e-01 2.051071000e-02 
7.143143000e-01 5.326571000e-04 9.294496000e-01 
1.082516000e+00 1.735448000e-01 6.869033000e-03 
1.005747000e+00 4.441219000e-01 7.066022000e-02 
6.776289000e-03 7.648237000e-01 7.714263000e-01 
1.840161000e-02 1.127803000e+00 2.013502000e-04 
3.573686000e-01 6.951354000e-01 7.647619000e-01 
5.775451000e-01 9.943556000e-03 9.397648000e-01 
6.132347000e-01 6.334400000e-01 7.020863000e-01 
6.691802000e-03 1.176909000e+00 1.501263000e-03 
6.218905000e-01 7.469764000e-01 5.340956000e-01 
4.520322000e-01 5.590313000e-01 8.254005000e-01 
4.192106000e-01 5.863751000e-01 8.343010000e-01 
1.205141000e+00 7.432681000e-04 6.353069000e-03 
5.431775000e-02 7.452066000e-01 7.839972000e-01 
6.307156000e-04 3.171707000e-03 1.188829000e+00 
9.496778000e-01 1.759505000e-01 5.376949000e-01 
9.100281000e-01 1.675463000e-01 6.276059000e-01 
7.988519000e-01 6.218015000e-01 4.638201000e-01 
1.105674000e+00 7.918945000e-02 6.541159000e-03 
4.066066000e-01 7.558424000e-01 6.572304000e-01 
5.610313000e-01 1.017303000e-02 9.339212000e-01 
6.781119000e-02 5.587842000e-01 9.398368000e-01 
4.189718000e-01 1.058110000e+00 3.302487000e-03 
4.625021000e-01 1.126079000e-04 1.092091000e+00 
3.925277000e-01 7.228574000e-02 1.042697000e+00 
3.842177000e-01 3.974309000e-03 1.044327000e+00 
9.304433000e-01 5.409597000e-01 3.109967000e-01 
1.137588000e+00 4.757784000e-02 3.191751000e-03 
4.429916000e-02 7.811277000e-01 7.589935000e-01 
7.366046000e-01 6.455485000e-01 5.813504000e-01 
5.985647000e-03 7.575946000e-03 1.112996000e+00 
6.885678000e-01 4.412298000e-03 8.469959000e-01 
6.415474000e-01 6.048636000e-01 6.241299000e-01 
1.042225000e-02 8.733635000e-01 6.741366000e-01 
3.221946000e-01 8.966510000e-01 5.296327000e-01 
6.008608000e-01 7.466933000e-01 5.600660000e-01 
1.029173000e+00 1.460807000e-01 3.985507000e-01 
5.044662000e-02 4.337357000e-01 1.019348000e+00 
7.676627000e-01 8.374856000e-01 9.464003000e-02 
7.095878000e-01 5.592396000e-01 6.969461000e-01 
8.301940000e-01 1.867773000e-02 7.298207000e-01 
8.071114000e-01 4.840403000e-01 5.681172000e-01 
5.266155000e-01 8.856944000e-01 4.918278000e-01 
1.524467000e-03 7.362605000e-01 9.157176000e-01 
6.297577000e-01 8.601112000e-01 3.422813000e-01 
4.868231000e-01 9.455485000e-01 3.292849000e-01 
3.984350000e-01 7.559112000e-01 6.542721000e-01 
3.155287000e-01 5.675133000e-01 8.745440000e-01 
2.657546000e-02 5.059933000e-01 1.001653000e+00 
2.306859000e-03 8.779012000e-01 7.433311000e-01 
6.689606000e-01 9.230013000e-01 2.099802000e-02 
1.392782000e-03 8.803630000e-01 7.111215000e-01 
9.468074000e-01 5.215868000e-01 3.032590000e-01 
7.749968000e-01 5.110510000e-01 5.684781000e-01 
1.780613000e-04 1.582528000e-02 1.177547000e+00 
1.927195000e-01 9.998973000e-01 3.874276000e-01 
3.427288000e-01 4.725333000e-01 9.525946000e-01 
4.642317000e-01 6.416263000e-01 7.670801000e-01 
6.125439000e-01 7.518758000e-01 5.538928000e-01 
9.706858000e-01 4.018518000e-01 3.833083000e-01 
3.178095000e-04 9.185424000e-03 1.123877000e+00 
2.408042000e-01 2.174319000e-01 1.085805000e+00 
6.371100000e-01 8.317925000e-01 3.291062000e-01 
1.140730000e+00 3.858680000e-02 1.658292000e-03 
5.252080000e-01 8.833069000e-01 5.062900000e-01 
1.531354000e-01 9.845413000e-01 4.928480000e-01 
9.752182000e-01 6.666460000e-02 5.088228000e-01 
8.020972000e-02 7.644252000e-01 7.815948000e-01 
9.797792000e-01 3.246210000e-04 6.157176000e-01 
9.084660000e-01 6.282576000e-01 5.347970000e-03 
6.864032000e-01 8.432612000e-01 5.152328000e-02 
7.248065000e-01 8.007262000e-01 3.797751000e-01 
2.989503000e-01 4.874265000e-01 9.850580000e-01 
1.023093000e-02 1.105581000e+00 1.504826000e-02 
3.639268000e-01 8.854483000e-01 5.611965000e-01 
1.060742000e-02 1.142334000e+00 3.570716000e-03 
8.900106000e-01 6.807895000e-01 1.540092000e-03 
6.175690000e-01 1.376709000e-02 9.059085000e-01 
7.373564000e-01 7.215631000e-01 5.507049000e-01 
5.174779000e-01 6.623489000e-01 7.146257000e-01 
8.377856000e-01 5.958108000e-01 3.743071000e-01 
6.648733000e-01 4.491275000e-01 7.638924000e-01 
1.100264000e+00 2.587807000e-03 2.333631000e-02 
4.392994000e-01 8.634045000e-01 5.620204000e-01 
4.664666000e-01 1.284757000e-01 9.886466000e-01 
6.666980000e-01 5.234986000e-01 7.417893000e-01 
1.109809000e+00 1.510891000e-01 4.780379000e-03 
5.794098000e-01 9.522691000e-01 3.497171000e-02 
4.631929000e-01 9.973756000e-01 3.823971000e-02 
9.919353000e-01 1.446427000e-02 4.899801000e-01 
5.206349000e-01 2.220760000e-02 9.934733000e-01 
7.345835000e-01 7.283836000e-01 5.485356000e-01 
5.457655000e-01 1.005220000e+00 1.430416000e-02 
3.959379000e-01 4.253061000e-01 9.759125000e-01 
9.113025000e-01 3.713810000e-02 6.086116000e-01 
6.230357000e-01 4.999607000e-01 7.591754000e-01 
6.499731000e-02 1.072340000e+00 1.258162000e-02 
4.062325000e-01 3.507099000e-01 9.594002000e-01 
6.135823000e-01 4.241864000e-01 8.685284000e-01 
9.071435000e-02 8.647946000e-01 6.483512000e-01 
6.530689000e-01 9.325044000e-01 7.992587000e-03 
1.027061000e+00 4.311754000e-01 7.638244000e-02 
7.274595000e-01 6.001047000e-01 6.435350000e-01 
1.012221000e+00 4.483751000e-01 2.861401000e-03 
9.030050000e-01 6.312180000e-01 8.741446000e-03 
6.704894000e-01 3.995779000e-02 8.678753000e-01 
6.286806000e-02 1.037636000e+00 3.194999000e-01 
9.414439000e-01 3.228752000e-01 5.908833000e-01 
3.456594000e-01 7.031396000e-01 7.666145000e-01 
1.900561000e-01 8.240484000e-01 7.261041000e-01 
2.934896000e-01 4.785123000e-01 9.953539000e-01 
3.066644000e-01 2.617845000e-01 1.005010000e+00 
5.710941000e-01 7.988142000e-01 5.059535000e-01 
7.431271000e-01 7.620623000e-01 3.375459000e-01 
6.160506000e-01 7.426201000e-01 5.513011000e-01 
5.926630000e-03 1.059924000e+00 4.285740000e-01 
1.112210000e+00 1.313972000e-02 1.100803000e-02 
4.334016000e-01 4.810856000e-01 8.890698000e-01 
8.335645000e-01 7.190834000e-01 3.140476000e-01 
8.394788000e-01 3.516271000e-04 7.400838000e-01 
1.547494000e-02 8.839889000e-01 6.598242000e-01 
9.264737000e-01 6.042223000e-01 1.807458000e-02 
4.963767000e-01 8.332646000e-01 5.527795000e-01 
7.480567000e-03 8.650531000e-01 7.175381000e-01 
8.534554000e-01 7.092631000e-01 9.151138000e-03 
1.131614000e-01 4.259321000e-04 1.123165000e+00 
7.622955000e-01 7.289509000e-01 3.326855000e-01 
3.901756000e-01 5.008298000e-01 9.082185000e-01 
4.080462000e-01 1.011817000e+00 1.590021000e-02 
8.372613000e-01 9.174708000e-02 7.211964000e-01 
4.793154000e-01 1.495458000e-01 9.884489000e-01 
2.882067000e-01 3.711348000e-01 1.024317000e+00 
4.905692000e-01 9.273885000e-01 3.630376000e-01 
2.753045000e-01 5.169484000e-01 9.713996000e-01 
1.107582000e+00 1.645943000e-03 2.543134000e-02 
5.669097000e-01 9.170279000e-01 3.390494000e-01 
1.018415000e+00 4.245687000e-01 1.128068000e-01 
3.270202000e-04 9.215397000e-01 6.106600000e-01 
8.722302000e-01 5.762881000e-01 3.496888000e-01 
3.728920000e-01 7.907674000e-01 7.073964000e-01 
6.819160000e-01 3.959706000e-01 7.864838000e-01 
9.510924000e-01 4.817674000e-02 5.774474000e-01 
5.301145000e-01 6.073655000e-01 7.631369000e-01 
6.797197000e-01 9.095865000e-01 1.683104000e-02 
8.591828000e-01 6.984180000e-01 5.583024000e-02 
1.117032000e+00 1.348609000e-02 8.528729000e-03 
4.847935000e-01 3.352527000e-01 9.660717000e-01 
1.083769000e+00 4.453840000e-02 2.177268000e-01 
8.504874000e-01 5.708299000e-01 3.734828000e-01 
9.049260000e-01 6.571154000e-01 1.879432000e-03 
4.827996000e-01 9.534658000e-01 3.628696000e-01 
1.092002000e-03 1.095762000e+00 4.500331000e-02 
1.074838000e+00 1.472408000e-01 2.966060000e-01 
6.875184000e-01 8.439563000e-01 6.921544000e-03 
1.570364000e-02 1.095621000e+00 6.597219000e-02 
9.859550000e-01 4.352152000e-01 3.439414000e-01 
7.250232000e-01 4.267458000e-01 7.683161000e-01 
7.608561000e-01 4.208765000e-01 7.115348000e-01 
1.046335000e+00 1.090264000e-02 3.408077000e-01 
3.011105000e-01 7.883011000e-01 7.561396000e-01 
6.759212000e-01 2.071168000e-02 8.600137000e-01 
1.040620000e+00 2.945897000e-01 3.416744000e-01 
1.050552000e+00 1.002852000e-01 3.339904000e-01 
1.738232000e-01 2.102751000e-01 1.090241000e+00 
1.044537000e+00 2.273026000e-02 3.984254000e-01 
9.472615000e-03 1.388836000e-04 1.129582000e+00 
7.283063000e-03 1.026375000e+00 4.909821000e-01 
1.073886000e+00 5.489737000e-02 3.226514000e-01 
1.057464000e+00 8.642147000e-02 3.392142000e-01 
9.625645000e-01 4.580324000e-03 5.817743000e-01 
6.501603000e-01 9.088125000e-01 3.254150000e-02 
1.569104000e-02 1.090759000e+00 6.834888000e-02 
1.101600000e-02 1.009264000e+00 4.862478000e-01 
5.177171000e-01 4.022524000e-01 9.056847000e-01 
9.611973000e-01 4.708913000e-02 5.643785000e-01 
9.551673000e-01 2.656252000e-02 5.701193000e-01 
7.134009000e-01 3.277779000e-01 8.129634000e-01 
4.390634000e-01 7.412839000e-01 7.313924000e-01 
8.989448000e-01 6.470285000e-01 7.088753000e-02 
3.583169000e-01 5.013241000e-01 9.431972000e-01 
4.057614000e-02 5.773521000e-01 9.435170000e-01 
5.931738000e-01 8.779909000e-03 9.784672000e-01 
6.514972000e-01 3.697280000e-01 8.023916000e-01 
2.763348000e-01 1.224676000e-02 1.091295000e+00 
4.228495000e-01 1.616304000e-03 1.032972000e+00 
9.833204000e-01 4.613029000e-02 5.000255000e-01 
5.866535000e-01 7.087912000e-01 6.163576000e-01 
6.751337000e-01 2.101147000e-02 8.870685000e-01 
1.051360000e+00 4.357777000e-01 2.288604000e-02 
8.792183000e-01 6.378839000e-02 6.510528000e-01 
8.990775000e-01 6.597225000e-01 3.221856000e-02 
5.992000000e-01 6.033048000e-01 7.345873000e-01 
3.779976000e-01 1.035403000e+00 1.178758000e-02 
5.349095000e-01 7.598582000e-01 6.039196000e-01 
4.131250000e-02 1.049268000e+00 3.202115000e-01 
7.410053000e-02 1.106435000e+00 5.601389000e-03 
6.470823000e-01 9.193296000e-01 2.812194000e-02 
4.512903000e-01 1.603508000e-01 9.863682000e-01 
5.544035000e-01 6.803807000e-01 6.647795000e-01 
8.723243000e-03 1.156034000e+00 7.780646000e-03 
8.395051000e-01 6.490034000e-02 7.001784000e-01 
8.846302000e-01 5.267534000e-02 6.565723000e-01 
6.488523000e-02 9.541010000e-01 5.654495000e-01 
4.483151000e-04 2.464812000e-03 1.245900000e+00 
7.984174000e-01 8.153866000e-01 1.434628000e-03 
6.878133000e-01 2.390459000e-03 8.835824000e-01 
5.946145000e-01 9.518143000e-01 2.904621000e-02 
7.819135000e-01 6.443668000e-04 7.747428000e-01 
2.576322000e-02 6.283481000e-01 8.984068000e-01 
3.704000000e-01 3.549337000e-01 9.966908000e-01 
5.459973000e-01 7.812314000e-01 5.172129000e-01 
1.015703000e+00 1.023417000e-01 4.538961000e-01 
8.849570000e-01 7.253978000e-01 1.932610000e-03 
8.072065000e-01 3.459962000e-01 6.594154000e-01 
3.751957000e-01 1.021921000e+00 2.967573000e-01 
6.659760000e-01 6.384344000e-01 6.210896000e-01 
7.925921000e-01 1.298554000e-01 7.502853000e-01 
9.613234000e-01 4.108743000e-01 3.887476000e-01 
5.302408000e-01 3.599270000e-01 8.880504000e-01 
5.395090000e-01 5.961571000e-01 7.588286000e-01 
6.243607000e-02 5.322269000e-01 9.434941000e-01 
5.710257000e-02 8.526139000e-01 6.485243000e-01 
1.019869000e+00 4.860593000e-01 4.482064000e-04 
7.645205000e-01 7.190674000e-01 3.993985000e-01 
9.628138000e-03 5.971418000e-01 9.280649000e-01 
6.649090000e-01 3.383553000e-02 8.818145000e-01 
1.554042000e-02 1.263622000e-03 1.112589000e+00 
4.968017000e-01 8.728135000e-01 5.274446000e-01 
7.541789000e-01 6.470103000e-01 5.392094000e-01 
9.550455000e-01 1.150422000e-01 5.356721000e-01 
3.450796000e-02 1.117613000e+00 4.341899000e-03 
8.145608000e-01 7.675769000e-01 4.315224000e-03 
8.607247000e-01 9.279265000e-03 7.180415000e-01 
5.020276000e-01 1.003981000e+00 2.652671000e-02 
8.074307000e-01 7.782117000e-01 3.008430000e-03 
8.265392000e-01 9.407369000e-02 7.333161000e-01 
3.566486000e-01 7.234281000e-01 7.449664000e-01 
7.292243000e-01 8.999331000e-02 8.134747000e-01 
8.124244000e-01 7.402347000e-01 8.046856000e-03 
8.395880000e-01 4.925945000e-01 5.433652000e-01 
4.546084000e-01 8.679144000e-01 5.522322000e-01 
5.880790000e-01 5.201969000e-01 7.842494000e-01 
6.905905000e-01 3.880339000e-01 7.703026000e-01 
2.907037000e-03 7.253478000e-01 8.006443000e-01 
8.607612000e-01 1.424771000e-01 6.532201000e-01 
5.684658000e-01 4.801709000e-01 8.149357000e-01 
4.288164000e-01 4.901563000e-01 8.895821000e-01 
7.734270000e-01 8.200634000e-01 3.703489000e-02 
6.407222000e-01 6.611104000e-01 6.298879000e-01 
3.529537000e-01 9.856933000e-01 3.181547000e-01 
4.831220000e-03 9.547249000e-01 5.202293000e-01 
9.487017000e-01 6.494309000e-02 5.607541000e-01 
1.050660000e-02 1.131449000e+00 4.997729000e-03 
7.884615000e-01 5.663256000e-01 5.614504000e-01 
1.083871000e+00 1.583258000e-02 3.904521000e-02 
7.738733000e-01 3.157169000e-01 7.479012000e-01 
3.004933000e-01 5.865956000e-01 8.777653000e-01 
3.584493000e-01 8.834549000e-01 5.876791000e-01 
4.336426000e-01 1.030959000e+00 2.947601000e-04 
1.072352000e+00 4.215703000e-03 3.306020000e-01 
5.911426000e-01 1.680849000e-01 9.158581000e-01 
5.053578000e-01 8.239755000e-01 5.376918000e-01 
2.359314000e-02 1.052304000e+00 3.176032000e-01 
7.509506000e-04 5.796275000e-01 9.423315000e-01 
3.814339000e-01 1.061649000e+00 9.096575000e-03 
1.098573000e+00 9.223954000e-03 3.429313000e-02 
7.928527000e-01 5.228334000e-01 5.349725000e-01 
4.636192000e-01 6.420412000e-01 7.669429000e-01 
7.534351000e-01 8.194375000e-02 7.735909000e-01 
4.910339000e-01 9.917048000e-01 1.176410000e-01 
4.026115000e-02 5.251373000e-01 9.802217000e-01 
4.568209000e-01 2.007850000e-01 9.851791000e-01 
3.782064000e-02 4.037057000e-01 1.021189000e+00 
9.497638000e-01 4.587447000e-01 3.198648000e-01 
1.122637000e+00 5.502235000e-03 8.622929000e-03 
9.767052000e-01 1.774497000e-03 5.377534000e-01 
1.055806000e+00 1.066392000e-01 3.118032000e-01 
7.642879000e-03 8.354441000e-01 7.000790000e-01 
5.044974000e-01 5.810170000e-01 7.789957000e-01 
7.406460000e-01 3.096992000e-01 7.661453000e-01 
4.605684000e-03 6.100418000e-01 9.165299000e-01 
2.215556000e-01 3.129914000e-01 1.024623000e+00 
5.138243000e-01 9.169030000e-01 3.446672000e-01 
7.912673000e-03 1.103160000e+00 3.413416000e-02 
7.278786000e-01 5.289567000e-01 6.337885000e-01 
6.543329000e-03 3.496608000e-01 1.047541000e+00 
1.127140000e+00 3.792370000e-04 3.448675000e-02 
1.102825000e-02 9.147069000e-01 6.072593000e-01 
8.955038000e-01 8.594084000e-03 6.277726000e-01 
8.739269000e-01 5.634274000e-01 3.367202000e-01 
3.613432000e-01 4.497315000e-01 9.466636000e-01 
7.630292000e-01 7.286209000e-01 2.862805000e-01 
4.916702000e-04 1.027723000e-02 1.104342000e+00 
5.888743000e-01 9.575652000e-01 1.790275000e-03 
1.917739000e-02 1.036837000e+00 3.931049000e-01 
1.699462000e-01 3.672679000e-01 1.024625000e+00 
4.800705000e-01 6.458487000e-01 7.175072000e-01 
1.096280000e+00 2.768602000e-02 2.419123000e-02 
1.941611000e-02 2.876269000e-01 1.040462000e+00 
4.447774000e-03 6.519824000e-02 1.097039000e+00 
1.929215000e-04 1.078597000e+00 2.706919000e-01 
1.008824000e+00 4.099874000e-02 4.706048000e-01 
4.819499000e-01 4.490976000e-03 1.032652000e+00 
5.317458000e-01 9.132551000e-01 3.484392000e-01 
1.004011000e+00 3.130418000e-01 3.448305000e-01 
6.209558000e-01 1.674271000e-01 8.978409000e-01 
5.895842000e-01 5.003841000e-01 7.752340000e-01 
5.508629000e-01 2.832484000e-02 9.470778000e-01 
9.731958000e-01 2.765242000e-02 5.544258000e-01 

1.136009000e-02 1.725955000e-04 1.106358000e+00 
8.194110000e-04 1.204252000e+00 3.242763000e-02 
2.560823000e-01 5.422504000e-01 9.589298000e-01 
3.834573000e-01 1.064191000e+00 4.390659000e-02 
3.994526000e-01 1.093233000e+00 2.165197000e-02 
9.500677000e-01 6.763150000e-01 4.173540000e-03 
2.892884000e-02 1.261096000e+00 8.107022000e-05 
9.757971000e-01 3.628814000e-02 5.594640000e-01 
4.673465000e-04 9.888532000e-04 1.262863000e+00 
2.478763000e-02 1.101663000e+00 3.934555000e-01 
1.548285000e-01 2.979777000e-01 1.097736000e+00 
6.521900000e-01 7.394479000e-01 4.977440000e-01 
8.635353000e-01 7.290135000e-01 5.131458000e-03 
6.728894000e-05 7.068979000e-06 9.406206000e+00 
5.559128000e-01 5.504690000e-01 8.226074000e-01 
1.036462000e+00 3.257065000e-02 4.269560000e-01 
1.222857000e+00 1.228691000e-02 3.998586000e-04 
9.084261000e-01 5.373305000e-04 6.532810000e-01 
7.798677000e-03 2.380376000e-04 1.190922000e+00 
3.274728000e-01 8.417752000e-01 6.810930000e-01 
1.208388000e-02 9.290744000e-01 6.835180000e-01 
5.959229000e-01 6.376818000e-01 7.444865000e-01 
9.135144000e-01 6.150737000e-01 3.016731000e-01 
4.405630000e-05 4.348140000e-04 6.880289000e+00 
7.668147000e-02 9.847668000e-01 5.408991000e-01 
5.483461000e-01 5.856481000e-01 8.254897000e-01 
1.296156000e-02 1.113391000e+00 3.756487000e-01 
9.422676000e-01 1.496689000e-01 6.211567000e-01 
2.047297000e-03 1.118900000e+00 4.887868000e-01 
7.235808000e-01 7.046106000e-01 5.014039000e-01 
2.659084000e-03 9.626904000e-01 6.701682000e-01 
4.371384000e-01 1.053588000e+00 4.035935000e-02 
8.963957000e-01 6.844524000e-01 4.864026000e-02 
4.489770000e-01 7.506936000e-01 7.373811000e-01 
5.846692000e-01 6.740925000e-03 9.562406000e-01 
1.052349000e+00 3.765655000e-01 5.986740000e-02 
3.408392000e-01 8.103860000e-01 6.778924000e-01 
1.898010000e-03 1.081496000e+00 6.792295000e-01 
2.861030000e-03 6.366761000e-01 1.045370000e+00 
8.238371000e-02 5.555403000e-01 9.870319000e-01 
8.522855000e-01 1.489578000e-01 7.044866000e-01 
3.914961000e-01 2.464199000e-02 1.055257000e+00 
8.767855000e-01 2.867474000e-01 6.555431000e-01 
8.966183000e-01 5.484682000e-02 6.512983000e-01 
1.044048000e-01 1.117052000e+00 7.800783000e-02 
4.404811000e-01 1.065651000e+00 1.779471000e-02 
5.236911000e-01 7.061776000e-01 7.210358000e-01 
1.040929000e+00 5.880133000e-01 1.364370000e-03 
2.773034000e-03 8.558968000e-01 7.609267000e-01 
5.278867000e-01 1.568575000e-02 9.794917000e-01 
6.612863000e-01 8.172521000e-01 4.614807000e-01 
6.607667000e-01 4.845015000e-01 8.367490000e-01 
9.742501000e-01 1.089371000e-02 5.699391000e-01 
2.790573000e-03 6.550640000e-01 9.796097000e-01 
8.927741000e-03 1.108907000e+00 4.703988000e-01 
8.609584000e-01 7.263000000e-01 3.973162000e-02 
5.391920000e-05 3.326057000e-05 1.308313000e+00 
7.178926000e-01 8.541356000e-01 7.612085000e-02 
4.117500000e-01 8.115325000e-01 6.580645000e-01 
5.493714000e-04 1.286465000e+00 6.234950000e-03 
1.229262000e-02 1.148360000e+00 6.761927000e-04 
7.113377000e-01 8.840670000e-01 3.612788000e-02 
7.314510000e-01 7.105185000e-01 4.734233000e-01 
3.106128000e-02 2.182659000e+00 2.093716000e-05 
9.848479000e-06 5.765023000e-03 1.394635000e+00 
5.851343000e-01 6.702479000e-01 6.901832000e-01 
2.878095000e-03 6.019427000e-01 9.405742000e-01 
4.067917000e-01 7.452349000e-01 8.231935000e-01 
6.874481000e-03 1.118849000e+00 3.003590000e-02 
2.709253000e-01 7.201723000e-01 8.433024000e-01 
1.793087000e-03 6.996425000e-01 9.296397000e-01 
6.924124000e-03 1.126427000e+00 5.991747000e-03 
5.356343000e-01 8.175701000e-01 5.617517000e-01 
8.470158000e-01 6.174954000e-01 4.287288000e-01 
1.972964000e-05 8.817257000e-04 2.096404000e+00 
3.434483000e-01 9.903084000e-02 1.058527000e+00 
3.578132000e-04 1.759921000e-02 1.170646000e+00 
3.856047000e-01 6.481816000e-01 8.513909000e-01 
4.305934000e-01 4.794425000e-01 9.098115000e-01 
7.861084000e-04 9.436665000e-01 8.203467000e-01 
9.147336000e-01 2.685340000e-01 6.096834000e-01 
1.158541000e-01 5.422450000e-01 1.011183000e+00 
4.894917000e-01 7.771464000e-01 6.611254000e-01 
5.825103000e-01 7.519125000e-01 6.389118000e-01 
9.679887000e-01 4.558584000e-01 4.201155000e-01 
3.335893000e-02 8.935921000e-01 6.663512000e-01 
3.810061000e-01 7.128906000e-01 8.789493000e-01 
8.983678000e-01 9.378102000e-03 6.838337000e-01 
3.841857000e-01 1.189069000e-01 1.033083000e+00 
8.097945000e-01 3.985743000e-01 6.557847000e-01 
8.378298000e-01 8.030273000e-01 1.071382000e-02 
7.974690000e-01 7.182864000e-01 4.012433000e-01 
3.898236000e-04 1.227950000e+00 1.126249000e-02 
1.776206000e-04 1.226416000e+00 5.167255000e-01 
9.619786000e-01 5.099595000e-01 3.437726000e-01 
2.775121000e-03 1.128900000e+00 3.891497000e-03 
5.491232000e-01 9.662120000e-01 2.759930000e-01 
3.776756000e-01 7.156748000e-01 8.754086000e-01 
8.247146000e-01 1.092204000e-03 8.504796000e-01 
6.948671000e-01 2.128171000e-02 9.150675000e-01 
9.730510000e-01 5.058680000e-01 3.216731000e-01 
2.224915000e-03 6.588517000e-01 1.037428000e+00 
7.021688000e-01 9.262686000e-01 1.040666000e-02 
1.006156000e+00 1.705720000e-02 5.234448000e-01 
8.853275000e-02 1.120919000e+00 1.563421000e-02 
1.090465000e+00 6.486379000e-01 2.442204000e-06 
4.878124000e-01 8.767392000e-01 6.455718000e-01 
1.243423000e-02 7.577930000e-01 8.432617000e-01 
5.164363000e-01 9.987993000e-01 1.425638000e-02 
7.857271000e-01 6.593642000e-01 4.969052000e-01 
4.869018000e-01 3.486879000e-01 9.447069000e-01 
1.325763000e-03 7.042113000e-01 1.012591000e+00 
4.241891000e-04 4.824461000e-02 1.144131000e+00 
9.771861000e-01 6.997252000e-01 2.113537000e-03 
7.836117000e-01 7.725370000e-01 3.703610000e-01 
2.341587000e-03 1.127231000e+00 4.814693000e-01 
6.050296000e-01 8.348273000e-01 4.459084000e-01 
3.143286000e-01 8.789010000e-01 6.642462000e-01 
2.755707000e-01 7.372462000e-01 8.368860000e-01 
1.080013000e+00 3.364170000e-01 8.316683000e-02 
8.552987000e-01 8.362892000e-01 5.910560000e-03 
9.177547000e-02 4.989370000e-01 1.034073000e+00 
9.971334000e-01 6.792060000e-01 8.363280000e-06 
5.947243000e-01 1.500013000e-03 9.654379000e-01 
8.902013000e-01 6.817914000e-01 5.044449000e-02 
7.956811000e-01 8.152325000e-01 1.800883000e-02 
4.954635000e-01 6.574013000e-04 1.019252000e+00 
1.006882000e-03 1.318085000e+00 8.380033000e-04 
6.236033000e-01 6.693213000e-01 6.808458000e-01 
9.819596000e-01 5.952307000e-01 6.533690000e-02 
4.291688000e-04 1.861656000e-05 1.681432000e+00 
6.180321000e-01 4.290767000e-01 8.588642000e-01 
8.603463000e-02 9.876554000e-01 4.848040000e-01 
6.194024000e-01 7.799819000e-01 5.791927000e-01 
3.131914000e-02 3.798784000e-01 1.044231000e+00 
1.071807000e+00 1.628406000e-01 3.477617000e-01 
8.385276000e-01 2.650923000e-01 6.774656000e-01 
2.775981000e-01 6.458029000e-01 9.071493000e-01 
4.073704000e-01 1.085320000e+00 1.798236000e-04 
8.517943000e-01 7.390545000e-01 8.054635000e-02 
9.480456000e-01 4.630603000e-05 6.967565000e-01 
6.043882000e-01 9.911036000e-01 3.436144000e-03 
2.436304000e-02 6.957947000e-01 8.956921000e-01 
3.925938000e-01 5.474618000e-01 9.193679000e-01 
7.421890000e-01 5.227964000e-01 6.574982000e-01 
5.362745000e-01 8.961800000e-01 4.644234000e-01 
1.256324000e-01 1.079606000e+00 3.651889000e-01 
9.966070000e-01 3.461918000e-01 3.918598000e-01 
1.041222000e+00 4.235430000e-01 7.167368000e-02 
4.271475000e-01 1.043485000e+00 1.405721000e-01 
5.824571000e-01 9.223314000e-01 3.692807000e-01 
1.501674000e-03 6.742132000e-01 1.013391000e+00 
8.460289000e-01 5.479241000e-04 8.192378000e-01 
9.782269000e-03 9.785865000e-01 6.201942000e-01 
1.114876000e+00 1.142496000e-02 2.395392000e-02 
1.028340000e+00 4.659023000e-01 3.292078000e-02 
3.730346000e-01 9.940536000e-01 3.798818000e-01 
2.438519000e-03 1.021393000e+00 4.930833000e-01 
5.780123000e-01 9.219026000e-01 3.773326000e-01 
3.273314000e-01 6.419736000e-01 9.263844000e-01 
5.190622000e-01 3.086086000e-01 9.920139000e-01 
4.359521000e-01 4.054493000e-01 9.552716000e-01 
8.011709000e-01 1.729900000e-01 8.093973000e-01 
6.836822000e-03 1.120689000e+00 3.923848000e-02 
8.319403000e-01 6.794535000e-01 3.458499000e-01 
1.002728000e-01 1.101571000e+00 2.855397000e-01 
8.303089000e-01 1.710660000e-03 8.315220000e-01 
9.065429000e-01 1.022757000e-02 6.735502000e-01 
1.289011000e+00 3.606418000e-02 2.284605000e-05 
9.050895000e-01 5.480902000e-01 4.810819000e-01 
4.259745000e-01 1.929058000e-01 1.015919000e+00 
8.444589000e-01 4.600730000e-02 8.105086000e-01 
3.868886000e-01 1.129412000e-01 1.051967000e+00 
8.377425000e-01 7.797249000e-01 3.565609000e-02 
8.453908000e-01 5.985523000e-01 5.483151000e-01 
4.725534000e-02 1.006199000e+00 4.923029000e-01 
7.202464000e-01 8.663897000e-01 3.587699000e-02 
8.731800000e-01 4.841753000e-01 5.222414000e-01 
5.091762000e-01 3.156251000e-01 9.841599000e-01 
4.331603000e-01 9.373617000e-01 4.900676000e-01 
4.010339000e-01 1.070196000e+00 2.472618000e-02 
3.998740000e-01 3.323038000e-02 1.045677000e+00 
3.393867000e-01 3.797965000e-01 1.013997000e+00 
1.300386000e-02 1.102671000e+00 3.831191000e-01 
4.870920000e-05 6.274631000e-02 1.358598000e+00 
2.305095000e-02 8.263528000e-01 7.978343000e-01 
7.916181000e-01 7.461402000e-01 3.655068000e-01 
3.441316000e-03 1.097713000e-03 1.193845000e+00 
6.248587000e-01 7.444064000e-01 6.481704000e-01 
8.860047000e-01 6.780032000e-01 7.147831000e-02 
9.147317000e-01 6.126617000e-01 2.284326000e-01 
4.540466000e-02 1.051719000e+00 4.170091000e-01 
2.040296000e-01 1.108395000e+00 5.771010000e-02 
6.325167000e-01 4.847379000e-01 7.987917000e-01 
6.766463000e-02 1.050022000e+00 4.233130000e-01 
1.099747000e+00 1.316844000e-04 3.674391000e-01 
6.086661000e-01 1.522082000e-03 9.347266000e-01 
2.734066000e-03 1.052121000e+00 4.746489000e-01 
7.967074000e-01 4.463437000e-01 7.183136000e-01 
5.622511000e-01 7.307411000e-01 6.855325000e-01 
9.800221000e-01 2.816530000e-02 5.623889000e-01 
9.832748000e-01 7.085033000e-01 2.111443000e-03 
7.526399000e-01 7.142964000e-01 4.424897000e-01 
3.800492000e-01 3.129187000e-02 1.054922000e+00 
3.133843000e-02 9.563339000e-01 6.418794000e-01 
1.078596000e+00 6.504019000e-01 5.657417000e-04 
1.107645000e-02 4.142496000e-01 1.054070000e+00 
2.968210000e-01 8.271659000e-01 7.657897000e-01 
2.139024000e-03 1.200303000e+00 7.344137000e-03 
2.126456000e-02 1.011670000e+00 4.999380000e-01 
3.051534000e-02 7.834302000e-01 8.169931000e-01 
5.822697000e-01 1.333013000e-02 9.525718000e-01 
1.508735000e-02 7.693267000e-01 8.335356000e-01 
2.896083000e-03 9.029966000e-01 7.222221000e-01 
8.890732000e-01 4.414725000e-02 6.642502000e-01 
1.114793000e+00 5.631638000e-02 4.617132000e-02 
1.183711000e+00 3.009324000e-04 3.736684000e-02 
7.216834000e-01 7.193808000e-01 4.704904000e-01 
8.123372000e-01 8.734548000e-01 7.754051000e-04 
7.111117000e-01 4.834384000e-01 7.401119000e-01 
1.390048000e-03 1.027130000e+00 7.658613000e-01 
4.002593000e-03 1.290374000e+00 2.427285000e-03 
8.120672000e-01 9.441202000e-02 8.067012000e-01 
5.269014000e-01 8.326320000e-01 5.755736000e-01 
7.267999000e-01 9.091775000e-01 1.740046000e-03 
1.142641000e+00 1.615724000e-03 3.168769000e-02 
1.132773000e-01 1.075827000e+00 3.672850000e-01 
7.208775000e-01 8.582348000e-01 4.109790000e-02 
9.571645000e-02 1.050413000e+00 3.919322000e-01 
7.143275000e-03 4.785052000e-04 1.162748000e+00 
8.604275000e-01 7.680387000e-01 1.162898000e-02 
5.220107000e-04 4.095107000e-01 1.060894000e+00 
4.590454000e-03 1.126944000e+00 7.772213000e-02 
5.442227000e-01 8.802632000e-01 5.102154000e-01 
6.843387000e-01 5.663061000e-01 7.395664000e-01 
9.785785000e-01 1.710075000e-03 5.711536000e-01 
9.216287000e-01 1.014824000e-04 6.609885000e-01 
4.347554000e-01 7.449254000e-01 7.758026000e-01 
7.538887000e-02 1.150314000e+00 6.291276000e-04 
6.425321000e-01 5.257122000e-04 9.541818000e-01 
5.953050000e-01 5.345930000e-01 7.999658000e-01 
3.953243000e-01 1.076843000e+00 3.595590000e-02 
3.874694000e-01 8.869039000e-01 6.342019000e-01 
1.306062000e-03 4.329043000e-05 1.293221000e+00 
4.774408000e-01 6.963983000e-01 8.016121000e-01 
5.608244000e-01 8.793262000e-01 4.331086000e-01 
1.142027000e-03 5.178954000e-01 1.054469000e+00 
7.764906000e-02 8.987059000e-01 6.660711000e-01 
1.106945000e-02 1.278100000e+00 1.695208000e-03 
4.774721000e-02 9.944272000e-01 5.349644000e-01 
5.620991000e-01 1.047796000e+00 2.719380000e-03 
7.313449000e-01 5.148893000e-01 6.767798000e-01 
2.064239000e-02 1.100081000e+00 4.355654000e-01 
4.885023000e-01 3.319688000e-01 9.603568000e-01 
6.502220000e-01 7.745140000e-01 6.207445000e-01 
5.748823000e-01 8.054985000e-01 5.473111000e-01 
5.072118000e-04 2.315394000e-02 1.162719000e+00 
3.707508000e-01 2.811072000e-01 1.043671000e+00 
1.050253000e+00 3.835040000e-01 5.848917000e-02 
5.128761000e-01 9.628223000e-01 3.841979000e-01 
4.342141000e-01 1.007990000e+00 2.250428000e-01 
5.060720000e-04 9.438432000e-01 8.261514000e-01 
7.735063000e-03 7.249599000e-01 8.950804000e-01 
4.016132000e-01 1.120559000e-01 1.038238000e+00 
1.280982000e-03 7.062214000e-01 1.012552000e+00 
2.829491000e-01 7.506038000e-01 8.030151000e-01 
1.811035000e-01 5.712269000e-01 9.674161000e-01 
5.146161000e-01 1.057173000e+00 8.988856000e-03 
1.096343000e+00 3.165584000e-01 8.404408000e-02 
1.278788000e+00 3.078958000e-03 1.554182000e-03 
1.076464000e+00 1.499867000e-03 3.537604000e-01 
5.213259000e-01 7.034123000e-01 7.311872000e-01 
6.046991000e-01 8.139441000e-01 4.950295000e-01 
5.298716000e-01 1.042032000e+00 5.122956000e-03 
3.404836000e-03 8.136854000e-01 7.992373000e-01 
1.290559000e+00 1.119713000e-02 8.764523000e-04 
7.202703000e-02 1.084732000e+00 3.541043000e-01 
7.048115000e-03 1.260454000e+00 1.803204000e-03 
1.745450000e-02 1.122683000e+00 5.483823000e-03 
8.722884000e-04 6.437216000e-01 1.056219000e+00 
5.691079000e-01 2.652492000e-01 9.413307000e-01 
4.276917000e-01 9.457561000e-01 4.655732000e-01 
4.161263000e-01 8.896360000e-01 5.816332000e-01 
7.582099000e-01 2.287245000e-01 8.048736000e-01 
2.577372000e-01 5.437360000e-01 9.294111000e-01 
6.863421000e-02 5.822171000e-01 9.707632000e-01 
4.745849000e-01 7.436488000e-01 7.224096000e-01 
9.876601000e-01 2.632304000e-01 4.999870000e-01 
1.008924000e+00 5.074746000e-01 2.580933000e-02 
7.386467000e-01 5.213761000e-01 6.738484000e-01 
4.971672000e-01 6.528948000e-01 7.897315000e-01 
6.883298000e-02 5.869421000e-01 9.619410000e-01 
9.530302000e-01 5.042513000e-01 3.531113000e-01 
7.634177000e-01 6.281182000e-03 8.310499000e-01 
3.671963000e-01 1.683542000e-02 1.063884000e+00 
6.864491000e-01 8.330356000e-01 3.498809000e-01 
6.476204000e-01 9.671682000e-01 1.363488000e-01 
8.152975000e-01 2.585105000e-01 7.589819000e-01 
9.291004000e-01 5.056007000e-01 4.880599000e-01 
1.204761000e+00 6.675046000e-05 5.070267000e-02 
9.929217000e-01 8.096863000e-02 5.579949000e-01 
1.081303000e+00 3.276995000e-01 6.307536000e-02 
1.105668000e-01 1.117155000e+00 2.789604000e-02 
7.262915000e-01 8.546953000e-01 4.965898000e-03 
9.192064000e-01 5.204616000e-01 4.659570000e-01 
5.998818000e-01 6.026112000e-01 7.293714000e-01 
1.156603000e-01 5.097043000e-05 1.184350000e+00 
1.081768000e+00 3.280491000e-01 1.335752000e-03 
1.023955000e+00 4.995547000e-01 8.426434000e-02 
4.208202000e-03 1.335525000e-03 1.153968000e+00 
2.994461000e-02 8.152507000e-01 7.685120000e-01 
9.806802000e-04 7.235041000e-05 1.249218000e+00 
4.083501000e-02 9.855903000e-01 5.646464000e-01 
9.476914000e-01 2.720636000e-01 5.462961000e-01 
4.869476000e-01 6.506748000e-01 8.213094000e-01 
7.208525000e-01 2.989457000e-02 8.575857000e-01 
7.199922000e-01 9.201098000e-01 1.166785000e-03 
8.976150000e-01 5.032947000e-01 5.049200000e-01 
5.350877000e-01 3.759347000e-01 9.247014000e-01 
8.608613000e-01 1.524142000e-01 6.975553000e-01 
7.059916000e-01 8.827830000e-01 2.585523000e-01 
4.593468000e-01 1.040447000e+00 2.559366000e-02 
6.339765000e-03 9.091698000e-01 7.135865000e-01 
3.182347000e-02 6.836664000e-01 9.083624000e-01 
8.183797000e-01 6.775285000e-01 3.874231000e-01 
9.311014000e-01 6.911347000e-01 8.731059000e-03 
1.926113000e-01 4.144177000e-01 1.023508000e+00 
1.142556000e+00 3.100260000e-01 2.831321000e-03 
3.888372000e-01 6.274457000e-02 1.053651000e+00 
5.234121000e-01 7.155516000e-01 7.079753000e-01 
6.972979000e-01 2.428222000e-02 9.121081000e-01 
4.309306000e-02 5.980248000e-01 9.992878000e-01 
2.761484000e-04 7.407112000e-03 1.219520000e+00 
8.405610000e-01 6.912328000e-01 3.322809000e-01 
7.301698000e-01 7.506354000e-01 4.689280000e-01 
8.465772000e-01 1.225838000e-02 7.243282000e-01 
4.491255000e-01 1.147675000e-02 1.055882000e+00 
7.841544000e-01 7.018506000e-01 4.171792000e-01 
9.108295000e-01 5.127574000e-01 4.930624000e-01 
4.208325000e-01 8.178616000e-01 6.578482000e-01 
7.614488000e-01 6.612888000e-03 8.174993000e-01 
6.786703000e-04 8.791762000e-03 1.208923000e+00 
8.730074000e-01 7.186787000e-01 2.630085000e-03 
3.291578000e-01 3.262840000e-01 1.043907000e+00 
3.157667000e-01 2.369495000e-01 1.047637000e+00 
9.118699000e-01 5.141860000e-01 4.914236000e-01 
7.850469000e-01 7.738148000e-01 3.241436000e-01 
7.632801000e-01 2.091772000e-03 8.324766000e-01 
4.181328000e-01 5.666688000e-01 9.121428000e-01 
2.696894000e-02 7.030797000e-01 8.932576000e-01 
5.986954000e-01 6.659863000e-02 9.424114000e-01 
8.006154000e-01 7.721088000e-01 3.216737000e-01 
3.063265000e-01 3.505968000e-01 1.042259000e+00 
5.424364000e-01 6.743104000e-01 7.642275000e-01 
4.312561000e-01 4.798269000e-01 9.090436000e-01 
7.649503000e-01 7.736118000e-01 3.546209000e-01 
5.764175000e-01 9.669597000e-01 2.671068000e-01 
9.434731000e-01 1.142406000e-02 6.509293000e-01 
5.571653000e-03 4.891779000e-01 1.056985000e+00 
7.333110000e-01 2.862148000e-02 8.625132000e-01 
9.109702000e-01 5.289321000e-01 4.763695000e-01 
2.376361000e-03 7.632424000e-01 8.428436000e-01 
1.253486000e-04 7.910720000e-01 8.391377000e-01 
1.026426000e+00 4.593525000e-01 5.904257000e-02 
6.576697000e-01 1.489270000e-02 9.249632000e-01 
1.198901000e+00 1.643873000e-04 1.747379000e-01 
1.223014000e+00 7.275243000e-05 3.002666000e-03 
8.976016000e-01 6.763801000e-01 4.179847000e-02 
6.111006000e-01 8.232944000e-01 4.257409000e-01 
1.135820000e+00 8.751171000e-04 4.491099000e-02 
8.120476000e-01 9.023116000e-01 6.959462000e-04 
3.374787000e-03 9.990154000e-01 5.778812000e-01 
5.659753000e-01 1.066215000e+00 3.957852000e-04 
5.905018000e-02 1.055258000e+00 3.994786000e-01 
2.353964000e-02 7.564020000e-01 8.542076000e-01 
2.785134000e-02 1.048249000e+00 4.490072000e-01 
7.882418000e-01 7.705369000e-01 3.689926000e-01 
5.941021000e-01 2.568978000e-03 9.502881000e-01 
8.531942000e-01 7.388603000e-01 4.718071000e-02 
5.472332000e-01 9.474070000e-01 3.857964000e-01 
1.026237000e+00 1.495540000e-01 4.614967000e-01 
8.428010000e-01 4.894408000e-01 6.235733000e-01 
6.633046000e-01 4.465926000e-01 8.533968000e-01 
2.706511000e-01 2.703015000e-01 1.062009000e+00 
9.056507000e-02 1.111474000e+00 2.827973000e-01 
9.110013000e-03 9.788777000e-01 6.104584000e-01 
8.468284000e-02 7.945865000e-01 7.947930000e-01 
5.200813000e-01 3.069539000e-01 1.002932000e+00 
1.962041000e-02 8.554274000e-01 7.059994000e-01 
5.689347000e-01 8.636920000e-01 4.377537000e-01 
7.101020000e-01 7.353543000e-01 4.743157000e-01 
3.948352000e-03 9.308050000e-01 6.513981000e-01 
6.149760000e-01 8.169726000e-01 4.891481000e-01 
5.481630000e-01 6.485953000e-01 7.147739000e-01 
5.284812000e-01 6.901252000e-01 7.388056000e-01 
1.062576000e+00 9.940022000e-04 4.343767000e-01 
1.118583000e+00 7.360316000e-02 1.008507000e-02 
7.871596000e-03 1.028918000e+00 4.765370000e-01 
7.730202000e-01 4.322526000e-01 7.498646000e-01 
6.667513000e-01 9.366836000e-01 1.358285000e-02 
4.375895000e-01 1.047753000e+00 1.121430000e-01 
3.551442000e-02 6.914867000e-05 1.174837000e+00 
8.201469000e-01 3.047805000e-01 6.918405000e-01 
7.556303000e-01 4.688319000e-01 7.368526000e-01 
4.666183000e-03 1.027702000e-03 1.199020000e+00 
2.694327000e-02 7.172104000e-01 8.914725000e-01 
5.325346000e-01 9.037597000e-01 4.348741000e-01 
9.180114000e-01 6.147324000e-01 2.115568000e-01 
5.015149000e-01 8.888643000e-01 5.869438000e-01 
1.151935000e+00 8.684334000e-02 5.259467000e-03 
4.425235000e-01 7.928794000e-01 7.686835000e-01 
5.476500000e-03 5.358937000e-03 1.137041000e+00 
8.185082000e-01 9.846507000e-02 7.929498000e-01 
5.051950000e-01 7.128540000e-01 7.876030000e-01 
8.482462000e-01 6.002649000e-01 4.660599000e-01 
8.413522000e-01 6.288740000e-01 4.511675000e-01 
8.215871000e-01 4.926316000e-01 6.495408000e-01 
6.307420000e-01 6.481378000e-01 6.739602000e-01 
8.969022000e-01 4.756237000e-01 6.476807000e-01 
1.006674000e+00 5.686191000e-01 1.453477000e-02 
4.235502000e-01 2.755878000e-02 1.028777000e+00 
4.802167000e-03 1.143615000e+00 3.707879000e-03 
1.726098000e-02 1.113656000e+00 3.679201000e-01 
3.293423000e-03 8.318720000e-01 7.913243000e-01 
7.418778000e-03 5.010906000e-04 1.161749000e+00 
9.597087000e-01 1.275178000e-03 6.519414000e-01 
1.280263000e+00 2.744433000e-01 1.187112000e-04 
1.058533000e+00 1.445727000e-02 4.436820000e-01 
4.890523000e-01 8.959497000e-01 5.794466000e-01 
4.329003000e-01 6.330004000e-01 9.039242000e-01 
1.038280000e+00 1.735231000e-02 4.362578000e-01 
4.050982000e-01 1.078527000e+00 1.863349000e-02 
3.446859000e-02 1.209512000e+00 4.434440000e-04 
6.588808000e-01 3.708712000e-01 9.183584000e-01 
1.041686000e+00 1.215904000e-02 4.721808000e-01 
4.694748000e-01 6.117388000e-01 8.492972000e-01 
4.676995000e-01 2.045417000e-02 1.016160000e+00 
4.823330000e-01 3.311785000e-01 9.797983000e-01 
2.483953000e-01 5.989872000e-01 9.592302000e-01 
1.070154000e+00 1.451009000e-02 3.507387000e-01 
9.185343000e-03 9.991736000e-01 5.747447000e-01 
1.140597000e-02 3.365161000e-05 1.187630000e+00 
1.053637000e-01 1.374528000e-04 1.111663000e+00 
1.118802000e+00 1.216430000e-01 3.178927000e-03 
6.926023000e-01 5.444746000e-01 7.770703000e-01 
9.854155000e-01 5.544216000e-01 2.497812000e-01 
5.245090000e-01 6.938207000e-01 7.378423000e-01 
7.045420000e-01 7.279401000e-04 8.630624000e-01 
1.367218000e-02 4.850967000e-01 1.050303000e+00 
3.998774000e-01 4.692119000e-01 9.451112000e-01 
4.254387000e-01 1.053183000e+00 9.878603000e-02 
9.424851000e-01 4.647365000e-01 4.212048000e-01 
1.038441000e+00 4.951509000e-03 4.921952000e-01 
6.090738000e-01 4.049851000e-01 8.796323000e-01 
7.976751000e-01 1.546751000e-03 8.568578000e-01 
8.531612000e-01 5.601301000e-01 5.745673000e-01 
9.951641000e-02 1.054738000e+00 3.776767000e-01 
7.758283000e-03 4.970032000e-04 1.146575000e+00 
1.412207000e-02 8.540754000e-01 7.651551000e-01 
5.648413000e-01 9.271329000e-01 3.665349000e-01 
9.665835000e-01 5.135112000e-01 3.433248000e-01 
6.048615000e-01 8.127591000e-01 4.926576000e-01 
6.216030000e-01 9.752986000e-01 3.991567000e-03 
8.711155000e-03 8.783303000e-01 6.869517000e-01 
3.011389000e-03 8.951410000e-01 7.181388000e-01 
1.178363000e-02 7.099818000e-01 9.003430000e-01 
2.844483000e-02 1.064671000e+00 3.744859000e-01 
3.906950000e-01 5.249890000e-01 9.361140000e-01 
8.764876000e-01 1.059668000e-02 6.753710000e-01 
4.679054000e-01 1.044546000e+00 2.058185000e-02 
7.370032000e-01 2.279338000e-02 8.470328000e-01 
4.631149000e-01 9.793130000e-01 3.802336000e-01 
3.139321000e-01 8.479474000e-01 6.815671000e-01 
7.397293000e-01 5.074469000e-01 6.799427000e-01 
7.776225000e-03 7.229856000e-01 9.029237000e-01 
7.197744000e-01 5.844494000e-04 8.775852000e-01 
4.913942000e-01 2.362830000e-03 1.034597000e+00 
5.055649000e-01 9.748346000e-01 2.474167000e-01 
6.454922000e-01 3.921763000e-01 8.728020000e-01 
3.101916000e-02 9.482224000e-01 6.451118000e-01 
8.404575000e-01 8.118689000e-01 7.788354000e-03 
8.073733000e-01 7.822780000e-01 5.381799000e-02 
2.634079000e-02 4.221569000e-01 1.045790000e+00 
6.936942000e-01 9.099082000e-01 2.185915000e-02 
3.027777000e-01 2.017372000e-01 1.093656000e+00 
5.028339000e-01 9.665788000e-01 3.529462000e-01 
1.086629000e+00 3.205579000e-01 5.749348000e-04 
5.588355000e-01 3.952003000e-01 9.241858000e-01 
1.037710000e+00 3.278766000e-02 4.194238000e-01 
5.829911000e-01 7.750865000e-01 6.168115000e-01 
8.166692000e-01 2.492251000e-01 7.645138000e-01 
4.079140000e-01 1.081224000e+00 7.366221000e-03 
9.449166000e-01 2.052812000e-02 6.384049000e-01 
1.003572000e+00 5.900616000e-01 1.088115000e-02 
9.023176000e-02 9.079362000e-01 6.415514000e-01 
4.541447000e-01 7.239961000e-01 7.559384000e-01 
8.185879000e-01 2.455532000e-01 7.158147000e-01 
6.018258000e-01 8.452298000e-01 4.271115000e-01 
4.879037000e-01 9.991929000e-01 2.657927000e-01 
1.069145000e+00 1.543707000e-03 3.881950000e-01 
9.226487000e-01 7.160751000e-01 7.136732000e-03 
9.591793000e-01 5.093177000e-03 6.338316000e-01 
5.677212000e-01 1.201879000e-02 1.001633000e+00 
1.107877000e+00 2.860233000e-03 2.779788000e-01 
5.173216000e-01 9.965010000e-01 1.058868000e-01 
1.947403000e-02 3.624214000e-01 1.066161000e+00 
8.439618000e-01 7.919019000e-01 6.878481000e-03 
6.699536000e-01 9.415383000e-01 3.973217000e-04 
4.428329000e-01 5.057958000e-01 8.966209000e-01 
8.301323000e-01 7.887728000e-01 1.624985000e-02 
2.875390000e-01 7.599058000e-01 7.994311000e-01 
7.179341000e-01 8.803604000e-01 5.698194000e-03 
8.762336000e-01 2.746260000e-01 6.601251000e-01 
9.040252000e-01 6.190959000e-01 2.389734000e-01 
4.361882000e-01 5.970770000e-01 8.864793000e-01 
5.235528000e-01 3.685454000e-01 9.392245000e-01 
1.915150000e-01 1.099313000e+00 2.875170000e-01 
7.767251000e-01 4.340265000e-01 7.392460000e-01 
1.005429000e+00 6.382115000e-02 5.286978000e-01 
4.846347000e-01 7.279704000e-04 1.038938000e+00 
9.742190000e-01 6.119503000e-02 5.765017000e-01 
6.205092000e-01 4.823239000e-02 9.316248000e-01 
7.531703000e-01 6.559460000e-03 8.220059000e-01 
4.304125000e-01 4.790839000e-01 9.446448000e-01 
6.808064000e-01 6.589886000e-01 6.404397000e-01 
1.785216000e-01 1.116459000e+00 9.998436000e-02 
1.005232000e+00 5.197238000e-01 3.620301000e-02 
3.236249000e-01 6.506668000e-03 1.065899000e+00 
7.704316000e-01 7.945164000e-01 3.083069000e-01 
9.931751000e-01 3.182814000e-01 4.709488000e-01 
1.116157000e+00 1.756794000e-03 1.607113000e-02 
4.309405000e-01 4.659435000e-01 9.334699000e-01 
5.815800000e-02 1.005310000e+00 5.203126000e-01 
7.028281000e-01 4.884991000e-01 7.361663000e-01 
1.105241000e-02 4.925521000e-01 1.056811000e+00 
9.201109000e-01 4.306679000e-02 6.465308000e-01 
1.101398000e+00 1.689517000e-02 3.264327000e-01 
6.439056000e-01 8.990615000e-01 3.364707000e-01 
6.456210000e-01 2.365011000e-02 9.241996000e-01 
9.931200000e-01 5.744112000e-01 2.212726000e-02 
4.728816000e-01 1.033775000e+00 8.676169000e-02 
4.146320000e-01 5.692959000e-01 9.131354000e-01 
1.008581000e+00 1.545725000e-01 4.844726000e-01 
4.340131000e-01 9.360298000e-01 4.547797000e-01 
6.265152000e-01 6.807245000e-01 6.502228000e-01 
1.084154000e+00 6.585622000e-02 3.417506000e-01 
9.950878000e-01 1.038109000e-01 5.266865000e-01 
4.365914000e-01 1.027409000e+00 1.668902000e-01 
1.159312000e+00 1.549023000e-03 1.731159000e-03 
9.413009000e-01 4.240211000e-01 4.408567000e-01 
4.245851000e-01 1.016959000e+00 2.351079000e-01 
5.888006000e-01 8.596798000e-01 4.303132000e-01 
2.260752000e-03 7.958709000e-01 8.189103000e-01 
6.991977000e-01 7.258521000e-01 5.000665000e-01 
6.356629000e-01 6.765217000e-01 6.384528000e-01 
7.878290000e-01 6.451318000e-01 4.848342000e-01 
4.924396000e-02 9.995602000e-01 5.296201000e-01 
3.104360000e-02 1.022863000e+00 4.620516000e-01 
4.900500000e-01 7.214707000e-01 7.000118000e-01 
1.035120000e+00 2.670334000e-02 4.449541000e-01 
7.269776000e-01 5.239488000e-01 6.780421000e-01 
4.829053000e-01 3.362476000e-01 9.568713000e-01 
2.911188000e-02 1.018407000e+00 4.895124000e-01 
8.907289000e-01 6.834620000e-01 4.899038000e-02 
1.100408000e+00 2.480262000e-02 1.943282000e-01 
2.198803000e-01 5.107673000e-01 9.863329000e-01 
1.142770000e+00 8.227119000e-04 9.994468000e-03 
8.195234000e-01 6.735989000e-01 3.747260000e-01 
6.587950000e-02 8.627251000e-01 6.963088000e-01 
6.440312000e-01 1.437680000e-02 9.252881000e-01 
5.450402000e-01 5.300066000e-01 8.374077000e-01 
7.895631000e-01 8.142957000e-01 4.242895000e-02 
5.749105000e-03 8.813349000e-01 7.501341000e-01 
5.698325000e-01 8.391699000e-01 4.893647000e-01 
1.064936000e+00 5.777008000e-03 3.741926000e-01 
9.559706000e-04 1.156937000e+00 7.362245000e-03 
8.660966000e-03 3.721681000e-01 1.077898000e+00 
3.270267000e-03 3.559964000e-02 1.136325000e+00 
2.810677000e-02 4.068511000e-01 1.038003000e+00 
4.289625000e-01 1.063027000e+00 6.964434000e-02 
4.450808000e-01 1.045363000e+00 1.005642000e-02 
2.757153000e-01 4.755076000e-01 9.981155000e-01 
7.882663000e-01 8.211289000e-01 2.339866000e-02 
8.300944000e-01 6.046953000e-01 4.573573000e-01 
2.613351000e-01 5.334876000e-01 9.578186000e-01 
8.006729000e-01 8.180170000e-01 1.794122000e-02 
1.005698000e+00 7.026844000e-02 4.850537000e-01 
4.541372000e-02 1.055924000e+00 3.969527000e-01 
3.414009000e-01 3.234207000e-01 1.019995000e+00 
6.555141000e-01 6.298963000e-01 6.643308000e-01 
4.335332000e-01 1.063938000e+00 5.308442000e-02 
7.049209000e-02 1.117570000e+00 1.971507000e-02 
8.798619000e-01 7.256445000e-01 1.113006000e-03 
2.844548000e-01 7.651984000e-01 7.835216000e-01 
7.158070000e-01 8.501466000e-01 7.631038000e-02 
2.658093000e-01 5.407993000e-01 9.371149000e-01 
1.114644000e+00 3.468285000e-02 4.965429000e-02 
5.638198000e-02 7.232275000e-01 8.621311000e-01 
1.032345000e+00 5.076902000e-01 2.514840000e-02 
7.568944000e-01 2.449959000e-02 8.186501000e-01 
8.132165000e-01 3.824736000e-01 6.724278000e-01 
9.672433000e-01 1.138824000e-01 5.459079000e-01 
7.914264000e-01 8.021625000e-01 5.193155000e-02 
5.662272000e-01 8.862727000e-01 4.146735000e-01 
1.027060000e+00 6.824038000e-02 4.510402000e-01 
4.161846000e-03 4.163188000e-01 1.058264000e+00 
2.802376000e-02 8.960121000e-01 6.706556000e-01 
9.493758000e-01 4.159472000e-01 4.271708000e-01 
9.791845000e-01 1.690413000e-03 5.718977000e-01 
5.354698000e-01 2.683752000e-01 9.562793000e-01 
2.813945000e-01 5.321469000e-01 9.342105000e-01 
4.156133000e-02 7.483462000e-01 8.410141000e-01 
8.341103000e-01 3.000119000e-01 6.769247000e-01 
3.886530000e-01 9.614223000e-01 4.146420000e-01 
1.085887000e-01 1.052487000e+00 3.891595000e-01 
8.186450000e-01 7.784033000e-01 3.885563000e-02 
5.720266000e-01 5.312386000e-01 8.014061000e-01 
5.687204000e-01 6.698387000e-01 6.968525000e-01 
4.822616000e-01 1.022126000e+00 7.303699000e-02 
1.011042000e+00 5.806653000e-02 4.844877000e-01 
8.044992000e-01 3.845589000e-01 6.667819000e-01 
5.295947000e-01 4.664375000e-01 8.793798000e-01 
7.182456000e-01 8.514123000e-01 4.349953000e-02 
6.525801000e-01 7.555077000e-01 4.765239000e-01 
8.534696000e-01 7.400827000e-01 1.590239000e-02 
7.695514000e-01 8.353130000e-01 1.418551000e-02 
5.759044000e-01 2.697687000e-01 9.303509000e-01 
3.769695000e-01 9.911884000e-01 3.743755000e-01 
7.010992000e-01 5.674076000e-01 6.803778000e-01 
5.548078000e-01 8.832619000e-01 4.523103000e-01 
7.203795000e-01 5.192971000e-01 6.936805000e-01 
6.406343000e-01 1.419127000e-02 9.335764000e-01 
6.528066000e-01 7.929195000e-01 4.646798000e-01 
1.106985000e+00 9.136490000e-02 8.671012000e-03 
1.051707000e+00 4.555487000e-01 3.478648000e-02 
5.299371000e-01 9.888412000e-01 6.010345000e-02 
3.033189000e-01 1.805846000e-02 1.079782000e+00 
3.375408000e-01 8.207203000e-01 6.981922000e-01 
9.860075000e-01 3.613691000e-01 4.024127000e-01 
9.322764000e-01 6.064629000e-01 1.229923000e-02 
1.104662000e+00 1.655323000e-02 2.330795000e-01 
9.588503000e-01 5.989280000e-01 4.623915000e-03 
6.451792000e-02 8.467718000e-01 7.546327000e-01 
9.934281000e-01 1.603011000e-01 4.718738000e-01 
9.964491000e-01 5.346699000e-01 1.814040000e-02 
1.126202000e+00 6.847768000e-02 1.117351000e-02 
1.048619000e+00 4.813934000e-01 3.259935000e-02 
1.975825000e-01 4.346097000e-01 1.020333000e+00 
1.017302000e+00 5.098742000e-01 4.735821000e-03 
7.989481000e-01 6.507818000e-01 4.758317000e-01 
1.243856000e-01 3.344656000e-01 1.069970000e+00 
5.674136000e-01 9.690848000e-01 4.290087000e-03 
8.344563000e-01 2.591553000e-01 6.843380000e-01 
1.110821000e+00 3.067720000e-02 1.870174000e-01 
7.515048000e-01 2.102328000e-01 8.069345000e-01 
6.304023000e-01 6.077434000e-01 7.280327000e-01 
4.764032000e-02 3.536599000e-01 1.050045000e+00 
2.001538000e-01 3.727670000e-01 1.037246000e+00 
8.951311000e-01 6.728141000e-01 9.028652000e-02 
8.452081000e-01 2.535233000e-01 6.742770000e-01 
6.091421000e-01 8.229084000e-01 4.372975000e-01 
2.250751000e-02 3.124395000e-04 1.105196000e+00 
6.754406000e-01 9.163034000e-01 4.520361000e-02 
5.356198000e-01 5.289592000e-01 8.386435000e-01 
5.914332000e-01 2.248712000e-03 9.551022000e-01 
5.809246000e-01 6.896976000e-01 6.619073000e-01 
7.082461000e-01 8.888692000e-01 5.530240000e-03 
5.498016000e-01 8.300871000e-01 4.903962000e-01 
2.427474000e-02 3.893357000e-01 1.053380000e+00 
9.030992000e-01 4.771029000e-02 6.398625000e-01 
6.953007000e-01 4.940324000e-01 7.164095000e-01 
4.011285000e-01 3.420077000e-03 1.059469000e+00 
1.906201000e-02 1.124600000e+00 1.715412000e-03 

