6.586289000e+00 1.377981000e-01 4.132856000e-02 
4.056941000e+00 2.516110000e+00 4.660539000e+00 
1.109372000e-01 4.559807000e+00 3.127251000e+00 
5.867884000e+00 1.269945000e-02 2.087611000e+00 
3.941310000e+00 6.228691000e-01 4.670453000e+00 
4.164221000e+00 9.925316000e-01 2.845239000e+00 
5.774370000e+00 2.008690000e-01 1.777711000e-01 
4.821466000e+00 3.202418000e-01 3.034134000e+00 
1.313853000e-02 6.015259000e+00 2.067717000e+00 
5.604025000e+00 3.386378000e+00 4.113050000e-02 
5.799579000e+00 1.676531000e-01 1.796550000e-01 
6.337026000e-01 6.314505000e+00 2.379102000e-02 
6.564266000e+00 5.433743000e-03 5.389619000e+00 
3.401431000e+00 9.823085000e-01 4.827048000e+00 
3.286419000e-04 7.435909000e-03 6.622477000e+00 
3.862951000e+00 4.623450000e+00 6.903253000e-02 
8.363175000e-02 6.972513000e+00 1.509618000e-02 
4.192342000e+00 4.216499000e+00 1.811384000e+00 
3.724176000e-01 3.592109000e+00 4.092959000e+00 
4.710910000e+00 8.341941000e-01 1.197807000e+00 
5.781305000e+00 3.600485000e+00 2.422610000e-02 
6.486589000e+00 1.764216000e-02 2.295929000e-01 
5.967662000e+00 4.949163000e-01 6.751118000e-02 
3.385782000e+00 9.241732000e-02 4.839408000e+00 
3.688017000e-02 5.864124000e-01 5.695988000e+00 
7.261072000e+00 2.197524000e-02 4.194931000e-02 
4.753348000e-02 4.769097000e+00 3.164045000e+00 
2.735372000e+00 4.089479000e+00 3.211762000e+00 
3.175005000e+00 4.003033000e+00 2.859231000e+00 
5.728558000e+00 2.479748000e-01 7.163899000e-01 
7.356926000e+00 2.316883000e-01 2.908734000e-02 
3.342129000e-02 3.708941000e+00 4.694255000e+00 
3.662453000e+00 4.532523000e+00 1.404768000e-01 
6.179998000e+00 4.714726000e-01 1.483151000e-01 
6.926271000e+00 9.723869000e-02 8.898035000e-02 
5.264326000e+00 3.484263000e+00 1.164048000e+00 
5.450865000e+00 6.934224000e-01 2.026218000e+00 
5.279219000e+00 2.778501000e+00 3.240635000e-01 
2.899736000e+00 3.668644000e+00 3.144275000e+00 
6.205465000e-02 2.581850000e-01 5.669271000e+00 
9.564625000e-03 1.187045000e-01 6.182039000e+00 
2.694478000e+00 2.146259000e+00 4.767488000e+00 
2.831193000e+00 4.406057000e+00 3.164680000e+00 
1.377314000e-02 5.989841000e+00 1.950228000e+00 
6.949459000e+00 1.624416000e+00 7.090080000e-03 
6.876598000e+00 2.842176000e-02 1.073253000e-01 
3.740715000e-01 7.509058000e+00 2.293725000e-04 
3.761637000e-02 3.614979000e+00 4.886444000e+00 
2.763233000e-03 7.712508000e+00 2.415907000e+00 
6.529166000e+00 1.235738000e-01 1.323553000e-01 
6.053257000e-03 2.715435000e-04 7.494658000e+00 
3.437807000e-02 2.436593000e+00 5.007180000e+00 
3.453238000e+00 5.689570000e-01 4.718127000e+00 
1.336252000e+00 2.995628000e+00 4.040931000e+00 
6.563186000e+00 1.365639000e-01 1.043126000e-01 
3.236367000e+00 8.859056000e-01 4.906054000e+00 
5.596127000e-03 5.289817000e+00 3.339769000e+00 
6.851427000e+00 9.440644000e-01 2.585948000e-02 
1.999318000e-01 6.776410000e+00 2.365983000e-02 
4.761188000e+00 6.846039000e-01 3.214782000e+00 
7.036421000e+00 1.219541000e+00 9.974190000e-03 
2.858076000e+00 4.393653000e+00 1.770983000e+00 
1.876265000e-02 4.914695000e+00 6.044773000e+00 
8.168037000e-03 6.114816000e+00 5.116005000e-02 
5.276290000e-03 3.545022000e-01 6.151806000e+00 
3.035057000e+00 4.871890000e+00 1.255536000e-02 
1.257836000e-01 7.637324000e+00 4.068838000e-03 
2.409592000e+00 1.242621000e-03 6.010913000e+00 
3.809259000e+00 5.011984000e+00 7.802389000e-03 
2.638552000e-01 4.166846000e-02 5.180212000e+00 
4.336824000e+00 3.598476000e-02 3.308898000e+00 
2.483230000e-02 2.683591000e+00 5.228707000e+00 
7.966619000e-01 3.403812000e+00 4.282590000e+00 
2.523609000e+00 4.886948000e+00 5.893531000e-01 
3.581483000e+00 4.851169000e+00 2.676539000e-01 
3.417933000e+00 3.529810000e-01 4.837573000e+00 
5.727436000e+00 6.063105000e-01 1.815846000e+00 
9.933726000e-02 2.263592000e-01 5.235581000e+00 
5.855198000e+00 1.131995000e-01 1.806248000e-01 
3.181071000e+00 2.626982000e+00 4.260676000e+00 
3.292888000e+00 4.804463000e+00 5.406717000e-01 
2.555770000e-01 3.394047000e+00 4.609603000e+00 
6.289882000e+00 1.380065000e-01 1.271323000e-01 
6.488989000e-02 5.203095000e+00 4.587813000e-02 
4.593186000e-02 4.745996000e+00 3.196463000e+00 
9.081869000e-02 4.799889000e+00 2.892121000e+00 
2.702734000e+00 4.290109000e+00 3.373639000e+00 
1.244008000e+00 2.258783000e+00 5.058139000e+00 
6.778659000e-02 1.494960000e-01 5.716840000e+00 
2.941641000e-01 3.848419000e+00 4.215567000e+00 
2.231528000e-01 1.753175000e-03 6.398423000e+00 

9.559888000e+00 1.634357000e+00 1.619164000e-03 
1.359530000e-01 2.761233000e+00 4.463539000e+00 
8.598121000e-01 2.170861000e-03 5.496860000e+00 
1.125770000e-01 7.410453000e+00 7.290544000e-02 
4.543424000e+00 1.028450000e-02 4.921302000e+00 
1.279089000e-01 6.650523000e+00 7.564829000e-02 
5.631571000e-02 3.127910000e+00 5.125429000e+00 
5.431875000e+00 4.955168000e-02 5.128877000e-01 
1.951531000e+00 6.480991000e-01 5.125753000e+00 
6.797414000e+00 2.267174000e-02 5.058163000e-01 
8.737342000e-02 7.565152000e+00 8.246183000e-02 
6.026322000e-02 4.972911000e+00 4.193555000e+00 
1.936151000e+00 4.984039000e+00 3.236301000e-01 
9.139778000e-02 8.864395000e+00 7.380980000e-02 
2.029210000e-01 1.865362000e-01 6.539412000e+00 
5.190364000e+00 1.282904000e+00 2.036029000e-01 
1.763351000e-01 7.079112000e+00 9.975047000e-03 
6.016495000e+00 2.158828000e+00 1.811166000e-02 
4.646407000e-01 5.309368000e+00 2.290648000e+00 
5.369922000e+00 2.487022000e-01 2.700226000e-02 
2.323734000e+00 5.144816000e+00 1.216801000e-01 
4.703096000e+00 9.769390000e-03 4.791330000e+00 
4.062079000e+00 1.301660000e-01 3.546796000e+00 
1.020962000e-02 5.938413000e+00 6.985969000e-01 
1.873429000e-01 5.920214000e+00 6.237574000e-02 
2.635576000e+00 1.397235000e+00 4.448023000e+00 
1.808738000e-03 6.032433000e+00 2.075215000e-01 
3.247208000e+00 8.217355000e-01 4.241923000e+00 
2.633772000e+00 2.396141000e+00 4.786918000e+00 
1.078061000e-01 3.881095000e+00 4.619689000e+00 
1.399914000e-03 3.206279000e+00 4.981924000e+00 
1.490945000e-01 5.367419000e+00 3.335299000e-01 
3.736582000e-02 6.015987000e-01 5.160286000e+00 
6.924282000e+00 4.942627000e-02 1.590851000e-01 
3.101186000e+00 8.919248000e-01 4.260397000e+00 
1.011690000e-01 5.468756000e+00 6.343927000e-01 
6.982180000e-02 3.076979000e+00 4.982538000e+00 
1.064797000e-01 2.899793000e-01 5.281397000e+00 
3.455746000e+00 5.994995000e+00 1.465125000e-02 
9.895215000e-02 5.351329000e+00 2.870980000e+00 
4.977867000e+00 1.375632000e+00 7.202324000e-01 
5.071325000e-01 3.279997000e-02 5.698231000e+00 
2.153865000e+00 7.292421000e-01 5.101589000e+00 
5.760913000e-02 5.321356000e-01 5.770176000e+00 
3.622619000e-01 6.995908000e+00 1.951897000e-02 
4.647662000e-01 6.538525000e+00 3.015712000e-02 
2.464581000e+00 1.798066000e+00 5.050196000e+00 
5.217579000e+00 4.531584000e-01 3.404408000e-02 
6.533553000e+00 8.121487000e-02 4.934829000e-02 
2.953069000e+00 5.106502000e+00 1.673257000e-02 
5.216694000e+00 2.176841000e-01 5.302535000e-01 
6.148143000e+00 6.502264000e-02 4.030227000e-01 
1.303602000e+00 1.874855000e-01 5.456625000e+00 
2.555817000e+00 6.123121000e+00 5.457003000e-02 
1.105532000e-01 3.848641000e+00 4.864489000e+00 
1.964990000e+00 5.273653000e+00 2.588869000e-01 
1.964128000e-02 5.103727000e+00 4.224036000e+00 
2.821409000e-01 2.893885000e+00 3.829316000e+00 
3.499799000e+00 1.982416000e+00 3.389658000e+00 
3.363464000e-01 5.520498000e+00 8.083727000e-02 
3.930939000e+00 3.128478000e+00 1.800925000e+00 
7.861098000e-01 4.074302000e+00 3.532244000e+00 
6.839955000e+00 2.316644000e-01 4.309297000e-02 
1.574775000e-01 7.595089000e+00 5.467950000e-04 
2.898871000e+00 1.962987000e+00 3.922392000e+00 
8.136472000e+00 3.953697000e-01 2.229251000e-02 
7.292153000e+00 6.522459000e-02 7.112750000e-02 
1.679051000e-01 6.487537000e+00 8.619985000e-02 
1.676008000e-03 6.127741000e+00 1.067854000e-01 
6.508212000e+00 1.837977000e-01 3.055563000e-01 
3.620202000e+00 9.035699000e-02 4.624319000e+00 
2.668475000e-02 3.077713000e+00 5.133375000e+00 
7.053470000e-02 4.242660000e+00 4.241987000e+00 
6.043360000e+00 4.304137000e+00 1.719234000e-03 
6.984790000e-02 4.518047000e+00 4.729556000e+00 
2.568093000e+00 4.774435000e+00 6.831280000e-01 
5.988347000e+00 1.662400000e-01 3.093718000e-01 
6.120533000e-01 1.918889000e-01 5.495084000e+00 
3.797081000e-02 3.747535000e-02 6.802018000e+00 
5.023033000e-02 5.680055000e+00 1.931150000e+00 
9.803441000e-03 4.726485000e-01 6.190721000e+00 
1.326480000e-02 3.790092000e-04 6.963523000e+00 
4.842335000e+00 2.942521000e+00 2.339844000e-01 
6.406047000e+00 2.096812000e-01 6.686473000e-02 
1.942112000e-02 5.282844000e+00 4.194019000e+00 
6.516001000e+00 1.026708000e-01 6.747584000e-02 
8.132766000e-01 8.442629000e-03 5.735207000e+00 
3.059357000e+00 1.857027000e+00 3.974112000e+00 
5.101962000e-02 5.410456000e+00 1.618389000e+00 
3.865414000e+00 4.422255000e+00 7.683750000e-02 
2.748284000e+00 1.264084000e-01 4.296059000e+00 
4.499990000e+00 3.050390000e+00 2.485998000e-01 
7.038171000e+00 2.157698000e-03 7.846820000e-02 
2.335957000e-01 5.307790000e+00 3.750340000e+00 
4.839411000e+00 3.722594000e+00 1.159902000e-01 
3.935852000e+00 8.297501000e-01 4.158232000e+00 
2.213371000e+00 4.923803000e+00 3.201777000e-01 
2.442291000e-01 2.668678000e+00 3.987767000e+00 
1.913978000e-01 1.237839000e-02 6.953281000e+00 
1.076654000e-02 5.804233000e+00 6.757359000e-01 
3.113140000e-03 1.013154000e-04 6.991614000e+00 
5.151921000e-02 5.550429000e-01 5.452771000e+00 
5.086163000e+00 3.875067000e-01 7.475945000e-01 
3.739853000e+00 4.288323000e+00 1.990742000e+00 
3.604055000e+00 4.608064000e+00 2.475635000e+00 
2.062100000e+00 4.613302000e-01 5.270506000e+00 
4.650693000e+00 2.859737000e+00 6.278809000e-01 
1.627918000e-01 6.015222000e+00 3.178018000e-01 
5.409159000e+00 1.231954000e-01 5.179353000e-01 
1.996996000e+00 1.108505000e-01 5.488959000e+00 
7.089093000e-01 6.135874000e-03 5.882110000e+00 

6.671432000e-03 4.189146000e+00 3.704527000e+00 
5.872389000e+00 7.322349000e-02 2.590824000e+00 
5.083226000e+00 3.753764000e+00 8.296844000e-01 
2.348970000e-01 3.440762000e+00 3.748315000e+00 
5.340827000e-01 2.464341000e+00 5.057739000e+00 
4.931897000e+00 2.736774000e-01 1.806419000e+00 
4.547314000e-01 6.379014000e+00 7.570649000e-02 
4.607430000e+00 2.241925000e-01 3.083678000e+00 
1.520948000e-01 2.434644000e+00 5.214656000e+00 
3.873908000e-01 7.173928000e+00 9.069566000e-02 
3.003208000e-01 5.813131000e+00 2.755673000e-01 
5.367748000e+00 2.626572000e-01 1.891325000e-01 
1.409228000e-01 5.101012000e+00 3.387557000e+00 
6.728894000e-05 7.068979000e-06 9.406206000e+00 
4.670560000e+00 1.306084000e-02 5.895539000e+00 
1.106461000e-02 3.580237000e+00 3.964146000e+00 
5.407992000e+00 1.236918000e+00 1.875695000e-01 
4.227503000e+00 5.756216000e+00 6.590146000e-02 
8.690373000e-04 6.723563000e+00 1.404192000e+00 
2.501498000e-03 4.888858000e+00 5.085201000e+00 
6.122854000e+00 1.543567000e+00 1.277651000e-01 
1.812773000e-02 3.074567000e-01 5.878480000e+00 
3.261247000e+00 6.829085000e-02 4.825995000e+00 
6.551575000e+00 3.160438000e-01 1.814910000e-01 
4.097835000e+00 3.817821000e+00 2.520252000e+00 
3.558959000e+00 8.319607000e-01 4.348265000e+00 
1.440385000e-01 7.654980000e+00 2.086852000e-01 
8.833540000e-01 2.243125000e+00 4.942791000e+00 
5.151365000e-01 6.040171000e+00 2.283617000e-01 
3.894328000e-02 8.967666000e+00 8.713968000e-01 
1.511271000e-02 6.781643000e+00 1.389665000e+00 
3.021188000e+00 4.549004000e+00 2.216360000e-01 
2.982685000e-01 2.526418000e+00 5.035707000e+00 
9.477970000e-01 5.684009000e+00 7.720820000e-02 
1.089937000e+00 5.018311000e+00 2.482009000e-01 
3.061762000e-01 2.367688000e+00 5.291471000e+00 
5.523545000e+00 8.192722000e-03 5.616767000e+00 
5.265746000e+00 2.644678000e-01 5.751066000e-01 
4.352709000e+00 4.006316000e+00 1.183191000e-01 
4.690910000e+00 3.881163000e-01 3.040841000e+00 
7.168456000e+00 1.833896000e+00 2.546992000e-02 
1.965423000e-03 5.034574000e+00 5.639318000e+00 
4.874203000e+00 5.908941000e-01 2.731729000e+00 
3.385106000e+00 2.665029000e+00 4.582931000e+00 
7.070700000e+00 4.418165000e-01 1.513276000e-01 
4.172888000e+00 2.348588000e-01 3.740223000e+00 
6.064640000e+00 5.660582000e+00 9.111395000e-02 
3.079696000e+00 3.418085000e+00 4.758998000e+00 
1.259001000e-03 1.251684000e-02 6.689770000e+00 
1.683417000e-01 4.997775000e+00 2.739850000e+00 
3.865589000e-01 9.353471000e-03 6.533697000e+00 
3.723946000e-01 5.462949000e+00 2.600074000e-01 
2.394893000e+00 1.842978000e+00 5.387342000e+00 
3.647393000e+00 4.435255000e+00 4.641121000e-01 
5.710293000e+00 1.825552000e-01 3.366595000e+00 
6.542164000e+00 4.126584000e-02 5.329168000e-01 
3.501576000e-02 5.874728000e+00 1.181241000e+00 
4.603322000e+00 3.263093000e+00 9.340196000e-01 
5.324807000e+00 2.973626000e+00 1.602969000e-01 
7.007682000e-01 5.547329000e+00 1.854165000e-01 
3.552946000e+00 6.114968000e-02 5.013128000e+00 
2.397751000e-01 5.315793000e+00 2.019508000e+00 
2.975575000e+00 1.195717000e+00 5.409782000e+00 
7.297578000e+00 1.653497000e-02 3.670589000e-01 
5.311077000e-01 3.210358000e-02 5.666464000e+00 
4.284970000e+00 3.383175000e+00 2.508397000e+00 
4.187915000e+00 3.022590000e-02 6.164373000e+00 
3.193411000e-01 6.206517000e+00 2.687918000e-01 
3.723833000e+00 5.457192000e+00 1.212023000e-01 
6.927718000e+00 1.802338000e-02 3.543612000e-01 
6.479592000e+00 3.589495000e-02 6.550999000e-01 
4.109503000e+00 6.673231000e+00 1.789256000e-02 
4.136631000e+00 2.575475000e-01 3.778861000e+00 
6.057814000e+00 5.513710000e-02 2.287086000e-01 
1.593445000e-01 6.706349000e+00 2.306461000e-01 
8.158260000e-02 5.512629000e+00 2.885735000e+00 
6.590316000e-01 3.047913000e-02 5.427466000e+00 
3.751741000e-01 4.636413000e+00 2.984521000e+00 
1.647119000e-01 7.017549000e+00 1.290272000e-01 
2.877917000e-01 5.584347000e+00 8.230215000e-01 
6.954425000e-04 3.040807000e+00 6.187771000e+00 
2.847054000e+00 4.477953000e+00 3.069344000e+00 
6.885875000e+00 2.129410000e+00 9.003283000e-02 
4.405630000e-05 4.348140000e-04 6.880289000e+00 
2.708159000e-03 6.016257000e+00 3.159068000e+00 
2.855331000e-03 4.927019000e+00 4.435984000e+00 
6.017960000e-02 1.087895000e-01 6.344063000e+00 
3.961820000e+00 2.775237000e-01 3.607924000e+00 
1.802081000e-01 6.116731000e+00 2.757136000e-01 

