6.586289000e+00 1.377981000e-01 4.132856000e-02 
4.550338000e+00 1.243955000e-01 1.121208000e+00 
2.558243000e+00 4.189183000e+00 2.859940000e-01 
5.867884000e+00 1.269945000e-02 2.087611000e+00 
1.388876000e-01 3.713349000e-02 5.109504000e+00 
2.284687000e+00 4.943126000e-02 4.622754000e+00 
8.977466000e-02 5.284313000e+00 4.309435000e-02 
2.558968000e-02 3.514332000e+00 4.221741000e+00 
3.874991000e+00 4.493032000e+00 6.492783000e-02 
7.045339000e-04 3.400954000e-02 5.917468000e+00 
2.992721000e-02 1.275579000e-01 5.734009000e+00 
4.722764000e-02 2.450257000e+00 4.325517000e+00 
1.254268000e+00 4.893402000e+00 1.941603000e-01 
2.718836000e+00 3.463907000e+00 2.853849000e+00 
3.286419000e-04 7.435909000e-03 6.622477000e+00 
3.862951000e+00 4.623450000e+00 6.903253000e-02 
1.943693000e+00 4.337305000e+00 3.007700000e-01 
3.958399000e+00 6.082648000e-01 2.511569000e+00 
4.232800000e+00 2.590277000e+00 4.345098000e-01 
5.625192000e-02 2.155902000e-01 4.766857000e+00 
2.849299000e-03 5.500013000e+00 7.568020000e-01 
4.478841000e-02 4.974377000e+00 2.530650000e-01 
6.691511000e+00 5.921347000e-03 1.166074000e-01 
5.157527000e+00 9.651336000e-01 1.036266000e-01 
2.932124000e+00 4.159902000e+00 5.352235000e-01 
7.261072000e+00 2.197524000e-02 4.194931000e-02 
5.881397000e+00 5.104998000e-03 1.265972000e-01 
3.871323000e+00 4.580604000e+00 1.109388000e-02 
1.366639000e+00 3.982244000e+00 2.658102000e+00 
1.157657000e-01 2.273574000e+00 4.381104000e+00 
4.761965000e-03 1.667181000e-01 5.692074000e+00 
2.658667000e+00 3.848014000e+00 1.714884000e+00 
5.187138000e+00 9.741882000e-01 4.688398000e-02 
5.253945000e+00 3.367161000e-01 8.357507000e-04 
8.522232000e-03 3.683213000e+00 4.294106000e+00 
2.604439000e+00 3.066050000e+00 3.072479000e+00 
3.071806000e+00 4.534237000e+00 1.686850000e-01 
1.086059000e-02 4.860208000e+00 2.924426000e+00 
2.146979000e-01 1.222917000e-02 4.878222000e+00 
3.672115000e+00 2.931371000e+00 3.181475000e+00 
6.778659000e-02 1.494960000e-01 5.716840000e+00 
3.338765000e+00 1.640084000e-01 4.258819000e+00 
3.361252000e+00 1.083595000e-01 4.154000000e+00 
1.856506000e-01 3.618622000e-02 5.107129000e+00 
6.013854000e+00 8.167559000e-02 1.091701000e-01 
6.876598000e+00 2.842176000e-02 1.073253000e-01 
3.740715000e-01 7.509058000e+00 2.293725000e-04 
9.519480000e-01 4.637020000e+00 2.256472000e-01 
2.763233000e-03 7.712508000e+00 2.415907000e+00 
2.676514000e+00 9.479845000e-01 3.370443000e+00 
6.053257000e-03 2.715435000e-04 7.494658000e+00 
3.437807000e-02 2.436593000e+00 5.007180000e+00 
4.595606000e+00 2.501044000e+00 3.995016000e-02 
4.499898000e+00 2.961694000e+00 9.201601000e-03 
4.092718000e+00 2.271522000e-02 2.925366000e+00 
3.159225000e+00 3.991289000e+00 5.451951000e-01 
5.596127000e-03 5.289817000e+00 3.339769000e+00 
5.464229000e-02 4.348589000e+00 3.604628000e-01 
3.079443000e-01 9.331279000e-03 5.570077000e+00 
2.042905000e-03 1.007901000e-01 5.839844000e+00 
1.499725000e-01 5.041410000e+00 1.308203000e-02 
3.380097000e+00 4.217170000e+00 7.155607000e-02 
3.067849000e-01 4.921298000e+00 7.937468000e-02 
8.168037000e-03 6.114816000e+00 5.116005000e-02 
5.165555000e-01 4.856844000e-03 5.784836000e+00 
3.035057000e+00 4.871890000e+00 1.255536000e-02 
4.506017000e+00 1.035332000e+00 1.042653000e-01 
2.409592000e+00 1.242621000e-03 6.010913000e+00 
3.809259000e+00 5.011984000e+00 7.802389000e-03 
3.364789000e+00 6.944612000e-01 3.808030000e+00 
3.175581000e+00 1.527883000e-01 4.404572000e+00 
2.238057000e-01 5.399181000e-02 4.599259000e+00 
4.635569000e-02 4.734472000e+00 2.798524000e+00 
1.923895000e-01 4.041520000e-02 5.054544000e+00 
3.263528000e+00 3.981168000e-01 4.211321000e+00 
1.098062000e-01 6.122138000e+00 1.064924000e-02 
2.674940000e+00 3.434721000e+00 2.978865000e+00 
7.348056000e-01 3.308339000e+00 3.599332000e+00 
5.695209000e+00 1.588136000e-01 2.561675000e-02 
5.379114000e+00 8.730990000e-02 4.917363000e-02 
9.081513000e-03 5.715356000e+00 5.856100000e-01 
3.803116000e+00 6.923147000e-01 3.525061000e+00 
3.261422000e+00 4.889594000e-02 4.536233000e+00 
6.488989000e-02 5.203095000e+00 4.587813000e-02 
4.593186000e-02 4.745996000e+00 3.196463000e+00 
8.373509000e-03 3.474793000e+00 4.643003000e+00 
1.348226000e-01 2.188383000e+00 4.244707000e+00 
3.092746000e-03 2.864177000e+00 5.533243000e+00 
1.395128000e-02 1.995592000e-01 5.156656000e+00 
2.876156000e+00 3.395114000e+00 2.625271000e+00 
1.195756000e+00 2.768999000e+00 4.113413000e+00 
1.635589000e+00 3.685345000e+00 2.482347000e+00 
1.287219000e-01 2.935134000e+00 3.731281000e+00 
5.289593000e-02 6.135831000e+00 2.355093000e-03 
2.236322000e-01 5.381848000e+00 1.188648000e-03 
5.085898000e-02 8.813024000e-04 6.132412000e+00 
1.598487000e-01 3.176587000e-02 5.256411000e+00 
3.333749000e+00 6.621908000e-01 3.846489000e+00 
3.732934000e+00 1.999881000e+00 3.179350000e+00 
5.212035000e+00 9.637789000e-01 1.576776000e-01 
2.839087000e-01 3.566987000e+00 2.722461000e+00 
1.222663000e+00 1.796148000e+00 4.426028000e+00 
6.495405000e-02 3.058835000e+00 3.737313000e+00 
4.294469000e+00 2.870045000e-01 2.696629000e+00 
1.098809000e+00 1.523301000e+00 4.547691000e+00 
4.641225000e+00 2.182058000e-02 1.968215000e-01 
3.493585000e+00 5.543249000e-01 4.043069000e+00 
4.288608000e+00 3.622813000e-03 3.342759000e+00 
3.489694000e-02 3.229763000e+00 3.735386000e+00 
4.722646000e+00 1.142157000e+00 1.016054000e-03 
1.969292000e-01 3.686885000e-02 4.843460000e+00 

9.559888000e+00 1.634357000e+00 1.619164000e-03 
4.577758000e+00 1.355334000e+00 8.364456000e-02 
8.598121000e-01 2.170861000e-03 5.496860000e+00 
4.846487000e+00 8.786897000e-01 3.827315000e-01 
4.543424000e+00 1.028450000e-02 4.921302000e+00 
2.469160000e-01 1.005953000e-02 5.321841000e+00 
6.985891000e-01 4.947732000e-02 4.623740000e+00 
2.242865000e-01 5.129469000e+00 6.345101000e-02 
2.124475000e-01 4.618538000e+00 1.584286000e+00 
3.113140000e-03 1.013154000e-04 6.991614000e+00 
3.723268000e+00 2.938365000e+00 1.819786000e+00 
5.085330000e-01 1.257432000e-01 5.299307000e+00 
3.814832000e-03 5.196463000e+00 2.076743000e+00 
1.830114000e-02 1.632929000e-02 5.637955000e+00 
4.791626000e+00 1.051018000e+00 2.471943000e-01 
1.084147000e+00 2.368672000e+00 3.914129000e+00 
1.763351000e-01 7.079112000e+00 9.975047000e-03 
1.051929000e-01 3.332848000e+00 4.326766000e+00 
1.491696000e-01 4.962804000e+00 2.239880000e-01 
5.369922000e+00 2.487022000e-01 2.700226000e-02 
4.297460000e-02 3.906160000e+00 4.094481000e+00 
4.703096000e+00 9.769390000e-03 4.791330000e+00 
3.151248000e+00 3.285465000e+00 1.769513000e+00 
3.293024000e+00 4.823653000e-01 3.881069000e+00 
2.822237000e+00 1.452706000e-02 5.090736000e+00 
3.525780000e+00 2.982806000e+00 2.018542000e-01 
1.808738000e-03 6.032433000e+00 2.075215000e-01 
3.996506000e+00 2.566434000e+00 2.990480000e-01 
2.261869000e-01 2.800010000e+00 3.714644000e+00 
3.220637000e-03 5.546060000e+00 8.871765000e-02 
1.399914000e-03 3.206279000e+00 4.981924000e+00 
4.538797000e+00 1.917853000e-01 2.368490000e+00 
5.770043000e+00 2.744917000e-03 6.506082000e-01 
2.551374000e+00 1.603073000e-01 3.930105000e+00 
2.167717000e+00 1.707257000e+00 3.646048000e+00 
6.195548000e-02 3.416190000e+00 3.664606000e+00 
9.265052000e-02 4.892292000e+00 5.434697000e-01 
5.549491000e+00 6.719219000e-03 5.092412000e-02 
3.455746000e+00 5.994995000e+00 1.465125000e-02 
4.597792000e+00 1.270012000e+00 5.053600000e-01 
2.664200000e-01 2.471599000e+00 4.003650000e+00 
2.057869000e-03 5.745346000e+00 2.514603000e+00 
4.891633000e+00 2.232379000e-02 2.209735000e-01 
3.107094000e-01 5.137170000e+00 3.286643000e-02 
1.432095000e-02 2.201971000e-01 4.931038000e+00 
3.676347000e+00 2.953827000e+00 8.597776000e-01 
1.998257000e-01 1.929791000e-01 4.952066000e+00 
5.217579000e+00 4.531584000e-01 3.404408000e-02 
5.121236000e+00 2.977966000e+00 2.521572000e-02 
2.953069000e+00 5.106502000e+00 1.673257000e-02 
3.925724000e+00 3.098207000e+00 1.637317000e-01 
7.670433000e-05 5.809128000e-02 6.517648000e+00 
9.660421000e-04 9.179667000e-04 5.645097000e+00 
5.814439000e+00 9.588318000e-03 4.303845000e-02 
5.018096000e-02 5.071792000e+00 2.175182000e+00 
4.325838000e-02 7.235850000e-01 4.493256000e+00 
1.964128000e-02 5.103727000e+00 4.224036000e+00 
4.779996000e+00 3.909387000e-01 5.391579000e-01 
1.783858000e-01 5.076200000e+00 1.474545000e-01 
4.204433000e+00 3.659171000e-01 1.788074000e+00 
3.869587000e+00 2.981137000e+00 3.853851000e-01 
7.861098000e-01 4.074302000e+00 3.532244000e+00 
1.978571000e-01 5.519748000e+00 3.314145000e-02 
1.574775000e-01 7.595089000e+00 5.467950000e-04 
4.431447000e+00 3.205168000e-01 5.415458000e-01 
8.136472000e+00 3.953697000e-01 2.229251000e-02 
4.456722000e+00 2.423864000e+00 1.994544000e-01 
3.997163000e+00 3.155602000e+00 1.288541000e-01 
1.676008000e-03 6.127741000e+00 1.067854000e-01 
4.285877000e+00 6.552183000e-02 3.719860000e+00 
7.305860000e-03 7.077688000e-02 5.388627000e+00 
3.102581000e+00 3.568079000e+00 1.664706000e+00 
2.740957000e-01 5.087141000e+00 9.151624000e-02 
6.043360000e+00 4.304137000e+00 1.719234000e-03 
1.564273000e-04 1.277959000e-01 5.906209000e+00 
2.355055000e-01 2.472544000e+00 3.606029000e+00 
4.662619000e+00 3.068544000e+00 3.368146000e-02 
4.949941000e+00 2.967511000e-01 1.603147000e-01 
2.878452000e+00 3.810891000e+00 2.474800000e+00 
4.377496000e+00 2.622659000e+00 1.580680000e-01 
3.866426000e+00 1.251785000e-01 3.265499000e+00 
1.326480000e-02 3.790092000e-04 6.963523000e+00 
1.597953000e-01 2.672761000e+00 4.111823000e+00 
5.187871000e+00 1.712925000e+00 1.615128000e-02 
3.847470000e-02 5.813912000e+00 4.881986000e-02 
5.311914000e+00 2.452418000e-01 1.903661000e-01 
2.116796000e+00 2.020164000e+00 4.175326000e+00 
4.948621000e+00 5.777021000e-01 1.011897000e-01 
1.340787000e-01 5.491180000e+00 5.766028000e-02 
3.545298000e+00 2.806212000e+00 1.838980000e+00 
2.748284000e+00 1.264084000e-01 4.296059000e+00 
3.107917000e+00 7.493734000e-02 4.520259000e+00 
7.038171000e+00 2.157698000e-03 7.846820000e-02 
1.860729000e-02 2.119487000e-01 5.204352000e+00 
1.176598000e+00 1.719924000e-01 4.594179000e+00 
4.197872000e-02 1.827830000e-03 5.560680000e+00 
4.056938000e-01 4.251595000e+00 1.416851000e+00 
3.072137000e+00 1.215952000e-01 4.059229000e+00 
2.821374000e+00 2.079298000e-01 3.888483000e+00 
4.520040000e+00 1.559791000e+00 6.279556000e-02 
5.651658000e-01 4.929767000e-03 5.377600000e+00 
2.811061000e+00 1.717632000e+00 3.606598000e+00 
4.643987000e+00 5.735311000e-02 4.088332000e+00 
3.408194000e+00 2.141055000e-01 3.006969000e+00 
2.943003000e+00 9.433822000e-02 4.483156000e+00 
3.048770000e+00 4.829723000e-01 3.491105000e+00 
3.205661000e+00 3.549138000e+00 3.069696000e-01 
3.754643000e-02 5.891236000e-01 4.737908000e+00 
1.017146000e+00 1.492275000e-01 4.595195000e+00 
1.270947000e-01 2.494254000e+00 4.284087000e+00 
3.549894000e+00 3.931495000e+00 5.472509000e-02 
3.599440000e-01 4.338106000e+00 1.848265000e-02 
5.253187000e-01 4.184238000e+00 2.106732000e-01 
4.874498000e+00 2.901641000e-01 7.822851000e-01 
2.127069000e+00 1.196625000e+00 3.705582000e+00 
6.973617000e-03 5.258292000e+00 6.359635000e-02 

6.671432000e-03 4.189146000e+00 3.704527000e+00 
9.545908000e-02 3.272512000e-03 5.513803000e+00 
5.003965000e+00 8.083294000e-02 2.306764000e+00 
2.348970000e-01 3.440762000e+00 3.748315000e+00 
1.955990000e+00 3.799165000e+00 2.659109000e+00 
1.729792000e-03 1.394727000e-02 5.442628000e+00 
3.807718000e+00 3.521772000e+00 7.533498000e-02 
3.577440000e+00 3.201939000e+00 2.788697000e+00 
4.521464000e+00 2.386246000e+00 1.812974000e+00 
1.369975000e-01 5.461944000e+00 6.056172000e-02 
4.439800000e-02 3.521045000e+00 3.033840000e+00 
5.168116000e+00 2.591150000e-01 2.399896000e-01 
2.080005000e-01 4.560108000e+00 2.517669000e+00 
6.728894000e-05 7.068979000e-06 9.406206000e+00 
6.004157000e+00 8.149769000e-02 2.350705000e-01 
1.106461000e-02 3.580237000e+00 3.964146000e+00 
5.073227000e+00 2.000296000e+00 1.229439000e-01 
1.324527000e-01 5.702034000e+00 1.742355000e-01 
8.690373000e-04 6.723563000e+00 1.404192000e+00 
2.501498000e-03 4.888858000e+00 5.085201000e+00 
3.961820000e+00 2.775237000e-01 3.607924000e+00 
2.708159000e-03 6.016257000e+00 3.159068000e+00 
5.717553000e+00 1.398817000e-01 1.174378000e-01 
1.052455000e-01 5.146266000e-03 5.464141000e+00 
4.674602000e+00 2.085600000e-01 9.760370000e-01 
2.750040000e+00 3.806224000e+00 2.020747000e-01 
1.324388000e-01 2.088694000e+00 4.807316000e+00 
5.269362000e+00 2.001783000e-01 2.102820000e-01 
4.531968000e+00 3.271781000e+00 7.342800000e-01 
1.806952000e+00 3.610180000e+00 2.736955000e+00 
2.855331000e-03 4.927019000e+00 4.435984000e+00 
2.474373000e+00 1.497864000e-01 4.637458000e+00 
5.298061000e+00 4.238830000e-02 2.541175000e-01 
5.466908000e+00 3.154179000e-02 7.014931000e-01 
3.634477000e+00 3.872787000e-01 3.834072000e+00 
4.084463000e+00 1.080184000e-01 2.346302000e+00 
5.352539000e+00 1.836807000e-01 1.989961000e-01 
2.062181000e+00 3.607242000e+00 2.420002000e+00 
7.879183000e-01 4.959716000e+00 1.634450000e-01 
4.584054000e+00 2.308917000e+00 1.958844000e+00 
7.168456000e+00 1.833896000e+00 2.546992000e-02 
4.036030000e+00 2.817466000e-01 3.429694000e+00 
1.337254000e+00 2.059225000e+00 4.416313000e+00 
5.035030000e+00 7.006374000e-02 3.385848000e+00 
4.945734000e-02 2.805182000e-01 5.048446000e+00 
1.396934000e-01 7.759068000e-04 6.763741000e+00 
3.065582000e+00 2.543232000e+00 3.802624000e+00 
6.411472000e+00 1.550700000e-02 3.809918000e-01 
1.259001000e-03 1.251684000e-02 6.689770000e+00 
2.581986000e+00 4.071222000e+00 1.820875000e+00 
2.694728000e+00 7.097545000e-02 4.835368000e+00 
3.239120000e+00 2.410796000e+00 3.444639000e+00 
1.357654000e+00 4.633161000e+00 1.983626000e-01 
1.761499000e-01 1.313013000e-02 4.909492000e+00 
6.803186000e-01 4.215185000e+00 2.494924000e+00 
1.077901000e+00 4.921988000e+00 1.532960000e-01 
5.316020000e+00 3.317434000e-02 2.437877000e-01 
2.702562000e+00 4.335206000e+00 9.610781000e-03 
2.525402000e-01 6.625569000e-03 5.121188000e+00 
5.019225000e+00 3.351101000e-01 7.019172000e-01 
1.308823000e-02 4.828285000e-01 5.352731000e+00 
1.147172000e+00 4.583663000e+00 2.487921000e-01 
4.754672000e+00 7.119503000e-02 3.465230000e+00 
7.297578000e+00 1.653497000e-02 3.670589000e-01 
5.160965000e+00 8.339250000e-01 4.359838000e-02 
3.570495000e+00 8.829050000e-02 4.273292000e+00 
1.259468000e-01 5.013579000e+00 2.104921000e-01 
6.912534000e+00 1.196099000e-01 1.270591000e-01 
4.111569000e+00 2.924982000e+00 7.848663000e-01 
6.927718000e+00 1.802338000e-02 3.543612000e-01 
4.513218000e-03 4.957178000e+00 9.272922000e-01 
5.924211000e-02 6.758579000e-03 6.078841000e+00 
1.138275000e+00 4.732127000e+00 1.472368000e-01 
6.057814000e+00 5.513710000e-02 2.287086000e-01 
5.176079000e-01 5.100317000e+00 1.550786000e-01 
1.787424000e+00 3.249417000e+00 3.752400000e+00 
2.595254000e-01 5.161715000e+00 6.235200000e-03 
4.392285000e-03 1.244493000e+00 5.326011000e+00 
4.916557000e+00 3.019903000e+00 5.826694000e-01 
5.116492000e+00 3.732354000e-01 5.780590000e-02 
6.954425000e-04 3.040807000e+00 6.187771000e+00 
2.657620000e+00 3.971972000e+00 1.672971000e-01 
2.091566000e-01 2.836950000e+00 4.515134000e+00 
4.405630000e-05 4.348140000e-04 6.880289000e+00 
3.219374000e+00 3.564287000e-02 4.540814000e+00 
6.437271000e-02 5.273538000e+00 8.617314000e-01 
1.569786000e+00 4.418696000e+00 8.208828000e-01 
3.819681000e-01 4.234453000e+00 2.346986000e+00 
3.594514000e+00 3.353950000e-01 3.926171000e+00 
2.210798000e+00 2.348968000e-01 4.022605000e+00 
1.901888000e+00 1.669342000e+00 4.857668000e+00 
1.145949000e-02 2.612256000e+00 5.257538000e+00 
1.716295000e+00 4.853161000e+00 1.946073000e-02 
1.232071000e-02 1.343227000e-01 5.371575000e+00 
8.421445000e-02 4.802606000e+00 3.009713000e-01 
5.259196000e+00 2.123580000e-01 7.920883000e-02 
3.509187000e-01 4.597318000e+00 1.948331000e+00 
1.185585000e+00 3.871368000e+00 2.042058000e+00 
5.796346000e-02 2.236178000e+00 4.639185000e+00 
2.028692000e+00 4.158078000e+00 2.980832000e-01 
4.723318000e+00 2.713966000e+00 8.787059000e-01 
3.989415000e-02 3.733006000e+00 3.149952000e+00 
2.742234000e-02 5.709671000e+00 3.674224000e-02 

