9.422434000e-01 1.990677000e-01 1.544963000e+00 
8.975901000e-03 2.475234000e+00 2.357114000e-02 
3.553999000e-02 2.229967000e+00 1.464677000e-02 
2.110512000e-01 2.073259000e+00 1.314003000e-03 
2.139267000e+00 4.859401000e-04 3.724379000e-02 
5.846874000e-01 1.208024000e+00 1.218289000e+00 
3.880953000e-03 1.783588000e+00 4.137617000e-01 
2.524869000e+00 2.181682000e-01 5.314794000e-03 
1.062803000e+00 1.842738000e-02 1.649467000e+00 
6.404550000e-01 5.773321000e-01 1.628147000e+00 
2.656077000e-02 1.835691000e+00 2.706054000e-02 
1.954452000e-01 1.851824000e+00 9.289446000e-03 
7.491159000e-01 1.140539000e+00 1.168490000e+00 
1.992300000e+00 1.786133000e-02 2.526377000e-01 
1.135082000e-02 1.678320000e-03 2.007778000e+00 
2.172001000e+00 1.720181000e-04 5.117152000e-02 
9.029893000e-01 2.866294000e-01 1.514472000e+00 
1.790259000e+00 1.693381000e-01 7.164052000e-01 
6.260990000e-02 3.429230000e-03 1.946791000e+00 
1.200868000e+00 1.182803000e-01 1.464601000e+00 
4.383787000e-04 1.134691000e+00 1.741063000e+00 
1.460882000e+00 1.190954000e+00 4.595483000e-02 
3.004586000e-03 1.070546000e+00 1.944437000e+00 
3.691473000e-03 1.902737000e+00 4.512004000e-01 
1.283922000e-02 1.330176000e+00 1.630460000e+00 
2.004620000e-02 4.708349000e-02 1.861132000e+00 
1.500240000e-02 2.470125000e+00 3.517924000e-03 
7.402931000e-04 2.162183000e+00 3.947870000e-02 
1.004411000e-01 6.268722000e-01 1.802146000e+00 
6.926490000e-01 1.636424000e+00 3.132082000e-02 
6.714862000e-02 5.962620000e-03 1.942785000e+00 
1.328168000e+00 1.293226000e-01 1.126352000e+00 
4.285357000e-02 2.196006000e+00 1.482614000e-02 
6.549717000e-02 2.014363000e+00 9.750781000e-03 
7.598437000e-02 1.060452000e+00 1.512917000e+00 
1.338644000e+00 1.202875000e+00 2.114939000e-02 
1.036303000e+00 9.419464000e-01 1.387620000e+00 
7.762762000e-02 2.318696000e+00 5.397774000e-03 
1.046398000e-02 2.597583000e+00 2.093876000e-02 
1.668513000e-01 1.971840000e+00 1.108729000e-02 
2.174432000e+00 1.925786000e-02 1.446758000e-02 
1.377266000e+00 9.037435000e-01 8.283532000e-01 
4.816552000e-05 3.908182000e-04 2.046646000e+00 
1.038796000e-01 4.942421000e+00 4.928849000e-06 
2.287853000e+00 1.584756000e-01 5.529923000e-03 
9.087510000e-01 1.365266000e-01 1.631171000e+00 
2.034530000e+00 5.304966000e-02 7.676405000e-03 
5.645513000e-02 9.235431000e-01 1.653682000e+00 
3.440289000e+00 1.127001000e-01 2.908069000e-03 
1.025919000e-02 6.923903000e-05 2.733046000e+00 
6.053257000e-03 2.715435000e-04 7.494658000e+00 
2.743166000e-02 3.006341000e+00 1.470656000e-03 
1.550816000e+00 8.344801000e-02 1.137675000e+00 
3.510985000e-02 3.301218000e-01 1.841512000e+00 
1.914965000e-01 2.121952000e+00 9.530860000e-03 
7.084821000e-03 1.352042000e+00 1.647982000e+00 
2.931517000e-02 2.262517000e+00 1.003029000e-02 
8.823451000e-01 6.890279000e-01 1.538240000e+00 
3.646939000e-01 2.057212000e+00 7.866362000e-03 
9.518717000e-01 1.754738000e-01 1.546849000e+00 
1.256017000e-01 4.510314000e+00 6.052033000e-04 
1.014216000e+00 9.648278000e-01 1.274711000e+00 
9.213938000e-01 4.695292000e-03 1.741223000e+00 
9.221276000e-01 1.616237000e+00 6.399342000e-02 
9.309783000e-01 1.857174000e-01 1.578469000e+00 
1.859474000e+00 2.330302000e-01 9.354811000e-03 
2.516726000e+00 1.267954000e-02 7.219581000e-03 
8.601791000e-06 4.096035000e-04 4.025180000e+00 
2.008716000e+00 3.440694000e-01 4.243244000e-04 
1.821249000e+00 2.376219000e-02 2.758324000e-02 
1.081563000e+00 1.744609000e+00 1.017109000e-02 
1.098685000e-01 9.741415000e-01 1.539018000e+00 
9.324742000e-03 1.308170000e+00 1.666359000e+00 
2.961440000e-01 1.820924000e+00 1.911648000e-01 
2.509037000e-01 2.439753000e-02 1.728471000e+00 
1.573974000e+00 1.034163000e+00 6.498883000e-03 
1.402373000e+00 3.834543000e-03 1.263866000e+00 
1.078324000e+00 3.597325000e-01 1.506273000e+00 
1.965639000e+00 2.216462000e-01 1.632079000e-02 
1.301941000e+00 6.457459000e-03 1.182773000e+00 
1.253893000e-02 2.937532000e+00 8.180541000e-03 
8.421108000e-02 1.444527000e+00 1.069022000e+00 
1.119020000e+00 1.536397000e-01 1.476053000e+00 
1.484604000e+00 1.258261000e+00 8.234536000e-03 
2.232855000e-02 2.156165000e+00 1.192404000e-01 
9.233512000e-01 9.946153000e-01 1.141448000e+00 
1.995725000e+00 4.755070000e-01 6.527120000e-04 
1.390242000e+00 1.845308000e-01 1.077073000e+00 
2.478696000e-01 3.227074000e-02 1.817319000e+00 
8.217174000e-01 7.440162000e-01 1.418241000e+00 
7.588016000e-03 1.305545000e+00 1.673208000e+00 
5.843462000e-03 7.034434000e-01 1.934822000e+00 
1.887326000e-02 3.596492000e-03 1.969985000e+00 
2.821513000e+00 1.836126000e-01 2.272096000e-04 
1.422200000e+00 1.213454000e+00 8.865693000e-03 
1.948356000e-02 2.166908000e+00 1.863226000e-02 
8.379747000e-02 1.386073000e+00 1.210365000e+00 
1.818224000e+00 1.034324000e-01 2.352221000e-02 
7.832918000e-02 2.179811000e+00 3.513521000e-03 
3.744489000e-03 3.509052000e-02 1.983121000e+00 
1.632749000e+00 2.132409000e-01 6.582377000e-01 
1.117211000e-02 1.839893000e-01 1.849601000e+00 
3.386955000e-01 1.730847000e+00 6.018069000e-02 
1.992386000e-02 1.087397000e+00 1.424203000e+00 
2.239582000e-01 3.480131000e-02 1.913728000e+00 
2.161650000e+00 1.070643000e-02 1.611116000e-02 
6.268678000e-02 1.398745000e+00 1.207762000e+00 
6.697623000e-03 6.876628000e-01 1.797576000e+00 
1.929393000e+00 3.298629000e-01 5.957805000e-03 
1.214591000e+00 1.023309000e+00 1.027095000e+00 
1.090095000e+00 1.595824000e+00 1.399714000e-02 
2.428711000e-01 1.644797000e+00 7.750469000e-01 
4.814154000e-02 1.941971000e+00 1.240685000e-02 
9.757561000e-01 1.491301000e+00 7.461157000e-01 
1.735035000e-01 8.599173000e-01 1.675557000e+00 
1.025557000e+00 1.538928000e+00 1.381047000e-01 
5.944259000e-01 1.857144000e+00 1.537108000e-04 
1.314439000e+00 4.514510000e-01 1.108004000e+00 
8.798151000e-03 2.318478000e-02 2.040598000e+00 
1.203872000e+00 1.085827000e+00 6.812528000e-01 
7.937801000e-01 1.123735000e+00 1.267670000e+00 
2.008652000e+00 8.904737000e-04 1.895086000e-01 
2.128684000e-01 6.586712000e-02 1.842429000e+00 
2.228033000e-01 1.319395000e+00 1.117675000e+00 

6.924328000e-02 1.222371000e+00 1.291752000e+00 
1.401713000e+00 1.402207000e+00 3.113542000e-02 
6.924328000e-02 1.222371000e+00 1.291752000e+00 
3.075318000e-01 1.803926000e+00 8.323516000e-02 
1.540970000e+00 1.319071000e+00 3.047702000e-02 
2.359518000e-02 3.796278000e-01 1.667209000e+00 
1.048640000e-01 1.543987000e-02 1.865185000e+00 
1.331954000e+00 1.305424000e-03 1.342233000e+00 
1.143089000e+00 1.114247000e+00 1.855374000e-01 
1.018949000e+00 1.611330000e+00 3.584654000e-02 
8.566302000e-01 1.515087000e-01 1.765532000e+00 
1.538355000e+00 1.655933000e-01 1.160105000e+00 
1.786714000e-02 1.338428000e+00 1.355735000e+00 
2.002712000e+00 1.353346000e-02 2.579834000e-02 
1.597549000e+00 1.097475000e-01 1.219944000e+00 
3.098821000e-02 1.477612000e+00 1.157954000e+00 
1.715983000e-02 2.350865000e+00 1.021514000e-03 
1.391564000e+00 1.206207000e+00 1.291027000e-01 
7.143076000e-02 2.380718000e+00 8.170179000e-04 
2.142151000e+00 2.280233000e-01 6.034394000e-04 
8.080985000e-01 1.058587000e+00 1.345580000e+00 
1.638505000e+00 9.990579000e-04 1.591271000e+00 
3.189889000e-02 1.491813000e+00 1.150394000e+00 
8.693491000e-02 1.028660000e+00 1.635932000e+00 
1.739184000e+00 9.310667000e-02 9.933008000e-02 
1.956234000e+00 1.570237000e-02 6.324700000e-01 
1.808738000e-03 6.032433000e+00 2.075215000e-01 
1.063904000e+00 1.645216000e+00 1.857125000e-02 
6.874908000e-02 5.741826000e-02 1.868879000e+00 
3.220637000e-03 5.546060000e+00 8.871765000e-02 
2.000158000e+00 3.586539000e-01 3.855329000e-03 
4.032646000e-01 2.098462000e+00 3.848015000e-04 
2.025185000e+00 3.908511000e-02 1.949296000e-02 
1.369474000e+00 2.869656000e-01 1.178125000e+00 
5.260591000e-02 1.278352000e+00 1.134314000e+00 
3.194519000e-04 1.458578000e-01 1.818607000e+00 
2.489912000e+00 3.946161000e-03 7.222181000e-04 
2.177298000e+00 3.953373000e-02 4.656459000e-03 
2.341504000e+00 1.444646000e-02 2.566954000e-03 
1.116119000e+00 1.647967000e-02 1.679930000e+00 
2.246097000e+00 1.692076000e-01 3.298267000e-03 
1.309717000e-01 1.714295000e+00 7.306248000e-01 
2.041502000e+00 1.957086000e-02 1.063370000e-02 
1.710588000e-02 1.861294000e+00 1.013747000e+00 
1.908168000e+00 4.767921000e-01 1.397197000e-02 
1.956575000e+00 5.436847000e-01 1.298774000e-02 
1.165254000e+00 1.665321000e-02 1.667737000e+00 
1.022061000e+00 9.824189000e-01 1.184577000e+00 
1.224307000e+00 4.355138000e-03 1.368174000e+00 
1.017996000e-04 5.627434000e-02 4.926456000e+00 
9.349899000e-01 3.487663000e-02 1.757049000e+00 
7.670433000e-05 5.809128000e-02 6.517648000e+00 
9.660421000e-04 9.179667000e-04 5.645097000e+00 
3.207538000e-03 1.511012000e+00 1.210663000e+00 
2.043919000e+00 3.580449000e-01 5.930087000e-03 
1.129649000e+00 1.582572000e+00 2.023288000e-02 
1.442065000e+00 1.343808000e+00 6.820659000e-02 
8.311331000e-01 8.175002000e-01 1.194878000e+00 
4.299546000e-03 6.452698000e-02 1.819163000e+00 
1.674486000e+00 6.889607000e-01 2.651210000e-02 
1.407676000e+00 1.316002000e+00 7.192573000e-02 
1.421388000e+00 1.189321000e+00 1.057469000e-01 
1.365088000e+00 3.014366000e-03 1.327624000e+00 
1.574775000e-01 7.595089000e+00 5.467950000e-04 
3.289406000e-02 1.465671000e+00 1.074191000e+00 
3.450014000e-02 1.449465000e+00 1.154030000e+00 
1.485902000e-01 1.262003000e+00 1.097690000e+00 
4.291163000e-03 1.454329000e+00 1.205918000e+00 
1.676008000e-03 6.127741000e+00 1.067854000e-01 
6.920362000e-02 1.242342000e+00 1.267078000e+00 
1.552697000e+00 1.321617000e+00 2.466193000e-02 
1.518100000e+00 1.232690000e+00 4.943606000e-02 
3.859739000e-01 1.732352000e+00 2.292822000e-01 
1.432127000e+00 2.490614000e-02 1.300045000e+00 
1.488698000e-03 3.649573000e+00 4.039208000e-01 
5.934144000e-03 1.897705000e+00 1.258175000e-01 
1.046931000e+00 1.588325000e+00 1.255271000e-01 
1.568581000e+00 1.410949000e-02 1.251749000e+00 
9.740258000e-01 1.054176000e-01 1.499929000e+00 
6.878142000e-01 1.030695000e+00 1.628044000e+00 
9.791163000e-02 1.027867000e+00 1.640978000e+00 
2.048204000e+00 1.582962000e-02 1.325608000e-02 
1.901964000e+00 7.394037000e-02 2.303555000e-02 
2.155758000e+00 1.091841000e-01 9.835438000e-03 
1.869624000e+00 8.623779000e-01 1.101459000e-02 
3.911717000e-01 2.059308000e+00 4.166888000e-04 
1.510729000e+00 1.382280000e+00 1.154265000e-02 
1.731058000e-02 2.326691000e+00 1.365424000e-02 
3.046537000e-01 1.825210000e+00 8.705403000e-03 
2.715353000e-02 8.503321000e-01 1.659917000e+00 
8.398485000e-02 1.046565000e+00 1.654532000e+00 
6.973617000e-03 5.258292000e+00 6.359635000e-02 
2.122765000e+00 1.248984000e-01 1.031143000e-02 
2.104457000e+00 4.402206000e-03 9.559105000e-02 
1.295105000e-01 2.472187000e-02 1.855035000e+00 
2.231725000e-02 1.818537000e+00 4.262915000e-02 
2.713448000e+00 7.125943000e-04 2.569167000e-03 
2.620147000e+00 1.714216000e-03 2.656550000e-02 
1.946438000e+00 8.327809000e-03 6.814957000e-01 
1.795466000e+00 7.324846000e-02 2.738496000e-01 
1.734949000e+00 1.450527000e+00 3.092196000e-03 
1.468802000e+00 3.003146000e-02 1.238759000e+00 
1.916213000e-01 2.072899000e+00 9.388363000e-03 
1.892869000e+00 1.315413000e-01 4.055535000e-02 
2.221769000e-02 2.253330000e+00 1.147826000e-02 
6.627235000e-02 1.754456000e+00 1.005785000e-01 
8.279141000e-01 7.804614000e-01 1.295711000e+00 
1.817071000e+00 8.098690000e-03 1.074152000e+00 
5.509139000e-03 1.942054000e+00 6.850554000e-02 
5.466143000e-02 1.088351000e+00 1.430468000e+00 
2.384699000e+00 1.159148000e-01 7.330270000e-04 
9.862281000e-01 1.927535000e-02 1.529052000e+00 
1.358008000e-02 2.421997000e+00 7.378438000e-03 
2.277416000e+00 1.868631000e-01 1.866354000e-03 
1.393231000e-01 1.807659000e+00 8.480748000e-02 
1.825495000e+00 3.641626000e-02 7.574212000e-01 
1.716552000e+00 1.496897000e+00 6.798252000e-04 
1.984035000e+00 3.740092000e-02 1.957932000e-02 
1.342240000e+00 1.240489000e+00 9.728831000e-02 
1.157033000e+00 1.069285000e+00 8.349097000e-01 
1.504889000e+00 1.310007000e+00 3.100690000e-02 
2.583875000e-02 2.114078000e+00 3.609520000e-02 
1.652741000e+00 2.899438000e-01 6.977214000e-01 
1.504781000e+00 1.499520000e+00 1.714949000e-03 
2.927040000e-02 2.015271000e+00 1.722249000e-02 
1.402319000e+00 1.542981000e+00 5.828403000e-03 
2.358084000e-01 1.868783000e+00 3.074969000e-02 
7.926321000e-01 9.090443000e-01 1.535778000e+00 
4.530888000e-03 9.644181000e-02 1.776850000e+00 
9.235826000e-02 1.962182000e+00 1.811175000e-02 
2.229055000e-02 1.584208000e+00 1.166392000e+00 
2.133033000e+00 1.183304000e-03 4.849526000e-02 
2.018660000e-01 1.007676000e+00 1.635466000e+00 
5.426776000e-03 1.077757000e-01 1.770453000e+00 
1.223102000e+00 2.942760000e-02 1.497346000e+00 
2.136655000e+00 1.187572000e-02 9.920069000e-03 
1.423635000e+00 2.506164000e-02 1.256080000e+00 
4.106012000e-02 5.471855000e-03 1.899297000e+00 
1.216726000e+00 1.018614000e-02 1.560432000e+00 
1.230081000e-01 1.814481000e+00 8.413300000e-02 
1.449897000e+00 1.582429000e-01 1.215741000e+00 
3.349844000e-04 2.192214000e-03 1.919607000e+00 
5.084516000e-02 1.085226000e+00 1.445803000e+00 
6.924328000e-02 1.222371000e+00 1.291752000e+00 
1.886438000e-03 3.889293000e-06 1.945847000e+00 
1.370908000e-01 1.680039000e+00 6.919405000e-01 
1.303763000e+00 5.103945000e-02 1.248589000e+00 
5.176620000e-02 1.765687000e+00 1.183708000e-01 
2.038238000e+00 1.339531000e-02 8.520097000e-02 
1.356543000e-02 1.104760000e+00 1.411603000e+00 
2.335012000e-03 1.131282000e+00 1.527648000e+00 
8.288698000e-01 7.115943000e-01 1.657242000e+00 
1.294413000e+00 9.689361000e-02 1.269245000e+00 
1.880236000e+00 3.109833000e-02 8.012942000e-02 
6.533672000e-02 1.585082000e+00 7.567176000e-01 
8.350569000e-01 1.886864000e-01 1.760640000e+00 
1.325062000e+00 1.422188000e+00 1.953277000e-02 
9.022590000e-01 7.722218000e-01 1.533505000e+00 
1.511641000e+00 2.335459000e-01 1.088667000e+00 
1.035978000e+00 6.152298000e-02 1.499799000e+00 
1.844637000e+00 2.184474000e-01 8.937514000e-02 

5.296693000e-02 1.889795000e+00 3.656916000e-03 
1.734200000e-03 4.327260000e+00 1.105321000e+00 
1.829047000e-02 1.644361000e+00 1.553009000e+00 
1.842047000e+00 1.093166000e+00 2.557182000e-02 
1.751466000e+00 1.171932000e+00 5.971767000e-02 
1.046320000e+00 8.164439000e-01 1.277077000e+00 
1.882897000e+00 1.877636000e-01 2.029400000e-01 
1.381239000e+00 1.022277000e+00 9.066062000e-01 
3.681874000e-02 1.117876000e+00 1.816715000e+00 
1.674838000e+00 1.224282000e-03 1.481624000e+00 
1.103795000e+00 3.937227000e-02 1.655952000e+00 
8.716954000e-03 2.528119000e+00 3.968073000e-01 
1.663539000e+00 3.025935000e-02 9.415162000e-01 
6.728894000e-05 7.068979000e-06 9.406206000e+00 
1.422842000e+00 9.652223000e-01 9.022493000e-01 
4.317407000e-02 1.615909000e+00 1.360028000e+00 
2.256745000e+00 1.645598000e+00 3.601087000e-03 
1.541449000e-02 1.686987000e+00 1.610310000e+00 
8.690373000e-04 6.723563000e+00 1.404192000e+00 
1.545149000e+00 1.458730000e+00 1.404096000e-02 
6.926961000e-02 1.683610000e+00 8.211792000e-01 
1.361383000e+00 1.462098000e+00 2.975935000e-02 
3.037059000e+00 5.065535000e-02 8.913780000e-03 
4.405630000e-05 4.348140000e-04 6.880289000e+00 
1.047603000e+00 1.493177000e-02 1.668275000e+00 
1.313760000e+00 8.975435000e-03 1.747143000e+00 
1.120495000e-02 2.574134000e+00 1.523218000e-02 
2.642776000e+00 3.416526000e-04 1.745770000e-02 
1.526491000e+00 1.639100000e+00 1.767968000e-02 
1.530680000e+00 1.162621000e+00 7.866415000e-02 
1.041566000e-02 2.316106000e-04 3.172374000e+00 
4.721610000e-03 1.697505000e+00 9.743036000e-01 
1.101096000e+00 1.376045000e-01 1.421813000e+00 
1.435137000e+00 1.274898000e+00 1.410472000e-01 
1.865730000e-02 1.377412000e+00 1.690480000e+00 
3.713919000e+00 1.557168000e-01 4.159014000e-03 
7.294801000e-03 3.289344000e+00 6.462675000e-02 
7.398581000e-03 1.311290000e+00 1.857124000e+00 
5.612056000e-02 1.486131000e+00 1.284188000e+00 
1.730412000e+00 2.895599000e-02 9.194204000e-01 
2.701072000e-02 1.277964000e+00 1.506735000e+00 
1.928092000e+00 8.724795000e-03 1.195663000e+00 
3.412270000e-02 1.190946000e+00 1.766926000e+00 
3.227920000e+00 4.560939000e-02 7.926703000e-03 
9.910127000e-03 7.267896000e-04 5.347439000e+00 
1.886743000e+00 6.323554000e-02 1.166024000e-01 
1.059061000e-02 2.171027000e+00 2.553769000e-02 
1.784967000e+00 1.313616000e-02 9.088710000e-01 
1.582663000e+00 1.161357000e+00 1.404480000e-01 
1.015899000e+00 6.732149000e-01 1.516079000e+00 
2.592971000e+00 3.579506000e-01 1.556154000e-03 
7.520903000e-02 1.600083000e+00 1.228078000e+00 
1.966768000e+00 6.517772000e-02 1.753515000e-02 
3.643929000e-03 2.080880000e+00 1.120148000e+00 
1.258666000e+00 1.800431000e+00 3.265459000e-03 
1.351191000e+00 8.939233000e-01 9.269079000e-01 
2.109008000e+00 1.736535000e-02 1.861244000e-01 
3.685493000e+00 6.360931000e-01 1.481823000e-03 
5.518602000e-02 1.589724000e+00 1.275406000e+00 
1.170990000e+00 1.051052000e-02 1.464875000e+00 
4.636566000e-02 1.136836000e+00 1.683423000e+00 
5.125150000e+00 1.453113000e-01 1.721991000e-03 
1.807760000e-02 1.884721000e+00 9.070249000e-01 
1.109351000e-02 8.065557000e-03 2.068218000e+00 
1.966387000e+00 8.988122000e-03 9.937732000e-01 
3.831836000e+00 5.706684000e-01 1.492431000e-03 
2.097342000e-01 2.293486000e+00 7.940680000e-04 
3.251169000e+00 2.424561000e-01 6.446477000e-03 
3.950161000e-02 2.729786000e-03 1.930909000e+00 
1.517387000e+00 1.238375000e+00 1.447632000e-01 
4.513218000e-03 4.957178000e+00 9.272922000e-01 
9.793159000e-04 2.188255000e-02 1.888596000e+00 
1.792068000e+00 1.762077000e+00 2.171771000e-03 
2.429105000e-03 3.038817000e+00 1.668011000e+00 
1.972964000e-05 8.817257000e-04 2.096404000e+00 
4.822974000e-02 1.206206000e+00 1.500334000e+00 
3.526050000e-02 1.221134000e+00 1.730036000e+00 
4.825454000e-02 1.543544000e+00 1.299276000e+00 
2.074426000e+00 6.648183000e-02 1.481737000e-02 
6.626943000e-02 1.622189000e+00 8.914285000e-01 
1.416655000e-02 1.024815000e-02 1.949560000e+00 
1.886229000e-01 1.809639000e+00 3.658610000e-01 
3.373330000e+00 1.458618000e-01 6.438418000e-03 
1.213757000e+00 1.296866000e+00 9.010278000e-01 
2.124999000e+00 1.025881000e-03 9.803959000e-03 
4.665452000e-02 1.605437000e+00 1.321600000e+00 
1.335141000e+00 1.501049000e+00 2.889001000e-02 
4.226373000e-02 1.378238000e+00 1.445453000e+00 
1.133157000e+00 1.111387000e+00 1.237712000e+00 
8.938713000e-01 5.993821000e-01 1.598216000e+00 
1.336870000e+00 5.158481000e-03 1.877269000e+00 
6.510548000e-01 7.299468000e-01 1.599277000e+00 
1.657851000e+00 1.034115000e+00 1.448829000e-01 
1.504812000e+00 1.273749000e+00 5.340685000e-02 
1.239147000e+00 1.268636000e+00 8.769387000e-01 
9.176470000e-01 9.700919000e-01 1.574069000e+00 
5.190467000e-02 1.818707000e+00 1.309354000e-01 
2.582638000e+00 3.557591000e-01 2.742161000e-03 
1.741270000e-02 1.858671000e+00 9.443800000e-01 
1.903061000e-02 3.256699000e+00 9.366391000e-03 
1.884966000e-01 2.114541000e+00 1.708224000e-03 
1.228445000e+00 1.422130000e+00 3.622659000e-02 
1.049493000e-01 1.406718000e+00 1.359953000e+00 
3.957390000e-02 2.050173000e+00 2.052557000e-01 
1.245411000e+00 7.627293000e-01 1.257538000e+00 
2.585967000e-02 1.378803000e+00 1.602330000e+00 
1.417400000e-01 1.698823000e+00 8.062388000e-01 
2.004169000e-01 1.194590000e+00 1.512031000e+00 
7.615750000e-01 8.556966000e-01 1.587941000e+00 
3.972272000e-02 2.195443000e+00 2.528520000e-02 
2.667930000e-02 1.633705000e-04 2.256569000e+00 
1.648026000e+00 1.222395000e+00 7.168573000e-03 
1.233179000e+00 7.866773000e-01 1.379845000e+00 
9.120457000e-01 9.804290000e-01 1.255209000e+00 
2.066415000e+00 9.358434000e-02 9.580999000e-03 
1.862532000e+00 2.466279000e-01 1.937260000e-01 
2.124248000e+00 4.246943000e-02 9.515115000e-02 
1.390616000e+00 4.607823000e-02 1.204250000e+00 
1.453984000e+00 1.782371000e-03 1.265771000e+00 
1.231964000e+00 1.062827000e+00 9.458378000e-01 
1.664581000e+00 1.106963000e+00 9.299207000e-02 
1.415669000e+00 1.326513000e+00 3.179079000e-01 

