1.205881000e+00 7.155335000e-01 2.124063000e-03 
7.218884000e-01 6.485729000e-01 7.821613000e-01 
5.865818000e-01 8.627417000e-01 7.651875000e-01 
9.000802000e-05 1.064843000e-02 1.296085000e+00 
8.628402000e-01 4.529597000e-02 9.189923000e-01 
9.112714000e-01 5.774870000e-01 7.192437000e-01 
2.861010000e-02 1.121069000e+00 5.689988000e-01 
1.353591000e+00 9.981881000e-01 2.853038000e-04 
3.476703000e-02 7.005594000e-01 1.091150000e+00 
5.867592000e-01 1.653169000e-02 1.100163000e+00 
9.878407000e-01 4.563224000e-01 6.726551000e-01 
7.550643000e-01 6.659539000e-01 7.592901000e-01 
7.163096000e-01 6.486234000e-01 7.993862000e-01 
1.075578000e+00 8.281743000e-01 3.748781000e-03 
1.191023000e+00 4.456264000e-02 4.391141000e-01 
1.982382000e+00 5.387881000e-03 6.659107000e-03 
9.549419000e-01 8.020876000e-03 8.212358000e-01 
4.324419000e-02 1.069547000e+00 7.279890000e-01 
7.124690000e-01 1.049895000e+00 1.993725000e-04 
4.856957000e-01 7.981135000e-01 7.806290000e-01 
1.261955000e+00 2.070379000e-02 6.650629000e-03 
3.218088000e-01 5.486449000e-01 1.075221000e+00 
1.153948000e+00 5.622171000e-05 5.447469000e-01 
5.647491000e-01 1.001717000e+00 5.046414000e-01 
9.488566000e-01 6.524013000e-01 5.406650000e-01 
9.419089000e-01 7.967932000e-01 1.365011000e-02 
1.219324000e+00 3.442183000e-02 4.826897000e-01 
7.402931000e-04 2.162183000e+00 3.947870000e-02 
1.105192000e+00 3.338417000e-01 5.497642000e-01 
7.789741000e-01 8.824213000e-01 5.158935000e-01 
8.691238000e-01 8.605233000e-01 3.300092000e-02 
6.076656000e-01 1.085052000e+00 1.128022000e-01 
1.060721000e+00 1.416021000e-02 7.166219000e-01 
1.154008000e-04 1.848653000e+00 6.101887000e-02 
1.915011000e+00 9.036560000e-02 4.198176000e-04 
3.035133000e-01 2.804042000e-01 1.169935000e+00 
5.633267000e-01 9.757655000e-01 5.568646000e-01 
1.222943000e+00 8.245243000e-02 6.454219000e-03 
3.529159000e-01 5.675156000e-01 1.028307000e+00 
7.395306000e-01 8.647128000e-01 6.504009000e-01 
9.636310000e-01 5.754948000e-01 5.893476000e-01 
8.228874000e-01 1.036310000e+00 2.211331000e-02 
4.816552000e-05 3.908182000e-04 2.046646000e+00 
1.038796000e-01 4.942421000e+00 4.928849000e-06 
8.916895000e-01 5.231314000e-03 9.476748000e-01 
9.623142000e-01 5.923053000e-01 5.741280000e-01 
1.905245000e-02 5.740593000e-03 1.265559000e+00 
1.337242000e-01 6.852182000e-01 1.080809000e+00 
8.785766000e-01 5.927736000e-02 8.686431000e-01 
3.934132000e-02 1.155042000e+00 5.098366000e-01 
6.859785000e-01 8.662577000e-01 7.205139000e-01 
9.830928000e-01 6.433559000e-01 5.212797000e-01 
9.911587000e-01 8.170260000e-01 4.891232000e-03 
9.215970000e-01 7.941993000e-01 1.507219000e-01 
9.858166000e-01 1.863922000e-02 7.905876000e-01 
6.387085000e-01 1.129793000e+00 1.524696000e-02 
8.184027000e-01 6.050811000e-01 8.744669000e-01 
1.012960000e+00 4.121801000e-03 7.919974000e-01 
1.921177000e-02 1.312612000e+00 1.977237000e-03 
2.627976000e-01 1.791963000e-03 1.238371000e+00 
1.256017000e-01 4.510314000e+00 6.052033000e-04 
9.988902000e-03 1.368958000e+00 2.342443000e-03 
7.542358000e-01 6.709987000e-01 7.578953000e-01 
1.080364000e+00 3.265647000e-01 5.551313000e-01 
2.211994000e-01 7.426390000e-01 1.009280000e+00 
1.054716000e-02 7.940705000e-01 1.091223000e+00 
5.135391000e-01 9.423738000e-01 6.633984000e-01 
8.601791000e-06 4.096035000e-04 4.025180000e+00 
5.236469000e-01 8.658757000e-01 7.701182000e-01 
3.291375000e-01 2.558531000e-01 1.205974000e+00 
8.566911000e-01 1.014523000e+00 2.546619000e-02 
1.194825000e+00 3.787839000e-01 3.285463000e-02 
7.511972000e-01 2.154803000e-02 9.854981000e-01 
4.536490000e-01 4.538695000e-03 1.186328000e+00 
1.002475000e+00 8.985335000e-01 2.352281000e-03 
9.471474000e-01 2.833699000e-01 7.977800000e-01 
8.298875000e-01 1.030618000e+00 1.499352000e-02 
7.796749000e-01 3.079768000e-03 1.021779000e+00 
1.174751000e+00 3.559933000e-01 1.712892000e-01 
1.021874000e+00 9.333873000e-01 1.276134000e-03 
3.164549000e-03 6.033367000e-01 1.113581000e+00 
1.124171000e+00 7.054016000e-02 5.470393000e-01 
5.667472000e-01 4.869615000e-01 9.666618000e-01 
5.878635000e-01 1.177739000e-02 1.133701000e+00 
1.069017000e+00 6.527254000e-02 6.160377000e-01 
2.667588000e-02 1.891393000e+00 6.542484000e-04 
1.157654000e+00 7.664332000e-01 2.114221000e-03 
7.519800000e-01 9.012511000e-01 4.429943000e-01 
5.257208000e-05 2.974460000e-03 1.822581000e+00 
7.628284000e-01 3.011915000e-03 1.033331000e+00 
5.837248000e-01 6.614667000e-01 9.355015000e-01 
5.090352000e-02 1.135421000e+00 5.490825000e-01 
1.134791000e+00 1.483699000e-02 5.314698000e-01 
2.821513000e+00 1.836126000e-01 2.272096000e-04 
9.816957000e-01 5.672555000e-01 5.918866000e-01 
5.542291000e-01 6.972821000e-01 9.254641000e-01 
3.698052000e-01 5.579778000e-01 1.069217000e+00 
1.098179000e+00 6.113983000e-01 1.651628000e-01 
8.094078000e-01 2.947358000e-03 1.037216000e+00 
1.191119000e+00 3.604363000e-01 3.291240000e-02 
8.747047000e-01 6.112398000e-02 8.668779000e-01 
5.987319000e-01 1.535841000e-02 1.122628000e+00 
1.458656000e-01 1.106301000e+00 5.671915000e-01 
1.411923000e-01 1.329974000e+00 1.387883000e-04 
1.140197000e+00 5.359663000e-05 5.605720000e-01 
4.269684000e-01 3.252167000e-03 1.195098000e+00 
8.929124000e-01 3.969697000e-03 9.438074000e-01 
2.534138000e-02 8.632337000e-01 9.083717000e-01 
1.094716000e+00 3.517356000e-01 4.578555000e-01 
4.599877000e-01 4.161499000e-02 1.158197000e+00 
2.712091000e-02 1.015892000e+00 8.078857000e-01 
7.103559000e-04 4.559082000e-01 1.170307000e+00 
1.024215000e+00 6.899000000e-01 2.783227000e-02 
4.023004000e-01 2.188542000e-01 1.146603000e+00 
1.435787000e-02 4.415178000e-01 1.166917000e+00 
1.379290000e-01 4.225323000e-01 1.159222000e+00 
5.657511000e-01 1.119049000e+00 3.357089000e-02 
8.601052000e-01 9.773063000e-01 5.066538000e-03 
7.960732000e-01 3.506811000e-03 9.721388000e-01 
1.457812000e-01 6.927937000e-01 1.064637000e+00 
7.384997000e-01 8.847861000e-01 4.479825000e-01 
1.109805000e+00 1.936233000e-01 5.608670000e-01 
8.311947000e-01 1.512569000e-03 1.055805000e+00 
3.920483000e-02 7.446838000e-01 1.003659000e+00 
2.147816000e+00 1.215821000e-04 2.013046000e-02 
1.271507000e+00 4.465921000e-04 1.320482000e-02 
8.719564000e-01 8.660918000e-01 2.113572000e-02 
8.333903000e-02 1.066521000e+00 7.197988000e-01 
6.393935000e-01 9.392787000e-01 6.174403000e-01 
7.349296000e-02 8.863000000e-01 8.738598000e-01 
6.252094000e-01 9.631700000e-01 6.225198000e-01 
9.143229000e-02 1.133335000e+00 5.340954000e-01 
1.124568000e+00 5.513174000e-01 1.404123000e-02 
1.022533000e+00 4.410045000e-01 6.871326000e-01 
9.738000000e-01 7.490296000e-01 7.506554000e-03 
1.135422000e+00 1.365303000e-02 4.960209000e-01 
3.142300000e-01 1.093053000e+00 5.443791000e-01 
8.287856000e-01 7.801998000e-01 5.436744000e-01 
9.938913000e-01 5.534431000e-01 5.593844000e-01 
3.008790000e-04 1.276728000e+00 4.854686000e-02 
7.840568000e-01 8.023205000e-01 5.598847000e-01 
1.224566000e+00 5.058638000e-02 3.511408000e-02 
8.553016000e-01 8.871067000e-01 1.095573000e-01 
9.177226000e-01 8.549901000e-01 1.684744000e-02 
1.243012000e+00 4.227590000e-01 4.280327000e-03 
1.054748000e+00 5.502978000e-01 5.086584000e-01 
1.140263000e+00 1.920179000e-01 4.557865000e-01 
9.291674000e-01 8.678947000e-01 2.358231000e-03 
1.065300000e+00 7.018272000e-01 1.481343000e-02 
3.336542000e-01 1.057163000e+00 6.952982000e-01 
9.093077000e-05 1.221078000e+00 9.445833000e-01 
5.676772000e-03 8.339485000e-01 1.011905000e+00 
5.133278000e-01 5.794518000e-01 1.012181000e+00 
1.143108000e+00 1.998475000e-03 5.439544000e-01 
1.987240000e+00 2.846005000e-02 5.018319000e-04 
3.131854000e-01 5.095463000e-01 1.103342000e+00 
2.987702000e-03 4.991347000e-01 1.136395000e+00 
2.118194000e-01 5.580786000e-01 1.081233000e+00 
1.172153000e-01 1.178164000e+00 4.394488000e-01 
8.246532000e-01 1.066019000e-01 8.989364000e-01 
1.173841000e-01 1.180098000e+00 4.311276000e-01 
2.750316000e-01 8.096070000e-01 9.168093000e-01 
1.200959000e+00 3.622529000e-02 4.463879000e-01 
4.393663000e-01 7.433479000e-01 8.964615000e-01 
7.380133000e-01 8.878999000e-01 5.808553000e-01 
1.037187000e-01 9.358406000e-01 8.426611000e-01 
9.529741000e-01 3.179512000e-02 8.597187000e-01 
7.074958000e-02 9.459223000e-01 8.850780000e-01 
6.307132000e-01 4.359821000e-01 9.501990000e-01 
9.083061000e-01 4.236420000e-01 8.006270000e-01 
1.019317000e+00 4.608123000e-01 5.096592000e-01 
1.077745000e-03 1.117342000e+00 6.051549000e-01 
2.058407000e-03 1.222799000e+00 6.327055000e-03 
6.384517000e-01 8.661463000e-01 7.294570000e-01 
8.369608000e-01 7.793981000e-01 4.984817000e-01 
1.234949000e+00 1.621195000e-02 4.638129000e-02 
5.617900000e-01 1.140612000e+00 1.945568000e-01 
3.765137000e-02 1.118682000e+00 5.545067000e-01 
5.337134000e-01 8.574173000e-01 7.684579000e-01 
5.663709000e-01 9.661323000e-01 6.570009000e-01 
5.112665000e-01 2.878856000e-01 1.118756000e+00 
4.462178000e-01 7.332721000e-02 1.148528000e+00 
1.935242000e-02 1.033833000e-03 1.262655000e+00 
9.163856000e-01 6.322110000e-02 8.327847000e-01 
1.180256000e-01 3.942548000e-01 1.225915000e+00 
5.597928000e-01 6.719475000e-01 9.246275000e-01 
6.185687000e-03 3.128382000e-04 1.285705000e+00 
4.610460000e-01 1.182264000e+00 1.337620000e-02 
1.030810000e+00 6.493613000e-01 2.033322000e-02 
7.513073000e-01 4.949320000e-01 9.170040000e-01 
1.682061000e-02 4.195625000e-01 1.177839000e+00 
1.134159000e+00 5.413111000e-01 9.117812000e-03 
1.402237000e-04 1.296933000e-03 1.280515000e+00 
6.651065000e-01 7.806451000e-01 7.906064000e-01 
1.058185000e+00 2.677539000e-02 7.109082000e-01 
8.814699000e-01 8.248311000e-01 4.567060000e-01 
2.178683000e-02 1.020658000e+00 8.240297000e-01 
6.445972000e-01 5.979473000e-01 9.044802000e-01 
1.049036000e+00 3.288264000e-01 7.200591000e-01 
1.911872000e-05 5.664998000e-03 1.399472000e+00 
4.295210000e-01 7.841936000e-01 9.297387000e-01 
8.654613000e-01 4.593667000e-02 9.085486000e-01 
9.954615000e-01 7.038367000e-01 6.992584000e-03 
6.051041000e-01 9.015379000e-01 6.725594000e-01 
5.142028000e-01 8.928122000e-01 7.264219000e-01 
8.739653000e-01 8.491709000e-01 1.314679000e-01 
1.118891000e+00 5.785556000e-01 5.697792000e-02 
1.579011000e-02 9.951852000e-01 8.732534000e-01 
1.101345000e+00 5.996759000e-01 4.596169000e-02 
2.197447000e-03 1.818302000e-02 1.244513000e+00 
1.260958000e+00 1.283449000e-03 4.444846000e-01 
5.137281000e-01 9.816709000e-01 6.385984000e-01 
4.548441000e-01 7.438877000e-02 1.139917000e+00 
1.685090000e-01 1.164131000e+00 5.027460000e-01 
8.733005000e-03 1.158851000e+00 5.396288000e-01 
5.823810000e-01 9.278387000e-01 6.562001000e-01 
8.137654000e-01 3.078294000e-03 9.817461000e-01 
6.005890000e-01 5.167676000e-02 1.066413000e+00 
8.274071000e-01 7.403713000e-01 6.903055000e-01 
1.270798000e+00 1.301646000e-02 3.504869000e-02 
5.091174000e-01 1.163491000e+00 7.992885000e-02 
3.291545000e-01 1.071780000e+00 6.946999000e-01 
7.187949000e-01 6.470049000e-01 8.304517000e-01 
2.412222000e-02 7.465851000e-01 1.007467000e+00 
7.201074000e-01 8.639304000e-01 6.605897000e-01 
1.167513000e-01 3.978153000e-01 1.225893000e+00 
7.823155000e-01 7.979834000e-01 5.714484000e-01 
5.118803000e-01 2.828100000e-01 1.090207000e+00 
6.097465000e-01 7.494131000e-03 1.079393000e+00 
1.498644000e-02 4.607805000e-01 1.145809000e+00 
3.238311000e-01 1.195185000e+00 3.249813000e-02 
8.876772000e-01 7.633841000e-03 8.754838000e-01 
2.867610000e-01 6.384985000e-01 1.029425000e+00 
8.304390000e-01 7.512850000e-01 5.670965000e-01 
1.104845000e-01 9.402645000e-01 7.741876000e-01 
9.688723000e-01 5.042890000e-01 6.608486000e-01 
2.082705000e-02 8.779079000e-02 1.233529000e+00 
4.449800000e-01 3.862306000e-01 1.073101000e+00 
9.425324000e-02 7.875743000e-01 9.788535000e-01 
8.496302000e-01 9.530315000e-01 7.647976000e-02 
9.069219000e-01 8.360193000e-01 3.004258000e-02 
4.914385000e-01 7.774558000e-01 8.142257000e-01 
1.123223000e+00 5.629023000e-01 1.134141000e-01 
8.972756000e-01 8.713618000e-04 1.097823000e+00 
5.011301000e-04 8.186162000e-05 1.289372000e+00 
3.742433000e-02 1.115256000e+00 5.695436000e-01 
7.049666000e-03 1.256670000e+00 3.489619000e-03 
6.158962000e-01 5.823172000e-01 9.130198000e-01 
3.912255000e-01 9.976495000e-02 1.170802000e+00 
7.476713000e-01 7.774383000e-01 7.110149000e-01 
8.287039000e-01 6.417670000e-01 7.266533000e-01 
6.034992000e-01 2.731127000e-03 1.145205000e+00 
1.097703000e-01 9.071969000e-03 1.227098000e+00 
1.059378000e+00 7.553284000e-01 4.303002000e-03 
8.477064000e-01 4.835786000e-02 9.094803000e-01 
1.268124000e+00 1.330852000e-02 5.169321000e-04 
7.027843000e-01 7.208693000e-03 1.052231000e+00 
1.019713000e+00 6.506289000e-02 7.259189000e-01 
3.595522000e-01 1.221678000e+00 7.059171000e-03 
1.130586000e+00 1.912664000e-01 4.587555000e-01 
2.459269000e-02 9.637477000e-01 9.023262000e-01 
6.681450000e-02 6.171787000e-01 1.101113000e+00 
6.875874000e-01 8.333081000e-01 7.086942000e-01 
8.575389000e-01 8.508780000e-01 3.414059000e-02 
2.576004000e-02 7.772499000e-01 9.942949000e-01 
2.784916000e-02 7.021902000e-01 1.092289000e+00 
1.094111000e+00 4.584453000e-04 7.275976000e-01 
8.484819000e-01 7.204514000e-01 6.928377000e-01 
7.311198000e-01 6.060012000e-01 8.463961000e-01 
8.180658000e-01 3.743484000e-02 9.702859000e-01 
3.253395000e-02 9.816924000e-01 7.732487000e-01 
1.719043000e-03 1.437688000e-05 1.494397000e+00 
4.475590000e-01 1.177474000e+00 1.746579000e-02 
4.652680000e-03 1.003895000e+00 8.441738000e-01 
8.796459000e-01 4.049827000e-01 8.017098000e-01 
1.103775000e+00 2.597652000e-02 6.712028000e-01 
3.393333000e-02 8.498852000e-01 8.983511000e-01 
3.544396000e-01 1.032346000e+00 7.315653000e-01 
5.305355000e-01 9.980817000e-01 5.348983000e-01 
8.617587000e-01 7.603943000e-01 5.078837000e-01 
3.312121000e-04 1.090875000e+00 9.021747000e-01 
5.636889000e-01 1.089373000e+00 1.320714000e-01 
1.233401000e-01 3.847910000e-01 1.214394000e+00 
9.145194000e-01 2.303740000e-03 9.099584000e-01 
8.723425000e-01 2.716074000e-02 9.269217000e-01 
6.874425000e-01 3.462920000e-02 1.077990000e+00 
5.961315000e-01 3.039496000e-03 1.189703000e+00 
1.127467000e+00 8.588423000e-02 5.143817000e-01 
3.164466000e-01 1.075750000e+00 5.506743000e-01 
1.150325000e+00 3.460258000e-01 4.415325000e-01 
1.110836000e+00 5.060015000e-01 1.279379000e-01 
1.195355000e+00 3.419192000e-01 6.595051000e-03 
4.007845000e-01 7.271576000e-01 9.910111000e-01 
3.056794000e-01 7.638150000e-01 9.935678000e-01 
1.197039000e+00 3.610304000e-02 4.745399000e-01 
1.242864000e+00 4.447386000e-02 3.722834000e-02 
6.046678000e-01 1.314321000e-02 1.130517000e+00 
6.318421000e-01 4.060431000e-02 1.078421000e+00 
7.628751000e-01 8.146935000e-01 5.580621000e-01 
1.077134000e+00 6.305177000e-01 1.115085000e-01 
8.656432000e-01 7.206099000e-01 5.184837000e-01 
5.637365000e-04 8.881747000e-01 9.246521000e-01 
5.817998000e-01 1.097032000e+00 2.319008000e-02 
2.034383000e-03 1.105252000e+00 8.207484000e-01 
8.037028000e-01 1.038129000e+00 4.805185000e-02 
4.243428000e-01 3.966636000e-02 1.185671000e+00 
6.634267000e-01 4.700813000e-02 1.054577000e+00 
1.256680000e+00 6.641656000e-02 6.873386000e-03 
6.394898000e-01 1.135266000e+00 1.409859000e-04 
6.850580000e-01 1.040762000e+00 1.770172000e-03 
3.492889000e-01 3.652266000e-01 1.125006000e+00 
1.907673000e-02 1.006947000e+00 8.295516000e-01 
8.107823000e-01 9.702423000e-01 5.086234000e-02 
4.298519000e-02 9.801505000e-01 8.012046000e-01 
2.303825000e-02 1.149128000e+00 5.696680000e-01 
1.613131000e-02 1.157883000e+00 5.688117000e-01 
7.062743000e-01 6.301737000e-03 1.063084000e+00 
5.818157000e-03 1.206403000e+00 4.555181000e-01 
6.011985000e-02 7.247330000e-01 1.089753000e+00 
1.233330000e+00 2.441253000e-02 2.039471000e-01 
1.180349000e+00 1.826194000e-01 4.761063000e-01 
5.754241000e-01 9.097607000e-01 6.667786000e-01 
2.744473000e-02 1.161997000e+00 5.288732000e-01 
7.277627000e-01 9.196336000e-01 5.811464000e-01 
6.802206000e-01 1.091102000e+00 4.693336000e-02 
1.264785000e-02 4.284487000e-01 1.194558000e+00 
1.048591000e+00 4.403886000e-01 7.028186000e-01 
2.487236000e-02 7.516786000e-01 1.006152000e+00 
1.197919000e-02 4.433750000e-01 1.177194000e+00 
1.121838000e+00 6.771060000e-02 6.124188000e-01 
5.570732000e-01 1.655203000e-02 1.085513000e+00 
6.794001000e-01 3.744534000e-01 9.801233000e-01 
2.892960000e-02 5.287087000e-01 1.116152000e+00 
3.577533000e-01 3.733446000e-01 1.112195000e+00 
2.535394000e-02 7.569842000e-01 1.000330000e+00 
1.241604000e-02 4.264345000e-01 1.212420000e+00 
2.841080000e-02 1.004171000e+00 7.576760000e-01 
2.241093000e-01 8.202480000e-01 8.798386000e-01 
7.857304000e-04 1.009625000e+00 8.549682000e-01 
9.271723000e-01 8.244564000e-01 2.992027000e-02 
9.511627000e-01 1.643509000e-01 7.861876000e-01 
1.696529000e-01 1.093317000e+00 6.383071000e-01 
8.030037000e-03 5.871981000e-01 1.133825000e+00 
1.069466000e+00 6.421301000e-01 1.036334000e-01 
1.392265000e-03 1.053394000e-02 1.250440000e+00 
8.492370000e-01 7.309056000e-01 5.417831000e-01 
3.526259000e-05 6.216273000e-01 1.096107000e+00 
7.051626000e-01 3.808773000e-01 9.647415000e-01 

1.187775000e+00 4.165578000e-02 9.418662000e-02 
7.113691000e-01 7.862792000e-01 6.342873000e-01 
3.523032000e-03 8.509549000e-01 9.028611000e-01 
1.510604000e+00 7.706486000e-03 7.552182000e-03 
5.441654000e-01 9.334518000e-01 6.139753000e-01 
7.589233000e-01 4.846387000e-01 9.030556000e-01 
4.551073000e-01 3.624785000e-02 1.124613000e+00 
7.913739000e-01 1.469950000e-02 9.127026000e-01 
2.132702000e-03 1.134711000e+00 7.381835000e-01 
3.816198000e-01 4.149446000e-01 1.097368000e+00 
2.947516000e-03 7.640273000e-01 9.932389000e-01 
2.490167000e-03 2.573941000e-01 1.196241000e+00 
1.886438000e-03 3.889293000e-06 1.945847000e+00 
6.935667000e-05 1.109121000e-03 1.794424000e+00 
9.686157000e-01 1.115548000e-01 7.345416000e-01 
5.617690000e-02 5.455004000e-01 1.059097000e+00 
1.715983000e-02 2.350865000e+00 1.021514000e-03 
4.412233000e-02 1.102898000e+00 5.335978000e-01 
1.180064000e+00 1.164454000e-01 1.564878000e-01 
2.142151000e+00 2.280233000e-01 6.034394000e-04 
1.059170000e+00 8.668483000e-01 1.147797000e-04 
9.150713000e-01 1.572056000e-02 8.288911000e-01 
1.190730000e+00 5.375779000e-02 9.152897000e-02 
1.197973000e-02 6.332607000e-01 1.065574000e+00 
1.866069000e-03 1.202909000e+00 1.398746000e-02 
9.432387000e-01 5.697314000e-01 5.691458000e-01 
1.770091000e-04 1.237265000e+00 9.346076000e-02 
1.018880000e+00 5.418339000e-01 6.208296000e-01 
1.218344000e-02 1.058927000e+00 6.967622000e-01 
9.188302000e-01 8.003259000e-01 1.729777000e-01 
2.780742000e-02 1.109983000e+00 5.414429000e-01 
3.430143000e-03 1.165692000e+00 5.500302000e-01 
4.787257000e-01 5.238310000e-01 1.022972000e+00 
1.165220000e+00 5.049085000e-01 1.419682000e-01 
7.863014000e-01 1.101364000e+00 1.388065000e-03 
5.589064000e-01 1.131926000e-02 1.080200000e+00 
2.489912000e+00 3.946161000e-03 7.222181000e-04 
5.900651000e-01 1.100039000e+00 1.109193000e-02 
5.490915000e-01 7.793251000e-01 7.469544000e-01 
4.022284000e-01 7.751151000e-01 8.906598000e-01 
5.299414000e-02 7.238898000e-01 9.416223000e-01 
1.108647000e+00 1.559910000e-02 3.283103000e-01 
3.496163000e-01 1.216658000e+00 2.354951000e-03 
9.198668000e-01 7.918465000e-01 5.561591000e-02 
1.219973000e+00 5.013110000e-02 3.448915000e-03 
8.709071000e-01 2.407232000e-02 8.289799000e-01 
1.153836000e+00 5.152502000e-01 9.208785000e-02 
1.077495000e+00 8.060829000e-01 1.094531000e-03 
6.027013000e-01 3.094243000e-03 1.097468000e+00 
1.230081000e+00 2.703475000e-01 5.137750000e-04 
7.024183000e-01 9.813821000e-01 3.112956000e-02 
1.187934000e+00 1.608452000e-01 2.487548000e-03 
2.059764000e+00 3.850490000e-03 1.258109000e-02 
1.049459000e-02 9.073645000e-01 8.784353000e-01 
8.739287000e-01 8.678571000e-01 1.142346000e-03 
1.007020000e+00 7.213736000e-01 3.165160000e-02 
4.747954000e-01 2.938857000e-02 1.136245000e+00 
4.730744000e-01 5.458895000e-01 1.050341000e+00 
3.534910000e-02 8.530227000e-01 8.120549000e-01 
6.823940000e-01 5.355906000e-01 8.581410000e-01 
4.452693000e-03 2.586217000e-03 1.239130000e+00 
1.035971000e+00 1.422468000e-01 6.013701000e-01 
8.072457000e-01 7.854916000e-01 6.153952000e-01 
4.207047000e-02 1.135791000e+00 5.275989000e-01 
5.286048000e-01 3.036634000e-01 1.023979000e+00 
1.729120000e-04 8.583354000e-01 1.415205000e+00 
1.056108000e-01 7.454722000e-06 1.581935000e+00 
1.037832000e+00 7.581576000e-01 1.470890000e-03 
9.056623000e-01 2.314786000e-02 7.990073000e-01 
4.155654000e-03 8.757838000e-01 8.940191000e-01 
2.131664000e-01 1.199570000e+00 5.014659000e-03 
1.201914000e+00 2.856910000e-04 3.914283000e-01 
1.308887000e-02 1.052365000e+00 5.460126000e-01 
1.003742000e+00 7.192514000e-01 5.697583000e-02 
5.135053000e-01 2.245900000e-02 1.140725000e+00 
1.227100000e+00 7.797334000e-03 1.650670000e-03 
7.606181000e-01 5.885640000e-01 7.441529000e-01 
1.536821000e-03 1.013870000e+00 8.804549000e-01 
9.942585000e-01 5.799791000e-01 5.160928000e-01 
1.200435000e+00 2.807737000e-03 5.359199000e-01 
4.124911000e-01 8.017986000e-01 8.736393000e-01 
7.478295000e-01 7.979075000e-03 1.069347000e+00 
1.092473000e-01 2.153673000e-05 1.411492000e+00 
2.431323000e-02 7.012049000e-01 1.045493000e+00 
9.099540000e-03 7.247342000e-01 9.420625000e-01 
8.647492000e-01 5.031272000e-01 8.212560000e-01 
4.377627000e-02 6.646900000e-01 1.011117000e+00 
6.349595000e-01 5.537996000e-01 8.934549000e-01 
9.407002000e-01 7.173325000e-01 3.969395000e-01 
1.141953000e+00 6.494880000e-01 2.863860000e-03 
8.026197000e-04 3.700691000e-03 1.241127000e+00 
8.814916000e-01 6.121580000e-03 9.742005000e-01 
8.563382000e-01 2.984841000e-02 8.547839000e-01 
6.492372000e-01 9.002478000e-01 5.412221000e-01 
3.581277000e-01 2.706661000e-01 1.119139000e+00 
5.170539000e-01 2.386907000e-03 1.140787000e+00 
2.713448000e+00 7.125943000e-04 2.569167000e-03 
5.845179000e-01 8.806047000e-01 6.142641000e-01 
6.032964000e-01 8.360424000e-01 6.276617000e-01 
5.839797000e-01 5.746897000e-01 8.772672000e-01 
1.128896000e+00 3.232267000e-04 1.033226000e+00 
1.333905000e+00 3.145105000e-04 1.306713000e-02 
4.037566000e-02 6.427564000e-02 1.205382000e+00 
6.336846000e-01 4.497473000e-01 9.112573000e-01 
1.052118000e+00 4.002604000e-03 6.385273000e-01 
7.458446000e-01 5.305252000e-01 8.202149000e-01 
4.020057000e-01 5.847652000e-01 9.629060000e-01 
8.663752000e-01 5.749292000e-01 6.508902000e-01 
7.278673000e-01 9.621946000e-01 4.396372000e-01 
1.202171000e+00 8.905189000e-03 7.504668000e-03 
2.384699000e+00 1.159148000e-01 7.330270000e-04 
1.195865000e+00 4.122857000e-02 9.529138000e-02 
6.943783000e-03 1.061981000e+00 5.500332000e-01 
3.607128000e-03 9.152040000e-01 8.893971000e-01 
1.312507000e+00 7.248838000e-04 1.373149000e-02 
5.870737000e-02 1.301563000e+00 2.373847000e-04 
6.266192000e-01 1.089998000e+00 1.043620000e-01 
6.137616000e-01 1.067676000e+00 1.628963000e-01 
4.679609000e-01 1.050786000e+00 5.417603000e-01 
4.197749000e-02 1.543798000e+00 3.533264000e-04 
1.225076000e+00 1.099397000e-02 1.837855000e-03 
9.272321000e-01 5.002073000e-01 6.368010000e-01 
5.581113000e-01 8.871971000e-02 1.072992000e+00 
7.625056000e-02 1.038102000e+00 6.263963000e-01 
7.348071000e-01 9.770312000e-01 1.578663000e-03 
1.058562000e+00 2.357874000e-01 5.257887000e-01 
3.892104000e-01 6.380559000e-01 9.800699000e-01 
7.648623000e-04 5.733906000e-04 1.332923000e+00 
9.388657000e-01 1.834133000e-03 8.955651000e-01 
1.087442000e+00 5.784855000e-01 2.175247000e-02 
1.088199000e-01 1.182163000e+00 2.795087000e-02 
6.051378000e-01 9.025612000e-03 9.926515000e-01 
1.144035000e+00 7.938096000e-01 9.068579000e-04 
8.817373000e-01 2.469542000e-02 8.157105000e-01 
1.178818000e+00 4.012906000e-01 3.276836000e-03 
9.846569000e-01 6.013966000e-01 3.720265000e-01 
4.518785000e-01 5.496208000e-02 1.126050000e+00 
7.848631000e-01 1.482161000e-02 8.980722000e-01 
8.803810000e-01 1.355707000e-02 8.626895000e-01 
1.173692000e+00 5.865404000e-02 2.746122000e-01 
5.101432000e-04 7.479508000e-05 1.934879000e+00 
1.158190000e+00 5.196849000e-01 1.408028000e-02 
7.542012000e-01 7.238872000e-01 6.451039000e-01 
4.526321000e-01 9.133377000e-01 6.217218000e-01 
7.614187000e-01 7.523073000e-01 6.416779000e-01 
3.141621000e-02 8.444988000e-01 8.634081000e-01 
7.878829000e-01 5.711663000e-01 7.750097000e-01 
3.591027000e-02 1.957621000e-05 1.592919000e+00 
1.084263000e+00 5.685491000e-01 5.240082000e-02 
6.376749000e-01 6.247500000e-01 8.717765000e-01 
7.562556000e-01 9.738950000e-01 1.487232000e-02 
4.318290000e-01 4.156725000e-02 1.191798000e+00 
7.549819000e-01 1.263503000e-02 9.753290000e-01 
4.279639000e-01 6.114493000e-01 9.122122000e-01 
7.524641000e-01 4.888653000e-01 8.846743000e-01 
3.768912000e-01 2.899813000e-01 1.108955000e+00 
2.705280000e-05 1.032185000e-02 1.979555000e+00 
9.204014000e-01 7.936217000e-01 4.571102000e-02 
4.496861000e-01 1.158908000e+00 2.269014000e-02 
7.622904000e-01 1.133528000e-02 9.135780000e-01 
2.585425000e-02 8.651917000e-01 8.431823000e-01 
4.465185000e-03 4.491577000e-01 1.104519000e+00 
2.100075000e-02 8.916420000e-01 8.261579000e-01 
2.244302000e-02 8.811766000e-01 8.381598000e-01 
7.209472000e-01 7.584822000e-01 6.393760000e-01 
3.612541000e-01 9.867842000e-01 7.107617000e-01 
5.506776000e-02 5.808179000e-01 1.063506000e+00 
8.080768000e-01 4.749447000e-01 8.423630000e-01 
9.427548000e-03 8.719773000e-01 8.816288000e-01 
1.009866000e+00 7.578086000e-01 2.261714000e-02 
7.705029000e-01 4.730305000e-01 8.916231000e-01 
7.672695000e-01 5.711806000e-01 8.011506000e-01 
3.544739000e-02 5.964090000e-01 1.036020000e+00 
1.017753000e+00 1.121199000e-03 7.050467000e-01 
6.220737000e-01 1.099300000e+00 8.798060000e-02 
4.822339000e-01 5.941517000e-02 1.124335000e+00 
5.296376000e-01 1.122523000e+00 1.689707000e-03 
6.818298000e-01 7.551177000e-01 6.646139000e-01 
1.068376000e+00 1.258932000e-01 5.264811000e-01 
6.054903000e-01 8.552315000e-01 6.037761000e-01 
8.636446000e-01 8.990535000e-01 1.196159000e-02 
7.328403000e-01 9.317235000e-01 3.767653000e-01 
7.341384000e-02 1.158038000e+00 5.167245000e-01 
1.875350000e-02 9.470305000e-01 7.429650000e-01 
4.725148000e-01 3.490018000e-01 1.060516000e+00 
8.436792000e-01 6.433342000e-01 6.369232000e-01 
7.286079000e-01 9.164805000e-01 3.805875000e-01 
5.805011000e-01 8.559413000e-03 1.031461000e+00 
7.203026000e-01 3.684076000e-02 9.376299000e-01 
4.496671000e-01 2.726829000e-02 1.210196000e+00 
1.119445000e+00 5.923373000e-01 1.333774000e-02 
7.246634000e-02 7.723024000e-01 8.990081000e-01 
7.531926000e-01 9.732149000e-01 3.712016000e-02 
1.998234000e-02 1.041455000e+00 6.348929000e-01 
9.810899000e-01 5.475142000e-01 6.056105000e-01 
5.161177000e-01 1.122102000e+00 4.288189000e-02 
1.266720000e-02 9.417474000e-01 8.521999000e-01 
6.525426000e-01 9.807215000e-01 3.969537000e-01 
5.971952000e-01 8.805562000e-03 9.980497000e-01 
5.739689000e-04 9.296361000e-01 9.229723000e-01 
4.902751000e-01 1.135396000e+00 7.644869000e-02 
7.696890000e-02 1.091560000e+00 4.995001000e-01 
1.259312000e+00 6.022277000e-03 3.422804000e-02 
9.476606000e-01 6.863525000e-01 4.009896000e-01 
7.693797000e-01 8.160392000e-01 3.525642000e-01 
1.107895000e+00 6.172029000e-01 5.282070000e-03 
1.128750000e+00 7.810734000e-01 1.200082000e-03 
5.856071000e-05 1.207467000e+00 5.672527000e-01 
4.776982000e-01 7.544215000e-01 8.522359000e-01 
8.855628000e-01 7.067325000e-01 5.996794000e-01 
1.070670000e+00 1.560317000e-02 5.203235000e-01 
4.844657000e-01 3.117603000e-01 1.104899000e+00 
8.630159000e-01 9.765753000e-01 2.280272000e-03 
6.402881000e-01 8.876770000e-01 5.997378000e-01 
6.345129000e-01 1.046112000e+00 1.652994000e-03 
4.939748000e-01 2.616272000e-02 1.094396000e+00 
2.453086000e-02 1.246618000e+00 1.703234000e-03 
4.611678000e-02 1.516582000e+00 6.838002000e-04 
7.474547000e-01 8.836427000e-01 3.766306000e-01 
9.127442000e-04 1.221345000e+00 7.114382000e-03 
1.002483000e+00 6.883167000e-01 5.998702000e-02 
6.206795000e-01 4.585570000e-01 9.376789000e-01 
4.781169000e-04 4.403856000e-04 1.460189000e+00 
4.719732000e-02 6.360522000e-01 1.025453000e+00 
2.263818000e-01 1.183478000e+00 1.350402000e-02 
4.151913000e-02 1.170436000e+00 1.763483000e-01 
6.261882000e-01 1.057024000e+00 2.630923000e-01 
7.024340000e-01 9.507662000e-01 4.408448000e-01 
4.784043000e-01 5.386161000e-01 9.914754000e-01 
8.376831000e-01 8.078809000e-01 1.405715000e-02 
6.873465000e-01 5.070514000e-01 8.426761000e-01 
5.226929000e-01 3.392336000e-01 1.086085000e+00 
7.296068000e-01 4.604576000e-02 9.230957000e-01 
9.695963000e-01 7.326382000e-01 1.655194000e-01 
5.984900000e-01 6.514688000e-01 8.765527000e-01 
6.194428000e-01 1.058457000e+00 1.194093000e-01 
7.571702000e-01 4.813310000e-01 9.043703000e-01 
5.581761000e-02 5.941658000e-01 1.038731000e+00 
6.015883000e-04 5.267518000e-01 1.090579000e+00 
2.902373000e-01 1.435506000e+00 8.881911000e-05 
8.360928000e-01 6.230065000e-01 6.819993000e-01 
1.621445000e-02 9.210463000e-01 8.112770000e-01 
1.035559000e+00 6.717631000e-01 2.546853000e-03 
7.618912000e-01 1.265518000e-02 9.185996000e-01 
1.067292000e-04 1.345157000e-02 1.431125000e+00 
9.771628000e-01 7.907336000e-01 1.884021000e-02 
9.999070000e-01 1.468285000e-02 6.304071000e-01 
1.246695000e+00 9.232946000e-03 1.400551000e-03 
7.709946000e-01 2.444665000e-03 1.139756000e+00 
8.156841000e-01 6.503081000e-01 6.228848000e-01 
7.682176000e-01 5.689501000e-01 7.881011000e-01 
5.279188000e-01 7.274670000e-01 8.433208000e-01 
7.840101000e-02 5.344258000e-01 1.065542000e+00 
2.155703000e-02 8.829914000e-01 8.511380000e-01 
8.555489000e-01 6.269879000e-01 6.746102000e-01 
7.792171000e-01 4.785032000e-01 8.891502000e-01 
3.198713000e-02 1.174483000e+00 5.240671000e-01 
8.446670000e-01 8.022365000e-01 1.422831000e-02 
5.080245000e-03 1.132938000e+00 7.080925000e-01 
1.181094000e+00 1.124026000e-01 8.825916000e-02 
6.627436000e-01 8.924556000e-01 5.434341000e-01 
5.236623000e-04 1.286314000e-01 1.345247000e+00 
1.282580000e+00 5.495631000e-03 1.291755000e-01 
4.934150000e-01 7.409059000e-01 7.820037000e-01 
8.058208000e-01 3.785036000e-01 8.637213000e-01 
5.711383000e-01 9.065365000e-01 6.152700000e-01 
5.502968000e-02 7.119174000e-01 9.725886000e-01 
1.201615000e+00 7.637384000e-03 7.767646000e-03 
1.098573000e+00 5.734523000e-01 2.001895000e-02 
6.338366000e-01 1.079981000e+00 3.536111000e-03 
2.317873000e-02 1.256541000e+00 1.869510000e-03 
1.038674000e+00 1.418060000e-02 6.773775000e-01 
7.896346000e-01 9.175348000e-01 3.275689000e-02 
1.510399000e-02 9.513830000e-05 1.317467000e+00 
6.766147000e-02 1.047882000e+00 5.462262000e-01 
4.470687000e-01 3.522762000e-01 1.057659000e+00 
5.512650000e-02 7.131305000e-01 9.416789000e-01 
6.766815000e-03 7.170254000e-01 1.072681000e+00 
5.384546000e-01 1.014639000e+00 5.218421000e-01 
1.042034000e+00 9.994210000e-03 5.996452000e-01 
9.717503000e-01 7.589407000e-01 3.664433000e-02 
3.994744000e-01 5.985744000e-01 9.480127000e-01 
2.337646000e-02 1.313621000e+00 9.573504000e-04 
1.179476000e+00 4.262778000e-03 4.007494000e-01 
1.223649000e+00 3.815041000e-01 2.901386000e-04 
6.769957000e-01 9.470095000e-01 5.263094000e-01 
1.129695000e+00 5.532605000e-01 3.859762000e-02 
1.049608000e+00 9.741914000e-03 6.094836000e-01 
1.035492000e+00 4.626285000e-01 5.169393000e-01 
1.015295000e+00 6.576680000e-01 7.647160000e-03 
3.629730000e-04 1.219366000e+00 3.997303000e-01 
3.790030000e-01 2.636058000e-01 1.118049000e+00 
1.065429000e-02 7.106029000e-01 1.057433000e+00 
7.779826000e-01 3.719310000e-01 9.054073000e-01 
5.852396000e-03 1.274218000e+00 1.974965000e-03 
1.026136000e+00 6.552224000e-01 3.706087000e-01 
9.410676000e-01 4.959038000e-01 6.794645000e-01 
6.998311000e-01 9.930255000e-01 2.377566000e-03 
1.123502000e+00 6.019929000e-01 5.078463000e-03 
7.793747000e-03 1.520888000e-04 1.212365000e+00 
2.082284000e-02 1.197928000e+00 3.690325000e-02 
5.710641000e-01 7.769429000e-01 7.566334000e-01 
1.286050000e-01 1.152793000e+00 3.761797000e-01 
1.081025000e-01 1.183139000e+00 3.635452000e-02 
5.651222000e-01 9.896439000e-01 3.685243000e-01 
5.739519000e-02 5.783930000e-01 1.028519000e+00 
3.739630000e-02 7.659010000e-01 9.187259000e-01 
5.152741000e-03 5.069460000e-01 1.076945000e+00 
1.901516000e-02 1.002706000e+00 6.877470000e-01 
6.167873000e-01 4.608542000e-01 9.415428000e-01 
6.352998000e-01 9.933308000e-01 7.905991000e-03 
9.903863000e-01 2.219642000e-02 6.249593000e-01 
9.817689000e-01 7.306509000e-01 4.824201000e-02 
2.750739000e-02 8.090045000e-01 8.937259000e-01 

5.995248000e-01 8.450054000e-01 7.487452000e-01 
8.012067000e-02 5.281768000e-01 1.113672000e+00 
4.957058000e-01 8.088677000e-01 8.564685000e-01 
2.021745000e-01 8.991778000e-01 8.471486000e-01 
5.480052000e-01 9.848662000e-01 4.784757000e-01 
4.460645000e-01 1.018638000e+00 6.115820000e-01 
8.563438000e-01 8.853144000e-01 3.661378000e-02 
2.741265000e-02 1.269504000e+00 5.125094000e-03 
5.285055000e-01 1.005647000e+00 5.446821000e-01 
4.250276000e-03 4.762420000e-03 1.198041000e+00 
9.371377000e-03 1.199808000e+00 4.492628000e-01 
9.516208000e-03 5.322265000e-01 1.179196000e+00 
8.491472000e-01 9.098259000e-01 1.704756000e-01 
6.728894000e-05 7.068979000e-06 9.406206000e+00 
6.025025000e-01 7.887717000e-01 7.176165000e-01 
4.449671000e-01 2.862969000e-01 1.148685000e+00 
2.424055000e-03 3.660022000e-02 1.228177000e+00 
2.607189000e-04 1.002302000e+00 9.216503000e-01 
5.554656000e-01 1.160384000e-02 1.136523000e+00 
1.801640000e+00 1.737339000e-03 2.074860000e-02 
2.827016000e-02 9.397531000e-01 8.145820000e-01 
4.647777000e-01 2.329906000e-01 1.175943000e+00 
1.994459000e-01 4.342604000e-02 1.183836000e+00 
4.405630000e-05 4.348140000e-04 6.880289000e+00 
5.543091000e-01 1.186381000e-01 1.099272000e+00 
1.197467000e-01 1.222216000e+00 5.603583000e-04 
1.332386000e-03 1.191116000e+00 5.169282000e-01 
2.642776000e+00 3.416526000e-04 1.745770000e-02 
8.261175000e-01 9.520624000e-01 2.274341000e-02 
4.647943000e-02 6.112842000e-01 1.066076000e+00 
6.490680000e-01 9.363428000e-01 6.417291000e-01 
2.343381000e-02 4.758474000e-01 1.157227000e+00 
9.951909000e-01 2.088629000e-01 7.386435000e-01 
1.187322000e-01 2.885977000e-03 1.223668000e+00 
8.986184000e-02 1.210443000e+00 1.372582000e-02 
5.417870000e-03 7.810681000e-01 9.926946000e-01 
9.455773000e-01 6.251591000e-01 4.710293000e-01 
1.898010000e-03 1.081496000e+00 6.792295000e-01 
2.861030000e-03 6.366761000e-01 1.045370000e+00 
9.218239000e-01 7.862582000e-02 8.446207000e-01 
7.730061000e-01 4.650017000e-01 8.588089000e-01 
1.620560000e-03 8.211009000e-02 1.242365000e+00 
1.901411000e+00 1.797434000e-03 9.222271000e-03 
6.748293000e-01 9.061712000e-01 5.203076000e-01 
1.220801000e+00 3.137135000e-02 4.833325000e-02 
1.549151000e-03 6.773419000e-01 1.042838000e+00 
5.491306000e-02 8.967457000e-01 8.605738000e-01 
3.644860000e-01 4.672568000e-01 1.062511000e+00 
5.546893000e-01 1.918265000e-02 1.166828000e+00 
8.797220000e-01 5.509653000e-01 7.492473000e-01 
3.094063000e-01 5.533138000e-01 1.095401000e+00 
7.046753000e-01 1.045381000e+00 1.244642000e-01 
6.046977000e-01 1.086419000e+00 4.284736000e-03 
8.309916000e-01 9.308495000e-01 6.147750000e-02 
1.110690000e+00 7.715975000e-02 6.024138000e-01 
6.686519000e-01 8.824750000e-01 5.735163000e-01 
5.391920000e-05 3.326057000e-05 1.308313000e+00 
1.214026000e+00 3.354151000e-02 2.683935000e-01 
4.517015000e-01 7.810965000e-01 8.858294000e-01 
7.029638000e-01 9.004907000e-01 4.852887000e-01 
1.202450000e+00 1.368941000e-01 1.053498000e-01 
1.064734000e+00 2.606617000e-02 6.681318000e-01 
5.886666000e-01 1.041136000e+00 1.991769000e-01 
3.106128000e-02 2.182659000e+00 2.093716000e-05 
9.848479000e-06 5.765023000e-03 1.394635000e+00 
8.025694000e-01 9.064173000e-01 1.709392000e-01 
1.150765000e+00 2.797007000e-01 3.397986000e-02 
6.150985000e-03 6.032748000e-01 1.101088000e+00 
8.547951000e-01 8.857125000e-01 2.347707000e-02 
5.369731000e-02 1.218573000e+00 2.313159000e-02 
8.391860000e-01 4.160833000e-01 7.956644000e-01 
6.993967000e-01 1.058663000e+00 7.107113000e-02 
6.079585000e-01 7.743271000e-01 7.114910000e-01 
1.235796000e+00 5.118518000e-02 2.273340000e-02 
1.972964000e-05 8.817257000e-04 2.096404000e+00 
9.497848000e-01 6.152180000e-01 4.626774000e-01 
6.208064000e-01 9.551750000e-01 5.417438000e-01 
9.248766000e-01 5.032145000e-01 5.998600000e-01 
5.287892000e-02 5.964206000e-01 1.098936000e+00 
1.209858000e+00 9.256000000e-02 1.375296000e-01 
4.239548000e-01 5.670804000e-01 1.054289000e+00 
1.253249000e+00 2.862574000e-02 5.155195000e-03 
8.221935000e-01 4.169485000e-01 7.793386000e-01 
3.877426000e-02 1.019598000e+00 7.274893000e-01 
2.124999000e+00 1.025881000e-03 9.803959000e-03 
1.540294000e-03 8.201678000e-01 9.219626000e-01 
8.279941000e-01 8.240337000e-01 4.940221000e-01 
8.111467000e-01 4.193459000e-01 7.679167000e-01 
7.054108000e-01 1.410761000e-03 1.061873000e+00 
9.373693000e-01 8.462757000e-02 7.958840000e-01 
1.183110000e+00 3.672975000e-02 5.735434000e-01 
9.680189000e-01 3.281704000e-01 7.072959000e-01 
4.279019000e-02 1.324308000e+00 6.292485000e-04 
1.776206000e-04 1.226416000e+00 5.167255000e-01 
1.041075000e+00 6.587461000e-01 2.478964000e-02 
1.069527000e+00 6.321311000e-01 1.952740000e-01 
1.070634000e+00 5.890314000e-01 3.184205000e-02 
5.752858000e-01 3.463288000e-01 1.035317000e+00 
8.970498000e-01 2.707549000e-01 7.707582000e-01 
2.711605000e-01 3.651018000e-01 1.161143000e+00 
1.291516000e+00 2.121459000e-02 7.880644000e-04 
5.680103000e-01 5.732841000e-01 9.269173000e-01 
7.471403000e-01 9.540608000e-01 4.500690000e-02 
8.182944000e-01 8.300799000e-01 4.884042000e-01 
7.332457000e-01 1.058018000e+00 1.385764000e-02 
1.090465000e+00 6.486379000e-01 2.442204000e-06 
3.524154000e-01 4.040286000e-01 1.118254000e+00 
9.367074000e-01 5.315778000e-02 8.299501000e-01 
5.121874000e-01 9.688791000e-01 6.665731000e-01 
9.361790000e-02 1.133292000e+00 5.188042000e-01 
1.218390000e+00 1.687573000e-02 4.807171000e-01 
1.057693000e+00 6.280718000e-01 2.723601000e-01 
4.005293000e-01 7.148973000e-01 9.241690000e-01 
9.771861000e-01 6.997252000e-01 2.113537000e-03 
1.197952000e+00 7.144798000e-02 4.778231000e-01 
4.952334000e-01 4.866340000e-01 1.030331000e+00 
6.227668000e-02 5.880764000e-01 1.101253000e+00 
3.440922000e-02 1.227802000e+00 2.080411000e-02 
4.364163000e-01 5.300255000e-01 1.033187000e+00 
1.956375000e+00 9.832746000e-04 7.176227000e-02 
6.603970000e-01 1.628503000e-01 1.032501000e+00 
8.882191000e-01 8.087895000e-01 5.178053000e-01 
1.760738000e-03 6.260954000e-02 1.236261000e+00 
1.036610000e+00 4.221732000e-04 7.222570000e-01 
1.209521000e+00 2.588939000e-01 8.371852000e-02 
3.915805000e-01 7.101882000e-01 9.273933000e-01 
1.123266000e+00 8.400085000e-02 4.901058000e-01 
1.006882000e-03 1.318085000e+00 8.380033000e-04 
7.505529000e-01 9.749589000e-01 1.488681000e-02 
7.032711000e-01 4.196123000e-03 1.034860000e+00 
4.291688000e-04 1.861656000e-05 1.681432000e+00 
4.547986000e-02 1.046635000e+00 7.127550000e-01 
3.162237000e-01 4.983245000e-01 1.130607000e+00 
6.011655000e-01 1.087864000e+00 4.005219000e-03 
5.279615000e-01 3.204623000e-02 1.161267000e+00 
8.332070000e-01 9.268979000e-01 3.455744000e-03 
6.271739000e-04 8.342905000e-01 1.198893000e+00 
1.074988000e+00 2.872200000e-01 4.607800000e-01 
8.318010000e-01 9.799101000e-01 9.295937000e-03 
6.075861000e-01 1.038735000e+00 2.006792000e-01 
6.896767000e-01 1.061432000e+00 1.303175000e-02 
1.281477000e+00 2.560353000e-02 1.191151000e-03 
1.443540000e-01 1.119851000e+00 4.963904000e-01 
5.682864000e-01 2.944786000e-01 1.038094000e+00 
8.248377000e-01 8.699702000e-01 1.772334000e-01 
4.826615000e-01 6.465316000e-01 9.133913000e-01 
1.135376000e+00 7.210013000e-02 4.910717000e-01 
5.577012000e-01 6.846316000e-01 8.269396000e-01 
7.424947000e-01 9.915183000e-01 2.563092000e-03 
7.839473000e-01 2.156064000e-01 9.119532000e-01 
7.072114000e-01 1.061636000e+00 9.318831000e-03 
4.662066000e-01 9.780404000e-01 7.302255000e-01 
6.461954000e-01 1.580668000e-01 1.044043000e+00 
3.517663000e-01 4.221249000e-01 1.101518000e+00 
3.597636000e-01 4.034340000e-01 1.122483000e+00 
3.059300000e-01 3.712380000e-01 1.135238000e+00 
1.065690000e+00 7.118971000e-01 2.983627000e-04 
1.015906000e+00 5.046304000e-01 5.232249000e-01 
3.352863000e-02 1.133933000e+00 4.727568000e-01 
6.537582000e-01 9.376986000e-01 4.834649000e-01 
4.205794000e-01 8.349237000e-01 8.163373000e-01 
7.047326000e-01 9.364602000e-01 1.623748000e-01 
1.454808000e-01 1.026695000e+00 6.862107000e-01 
1.089177000e+00 1.475126000e-01 6.671154000e-01 
1.370862000e-03 1.224775000e+00 4.748108000e-01 
7.648032000e-01 9.856222000e-01 4.305698000e-03 
6.819887000e-02 9.000774000e-01 8.521173000e-01 
9.442770000e-01 1.377061000e-01 7.755203000e-01 
1.289011000e+00 3.606418000e-02 2.284605000e-05 
8.262046000e-01 2.933907000e-02 9.496860000e-01 
3.048928000e-01 5.568736000e-01 1.111610000e+00 
3.306156000e-01 5.678417000e-01 9.961272000e-01 
4.175953000e-01 8.891677000e-01 7.307550000e-01 
1.135008000e+00 5.682689000e-01 6.958897000e-02 
4.460429000e-01 2.676990000e-01 1.180822000e+00 
1.600654000e+00 5.928945000e-04 1.409975000e-01 
6.600461000e-01 1.644607000e-01 9.758195000e-01 
3.618263000e-02 5.267300000e-01 1.123488000e+00 
4.743330000e-01 5.314825000e-01 9.928376000e-01 
9.182848000e-03 8.995095000e-01 8.637269000e-01 
8.049997000e-01 4.470682000e-01 8.742336000e-01 
7.282799000e-01 9.441906000e-01 7.221687000e-02 
6.220174000e-04 4.486176000e-02 1.246438000e+00 
1.030950000e+00 6.005137000e-02 6.826773000e-01 
4.870920000e-05 6.274631000e-02 1.358598000e+00 
2.320190000e-02 4.801207000e-01 1.167811000e+00 
1.005313000e+00 1.644915000e-02 6.859609000e-01 
8.553579000e-01 8.060011000e-01 5.501266000e-01 
1.033831000e+00 5.042622000e-01 4.793881000e-01 
6.646125000e-01 9.126025000e-01 6.920382000e-01 
4.896034000e-01 1.184517000e+00 7.604944000e-02 
4.317444000e-03 2.916305000e-03 1.275775000e+00 
1.085053000e-03 1.193790000e+00 5.174064000e-01 
4.223149000e-02 2.111168000e-03 1.254998000e+00 
1.138425000e+00 8.186951000e-02 4.858824000e-01 
1.480463000e-01 6.736290000e-01 1.015623000e+00 
1.194858000e+00 3.534531000e-02 6.293658000e-01 
4.692743000e-01 4.931428000e-01 1.010907000e+00 
2.956250000e-03 2.781287000e-02 1.207097000e+00 
7.181964000e-01 7.633341000e-01 6.488506000e-01 
7.006259000e-01 4.085852000e-01 9.184163000e-01 
4.559845000e-01 1.034587000e+00 6.103008000e-01 
1.262669000e+00 3.356596000e-03 1.705651000e-02 
1.286383000e+00 6.309435000e-02 5.145718000e-04 
5.269609000e-01 1.122917000e+00 1.237104000e-02 
1.078596000e+00 6.504019000e-01 5.657417000e-04 
1.231369000e+00 6.517833000e-02 1.649880000e-02 
1.261490000e+00 6.288391000e-02 5.801634000e-04 
1.032889000e+00 6.723287000e-01 1.898728000e-02 
5.819130000e-01 1.042672000e+00 1.691592000e-01 
7.621975000e-01 3.980112000e-01 9.197705000e-01 
8.981664000e-01 5.959067000e-01 5.843922000e-01 
9.452819000e-01 5.133645000e-02 7.397679000e-01 
1.733880000e-03 1.173524000e+00 4.562656000e-01 
4.667636000e-01 4.897068000e-01 1.036488000e+00 
1.018065000e+00 1.170228000e-03 7.095129000e-01 
1.141604000e+00 8.005979000e-02 4.880496000e-01 
3.847252000e-01 7.390928000e-01 9.012977000e-01 
1.194928000e+00 3.108246000e-02 4.975126000e-01 
6.132587000e-01 1.076707000e+00 5.435083000e-02 
1.390048000e-03 1.027130000e+00 7.658613000e-01 
4.002593000e-03 1.290374000e+00 2.427285000e-03 
9.839473000e-01 1.755779000e-02 7.494602000e-01 
1.042465000e+00 3.087746000e-01 5.921130000e-01 
8.567711000e-01 8.889185000e-01 4.675814000e-03 
1.196084000e+00 3.735525000e-01 1.840700000e-02 
1.054205000e+00 6.366129000e-01 1.848281000e-01 
7.352007000e-01 3.724620000e-01 9.312891000e-01 
2.975588000e-01 3.922631000e-01 1.150540000e+00 
6.355383000e-01 3.774406000e-02 1.050762000e+00 
9.742111000e-01 5.830444000e-01 4.730964000e-01 
1.020344000e+00 1.593760000e-02 6.960342000e-01 
1.006545000e-01 9.510318000e-01 7.578793000e-01 
6.392592000e-01 9.494945000e-01 5.622921000e-01 
6.903778000e-01 4.018590000e-02 9.873773000e-01 
1.074868000e+00 3.213097000e-01 5.116679000e-01 
6.837689000e-01 8.872054000e-01 5.309353000e-01 
1.232345000e+00 4.960695000e-02 2.947700000e-02 
1.200748000e+00 5.622661000e-01 5.273152000e-03 
6.111405000e-02 1.315325000e+00 6.112172000e-04 
4.183202000e-02 1.219845000e+00 1.219364000e-02 
1.278213000e-02 9.034422000e-01 8.410386000e-01 
1.646926000e-02 1.225713000e+00 8.858215000e-02 
1.306062000e-03 4.329043000e-05 1.293221000e+00 
4.812666000e-01 9.381839000e-01 7.101015000e-01 
7.035648000e-01 1.065401000e+00 4.900672000e-04 
9.770586000e-01 2.168503000e-01 7.178004000e-01 
9.643181000e-01 5.279960000e-01 5.860130000e-01 
1.106945000e-02 1.278100000e+00 1.695208000e-03 
5.475021000e-01 2.525829000e-02 1.134532000e+00 
9.523273000e-01 3.311690000e-01 6.938577000e-01 
5.648471000e-01 1.815770000e-03 1.233538000e+00 
1.112640000e+00 5.948852000e-02 5.899653000e-01 
7.375099000e-01 7.305211000e-01 6.872872000e-01 
8.533694000e-01 9.193141000e-01 1.818601000e-02 
1.237085000e+00 8.998251000e-02 5.690167000e-03 
4.216222000e-02 9.266196000e-01 8.050906000e-01 
5.070170000e-01 4.866350000e-01 1.028378000e+00 
3.210129000e-02 3.331640000e-03 1.240212000e+00 
1.061262000e+00 6.754990000e-01 3.667239000e-03 
2.824568000e-01 6.203895000e-01 1.064800000e+00 
5.060720000e-04 9.438432000e-01 8.261514000e-01 
3.511010000e-01 3.550123000e-01 1.142677000e+00 
4.656187000e-01 1.110186000e-01 1.133054000e+00 
6.419684000e-01 9.476814000e-01 5.500624000e-01 
5.622758000e-01 9.705142000e-01 6.207368000e-01 
7.840290000e-02 5.614308000e-01 1.097730000e+00 
3.601735000e-01 3.775825000e-01 1.127951000e+00 
5.951561000e-01 9.789680000e-01 5.982135000e-01 
1.278788000e+00 3.078958000e-03 1.554182000e-03 
6.765750000e-01 7.483689000e-01 7.118381000e-01 
2.860820000e-03 5.976449000e-01 1.139655000e+00 
6.027187000e-02 1.216597000e+00 7.717764000e-02 
3.059692000e-01 3.687050000e-01 1.130942000e+00 
6.131898000e-01 1.090684000e+00 2.294344000e-04 
1.290559000e+00 1.119713000e-02 8.764523000e-04 
3.486023000e-03 6.302968000e-01 1.038295000e+00 
3.498202000e-04 2.240603000e-02 1.279258000e+00 
6.798545000e-01 9.206436000e-01 4.770651000e-01 
8.722884000e-04 6.437216000e-01 1.056219000e+00 
5.114768000e-01 9.520773000e-01 6.913453000e-01 
5.519503000e-01 1.176978000e-01 1.127152000e+00 
4.329060000e-01 5.325564000e-01 9.824340000e-01 
6.656423000e-01 8.009072000e-03 1.001369000e+00 
1.231143000e+00 1.278719000e-02 2.707255000e-01 
4.865267000e-01 1.179179000e+00 7.853252000e-02 
6.039213000e-01 6.922031000e-01 7.909351000e-01 
8.710956000e-01 7.527253000e-01 5.514788000e-01 
8.281681000e-01 2.171297000e-02 9.333613000e-01 
4.865025000e-01 3.076377000e-01 1.098152000e+00 
5.344763000e-01 1.000767000e+00 4.830675000e-01 
7.281354000e-02 6.915036000e-01 1.002617000e+00 
9.385432000e-01 2.057043000e-02 8.086206000e-01 
8.278367000e-02 9.143672000e-01 8.135086000e-01 
8.338313000e-01 9.653482000e-01 9.567708000e-04 
8.958006000e-01 8.850625000e-01 2.280117000e-02 
8.083317000e-01 9.726067000e-01 4.053170000e-02 
8.332243000e-01 7.944179000e-01 6.126482000e-01 
3.627605000e-01 3.845688000e-01 1.106334000e+00 
6.953766000e-01 8.618006000e-01 5.663634000e-01 
9.510769000e-01 6.021074000e-01 5.563032000e-01 
1.077883000e+00 7.125827000e-01 1.889621000e-04 
1.061232000e+00 6.337601000e-01 9.004941000e-02 
8.893375000e-01 8.109182000e-01 5.138965000e-01 
2.689038000e-02 7.943810000e-04 1.272899000e+00 
6.736628000e-01 6.763587000e-01 8.229302000e-01 
5.214204000e-01 1.017553000e+00 5.531055000e-01 
2.769241000e-02 5.416456000e-01 1.142759000e+00 
6.492161000e-01 1.637153000e-01 9.968359000e-01 
9.003236000e-01 2.392775000e-01 7.854528000e-01 
3.222274000e-02 2.319238000e-03 1.261644000e+00 
2.106862000e-03 1.145703000e+00 4.907737000e-01 
8.681799000e-01 8.848462000e-01 8.552499000e-02 
2.680025000e-03 1.150878000e+00 4.866263000e-01 
9.698416000e-01 2.261633000e-01 6.636704000e-01 
1.658259000e-02 9.827754000e-01 7.716300000e-01 
5.752596000e-01 1.045270000e+00 1.925660000e-01 
1.347561000e-03 6.107926000e-01 1.071420000e+00 
3.483734000e-03 7.755455000e-01 1.003306000e+00 
9.949764000e-01 5.769832000e-01 5.087626000e-01 
9.667880000e-01 5.873107000e-01 4.702559000e-01 
7.669240000e-01 4.826052000e-03 9.699064000e-01 
1.001549000e+00 2.691778000e-02 7.163359000e-01 
5.008825000e-01 7.868412000e-01 7.632376000e-01 
6.990032000e-01 7.319544000e-03 1.061862000e+00 
1.186521000e+00 3.624188000e-01 1.888995000e-02 
7.436703000e-01 1.517893000e-01 9.790502000e-01 
6.736933000e-02 3.919401000e-03 1.225797000e+00 
9.313011000e-01 5.098739000e-01 5.938557000e-01 
1.011804000e+00 6.656844000e-01 3.810514000e-02 
2.807503000e-03 1.056417000e+00 6.068354000e-01 
8.920297000e-01 1.214838000e-01 8.495174000e-01 
1.832812000e-01 1.025496000e+00 7.127342000e-01 
5.924030000e-02 9.302760000e-01 8.014329000e-01 
1.088493000e+00 5.766969000e-01 7.012072000e-03 
4.962331000e-01 1.094061000e+00 1.404168000e-02 
1.181539000e-01 9.202326000e-01 7.968203000e-01 
5.864197000e-01 3.014429000e-01 1.036371000e+00 
8.503284000e-01 2.643065000e-02 8.850684000e-01 
1.224631000e-02 8.828587000e-01 8.815537000e-01 
1.229310000e-03 8.692463000e-02 1.222375000e+00 
1.022192000e+00 5.129009000e-01 4.775570000e-01 
5.619412000e-01 2.356530000e-02 1.134608000e+00 
9.988715000e-01 4.999914000e-01 6.136557000e-01 
1.183555000e-01 1.126812000e+00 4.408994000e-01 
7.796595000e-02 1.246247000e+00 4.520955000e-04 
7.806209000e-02 8.858543000e-01 8.522004000e-01 
7.957064000e-03 1.102039000e+00 5.220716000e-01 
7.540478000e-01 5.093258000e-01 8.319851000e-01 
5.239511000e-01 3.507554000e-01 1.083657000e+00 
7.790889000e-01 9.517571000e-01 5.862077000e-02 
1.213885000e+00 1.976168000e-01 6.258292000e-03 
3.898236000e-04 1.227950000e+00 1.126249000e-02 
8.801615000e-01 4.857531000e-01 7.097531000e-01 
8.361503000e-01 9.132758000e-01 3.283601000e-02 
4.078609000e-01 5.736767000e-01 9.718892000e-01 
1.265872000e+00 2.512020000e-03 1.347298000e-02 
2.056577000e-02 4.861291000e-01 1.144134000e+00 
1.211442000e+00 4.021154000e-02 3.718879000e-02 
1.079427000e+00 5.714005000e-01 3.058887000e-02 
1.133029000e+00 4.360579000e-02 5.465209000e-01 
7.297115000e-01 9.394499000e-01 6.046357000e-02 
9.633178000e-01 5.224522000e-01 5.934398000e-01 
5.973495000e-01 3.348589000e-02 1.103601000e+00 
5.032701000e-01 6.754849000e-01 9.109780000e-01 

