6.586289000e+00 1.377981000e-01 4.132856000e-02 
3.589824000e-01 1.675748000e-03 6.133467000e+00 
1.109372000e-01 4.559807000e+00 3.127251000e+00 
5.867884000e+00 1.269945000e-02 2.087611000e+00 
4.853309000e+00 2.926773000e+00 2.536835000e-02 
5.713119000e+00 2.676058000e-01 2.341091000e-01 
5.774370000e+00 2.008690000e-01 1.777711000e-01 
5.619387000e+00 6.798072000e-01 9.858392000e-02 
3.874991000e+00 4.493032000e+00 6.492783000e-02 
1.906561000e+00 3.802623000e+00 2.899815000e+00 
5.799579000e+00 1.676531000e-01 1.796550000e-01 
3.905525000e-01 4.342699000e+00 3.228620000e+00 
6.564266000e+00 5.433743000e-03 5.389619000e+00 
2.718836000e+00 3.463907000e+00 2.853849000e+00 
3.286419000e-04 7.435909000e-03 6.622477000e+00 
3.862951000e+00 4.623450000e+00 6.903253000e-02 
8.363175000e-02 6.972513000e+00 1.509618000e-02 
5.362061000e+00 2.278076000e-01 3.481188000e-01 
3.724176000e-01 3.592109000e+00 4.092959000e+00 
4.710910000e+00 8.341941000e-01 1.197807000e+00 
4.839940000e+00 3.032447000e+00 1.564233000e-02 
6.486589000e+00 1.764216000e-02 2.295929000e-01 
5.557965000e-01 5.138316000e+00 1.773260000e-01 
3.385782000e+00 9.241732000e-02 4.839408000e+00 
3.688017000e-02 5.864124000e-01 5.695988000e+00 
7.261072000e+00 2.197524000e-02 4.194931000e-02 
4.753348000e-02 4.769097000e+00 3.164045000e+00 
3.871323000e+00 4.580604000e+00 1.109388000e-02 
1.774918000e-01 5.094472000e+00 2.574458000e+00 
1.157657000e-01 2.273574000e+00 4.381104000e+00 
7.356926000e+00 2.316883000e-01 2.908734000e-02 
2.985619000e+00 1.080746000e+00 3.843782000e+00 
3.662453000e+00 4.532523000e+00 1.404768000e-01 
1.452974000e-01 3.915787000e+00 4.147225000e+00 
6.926271000e+00 9.723869000e-02 8.898035000e-02 
2.604439000e+00 3.066050000e+00 3.072479000e+00 
3.071806000e+00 4.534237000e+00 1.686850000e-01 
9.336914000e-02 5.364310000e+00 4.379417000e-02 
5.572027000e+00 6.085368000e-01 1.963556000e-01 
6.205465000e-02 2.581850000e-01 5.669271000e+00 
6.778659000e-02 1.494960000e-01 5.716840000e+00 
2.702626000e+00 3.045322000e-02 5.229244000e+00 
1.119393000e-01 4.500936000e+00 3.036050000e+00 
1.856506000e-01 3.618622000e-02 5.107129000e+00 
6.949459000e+00 1.624416000e+00 7.090080000e-03 
6.876598000e+00 2.842176000e-02 1.073253000e-01 
3.740715000e-01 7.509058000e+00 2.293725000e-04 
3.761637000e-02 3.614979000e+00 4.886444000e+00 
2.763233000e-03 7.712508000e+00 2.415907000e+00 
1.222364000e+00 4.319708000e+00 2.786833000e+00 
6.053257000e-03 2.715435000e-04 7.494658000e+00 
3.437807000e-02 2.436593000e+00 5.007180000e+00 
4.595606000e+00 2.501044000e+00 3.995016000e-02 
1.336252000e+00 2.995628000e+00 4.040931000e+00 
6.563186000e+00 1.365639000e-01 1.043126000e-01 
3.159225000e+00 3.991289000e+00 5.451951000e-01 
5.596127000e-03 5.289817000e+00 3.339769000e+00 
6.851427000e+00 9.440644000e-01 2.585948000e-02 
3.079443000e-01 9.331279000e-03 5.570077000e+00 
2.042905000e-03 1.007901000e-01 5.839844000e+00 
7.036421000e+00 1.219541000e+00 9.974190000e-03 
2.858076000e+00 4.393653000e+00 1.770983000e+00 
2.941641000e-01 3.848419000e+00 4.215567000e+00 
8.168037000e-03 6.114816000e+00 5.116005000e-02 
2.231528000e-01 1.753175000e-03 6.398423000e+00 
3.035057000e+00 4.871890000e+00 1.255536000e-02 
1.257836000e-01 7.637324000e+00 4.068838000e-03 
2.409592000e+00 1.242621000e-03 6.010913000e+00 
3.809259000e+00 5.011984000e+00 7.802389000e-03 
4.949480000e+00 1.809872000e-02 3.608767000e+00 
4.336824000e+00 3.598476000e-02 3.308898000e+00 
2.483230000e-02 2.683591000e+00 5.228707000e+00 
7.966619000e-01 3.403812000e+00 4.282590000e+00 
1.923895000e-01 4.041520000e-02 5.054544000e+00 
3.460124000e+00 4.364354000e-01 4.213809000e+00 
1.098062000e-01 6.122138000e+00 1.064924000e-02 
1.415658000e+00 5.041529000e+00 7.027370000e-02 
9.933726000e-02 2.263592000e-01 5.235581000e+00 
5.855198000e+00 1.131995000e-01 1.806248000e-01 
5.056134000e+00 6.513793000e-01 1.893470000e+00 
9.081513000e-03 5.715356000e+00 5.856100000e-01 
4.112363000e-01 3.562811000e+00 4.211912000e+00 
1.841040000e-02 2.719517000e+00 5.423505000e+00 
6.488989000e-02 5.203095000e+00 4.587813000e-02 
4.593186000e-02 4.745996000e+00 3.196463000e+00 
9.081869000e-02 4.799889000e+00 2.892121000e+00 
4.055998000e+00 6.236692000e-01 2.611569000e+00 
3.092746000e-03 2.864177000e+00 5.533243000e+00 
1.427076000e-02 4.928285000e+00 2.963151000e+00 
1.915369000e+00 4.690557000e-01 4.758782000e+00 
1.195756000e+00 2.768999000e+00 4.113413000e+00 
4.130246000e+00 1.962864000e-01 2.931089000e+00 
6.447970000e-02 2.373868000e+00 5.197786000e+00 
5.396303000e+00 4.149346000e-02 2.541068000e-01 
2.236322000e-01 5.381848000e+00 1.188648000e-03 
2.088437000e-01 5.183220000e+00 2.423939000e-01 
1.239885000e+00 4.408654000e+00 2.762899000e+00 
5.845948000e+00 3.594856000e-01 4.929377000e-02 
4.725094000e+00 7.355746000e-01 1.740103000e+00 
5.212035000e+00 9.637789000e-01 1.576776000e-01 
7.993620000e-01 3.101176000e+00 3.944741000e+00 
1.222663000e+00 1.796148000e+00 4.426028000e+00 
2.916486000e+00 2.508320000e+00 3.990085000e+00 
4.294469000e+00 2.870045000e-01 2.696629000e+00 
5.307898000e-02 4.102364000e+00 3.749633000e+00 
8.522232000e-03 3.683213000e+00 4.294106000e+00 
3.672115000e+00 2.931371000e+00 3.181475000e+00 
8.274692000e-02 3.258672000e+00 4.567118000e+00 
1.162722000e+00 5.136349000e+00 2.217747000e-01 
3.338765000e+00 1.640084000e-01 4.258819000e+00 
2.779446000e+00 4.042498000e+00 1.833679000e+00 
6.013854000e+00 8.167559000e-02 1.091701000e-01 
1.254268000e+00 4.893402000e+00 1.941603000e-01 
2.421630000e+00 4.444722000e+00 4.496061000e-01 
2.674940000e+00 3.434721000e+00 2.978865000e+00 
2.869977000e-01 4.288690000e+00 3.289169000e+00 
2.124915000e-01 4.581005000e+00 2.827438000e+00 
2.276870000e-01 2.985642000e+00 4.301828000e+00 

9.559888000e+00 1.634357000e+00 1.619164000e-03 
1.359530000e-01 2.761233000e+00 4.463539000e+00 
8.598121000e-01 2.170861000e-03 5.496860000e+00 
1.125770000e-01 7.410453000e+00 7.290544000e-02 
4.543424000e+00 1.028450000e-02 4.921302000e+00 
2.593483000e+00 1.320300000e+00 4.321189000e+00 
5.631571000e-02 3.127910000e+00 5.125429000e+00 
2.242865000e-01 5.129469000e+00 6.345101000e-02 
2.213371000e+00 4.923803000e+00 3.201777000e-01 
3.113140000e-03 1.013154000e-04 6.991614000e+00 
3.723268000e+00 2.938365000e+00 1.819786000e+00 
5.085330000e-01 1.257432000e-01 5.299307000e+00 
1.936151000e+00 4.984039000e+00 3.236301000e-01 
2.278082000e+00 4.841878000e+00 1.105938000e-01 
1.491624000e-01 1.404679000e+00 4.994050000e+00 
5.190364000e+00 1.282904000e+00 2.036029000e-01 
1.763351000e-01 7.079112000e+00 9.975047000e-03 
1.051929000e-01 3.332848000e+00 4.326766000e+00 
7.345944000e-02 3.362945000e+00 4.889667000e+00 
5.369922000e+00 2.487022000e-01 2.700226000e-02 
4.297460000e-02 3.906160000e+00 4.094481000e+00 
4.703096000e+00 9.769390000e-03 4.791330000e+00 
3.811097000e-01 4.735940000e+00 3.520665000e-01 
1.367385000e-01 5.215920000e+00 1.624061000e+00 
1.873429000e-01 5.920214000e+00 6.237574000e-02 
2.305269000e+00 4.239284000e+00 3.015528000e-01 
1.808738000e-03 6.032433000e+00 2.075215000e-01 
3.247208000e+00 8.217355000e-01 4.241923000e+00 
2.261869000e-01 2.800010000e+00 3.714644000e+00 
3.220637000e-03 5.546060000e+00 8.871765000e-02 
1.399914000e-03 3.206279000e+00 4.981924000e+00 
8.437113000e-02 3.547459000e-03 5.569202000e+00 
3.736582000e-02 6.015987000e-01 5.160286000e+00 
5.151921000e-02 5.550429000e-01 5.452771000e+00 
3.101186000e+00 8.919248000e-01 4.260397000e+00 
5.177198000e-01 5.805848000e+00 4.676517000e-02 
6.982180000e-02 3.076979000e+00 4.982538000e+00 
1.064797000e-01 2.899793000e-01 5.281397000e+00 
3.455746000e+00 5.994995000e+00 1.465125000e-02 
4.597792000e+00 1.270012000e+00 5.053600000e-01 
1.844556000e+00 4.722492000e+00 5.285022000e-01 
2.057869000e-03 5.745346000e+00 2.514603000e+00 
4.891633000e+00 2.232379000e-02 2.209735000e-01 
2.365630000e-01 4.762774000e+00 1.701555000e+00 
3.622619000e-01 6.995908000e+00 1.951897000e-02 
4.647662000e-01 6.538525000e+00 3.015712000e-02 
1.899120000e+00 5.104611000e+00 2.557907000e-01 
5.217579000e+00 4.531584000e-01 3.404408000e-02 
5.121236000e+00 2.977966000e+00 2.521572000e-02 
2.953069000e+00 5.106502000e+00 1.673257000e-02 
1.146131000e-02 5.306072000e+00 7.370529000e-02 
5.978440000e-02 5.609967000e-01 5.209257000e+00 
4.893011000e-02 8.923313000e-01 5.148823000e+00 
5.814439000e+00 9.588318000e-03 4.303845000e-02 
5.018096000e-02 5.071792000e+00 2.175182000e+00 
3.418509000e-02 5.670910000e-01 5.539139000e+00 
1.964128000e-02 5.103727000e+00 4.224036000e+00 
3.548589000e+00 8.792032000e-01 3.623548000e+00 
3.499799000e+00 1.982416000e+00 3.389658000e+00 
4.204433000e+00 3.659171000e-01 1.788074000e+00 
3.930939000e+00 3.128478000e+00 1.800925000e+00 
7.861098000e-01 4.074302000e+00 3.532244000e+00 
5.601697000e+00 5.025429000e-02 1.029036000e-01 
1.574775000e-01 7.595089000e+00 5.467950000e-04 
2.898871000e+00 1.962987000e+00 3.922392000e+00 
8.136472000e+00 3.953697000e-01 2.229251000e-02 
1.164744000e-01 5.823904000e+00 7.122775000e-02 
3.997163000e+00 3.155602000e+00 1.288541000e-01 
1.676008000e-03 6.127741000e+00 1.067854000e-01 
4.285877000e+00 6.552183000e-02 3.719860000e+00 
3.620202000e+00 9.035699000e-02 4.624319000e+00 
2.668475000e-02 3.077713000e+00 5.133375000e+00 
2.833513000e-02 1.848104000e+00 5.608896000e+00 
6.043360000e+00 4.304137000e+00 1.719234000e-03 
1.564273000e-04 1.277959000e-01 5.906209000e+00 
2.355055000e-01 2.472544000e+00 3.606029000e+00 
3.553871000e+00 3.503913000e-01 3.888162000e+00 
3.697461000e+00 7.889017000e-01 3.727211000e+00 
3.244016000e+00 4.105158000e+00 2.496758000e+00 
4.377496000e+00 2.622659000e+00 1.580680000e-01 
3.866426000e+00 1.251785000e-01 3.265499000e+00 
1.326480000e-02 3.790092000e-04 6.963523000e+00 
1.597953000e-01 2.672761000e+00 4.111823000e+00 
5.187871000e+00 1.712925000e+00 1.615128000e-02 
1.942112000e-02 5.282844000e+00 4.194019000e+00 
3.530670000e+00 3.892542000e+00 1.842462000e+00 
2.891208000e-02 1.026715000e+00 5.308604000e+00 
3.059357000e+00 1.857027000e+00 3.974112000e+00 
6.461775000e-01 5.024915000e+00 3.096464000e-01 
3.865414000e+00 4.422255000e+00 7.683750000e-02 
2.748284000e+00 1.264084000e-01 4.296059000e+00 
2.284891000e+00 4.800011000e+00 2.336708000e-01 
7.038171000e+00 2.157698000e-03 7.846820000e-02 
4.822582000e+00 3.981921000e+00 7.500664000e-02 
4.839411000e+00 3.722594000e+00 1.159902000e-01 
7.670433000e-05 5.809128000e-02 6.517648000e+00 
7.347881000e-01 7.805695000e-02 4.868477000e+00 
2.765627000e-01 1.369855000e+00 4.965576000e+00 
9.660421000e-04 9.179667000e-04 5.645097000e+00 
2.836851000e+00 2.212239000e+00 3.728345000e+00 
3.483327000e+00 9.894910000e-02 4.551467000e+00 
4.561566000e+00 2.499398000e+00 1.991506000e-01 

6.671432000e-03 4.189146000e+00 3.704527000e+00 
9.545908000e-02 3.272512000e-03 5.513803000e+00 
5.003965000e+00 8.083294000e-02 2.306764000e+00 
2.348970000e-01 3.440762000e+00 3.748315000e+00 
5.340827000e-01 2.464341000e+00 5.057739000e+00 
4.931897000e+00 2.736774000e-01 1.806419000e+00 
4.547314000e-01 6.379014000e+00 7.570649000e-02 
5.330426000e+00 2.415047000e-01 9.915308000e-02 
1.520948000e-01 2.434644000e+00 5.214656000e+00 
3.873908000e-01 7.173928000e+00 9.069566000e-02 
3.528353000e+00 5.065783000e+00 1.304787000e-01 
5.591114000e+00 8.588569000e-01 6.390617000e-02 
2.080005000e-01 4.560108000e+00 2.517669000e+00 
6.728894000e-05 7.068979000e-06 9.406206000e+00 
5.172614000e+00 1.200510000e+00 1.177197000e-01 
1.106461000e-02 3.580237000e+00 3.964146000e+00 
1.685967000e+00 4.731898000e+00 2.002345000e-01 
4.227503000e+00 5.756216000e+00 6.590146000e-02 
8.690373000e-04 6.723563000e+00 1.404192000e+00 
2.501498000e-03 4.888858000e+00 5.085201000e+00 
3.961820000e+00 2.775237000e-01 3.607924000e+00 
1.812773000e-02 3.074567000e-01 5.878480000e+00 
3.261247000e+00 6.829085000e-02 4.825995000e+00 
1.052455000e-01 5.146266000e-03 5.464141000e+00 
3.769605000e-01 4.063582000e+00 3.595048000e+00 
3.558959000e+00 8.319607000e-01 4.348265000e+00 
1.440385000e-01 7.654980000e+00 2.086852000e-01 
8.833540000e-01 2.243125000e+00 4.942791000e+00 
1.445103000e+00 2.157043000e+00 5.226347000e+00 
3.894328000e-02 8.967666000e+00 8.713968000e-01 
1.511271000e-02 6.781643000e+00 1.389665000e+00 
6.478422000e-01 4.075821000e-02 5.399339000e+00 
2.982685000e-01 2.526418000e+00 5.035707000e+00 
9.477970000e-01 5.684009000e+00 7.720820000e-02 
3.634477000e+00 3.872787000e-01 3.834072000e+00 
3.061762000e-01 2.367688000e+00 5.291471000e+00 
5.352539000e+00 1.836807000e-01 1.989961000e-01 
5.265746000e+00 2.644678000e-01 5.751066000e-01 
4.352709000e+00 4.006316000e+00 1.183191000e-01 
1.888728000e+00 4.550379000e+00 2.176961000e+00 
7.168456000e+00 1.833896000e+00 2.546992000e-02 
1.965423000e-03 5.034574000e+00 5.639318000e+00 
3.909008000e+00 3.763081000e+00 2.494170000e+00 
3.385106000e+00 2.665029000e+00 4.582931000e+00 
2.156564000e-01 5.565499000e+00 1.437903000e-01 
1.396934000e-01 7.759068000e-04 6.763741000e+00 
5.324958000e+00 5.332733000e-02 2.009526000e+00 
6.411472000e+00 1.550700000e-02 3.809918000e-01 
1.259001000e-03 1.251684000e-02 6.689770000e+00 
2.581986000e+00 4.071222000e+00 1.820875000e+00 
1.923004000e-01 5.691888000e+00 1.988933000e-01 
1.287462000e-01 4.761082000e+00 3.172205000e+00 
6.017960000e-02 1.087895000e-01 6.344063000e+00 
8.871504000e-02 5.649639000e+00 1.038251000e+00 
6.803186000e-01 4.215185000e+00 2.494924000e+00 
1.077901000e+00 4.921988000e+00 1.532960000e-01 
3.501576000e-02 5.874728000e+00 1.181241000e+00 
1.196805000e-01 5.629189000e+00 1.436244000e+00 
2.796035000e-02 4.851989000e-02 6.624262000e+00 
7.007682000e-01 5.547329000e+00 1.854165000e-01 
3.552946000e+00 6.114968000e-02 5.013128000e+00 
3.397783000e+00 2.481299000e+00 3.590095000e+00 
4.754672000e+00 7.119503000e-02 3.465230000e+00 
7.297578000e+00 1.653497000e-02 3.670589000e-01 
7.775880000e-01 5.546359000e+00 1.461038000e-01 
2.663008000e+00 4.336399000e+00 3.565726000e-01 
2.684875000e+00 1.292719000e-01 5.210506000e+00 
6.912534000e+00 1.196099000e-01 1.270591000e-01 
3.723833000e+00 5.457192000e+00 1.212023000e-01 
6.927718000e+00 1.802338000e-02 3.543612000e-01 
2.763507000e-03 1.736851000e-01 6.528830000e+00 
4.109503000e+00 6.673231000e+00 1.789256000e-02 
2.942195000e+00 4.352717000e+00 2.117546000e-01 
6.057814000e+00 5.513710000e-02 2.287086000e-01 
3.372999000e+00 4.713447000e+00 1.509587000e-01 
8.158260000e-02 5.512629000e+00 2.885735000e+00 
6.590316000e-01 3.047913000e-02 5.427466000e+00 
7.119877000e-02 1.225508000e-01 5.884365000e+00 
1.647119000e-01 7.017549000e+00 1.290272000e-01 
3.295524000e+00 4.596187000e-01 4.609106000e+00 
6.954425000e-04 3.040807000e+00 6.187771000e+00 
5.170344000e+00 6.774485000e-01 3.928518000e-01 
6.304003000e+00 1.670291000e-01 2.274508000e-01 
4.405630000e-05 4.348140000e-04 6.880289000e+00 
2.708159000e-03 6.016257000e+00 3.159068000e+00 
2.855331000e-03 4.927019000e+00 4.435984000e+00 
1.308823000e-02 4.828285000e-01 5.352731000e+00 
1.259468000e-01 5.013579000e+00 2.104921000e-01 
4.111569000e+00 2.924982000e+00 7.848663000e-01 
1.675264000e-01 4.973570000e+00 2.726580000e+00 
1.917128000e+00 3.941234000e+00 2.518547000e+00 
2.474373000e+00 1.497864000e-01 4.637458000e+00 
5.466908000e+00 3.154179000e-02 7.014931000e-01 
5.019225000e+00 3.351101000e-01 7.019172000e-01 
4.107728000e+00 1.086337000e-01 2.359667000e+00 
2.869288000e+00 3.898215000e+00 3.326524000e+00 
5.329778000e+00 4.558817000e-01 2.270721000e-01 
1.364115000e+00 5.952678000e+00 7.088567000e-02 
4.531968000e+00 3.271781000e+00 7.342800000e-01 

