4.237016000e+00 1.068727000e+00 7.687917000e-04 
6.111618000e+00 8.736856000e-03 5.188545000e-02 
8.784723000e-02 3.862575000e+00 1.225928000e-02 
2.221690000e-02 3.559250000e+00 2.239255000e-01 
1.620397000e-01 4.039756000e+00 9.594376000e-03 
2.243557000e+00 2.692287000e+00 1.538762000e-01 
2.301720000e+00 1.651476000e+00 2.162072000e+00 
3.427055000e+00 3.099800000e-02 1.397787000e-01 
2.572464000e+00 2.631025000e-03 3.201699000e+00 
3.975200000e-01 2.444794000e-02 3.194413000e+00 
1.947863000e-02 3.935295000e+00 4.367524000e-01 
4.692851000e+00 3.957313000e-02 1.698895000e-02 
1.485272000e-02 1.456137000e-02 4.927089000e+00 
2.075659000e+00 1.669365000e+00 2.174855000e+00 
4.249685000e+00 1.231292000e-02 3.323610000e-02 
1.094734000e-03 5.051736000e-02 4.186590000e+00 
3.177881000e+00 2.429719000e-02 1.499858000e-01 
3.804593000e-02 3.984481000e+00 6.263533000e-02 
7.303083000e-03 2.706835000e+00 2.149014000e+00 
3.827920000e+00 1.077188000e-02 3.818366000e-01 
2.164479000e+00 2.163106000e-01 2.478848000e+00 
1.262598000e-01 1.365269000e+00 2.620292000e+00 
6.691511000e+00 5.921347000e-03 1.166074000e-01 
2.331101000e+00 1.176619000e-01 1.940376000e+00 
9.372690000e-03 1.671357000e+00 3.637988000e+00 
1.791683000e+00 3.082895000e+00 1.572672000e-02 
5.881397000e+00 5.104998000e-03 1.265972000e-01 
1.419448000e-02 2.293315000e+00 2.302872000e+00 
2.871213000e+00 2.252309000e+00 3.328117000e-03 
5.949417000e-01 3.118592000e+00 1.331983000e-01 
1.300479000e+00 2.835231000e+00 2.493921000e-01 
4.149255000e+00 7.576763000e-03 5.393103000e-01 
1.705563000e+00 3.510345000e+00 1.438774000e-03 
5.253945000e+00 3.367161000e-01 8.357507000e-04 
6.779551000e-04 3.313048000e-02 5.120948000e+00 
9.793130000e-02 3.487980000e+00 8.186541000e-02 
2.267358000e+00 2.014526000e+00 7.476159000e-02 
9.835792000e-02 4.874207000e-04 3.364255000e+00 
3.266663000e+00 1.966490000e+00 3.708297000e-03 
1.609589000e+00 2.125844000e+00 1.968832000e+00 
2.929830000e-04 6.700734000e-03 6.461768000e+00 
3.668163000e-01 2.992632000e+00 1.261375000e+00 
2.156755000e+00 2.465444000e-02 2.511185000e+00 
1.038796000e-01 4.942421000e+00 4.928849000e-06 
3.099453000e+00 3.301565000e-01 6.991624000e-02 
2.403384000e+00 1.933085000e+00 7.096772000e-02 
3.703568000e+00 1.113963000e-02 2.323199000e-01 
2.980601000e+00 1.814470000e+00 3.385518000e-02 
3.440289000e+00 1.127001000e-01 2.908069000e-03 
2.255708000e-04 1.893037000e-01 4.137804000e+00 
6.053257000e-03 2.715435000e-04 7.494658000e+00 
1.323035000e+00 2.568797000e+00 1.192246000e+00 
4.042068000e-02 2.480093000e+00 2.002576000e+00 
1.347746000e-02 4.036850000e+00 3.978697000e-01 
1.807325000e+00 3.055817000e+00 1.292427000e-02 
1.818020000e+00 3.432064000e+00 2.729436000e-03 
2.015683000e-01 2.248026000e+00 2.396870000e+00 
3.093888000e-03 1.886417000e+00 3.631155000e+00 
4.458104000e-01 3.194982000e+00 3.272606000e-01 
1.976094000e+00 7.204047000e-02 3.149442000e+00 
1.256017000e-01 4.510314000e+00 6.052033000e-04 
1.678357000e+00 2.541560000e+00 1.453559000e+00 
2.293113000e-01 3.167539000e+00 1.103883000e+00 
8.168037000e-03 6.114816000e+00 5.116005000e-02 
4.668152000e-01 2.883343000e+00 1.065559000e+00 
3.037893000e-02 2.547891000e+00 2.112941000e+00 
2.039823000e+00 1.833430000e+00 2.162781000e+00 
2.053061000e+00 2.455922000e+00 8.426924000e-01 
4.085708000e+00 3.697111000e-02 4.028733000e-02 
9.341989000e-02 7.977118000e-02 3.035893000e+00 
2.483553000e+00 4.249388000e-03 2.966177000e+00 
2.477729000e+00 6.963264000e-02 2.171708000e+00 
5.111549000e+00 4.437047000e-03 2.552760000e-01 
1.888370000e+00 3.165960000e+00 1.245152000e-02 
1.468828000e-01 3.361350000e+00 3.882607000e-02 
4.340624000e+00 4.051451000e-03 4.536814000e-01 
3.753767000e+00 7.869756000e-02 4.353415000e-02 
3.659685000e+00 2.135254000e+00 8.304575000e-04 
3.133288000e+00 9.136776000e-02 3.611127000e-02 
2.561505000e-01 3.124099000e+00 9.210715000e-01 
2.407459000e+00 1.094851000e-01 2.144879000e+00 
1.446294000e-01 3.354319000e+00 6.513361000e-02 
4.045354000e+00 3.785746000e-02 5.579583000e-02 
6.488989000e-02 5.203095000e+00 4.587813000e-02 
2.686936000e+00 1.496011000e-02 2.375276000e+00 
2.627467000e+00 1.272508000e-02 2.463781000e+00 
1.250604000e+00 2.170525000e+00 2.159683000e+00 
2.259189000e+00 2.101356000e+00 1.114249000e-01 
2.579490000e-03 2.622931000e-01 3.957865000e+00 
6.931542000e-02 5.129593000e+00 4.550128000e-02 
5.776937000e-01 1.149327000e+00 2.756833000e+00 
3.827385000e+00 4.686236000e-02 8.024349000e-02 
7.276510000e-02 3.659865000e+00 2.543143000e-02 
5.289593000e-02 6.135831000e+00 2.355093000e-03 
2.285733000e+00 1.277799000e+00 2.189128000e+00 
5.085898000e-02 8.813024000e-04 6.132412000e+00 
1.272339000e+00 2.844663000e+00 1.228075000e+00 
1.168529000e-01 1.315123000e+00 2.902400000e+00 
5.323714000e+00 9.740572000e-03 1.482875000e-01 
2.480380000e+00 7.665908000e-02 1.959594000e+00 
1.387161000e+00 3.005911000e+00 2.398450000e-01 
9.861510000e-04 6.993836000e-02 4.888906000e+00 
5.178665000e+00 3.398445000e-02 3.304176000e-02 
2.439502000e+00 2.138558000e+00 1.441801000e-02 
1.234869000e-01 1.413917000e+00 2.595646000e+00 
1.949365000e-02 2.082431000e-01 3.357834000e+00 
3.598171000e+00 1.092871000e-02 3.744728000e-01 
2.617888000e+00 2.635447000e-02 2.450810000e+00 
1.487336000e+00 3.241435000e+00 4.310424000e-03 
5.719801000e-02 3.421721000e+00 8.382625000e-02 
2.052547000e+00 2.812422000e+00 1.440630000e-02 
6.593814000e-03 1.835276000e+00 3.498117000e+00 
6.552995000e-01 2.519523000e+00 1.850258000e+00 
1.205198000e-01 1.237777000e+00 2.798034000e+00 
5.185785000e-01 3.058144000e+00 1.829518000e-01 
2.330294000e-01 1.634701000e+00 2.183202000e+00 
5.120836000e-03 2.095068000e+00 2.861593000e+00 
1.718257000e+00 2.991864000e+00 2.177676000e-01 
2.934412000e+00 4.272487000e-02 1.321993000e-01 
2.373386000e+00 1.324622000e-02 2.846052000e+00 
4.638822000e-01 3.233432000e+00 2.706593000e-01 
7.263730000e-01 1.581766000e+00 2.185863000e+00 
1.904830000e+00 2.440317000e+00 1.826926000e+00 
4.735667000e-01 3.617012000e+00 3.196679000e-02 
3.773546000e+00 5.729266000e-02 9.294447000e-02 
3.333995000e+00 3.444729000e-01 1.637086000e-02 
4.507595000e+00 1.110547000e-02 1.683091000e-01 
3.341990000e+00 2.413538000e-02 2.334517000e-01 
9.795887000e-03 1.476095000e-02 3.500604000e+00 
1.078777000e-01 3.162074000e-03 3.226397000e+00 
2.727213000e+00 3.920675000e-03 8.098503000e-01 
3.356068000e+00 6.384539000e-02 5.152746000e-02 
1.308612000e+00 2.712993000e+00 1.013537000e+00 
2.148456000e-03 4.756885000e+00 8.498217000e-02 
5.133624000e-02 3.394320000e-01 3.151771000e+00 
2.457849000e+00 5.812065000e-02 2.307579000e+00 

9.559888000e+00 1.634357000e+00 1.619164000e-03 
3.674248000e+00 3.548780000e-02 4.222578000e-02 
2.260895000e-01 5.067178000e+00 5.246726000e-03 
3.045242000e+00 4.813090000e-01 6.853188000e-02 
3.940335000e+00 1.180256000e+00 5.093162000e-03 
2.012670000e-01 3.181201000e+00 1.277128000e-01 
2.068074000e+00 2.564726000e+00 1.313459000e-01 
2.988401000e+00 5.497317000e-04 3.399417000e+00 
1.212172000e-02 5.165299000e+00 9.188977000e-02 
3.113140000e-03 1.013154000e-04 6.991614000e+00 
2.856532000e+00 4.261321000e-01 3.373374000e-01 
3.345096000e+00 2.224726000e-01 3.575303000e-02 
1.315156000e+00 1.141990000e+00 2.559921000e+00 
3.501921000e+00 9.685746000e-02 8.647412000e-02 
1.686224000e-01 2.958045000e+00 1.186237000e+00 
2.366780000e+00 2.037315000e+00 1.159205000e+00 
3.531084000e+00 2.233839000e+00 9.061135000e-03 
1.185196000e-02 3.174135000e+00 1.818722000e-01 
1.588366000e-02 3.344044000e+00 6.529846000e-02 
1.822395000e+00 1.005731000e-02 2.709908000e+00 
4.200156000e+00 2.041645000e-01 9.023034000e-03 
7.717546000e-02 2.081249000e+00 2.440396000e+00 
5.615918000e-02 3.188640000e+00 1.223945000e-01 
1.207416000e-01 1.358861000e-01 3.146210000e+00 
2.276843000e-01 1.819120000e+00 1.995214000e+00 
2.722342000e-01 3.331945000e+00 5.349880000e-02 
1.808738000e-03 6.032433000e+00 2.075215000e-01 
3.085064000e-01 3.381738000e-01 2.914919000e+00 
3.101795000e+00 4.691515000e-01 9.840563000e-02 
3.220637000e-03 5.546060000e+00 8.871765000e-02 
3.449593000e+00 4.625247000e-02 4.367241000e-01 
3.892594000e+00 5.007927000e-03 1.730639000e-01 
5.770043000e+00 2.744917000e-03 6.506082000e-01 
6.716879000e-01 6.584278000e-02 3.063122000e+00 
1.308547000e+00 2.995113000e+00 7.100896000e-02 
3.577279000e+00 1.590479000e-01 3.518613000e-02 
1.826656000e+00 1.346292000e+00 2.120988000e+00 
5.549491000e+00 6.719219000e-03 5.092412000e-02 
3.263034000e-02 1.753399000e+00 2.841901000e+00 
2.851678000e+00 1.123169000e-01 1.498568000e+00 
1.941390000e+00 3.469351000e-01 2.247590000e+00 
2.421735000e+00 2.011226000e+00 1.323216000e-01 
3.786717000e-02 1.728921000e-03 3.359715000e+00 
6.327947000e-01 1.476493000e+00 2.554915000e+00 
1.053450000e-01 1.726661000e+00 2.707479000e+00 
1.941283000e+00 8.045440000e-02 2.628964000e+00 
2.450730000e+00 3.704248000e-03 2.902321000e+00 
1.986235000e-02 2.453282000e+00 2.718429000e+00 
3.198914000e+00 7.262173000e-01 1.105157000e-02 
1.017996000e-04 5.627434000e-02 4.926456000e+00 
2.430171000e+00 5.781551000e-01 1.452506000e+00 
7.670433000e-05 5.809128000e-02 6.517648000e+00 
9.660421000e-04 9.179667000e-04 5.645097000e+00 
5.814439000e+00 9.588318000e-03 4.303845000e-02 
6.150906000e-01 2.863574000e+00 7.417961000e-02 
2.069712000e-02 3.100425000e-03 3.203752000e+00 
2.991010000e+00 7.947494000e-02 1.499158000e-01 
1.116241000e-01 1.856572000e+00 2.214829000e+00 
4.528865000e-01 3.367611000e+00 5.745471000e-03 
1.323224000e+00 1.572775000e+00 2.220215000e+00 
3.635966000e+00 1.088814000e+00 5.461079000e-03 
3.422014000e-02 3.730111000e+00 2.711691000e-02 
5.679854000e-01 5.001389000e+00 1.424926000e-03 
1.574775000e-01 7.595089000e+00 5.467950000e-04 
2.557167000e+00 5.106932000e-02 2.081318000e+00 
1.664984000e+00 7.370323000e-02 2.631178000e+00 
2.521584000e+00 2.022213000e+00 1.309083000e-01 
7.027083000e-01 3.263197000e+00 5.189618000e-02 
1.676008000e-03 6.127741000e+00 1.067854000e-01 
2.571471000e+00 2.822330000e+00 1.292631000e-03 
5.393640000e+00 1.865893000e-01 1.519833000e-02 
1.429810000e+00 2.713382000e+00 9.154302000e-02 
3.711714000e-02 3.975773000e-05 3.556665000e+00 
9.920447000e-03 1.712953000e-01 3.228464000e+00 
1.488698000e-03 3.649573000e+00 4.039208000e-01 
4.510715000e-03 1.034004000e+00 2.848703000e+00 
4.020826000e+00 1.971472000e-02 5.855631000e-02 
8.111145000e-03 4.265976000e+00 2.261610000e-01 
1.856786000e+00 3.005781000e-01 2.254805000e+00 
3.592475000e+00 2.515790000e-02 1.623277000e-01 
4.228654000e+00 3.478035000e-01 7.596086000e-03 
1.326480000e-02 3.790092000e-04 6.963523000e+00 
1.448224000e+00 2.728601000e-01 2.402676000e+00 
2.153870000e+00 2.543804000e+00 1.442792000e-01 
2.745648000e+00 6.356014000e-01 1.074865000e-01 
2.915639000e+00 1.275463000e-01 1.063363000e+00 
3.874123000e+00 2.461124000e-02 5.617293000e-02 
1.111581000e-03 2.505467000e-02 3.307405000e+00 
2.961541000e-02 1.035724000e-03 4.655670000e+00 
3.863757000e-01 2.905066000e+00 1.389794000e-01 
3.508779000e+00 6.170262000e-03 2.729057000e-01 
6.973617000e-03 5.258292000e+00 6.359635000e-02 
7.038171000e+00 2.157698000e-03 7.846820000e-02 
8.746191000e-02 1.896853000e+00 2.702945000e+00 
3.110051000e+00 1.950520000e+00 5.465536000e-02 
1.191466000e-01 1.735018000e+00 2.694584000e+00 
9.624525000e-03 1.750728000e-01 3.303561000e+00 
2.404799000e+00 2.114138000e+00 1.100653000e+00 
3.451795000e+00 4.231484000e-02 1.023773000e-01 
4.441989000e-01 7.770779000e-02 2.998734000e+00 
1.706126000e-02 3.148249000e-03 3.598776000e+00 
5.436063000e-01 1.065117000e-01 2.761601000e+00 
2.226521000e-03 1.967495000e+00 2.722463000e+00 
9.575003000e-02 2.619861000e+00 1.390925000e+00 
3.667288000e-01 3.702843000e+00 3.533156000e-03 
5.333236000e-01 1.016811000e-01 2.825405000e+00 
1.846353000e+00 2.434012000e+00 1.928728000e-01 
2.117762000e+00 1.766440000e-02 2.151211000e+00 
1.565059000e-03 2.100030000e-02 3.812441000e+00 
5.128660000e-02 3.367164000e+00 6.647888000e-03 
2.162420000e+00 2.155834000e-01 1.813143000e+00 
6.378876000e-01 6.772330000e-02 2.907590000e+00 
2.583136000e-01 3.018139000e+00 8.511011000e-02 
1.823164000e+00 2.636161000e+00 2.026829000e-01 
7.262514000e-02 1.999106000e+00 2.615485000e+00 
2.809589000e+00 1.401923000e-01 1.075770000e+00 
2.476653000e+00 2.126722000e+00 5.415859000e-02 
2.599105000e+00 1.479355000e-01 2.000176000e+00 
2.382237000e-02 1.560093000e-01 2.920449000e+00 
2.805179000e+00 1.521583000e-01 1.016205000e+00 
1.486325000e+00 2.082137000e-01 2.275561000e+00 
1.268162000e+00 2.833439000e+00 9.665699000e-02 

7.927822000e-02 3.160068000e+00 1.858565000e-01 
1.734200000e-03 4.327260000e+00 1.105321000e+00 
2.106623000e+00 2.722578000e+00 1.529853000e-01 
4.325310000e+00 4.694410000e-02 3.449837000e-02 
7.566934000e-01 2.599357000e+00 1.408013000e+00 
4.870218000e-02 3.090229000e+00 1.930146000e-01 
1.871048000e+00 2.241605000e+00 1.546598000e+00 
2.134513000e+00 2.212007000e-01 2.591736000e+00 
3.107980000e+00 3.576206000e-01 1.622348000e+00 
3.996346000e+00 5.089868000e-03 1.515998000e-01 
3.251217000e+00 2.306078000e+00 7.826189000e-02 
2.590465000e-01 3.008398000e+00 1.809763000e-01 
2.097693000e+00 2.816935000e+00 9.546390000e-03 
6.728894000e-05 7.068979000e-06 9.406206000e+00 
2.707102000e+00 4.642723000e-02 2.463412000e+00 
1.181493000e-03 4.757125000e-02 4.237633000e+00 
9.646048000e-01 1.947861000e+00 2.512014000e+00 
2.435287000e+00 2.199482000e+00 2.022895000e-01 
8.690373000e-04 6.723563000e+00 1.404192000e+00 
3.681976000e-02 6.826184000e-01 3.218221000e+00 
2.248536000e+00 2.502976000e+00 6.764161000e-02 
3.169664000e+00 4.926019000e-01 2.128325000e-01 
1.211513000e-01 2.212595000e-02 2.886077000e+00 
4.405630000e-05 4.348140000e-04 6.880289000e+00 
3.419713000e+00 7.302526000e-03 1.577859000e+00 
3.513941000e+00 6.883011000e-02 4.242061000e-02 
5.476019000e-02 2.669170000e+00 1.346543000e+00 
3.168208000e+00 7.143737000e-01 1.462669000e-01 
2.552614000e-01 3.025531000e+00 1.897070000e-01 
1.382540000e-01 2.700345000e-03 4.609916000e+00 
1.944423000e+00 1.786115000e+00 1.709147000e+00 
1.687729000e-01 1.642900000e-02 3.252493000e+00 
2.545428000e+00 2.426814000e+00 1.197143000e-02 
2.740591000e+00 5.170405000e-04 2.860212000e+00 
2.176340000e+00 5.134274000e-01 1.820763000e+00 
3.713919000e+00 1.557168000e-01 4.159014000e-03 
8.108988000e-03 2.245145000e+00 2.145191000e+00 
3.028905000e-02 3.133968000e-03 4.359864000e+00 
4.499369000e+00 4.367279000e-02 2.357154000e-02 
3.705882000e+00 1.627160000e-01 1.919989000e-02 
2.199704000e+00 2.572140000e+00 2.829916000e-01 
5.198558000e+00 2.953683000e-03 2.314288000e-01 
2.186350000e+00 2.086223000e+00 1.388652000e+00 
1.710445000e+00 1.483413000e+00 2.117921000e+00 
9.910127000e-03 7.267896000e-04 5.347439000e+00 
7.585884000e-02 4.024172000e+00 1.709415000e-02 
2.844020000e+00 2.229126000e+00 1.406191000e-01 
3.202434000e+00 6.911693000e-01 1.459602000e-01 
1.259001000e-03 1.251684000e-02 6.689770000e+00 
3.537054000e-02 4.550946000e+00 2.700403000e-02 
4.747327000e-02 6.091870000e-02 3.085458000e+00 
3.250196000e+00 1.775207000e-02 7.928557000e-02 
2.582001000e+00 4.964053000e-02 2.574681000e+00 
4.254836000e-04 6.002702000e-02 4.320461000e+00 
3.833599000e+00 2.942050000e-02 5.871498000e-02 
2.827453000e+00 1.903774000e-01 1.658657000e+00 
1.842235000e+00 1.420022000e+00 2.552374000e+00 
3.685493000e+00 6.360931000e-01 1.481823000e-03 
2.700216000e+00 4.184305000e-01 1.893363000e+00 
6.421112000e-01 3.907040000e+00 5.658671000e-03 
1.175218000e-02 3.287053000e+00 3.722902000e-01 
5.125150000e+00 1.453113000e-01 1.721991000e-03 
4.046704000e+00 4.703816000e-03 1.770397000e-01 
1.341603000e-03 5.994762000e-03 3.576756000e+00 
7.015713000e-01 3.692152000e+00 1.943611000e-03 
3.831836000e+00 5.706684000e-01 1.492431000e-03 
2.329272000e+00 3.169786000e+00 4.582129000e-03 
1.582100000e+00 2.559376000e+00 1.920608000e+00 
4.231526000e+00 5.247038000e-02 5.828433000e-02 
2.167471000e+00 7.833972000e-02 1.972921000e+00 
4.513218000e-03 4.957178000e+00 9.272922000e-01 
4.722363000e-02 3.494012000e+00 1.565487000e-01 
2.200986000e+00 1.999132000e+00 1.389817000e+00 
3.698191000e+00 4.631709000e-01 1.421323000e-02 
1.162847000e-02 4.637433000e+00 8.727272000e-01 
1.466899000e-02 5.006701000e+00 2.732159000e-01 
2.595254000e-01 5.161715000e+00 6.235200000e-03 
5.138623000e-01 4.541840000e+00 7.553423000e-03 
5.164287000e-02 3.358838000e+00 1.903422000e-02 
2.391232000e-02 3.739217000e+00 3.499846000e-02 
2.206941000e-02 1.873012000e-03 5.014449000e+00 
4.411397000e+00 3.977234000e-02 5.163343000e-02 
3.493250000e+00 8.163262000e-02 3.745050000e-02 
1.611209000e+00 1.618217000e+00 2.211078000e+00 
3.987459000e-02 1.355430000e-01 2.765205000e+00 
1.704867000e-02 7.636784000e-02 3.259721000e+00 
1.741000000e+00 1.952396000e-03 4.199203000e+00 
8.441300000e-01 2.906380000e+00 5.565623000e-02 
1.130122000e-03 1.544340000e-01 4.175806000e+00 
1.354681000e-02 2.073437000e+00 1.941719000e+00 
4.221176000e-03 6.500610000e-02 3.323560000e+00 
3.094407000e+00 6.777159000e-01 4.836096000e-01 
5.759351000e-03 2.362008000e+00 2.172421000e+00 
2.771132000e+00 3.403594000e-03 1.925301000e+00 
3.664169000e+00 9.881973000e-03 1.648944000e-01 
2.203172000e+00 2.045457000e+00 2.302106000e-01 

