1.804938000e-01 2.281673000e-02 2.489446000e+00 
6.111618000e+00 8.736856000e-03 5.188545000e-02 
2.934412000e+00 4.272487000e-02 1.321993000e-01 
1.193486000e-01 1.096777000e-02 2.788177000e+00 
3.598171000e+00 1.092871000e-02 3.744728000e-01 
2.314596000e-01 1.851549000e+00 1.566959000e+00 
2.340396000e+00 1.271002000e-02 1.970302000e+00 
8.698247000e-03 2.331937000e+00 9.279037000e-01 
6.192614000e-02 1.305192000e+00 2.307920000e+00 
1.386077000e+00 4.838614000e-01 1.777691000e+00 
2.583814000e+00 4.718730000e-02 1.043707000e+00 
4.692851000e+00 3.957313000e-02 1.698895000e-02 
2.604383000e-01 2.062921000e+00 1.188213000e+00 
1.268023000e+00 2.148229000e+00 3.134313000e-02 
4.249685000e+00 1.231292000e-02 3.323610000e-02 
3.029395000e+00 2.048490000e-02 3.464369000e-02 
1.069331000e+00 9.838425000e-01 1.823844000e+00 
4.353041000e-01 2.421802000e+00 5.310081000e-03 
1.668067000e+00 1.986426000e+00 1.012745000e+00 
3.827920000e+00 1.077188000e-02 3.818366000e-01 
8.626308000e-04 3.540698000e-01 3.249177000e+00 
2.131621000e-01 1.984928000e+00 1.217897000e+00 
6.691511000e+00 5.921347000e-03 1.166074000e-01 
2.875482000e+00 8.547552000e-02 8.749975000e-03 
2.727213000e+00 3.920675000e-03 8.098503000e-01 
7.731343000e-02 1.390762000e-02 2.775587000e+00 
5.881397000e+00 5.104998000e-03 1.265972000e-01 
1.919011000e-02 2.289089000e-01 2.417327000e+00 
2.482760000e+00 9.380789000e-02 4.314854000e-02 
1.659448000e+00 3.824869000e-02 1.765796000e+00 
2.745265000e+00 5.651628000e-02 1.823046000e-01 
4.149255000e+00 7.576763000e-03 5.393103000e-01 
3.751033000e-03 2.883311000e-02 2.815815000e+00 
2.623810000e+00 6.235603000e-02 8.373880000e-02 
3.029119000e+00 2.275353000e-02 1.431730000e-01 
1.162831000e-02 3.011909000e+00 6.234349000e-02 
1.391292000e+00 3.669042000e-03 2.361458000e+00 
1.711979000e+00 5.697367000e-02 1.687267000e+00 
1.553809000e+00 1.221089000e+00 1.207157000e+00 
1.445968000e+00 2.819476000e+00 7.081718000e-04 
1.631490000e+00 1.404138000e-01 1.664257000e+00 
1.631132000e+00 1.028414000e-03 2.182356000e+00 
1.679705000e+00 2.005164000e+00 1.586237000e-01 
1.038796000e-01 4.942421000e+00 4.928849000e-06 
3.915878000e-02 1.361199000e+00 2.301628000e+00 
2.086796000e-03 8.834218000e-02 3.330104000e+00 
3.703568000e+00 1.113963000e-02 2.323199000e-01 
6.204741000e-03 1.760967000e+00 2.350446000e+00 
3.440289000e+00 1.127001000e-01 2.908069000e-03 
2.022239000e+00 1.809132000e+00 1.160645000e-02 
6.053257000e-03 2.715435000e-04 7.494658000e+00 
2.743166000e-02 3.006341000e+00 1.470656000e-03 
1.181558000e-01 2.158613000e+00 2.826409000e-01 
4.792138000e-03 3.438479000e-02 2.757252000e+00 
2.148456000e-03 4.756885000e+00 8.498217000e-02 
1.322084000e-01 1.202929000e+00 2.061005000e+00 
1.417448000e-01 2.465282000e-01 2.394617000e+00 
4.507595000e+00 1.110547000e-02 1.683091000e-01 
1.295873000e-01 1.026074000e-01 2.442570000e+00 
2.602520000e-01 2.093581000e+00 4.493875000e-01 
1.256017000e-01 4.510314000e+00 6.052033000e-04 
2.605811000e+00 6.991785000e-02 9.622300000e-02 
9.795887000e-03 1.476095000e-02 3.500604000e+00 
8.168037000e-03 6.114816000e+00 5.116005000e-02 
1.292968000e+00 2.140327000e+00 2.426795000e-02 
1.049353000e-01 7.060784000e-03 2.790581000e+00 
9.121436000e-02 1.913477000e+00 1.589662000e+00 
8.601791000e-06 4.096035000e-04 4.025180000e+00 
1.295784000e+00 2.119663000e+00 2.752377000e-01 
2.212692000e-01 1.037824000e-02 2.570826000e+00 
3.673959000e-03 2.464360000e-01 2.708335000e+00 
3.612875000e-02 2.559153000e+00 2.937998000e-02 
5.111549000e+00 4.437047000e-03 2.552760000e-01 
3.604252000e+00 1.901653000e-02 7.932898000e-02 
2.383330000e-01 2.124581000e+00 9.704456000e-01 
4.340624000e+00 4.051451000e-03 4.536814000e-01 
2.842694000e-01 1.199722000e+00 2.027710000e+00 
8.577207000e-02 1.222208000e+00 2.045270000e+00 
2.729574000e+00 4.411641000e-02 7.661577000e-01 
1.577022000e+00 2.387447000e-01 1.708931000e+00 
1.253893000e-02 2.937532000e+00 8.180541000e-03 
4.864520000e-02 1.086704000e-02 2.948825000e+00 
4.718405000e-02 4.205307000e-01 2.323664000e+00 
1.273984000e+00 1.686931000e-03 2.441590000e+00 
2.454911000e+00 3.583369000e-02 1.936071000e+00 
5.582076000e-02 3.858014000e-04 2.878173000e+00 
2.017658000e+00 2.028632000e+00 9.123700000e-03 
1.893629000e-01 1.249820000e-02 2.741708000e+00 
1.537158000e+00 5.405574000e-02 1.796881000e+00 
1.567519000e+00 5.751741000e-01 1.643204000e+00 
1.870684000e-01 2.001674000e-02 2.634562000e+00 
1.595398000e+00 7.265448000e-02 1.672209000e+00 
2.525347000e+00 5.784698000e-02 8.050375000e-01 
2.821513000e+00 1.836126000e-01 2.272096000e-04 
2.800886000e-02 1.468741000e+00 1.730589000e+00 
2.469761000e+00 1.445150000e-01 1.893331000e-01 
1.317863000e+00 2.869218000e+00 1.606038000e-03 
6.540927000e-03 2.155313000e+00 1.957921000e+00 
5.323714000e+00 9.740572000e-03 1.482875000e-01 
2.186965000e-01 1.292721000e-02 2.608619000e+00 
2.938272000e+00 4.224215000e-02 6.099271000e-02 
9.450947000e-01 8.318912000e-01 2.100112000e+00 
5.178665000e+00 3.398445000e-02 3.304176000e-02 
6.589736000e-02 5.270709000e-02 2.508597000e+00 
1.129882000e-02 2.134814000e+00 8.016722000e-01 
2.761220000e+00 8.051340000e-02 5.353053000e-02 
2.154513000e+00 1.556979000e-01 7.933181000e-01 
6.315820000e-02 2.570333000e+00 2.166014000e-02 
3.127303000e-03 2.403402000e-02 2.958119000e+00 
1.266122000e-03 2.398370000e+00 9.580706000e-01 
1.439527000e-02 2.528062000e+00 6.368298000e-02 
1.421966000e+00 4.617424000e-01 1.738263000e+00 
2.114037000e-01 1.344506000e-02 2.674912000e+00 
2.868453000e+00 1.276911000e-01 2.201467000e-02 
2.186965000e-01 1.292721000e-02 2.608619000e+00 
2.186965000e-01 1.292721000e-02 2.608619000e+00 
1.669259000e+00 6.377359000e-02 1.761079000e+00 
2.492508000e+00 1.818114000e+00 2.629215000e-03 
7.109642000e-01 1.413349000e+00 1.436619000e+00 
8.578390000e-03 2.608846000e+00 1.094974000e-01 
2.214252000e+00 3.844316000e-01 6.674495000e-03 
1.273201000e-01 1.211311000e+00 2.100352000e+00 
2.402744000e-01 3.425268000e-02 2.347129000e+00 
2.132026000e+00 1.972218000e+00 2.306765000e-03 
3.367911000e-01 2.344930000e+00 6.700840000e-03 
1.971966000e-02 2.667404000e+00 3.217338000e-02 
3.341922000e-01 2.972112000e-02 2.163286000e+00 
2.161024000e-02 2.373266000e+00 4.700904000e-02 
2.393695000e-02 2.355599000e+00 4.962316000e-02 
1.204409000e+00 7.080980000e-02 2.073323000e+00 
1.547136000e-02 1.557883000e+00 1.813030000e+00 
9.786375000e-03 2.570314000e+00 2.488982000e-01 
2.476265000e+00 1.403154000e-01 4.417452000e-01 
3.299968000e-02 1.711408000e+00 1.664916000e+00 
2.127640000e+00 7.132932000e-01 8.790293000e-01 
1.661545000e-01 2.437657000e-02 2.507288000e+00 
7.138600000e-02 2.592598000e+00 2.141088000e-02 
2.307897000e+00 1.306059000e-01 8.993195000e-01 
2.484228000e-01 1.946525000e+00 1.426810000e+00 
7.713381000e-02 1.319621000e+00 2.171316000e+00 
4.332825000e-03 3.613806000e-02 2.553695000e+00 
1.683518000e+00 1.336360000e+00 1.853960000e-02 
2.023984000e+00 1.286276000e-01 1.260703000e+00 
2.026322000e-01 2.134494000e+00 8.701539000e-01 
1.200705000e-02 2.270022000e+00 1.049469000e-01 
2.287853000e+00 1.584756000e-01 5.529923000e-03 
3.444472000e-02 2.519627000e+00 4.251779000e-02 

1.474889000e-01 1.747430000e+00 1.437045000e+00 
7.551394000e-02 2.270220000e+00 1.153329000e+00 
1.706126000e-02 3.148249000e-03 3.598776000e+00 
1.678352000e+00 1.824370000e+00 6.788409000e-03 
1.503041000e+00 1.177906000e-01 1.921520000e+00 
1.624415000e+00 1.385520000e+00 8.289611000e-01 
6.701575000e-02 2.411155000e+00 2.364580000e-02 
2.037414000e+00 7.051959000e-02 1.630169000e+00 
1.212172000e-02 5.165299000e+00 9.188977000e-02 
3.113140000e-03 1.013154000e-04 6.991614000e+00 
5.128660000e-02 3.367164000e+00 6.647888000e-03 
1.777665000e+00 3.401821000e-01 1.481005000e+00 
1.672528000e-03 1.230974000e-02 2.959239000e+00 
6.407819000e-02 1.880090000e+00 1.466040000e+00 
2.583551000e+00 1.457532000e-02 1.949474000e-01 
2.425415000e+00 3.487140000e-02 7.258424000e-02 
2.652416000e+00 3.661045000e-02 4.675127000e-02 
1.185196000e-02 3.174135000e+00 1.818722000e-01 
1.588366000e-02 3.344044000e+00 6.529846000e-02 
4.240166000e-01 5.722228000e-02 2.110837000e+00 
2.389827000e+00 9.802980000e-02 6.031160000e-02 
1.443959000e+00 4.900687000e-01 1.672273000e+00 
3.109438000e-02 2.457182000e-03 3.293295000e+00 
1.713097000e+00 1.482596000e+00 8.605257000e-02 
3.421358000e-02 3.019809000e+00 4.208145000e-02 
1.078295000e-03 2.476439000e-02 2.960965000e+00 
1.808738000e-03 6.032433000e+00 2.075215000e-01 
1.979053000e+00 7.574348000e-03 2.166039000e+00 
3.075376000e-03 3.476964000e-02 2.681090000e+00 
3.220637000e-03 5.546060000e+00 8.871765000e-02 
9.839505000e-03 1.312267000e+00 1.963443000e+00 
4.150359000e-01 8.809185000e-03 2.320928000e+00 
2.022114000e+00 3.406781000e-01 8.505774000e-01 
2.115150000e-01 1.700582000e+00 1.427332000e+00 
1.639547000e+00 1.336153000e+00 6.750692000e-01 
2.322136000e+00 1.201819000e-02 1.294257000e+00 
1.678528000e+00 5.797446000e-02 2.001496000e+00 
1.256687000e-01 2.174829000e+00 1.098781000e-01 
1.639292000e+00 1.806848000e+00 1.851216000e-02 
7.255203000e-01 1.167294000e+00 1.931650000e+00 
2.246097000e+00 1.692076000e-01 3.298267000e-03 
4.545475000e-03 8.286133000e-02 2.316651000e+00 
1.229546000e-01 2.198388000e+00 6.990030000e-01 
5.305908000e-02 1.311099000e+00 2.014487000e+00 
2.226521000e-03 1.967495000e+00 2.722463000e+00 
1.059508000e-01 1.994850000e-05 2.995915000e+00 
3.999297000e-03 7.527898000e-02 2.541358000e+00 
9.923677000e-02 3.595748000e-02 2.375686000e+00 
2.251026000e+00 1.679853000e-01 1.739924000e-01 
1.017996000e-04 5.627434000e-02 4.926456000e+00 
1.332184000e-01 1.787751000e+00 1.403644000e+00 
7.670433000e-05 5.809128000e-02 6.517648000e+00 
9.660421000e-04 9.179667000e-04 5.645097000e+00 
3.836071000e-01 3.393084000e+00 9.092289000e-04 
1.850528000e+00 1.041430000e-02 1.842166000e+00 
2.069712000e-02 3.100425000e-03 3.203752000e+00 
4.819343000e-02 2.856404000e+00 3.430356000e-02 
1.652932000e-02 2.508785000e+00 1.272897000e+00 
2.071905000e+00 1.628417000e-02 8.109905000e-01 
2.057494000e-02 2.236901000e+00 1.217740000e+00 
1.565059000e-03 2.100030000e-02 3.812441000e+00 
3.422014000e-02 3.730111000e+00 2.711691000e-02 
4.929849000e-02 1.378124000e+00 1.643808000e+00 
1.574775000e-01 7.595089000e+00 5.467950000e-04 
2.121236000e+00 2.946257000e-01 6.812979000e-01 
1.727999000e+00 1.904670000e+00 4.567994000e-03 
2.033492000e+00 5.684507000e-03 2.250837000e+00 
1.654599000e+00 2.378363000e-01 1.543308000e+00 
1.676008000e-03 6.127741000e+00 1.067854000e-01 
1.779713000e+00 1.143564000e-02 2.131565000e+00 
7.763803000e-02 1.350655000e-04 2.691940000e+00 
5.652266000e-02 2.697105000e+00 4.416916000e-02 
5.061540000e-02 2.494398000e+00 1.014689000e+00 
4.924804000e-02 2.942739000e+00 2.191814000e-02 
1.488698000e-03 3.649573000e+00 4.039208000e-01 
6.825561000e-02 2.655958000e+00 2.987678000e-03 
7.211895000e-03 1.502385000e+00 1.746140000e+00 
8.111145000e-03 4.265976000e+00 2.261610000e-01 
3.296478000e-02 5.295315000e-03 2.596468000e+00 
3.328967000e-01 3.083643000e+00 1.080451000e-03 
3.463113000e-02 3.177206000e-05 2.930280000e+00 
1.326480000e-02 3.790092000e-04 6.963523000e+00 
2.839885000e-03 8.835287000e-01 2.419007000e+00 
7.977610000e-02 2.409023000e+00 2.138838000e-01 
1.237589000e+00 1.362944000e+00 1.856078000e+00 
2.496071000e+00 2.110512000e-02 2.201138000e-01 
5.235323000e-02 2.442485000e+00 1.145683000e+00 
2.168453000e+00 3.672291000e-01 1.551384000e-03 
2.961541000e-02 1.035724000e-03 4.655670000e+00 
2.254652000e+00 3.520520000e-02 6.063477000e-02 
1.279755000e+00 1.091523000e+00 1.705296000e+00 
6.973617000e-03 5.258292000e+00 6.359635000e-02 
1.605742000e+00 2.039570000e+00 1.897833000e-02 
6.096585000e-02 1.628047000e-04 2.394548000e+00 
2.212160000e-02 1.666859000e+00 1.685170000e+00 
1.437898000e+00 5.564294000e-01 1.578484000e+00 
2.713448000e+00 7.125943000e-04 2.569167000e-03 
4.820333000e-02 2.631684000e+00 6.215331000e-02 
1.779212000e+00 2.108960000e-01 1.465958000e+00 
9.260935000e-01 1.699936000e+00 1.570754000e+00 
9.312489000e-02 1.142817000e+00 2.070935000e+00 
1.741443000e+00 1.626219000e-02 1.745000000e+00 
1.610768000e+00 1.609021000e+00 8.324995000e-01 
2.082285000e-02 6.097217000e-03 2.573194000e+00 
3.894509000e-03 5.827905000e-01 2.453789000e+00 
6.555038000e-02 2.602405000e+00 1.044631000e-01 
2.669388000e+00 2.275160000e-02 1.153217000e-01 
1.286944000e+00 3.523837000e-01 1.915150000e+00 
1.451033000e-02 2.611377000e+00 1.353905000e-01 
1.577533000e+00 1.394166000e+00 1.107636000e+00 
2.384699000e+00 1.159148000e-01 7.330270000e-04 
1.164689000e+00 1.858642000e+00 1.255410000e+00 
1.268266000e-01 2.154764000e+00 3.545320000e-02 
1.468483000e+00 1.955629000e+00 1.253039000e-01 
1.921734000e+00 3.541198000e-01 1.104778000e+00 
1.382213000e+00 1.580615000e-01 1.756508000e+00 
5.060332000e-03 5.624678000e-02 2.259230000e+00 
3.911717000e-01 2.059308000e+00 4.166888000e-04 
1.491732000e+00 1.634174000e+00 8.269998000e-01 

2.396196000e+00 4.857032000e-01 4.570523000e-02 
1.734200000e-03 4.327260000e+00 1.105321000e+00 
3.685946000e-01 2.418862000e+00 8.373585000e-02 
3.501896000e+00 3.292827000e-02 3.420684000e-02 
1.319073000e-01 3.026578000e+00 4.557559000e-03 
2.844382000e+00 7.230950000e-02 1.246090000e-01 
1.383940000e+00 2.262357000e+00 9.122697000e-02 
3.897656000e-03 2.085992000e+00 1.193015000e+00 
4.371849000e-01 2.481148000e+00 6.120538000e-02 
3.996346000e+00 5.089868000e-03 1.515998000e-01 
2.366226000e+00 1.278022000e-01 3.575884000e-01 
8.716954000e-03 2.528119000e+00 3.968073000e-01 
1.217268000e-01 2.654576000e+00 3.028789000e-02 
6.728894000e-05 7.068979000e-06 9.406206000e+00 
2.293921000e-01 1.619162000e+00 2.204102000e+00 
7.946101000e-02 2.664111000e+00 1.512171000e-01 
2.256745000e+00 1.645598000e+00 3.601087000e-03 
2.939616000e+00 7.267901000e-03 9.561885000e-02 
8.690373000e-04 6.723563000e+00 1.404192000e+00 
2.016636000e-01 2.317364000e+00 2.074019000e-01 
7.303804000e-02 2.924641000e+00 1.310103000e-02 
1.773745000e+00 1.291508000e+00 1.279844000e+00 
3.037059000e+00 5.065535000e-02 8.913780000e-03 
4.405630000e-05 4.348140000e-04 6.880289000e+00 
2.932660000e+00 4.709153000e-03 2.362043000e-01 
1.400635000e-01 1.807251000e+00 1.516825000e+00 
1.887653000e+00 1.509542000e+00 7.494792000e-02 
2.136326000e+00 1.896261000e-01 1.201515000e+00 
1.436345000e-03 3.485056000e-02 2.374988000e+00 
1.365007000e+00 1.500019000e+00 1.136740000e+00 
1.041566000e-02 2.316106000e-04 3.172374000e+00 
6.175799000e-02 1.902674000e+00 1.129173000e+00 
4.950591000e-02 2.867041000e+00 5.132445000e-02 
2.740591000e+00 5.170405000e-04 2.860212000e+00 
1.384663000e-01 1.973127000e+00 1.084811000e+00 
3.713919000e+00 1.557168000e-01 4.159014000e-03 
1.672383000e+00 1.190157000e+00 1.304598000e+00 
3.227948000e+00 4.272164000e-02 4.572155000e-02 
4.499369000e+00 4.367279000e-02 2.357154000e-02 
4.200991000e-01 2.834342000e+00 7.814911000e-03 
2.938902000e+00 1.770786000e-02 4.968204000e-02 
5.198558000e+00 2.953683000e-03 2.314288000e-01 
1.906686000e+00 1.335083000e+00 8.081783000e-02 
3.227920000e+00 4.560939000e-02 7.926703000e-03 
9.910127000e-03 7.267896000e-04 5.347439000e+00 
6.817031000e-02 3.632440000e+00 7.246823000e-03 
2.095844000e+00 4.168700000e-02 1.434480000e+00 
3.521158000e-01 1.616825000e+00 1.852093000e+00 
1.502539000e+00 1.899413000e+00 1.938977000e-01 
1.647244000e+00 8.017804000e-02 2.184135000e+00 
2.592971000e+00 3.579506000e-01 1.556154000e-03 
1.372991000e-02 4.937250000e-03 3.003204000e+00 
2.360614000e+00 1.072258000e-01 3.586235000e-01 
1.602407000e+00 9.913712000e-02 2.121879000e+00 
7.321900000e-02 2.480168000e+00 1.681436000e-01 
4.805009000e-02 2.083353000e+00 1.605222000e+00 
3.920796000e-01 2.686520000e+00 1.132065000e-02 
3.685493000e+00 6.360931000e-01 1.481823000e-03 
1.638053000e+00 1.300768000e+00 1.351653000e+00 
3.513101000e-01 8.830131000e-03 2.469929000e+00 
1.175218000e-02 3.287053000e+00 3.722902000e-01 
5.125150000e+00 1.453113000e-01 1.721991000e-03 
4.046704000e+00 4.703816000e-03 1.770397000e-01 
1.341603000e-03 5.994762000e-03 3.576756000e+00 
7.015713000e-01 3.692152000e+00 1.943611000e-03 
3.831836000e+00 5.706684000e-01 1.492431000e-03 
1.083659000e+00 1.453716000e+00 1.811821000e+00 
3.251169000e+00 2.424561000e-01 6.446477000e-03 
1.951837000e+00 1.750220000e-03 1.733163000e+00 
6.843873000e-02 1.841628000e+00 1.730229000e+00 
4.513218000e-03 4.957178000e+00 9.272922000e-01 
2.039082000e+00 4.767445000e-01 1.113307000e+00 
2.052931000e+00 4.155300000e-01 1.095768000e+00 
2.429105000e-03 3.038817000e+00 1.668011000e+00 
2.537220000e+00 1.040250000e-01 1.978024000e-02 
1.780779000e-02 1.993998000e+00 1.935001000e+00 
1.397699000e-02 2.731768000e+00 1.866324000e-01 
5.596737000e-02 2.710828000e+00 3.669772000e-02 
1.891195000e-04 8.250861000e-03 2.562378000e+00 
4.373427000e-02 2.480792000e+00 1.625660000e-01 
1.846273000e+00 9.337268000e-02 1.887803000e+00 
4.500713000e-01 1.746668000e+00 1.790261000e+00 
3.373330000e+00 1.458618000e-01 6.438418000e-03 
1.125035000e+00 1.191537000e+00 1.769675000e+00 
5.140532000e-01 2.366633000e+00 4.014471000e-02 
1.299548000e-01 1.669324000e+00 1.989764000e+00 
9.448974000e-02 3.537229000e-03 3.128748000e+00 
1.182308000e-02 7.463601000e-03 2.930168000e+00 
2.549669000e+00 7.964982000e-02 1.809742000e-01 
1.354681000e-02 2.073437000e+00 1.941719000e+00 
2.847687000e+00 7.048736000e-02 3.745564000e-02 
1.254255000e-01 4.109151000e+00 7.099892000e-03 
2.557324000e+00 8.192125000e-02 1.449755000e-01 
1.617134000e+00 1.742492000e+00 7.129900000e-02 
2.666245000e+00 7.671213000e-02 2.024965000e-02 
1.701399000e-02 2.899140000e+00 1.713860000e-02 
8.549549000e-01 2.938923000e+00 3.450112000e-03 
1.781394000e+00 1.648187000e+00 2.737170000e-01 
1.934886000e+00 5.044896000e-01 1.083226000e+00 
1.903061000e-02 3.256699000e+00 9.366391000e-03 
2.722944000e+00 2.904621000e-02 3.205176000e-01 
4.775698000e-03 2.223614000e-01 2.366618000e+00 
2.624243000e+00 8.026292000e-02 5.126397000e-02 
5.951352000e-02 2.879484000e+00 1.692580000e-02 
3.347319000e-03 1.410868000e-02 2.547535000e+00 
1.506983000e+00 1.462732000e+00 1.093623000e+00 
1.886448000e+00 1.477223000e+00 8.535413000e-02 
1.455135000e+00 1.946371000e+00 2.094849000e-01 
2.193004000e+00 1.721965000e+00 1.275515000e-02 
2.120039000e+00 2.422640000e-02 1.662285000e+00 
2.271500000e+00 1.136666000e-02 3.931548000e-01 
1.212477000e+00 1.199494000e+00 1.522963000e+00 
2.936725000e-02 1.889585000e+00 1.665264000e+00 
4.618706000e-01 2.565285000e+00 6.082170000e-03 
2.037968000e+00 3.961640000e-01 1.274335000e+00 
1.431487000e-01 1.645348000e+00 1.944795000e+00 
1.286866000e-01 2.651474000e+00 2.223258000e-02 
8.171538000e-02 2.574980000e+00 8.162033000e-02 
1.858108000e+00 6.661593000e-02 1.693365000e+00 
7.294801000e-03 3.289344000e+00 6.462675000e-02 
2.741418000e-01 2.171928000e-01 2.342230000e+00 
2.076937000e-01 2.958526000e+00 4.000295000e-03 
2.051720000e+00 2.586673000e-01 1.118949000e+00 
8.946569000e-01 1.191569000e+00 2.119933000e+00 
1.752977000e+00 3.920462000e-01 1.538150000e+00 
6.086850000e-01 2.313716000e+00 3.022626000e-01 
2.598639000e+00 9.269975000e-02 1.536935000e-02 
1.031709000e-01 3.033298000e+00 8.730774000e-03 
1.421870000e+00 1.998018000e+00 3.340331000e-02 
1.642098000e-01 2.458250000e+00 1.604121000e-01 
2.434853000e+00 1.543826000e-01 3.211965000e-01 
1.020086000e-01 2.377534000e+00 3.296544000e-01 
9.397289000e-01 1.017646000e+00 1.925004000e+00 
1.715818000e+00 9.344241000e-02 1.617346000e+00 
1.713204000e-01 2.059169000e+00 1.060011000e+00 
2.350553000e+00 1.379650000e-01 3.431084000e-01 
1.617495000e+00 1.725648000e+00 2.080802000e-01 
1.941984000e+00 4.089253000e-01 1.472847000e+00 
1.688960000e+00 1.719537000e+00 8.643187000e-02 
2.202392000e+00 5.638850000e-02 1.179428000e+00 
1.977570000e+00 1.624583000e+00 5.896210000e-02 
3.920148000e-01 2.571937000e+00 1.292006000e-02 
2.387266000e+00 5.052225000e-01 4.356057000e-02 
1.288094000e+00 9.800728000e-01 1.531558000e+00 
2.675079000e-01 2.434517000e+00 7.731135000e-02 
2.239539000e+00 2.985207000e-01 4.845845000e-02 
1.834600000e+00 1.264719000e+00 1.272355000e+00 
2.346400000e+00 5.386131000e-01 4.137064000e-02 
2.462427000e+00 8.554950000e-02 2.837492000e-02 

