1.031400000e+04 1.076800000e+04 
1.069300000e+04 1.028600000e+04 
1.027700000e+04 1.077100000e+04 
1.066200000e+04 1.039200000e+04 
1.039400000e+04 1.046000000e+04 
1.103700000e+04 1.018700000e+04 
1.025900000e+04 1.095800000e+04 
1.100000000e+04 1.019800000e+04 
1.041000000e+04 1.042200000e+04 
1.086100000e+04 1.026600000e+04 
1.075800000e+04 1.028200000e+04 
1.088200000e+04 1.023000000e+04 
1.034300000e+04 1.047900000e+04 

1.070000000e+04 1.070900000e+04 
1.067000000e+04 1.098200000e+04 
1.026100000e+04 1.130200000e+04 
1.058000000e+04 1.110400000e+04 
1.048200000e+04 1.122500000e+04 
1.100100000e+04 1.060700000e+04 

1.080700000e+04 1.211000000e+04 
1.091100000e+04 1.195400000e+04 
1.105900000e+04 1.125400000e+04 
1.128700000e+04 1.116800000e+04 
1.149300000e+04 1.095200000e+04 
1.101100000e+04 1.137200000e+04 
1.092600000e+04 1.188200000e+04 
1.114100000e+04 1.119900000e+04 
1.102700000e+04 1.129200000e+04 
1.098700000e+04 1.173600000e+04 
1.098900000e+04 1.171400000e+04 
1.107700000e+04 1.121800000e+04 
1.100200000e+04 1.140200000e+04 
1.099100000e+04 1.167400000e+04 

1.102300000e+04 1.102300000e+04 
1.167800000e+04 1.075100000e+04 
1.160700000e+04 1.091100000e+04 
1.127900000e+04 1.091900000e+04 
1.113100000e+04 1.099700000e+04 
1.121400000e+04 1.096300000e+04 

1.090600000e+04 1.014400000e+04 
1.137300000e+04 9.712000000e+03 
1.104400000e+04 9.804000000e+03 
1.103600000e+04 9.991000000e+03 
1.068700000e+04 1.024200000e+04 
1.095200000e+04 1.004500000e+04 
1.082400000e+04 1.019200000e+04 
1.102500000e+04 1.000900000e+04 
1.111800000e+04 9.734000000e+03 
1.093600000e+04 1.010200000e+04 
1.094400000e+04 1.005700000e+04 
1.075100000e+04 1.022000000e+04 
1.137500000e+04 9.642000000e+03 

1.062900000e+04 1.056700000e+04 
1.074300000e+04 1.038500000e+04 
1.076600000e+04 1.036300000e+04 
1.051600000e+04 1.085400000e+04 
1.065000000e+04 1.048300000e+04 
1.047400000e+04 1.092900000e+04 
1.057500000e+04 1.067700000e+04 
1.110400000e+04 1.027300000e+04 

1.103500000e+04 1.062500000e+04 
1.106400000e+04 1.052100000e+04 
1.086700000e+04 1.081300000e+04 
1.087100000e+04 1.069800000e+04 
1.074000000e+04 1.102000000e+04 
1.085100000e+04 1.088200000e+04 
1.057500000e+04 1.114400000e+04 
1.124800000e+04 1.042900000e+04 
1.059700000e+04 1.111200000e+04 
1.094700000e+04 1.063900000e+04 
1.074100000e+04 1.090000000e+04 
1.068700000e+04 1.103500000e+04 
1.050800000e+04 1.129500000e+04 

1.096700000e+04 1.099900000e+04 
1.107700000e+04 1.086300000e+04 
1.092700000e+04 1.108100000e+04 
1.060100000e+04 1.113600000e+04 
1.092900000e+04 1.103300000e+04 
1.079700000e+04 1.112200000e+04 
1.128100000e+04 1.075300000e+04 
1.046800000e+04 1.118200000e+04 
1.088800000e+04 1.108800000e+04 
1.104800000e+04 1.090800000e+04 

1.095600000e+04 1.131100000e+04 
1.097900000e+04 1.099600000e+04 
1.098500000e+04 1.099300000e+04 
1.105300000e+04 1.067700000e+04 
1.112700000e+04 1.056800000e+04 
1.102600000e+04 1.085900000e+04 
1.153600000e+04 1.046500000e+04 
1.121400000e+04 1.054700000e+04 
1.149600000e+04 1.052100000e+04 

1.079700000e+04 1.031900000e+04 
1.068700000e+04 1.053800000e+04 
1.049200000e+04 1.058600000e+04 
1.114800000e+04 1.019500000e+04 
1.069200000e+04 1.052900000e+04 
1.090800000e+04 1.024600000e+04 
1.041000000e+04 1.060400000e+04 

1.108500000e+04 1.123700000e+04 
1.173300000e+04 1.077100000e+04 
1.107000000e+04 1.145100000e+04 
1.169900000e+04 1.079000000e+04 
1.186200000e+04 1.065800000e+04 
1.100300000e+04 1.146100000e+04 
1.190100000e+04 1.059900000e+04 
1.144200000e+04 1.081100000e+04 
1.095200000e+04 1.148000000e+04 
1.113000000e+04 1.093100000e+04 
1.196200000e+04 1.057000000e+04 
1.086700000e+04 1.151200000e+04 

1.031400000e+04 1.128300000e+04 
1.076100000e+04 1.064000000e+04 
1.041200000e+04 1.084000000e+04 
1.074300000e+04 1.072200000e+04 
1.069600000e+04 1.074300000e+04 
1.050200000e+04 1.080800000e+04 
1.032800000e+04 1.110000000e+04 

1.071000000e+04 1.046300000e+04 
1.091300000e+04 1.035900000e+04 
1.067800000e+04 1.116300000e+04 
1.069600000e+04 1.079800000e+04 

1.001400000e+04 1.161200000e+04 
1.021800000e+04 1.132100000e+04 
1.018400000e+04 1.138700000e+04 
1.117900000e+04 1.107800000e+04 
1.029300000e+04 1.127700000e+04 
1.044300000e+04 1.120500000e+04 
1.060300000e+04 1.109700000e+04 
1.016000000e+04 1.150100000e+04 
9.833000000e+03 1.187900000e+04 

1.086100000e+04 1.076800000e+04 
1.082500000e+04 1.081700000e+04 
1.078800000e+04 1.083600000e+04 
1.129700000e+04 1.044600000e+04 
1.124900000e+04 1.051100000e+04 
1.072400000e+04 1.094300000e+04 
1.126800000e+04 1.050500000e+04 
1.073900000e+04 1.090700000e+04 
1.082100000e+04 1.083000000e+04 
1.053300000e+04 1.096000000e+04 
1.101500000e+04 1.070100000e+04 
1.082100000e+04 1.083000000e+04 
1.078800000e+04 1.083600000e+04 
1.093500000e+04 1.071300000e+04 

1.112500000e+04 1.123900000e+04 
1.106900000e+04 1.168600000e+04 
1.124000000e+04 1.106700000e+04 
1.161800000e+04 1.087100000e+04 
1.167900000e+04 1.083800000e+04 
1.152400000e+04 1.097700000e+04 
1.139600000e+04 1.102400000e+04 
1.101400000e+04 1.182000000e+04 

1.040800000e+04 1.206600000e+04 
1.058500000e+04 1.129500000e+04 
1.080100000e+04 1.112700000e+04 
1.076600000e+04 1.120900000e+04 
1.077100000e+04 1.120500000e+04 
1.078900000e+04 1.118200000e+04 
1.091000000e+04 1.108700000e+04 
1.049300000e+04 1.160000000e+04 
1.093200000e+04 1.105900000e+04 
1.131300000e+04 1.103600000e+04 
1.046200000e+04 1.186400000e+04 
1.070500000e+04 1.128500000e+04 

1.017600000e+04 1.052800000e+04 
1.087600000e+04 1.017400000e+04 
1.035700000e+04 1.045400000e+04 
1.038300000e+04 1.044800000e+04 
1.030900000e+04 1.050900000e+04 
1.065500000e+04 1.021000000e+04 
1.054600000e+04 1.038900000e+04 
1.095800000e+04 1.017300000e+04 

1.123100000e+04 1.132100000e+04 
1.084400000e+04 1.171000000e+04 
1.072600000e+04 1.217700000e+04 
1.118100000e+04 1.143300000e+04 
1.103200000e+04 1.149200000e+04 
1.127000000e+04 1.130900000e+04 
1.111600000e+04 1.147800000e+04 
1.076300000e+04 1.192500000e+04 
1.097000000e+04 1.153700000e+04 
1.086600000e+04 1.163500000e+04 
1.092900000e+04 1.160300000e+04 
1.093300000e+04 1.155300000e+04 
1.076700000e+04 1.175900000e+04 
1.102600000e+04 1.152600000e+04 
1.154000000e+04 1.118500000e+04 

1.094500000e+04 1.110300000e+04 
1.092300000e+04 1.117600000e+04 
1.066600000e+04 1.121000000e+04 
1.052300000e+04 1.196600000e+04 

1.209600000e+04 1.026500000e+04 
1.136300000e+04 1.109000000e+04 
1.143500000e+04 1.099500000e+04 
1.135000000e+04 1.134200000e+04 
1.195500000e+04 1.060000000e+04 
1.200400000e+04 1.055100000e+04 
1.181100000e+04 1.069900000e+04 
1.206700000e+04 1.030600000e+04 
1.135700000e+04 1.110700000e+04 
1.185800000e+04 1.065600000e+04 
1.138700000e+04 1.105400000e+04 
1.149200000e+04 1.082200000e+04 
1.206600000e+04 1.037200000e+04 
1.170700000e+04 1.074100000e+04 

1.128100000e+04 1.036300000e+04 
1.119900000e+04 1.037900000e+04 
1.113600000e+04 1.058400000e+04 
1.113000000e+04 1.060800000e+04 
1.108500000e+04 1.063600000e+04 
1.084200000e+04 1.086200000e+04 
1.078900000e+04 1.153500000e+04 
1.094600000e+04 1.072500000e+04 
1.139100000e+04 1.030300000e+04 
1.088900000e+04 1.084100000e+04 

1.120600000e+04 1.008000000e+04 
1.089100000e+04 1.049700000e+04 
1.113200000e+04 1.016000000e+04 
1.113200000e+04 1.016000000e+04 
1.113900000e+04 1.009900000e+04 
1.095800000e+04 1.021800000e+04 
1.073900000e+04 1.079600000e+04 
1.083500000e+04 1.054800000e+04 
1.077100000e+04 1.064100000e+04 

1.078700000e+04 1.068800000e+04 
1.042300000e+04 1.142600000e+04 
1.085900000e+04 1.067100000e+04 
1.042900000e+04 1.125100000e+04 
1.066500000e+04 1.099100000e+04 
1.076700000e+04 1.072800000e+04 
1.068600000e+04 1.088200000e+04 
1.064000000e+04 1.112900000e+04 
1.058200000e+04 1.113400000e+04 
1.072700000e+04 1.084400000e+04 
1.009600000e+04 1.152500000e+04 

1.140800000e+04 1.066200000e+04 
1.139300000e+04 1.075800000e+04 
1.177600000e+04 1.062300000e+04 
1.139300000e+04 1.075800000e+04 
1.134200000e+04 1.091200000e+04 
1.136200000e+04 1.078700000e+04 
1.128000000e+04 1.107300000e+04 

1.114700000e+04 1.102200000e+04 
1.086500000e+04 1.113000000e+04 
1.097900000e+04 1.107500000e+04 
1.063200000e+04 1.121600000e+04 
1.058500000e+04 1.122900000e+04 
1.109700000e+04 1.103500000e+04 
1.103200000e+04 1.106700000e+04 
1.067100000e+04 1.113800000e+04 
1.056700000e+04 1.134100000e+04 
1.039100000e+04 1.148900000e+04 

1.080500000e+04 1.132500000e+04 
1.086000000e+04 1.092100000e+04 
1.080500000e+04 1.132500000e+04 
1.088400000e+04 1.088000000e+04 
1.070900000e+04 1.148400000e+04 
1.123100000e+04 1.073300000e+04 
1.121000000e+04 1.077900000e+04 
1.095200000e+04 1.078500000e+04 
1.084900000e+04 1.116500000e+04 

1.059400000e+04 1.098000000e+04 
1.089900000e+04 1.042800000e+04 
1.085100000e+04 1.044000000e+04 
1.061600000e+04 1.087000000e+04 
1.089200000e+04 1.043000000e+04 
1.082200000e+04 1.056900000e+04 
1.068800000e+04 1.062200000e+04 
1.082200000e+04 1.056900000e+04 
1.132700000e+04 1.041500000e+04 
1.136300000e+04 1.037200000e+04 

1.081700000e+04 1.143000000e+04 
1.095200000e+04 1.097700000e+04 
1.137800000e+04 1.035600000e+04 
1.088700000e+04 1.129600000e+04 
1.105100000e+04 1.057100000e+04 
1.103600000e+04 1.068900000e+04 
1.152000000e+04 1.030200000e+04 
1.094200000e+04 1.098700000e+04 
1.174300000e+04 1.024400000e+04 
1.135000000e+04 1.054500000e+04 

1.083300000e+04 1.113400000e+04 
1.090100000e+04 1.065900000e+04 
1.093000000e+04 1.061800000e+04 
1.109100000e+04 1.044400000e+04 
1.101900000e+04 1.048800000e+04 
1.114200000e+04 1.033600000e+04 
1.089100000e+04 1.070400000e+04 
1.098800000e+04 1.051100000e+04 

