1.080100000e+04 1.164300000e+04 
1.092300000e+04 1.138300000e+04 
1.182500000e+04 1.097900000e+04 
1.168500000e+04 1.125400000e+04 
1.088400000e+04 1.147800000e+04 
1.115800000e+04 1.130100000e+04 
1.171900000e+04 1.120200000e+04 
1.179500000e+04 1.103700000e+04 

1.127700000e+04 1.192600000e+04 
1.114900000e+04 1.208800000e+04 
1.126800000e+04 1.196400000e+04 
1.128700000e+04 1.130700000e+04 

1.172400000e+04 1.207300000e+04 
1.149300000e+04 1.312900000e+04 
1.247900000e+04 1.196900000e+04 
1.166800000e+04 1.251700000e+04 
1.170900000e+04 1.232900000e+04 

1.214200000e+04 1.164500000e+04 
1.282400000e+04 1.163400000e+04 
1.188200000e+04 1.180300000e+04 
1.183800000e+04 1.203900000e+04 
1.203900000e+04 1.178400000e+04 
1.213000000e+04 1.166000000e+04 

1.160500000e+04 1.128000000e+04 
1.156900000e+04 1.173000000e+04 
1.184300000e+04 1.062200000e+04 
1.178400000e+04 1.093700000e+04 

1.188800000e+04 1.164300000e+04 
1.244700000e+04 1.162800000e+04 
1.157600000e+04 1.229000000e+04 
1.171700000e+04 1.195500000e+04 
1.182100000e+04 1.173600000e+04 
1.164200000e+04 1.196400000e+04 
1.147300000e+04 1.231600000e+04 

1.114300000e+04 1.249400000e+04 
1.133600000e+04 1.234100000e+04 
1.152600000e+04 1.178100000e+04 
1.150500000e+04 1.181800000e+04 
1.188100000e+04 1.120100000e+04 
1.149600000e+04 1.202400000e+04 
1.152800000e+04 1.156900000e+04 
1.154800000e+04 1.139800000e+04 

1.173300000e+04 1.247300000e+04 
1.161000000e+04 1.256100000e+04 
1.156600000e+04 1.267100000e+04 
1.169200000e+04 1.251600000e+04 
1.154600000e+04 1.270700000e+04 
1.175300000e+04 1.224100000e+04 
1.197600000e+04 1.174800000e+04 
1.180600000e+04 1.206700000e+04 
1.189200000e+04 1.182300000e+04 

1.242900000e+04 1.152200000e+04 
1.235400000e+04 1.163900000e+04 
1.190900000e+04 1.196300000e+04 
1.227700000e+04 1.164200000e+04 
1.235400000e+04 1.163900000e+04 
1.193800000e+04 1.181000000e+04 
1.188800000e+04 1.199200000e+04 
1.226200000e+04 1.165600000e+04 
1.199800000e+04 1.179200000e+04 

1.195900000e+04 1.106800000e+04 
1.225800000e+04 1.094500000e+04 
1.150000000e+04 1.116700000e+04 
1.140400000e+04 1.142700000e+04 
1.243600000e+04 1.094200000e+04 

1.179000000e+04 1.152800000e+04 
1.164400000e+04 1.194900000e+04 
1.176200000e+04 1.190600000e+04 
1.227900000e+04 1.149500000e+04 

1.110100000e+04 1.166700000e+04 
1.152600000e+04 1.146400000e+04 
1.140100000e+04 1.164000000e+04 
1.104800000e+04 1.238500000e+04 
1.140000000e+04 1.166300000e+04 

1.190400000e+04 1.149000000e+04 
1.240100000e+04 1.132800000e+04 
1.168300000e+04 1.172700000e+04 
1.153800000e+04 1.194800000e+04 
1.171300000e+04 1.154500000e+04 
1.221500000e+04 1.138800000e+04 
1.163000000e+04 1.191300000e+04 

1.156500000e+04 1.210300000e+04 
1.187000000e+04 1.186600000e+04 
1.186900000e+04 1.205700000e+04 
1.106700000e+04 1.217000000e+04 
1.094000000e+04 1.235200000e+04 
1.143300000e+04 1.212100000e+04 
1.090500000e+04 1.266500000e+04 

1.224300000e+04 1.171800000e+04 
1.247800000e+04 1.170800000e+04 
1.248900000e+04 1.158700000e+04 
1.183200000e+04 1.227700000e+04 
1.184800000e+04 1.226500000e+04 
1.191800000e+04 1.173600000e+04 

1.175400000e+04 1.197400000e+04 
1.193200000e+04 1.181300000e+04 
1.173800000e+04 1.202900000e+04 
1.203900000e+04 1.170600000e+04 
1.219000000e+04 1.152300000e+04 
1.218700000e+04 1.169500000e+04 

1.153000000e+04 1.182500000e+04 
1.127300000e+04 1.262800000e+04 

1.109400000e+04 1.278400000e+04 
1.134200000e+04 1.142900000e+04 
1.160900000e+04 1.125500000e+04 
1.127500000e+04 1.162900000e+04 
1.115100000e+04 1.175000000e+04 
1.146100000e+04 1.132900000e+04 
1.155200000e+04 1.128100000e+04 
1.163600000e+04 1.117200000e+04 
1.122500000e+04 1.174500000e+04 
1.112800000e+04 1.277100000e+04 

1.187000000e+04 1.227900000e+04 
1.194400000e+04 1.220800000e+04 
1.219200000e+04 1.206500000e+04 
1.212400000e+04 1.219400000e+04 
1.159500000e+04 1.271800000e+04 
1.248900000e+04 1.194300000e+04 
1.219700000e+04 1.205200000e+04 
1.266500000e+04 1.194100000e+04 
1.234400000e+04 1.199400000e+04 
1.267900000e+04 1.188200000e+04 
1.238800000e+04 1.196400000e+04 
1.166500000e+04 1.232500000e+04 

1.118100000e+04 1.297800000e+04 
1.117100000e+04 1.298300000e+04 
1.137200000e+04 1.250000000e+04 
1.168700000e+04 1.205600000e+04 

1.305500000e+04 1.143600000e+04 
1.289500000e+04 1.157000000e+04 
1.239200000e+04 1.163000000e+04 

1.234700000e+04 1.153600000e+04 
1.202400000e+04 1.168100000e+04 
1.248600000e+04 1.125800000e+04 
1.129300000e+04 1.188800000e+04 
1.204100000e+04 1.164000000e+04 
1.185800000e+04 1.176900000e+04 
1.207900000e+04 1.154100000e+04 
1.239700000e+04 1.150700000e+04 

1.275200000e+04 1.118400000e+04 
1.173000000e+04 1.192500000e+04 
1.221200000e+04 1.138900000e+04 
1.213700000e+04 1.147300000e+04 
1.231700000e+04 1.125200000e+04 
1.185100000e+04 1.153600000e+04 

1.114900000e+04 1.234700000e+04 
1.117500000e+04 1.213800000e+04 
1.111600000e+04 1.239200000e+04 
1.118100000e+04 1.212500000e+04 
1.123000000e+04 1.154500000e+04 
1.109200000e+04 1.256600000e+04 

1.213000000e+04 1.238400000e+04 
1.213000000e+04 1.238400000e+04 
1.270400000e+04 1.152000000e+04 
1.228500000e+04 1.176400000e+04 
1.227700000e+04 1.206100000e+04 
1.249100000e+04 1.160200000e+04 
1.283600000e+04 1.132100000e+04 
1.230800000e+04 1.167900000e+04 
1.281700000e+04 1.140000000e+04 

1.192500000e+04 1.184300000e+04 
1.134700000e+04 1.203000000e+04 
1.231300000e+04 1.177000000e+04 
1.113100000e+04 1.218500000e+04 

1.252600000e+04 1.166700000e+04 
1.277400000e+04 1.162800000e+04 
1.275000000e+04 1.164100000e+04 
1.278100000e+04 1.162700000e+04 
1.189900000e+04 1.207600000e+04 
1.196200000e+04 1.193900000e+04 
1.173300000e+04 1.224200000e+04 
1.180300000e+04 1.209300000e+04 
1.268700000e+04 1.165800000e+04 
1.269500000e+04 1.165400000e+04 
1.201100000e+04 1.166900000e+04 

1.185000000e+04 1.148500000e+04 
1.221500000e+04 1.125400000e+04 
1.192700000e+04 1.145400000e+04 
1.160300000e+04 1.166100000e+04 
1.159100000e+04 1.217200000e+04 
1.217700000e+04 1.145000000e+04 

1.205100000e+04 1.096000000e+04 
1.201600000e+04 1.143300000e+04 
1.177600000e+04 1.155700000e+04 
1.192000000e+04 1.153900000e+04 
1.171600000e+04 1.192800000e+04 

1.260000000e+04 1.165000000e+04 
1.260400000e+04 1.157300000e+04 
1.239200000e+04 1.182100000e+04 
1.252900000e+04 1.178500000e+04 
1.219200000e+04 1.182300000e+04 
1.269800000e+04 1.143900000e+04 
1.164100000e+04 1.198800000e+04 
1.189300000e+04 1.186500000e+04 
1.255300000e+04 1.178300000e+04 

