1.159000000e+04 1.051900000e+04 
1.149100000e+04 1.081300000e+04 
1.067700000e+04 1.103600000e+04 
1.139600000e+04 1.089100000e+04 

1.117200000e+04 1.108800000e+04 
1.100200000e+04 1.135600000e+04 
1.079100000e+04 1.181100000e+04 
1.100200000e+04 1.135600000e+04 
1.084200000e+04 1.169400000e+04 

1.136400000e+04 1.310600000e+04 
1.151300000e+04 1.215300000e+04 
1.150300000e+04 1.243400000e+04 
1.165800000e+04 1.204700000e+04 
1.170300000e+04 1.185500000e+04 
1.220100000e+04 1.181800000e+04 
1.140200000e+04 1.280000000e+04 
1.156900000e+04 1.206900000e+04 
1.248500000e+04 1.163700000e+04 

1.215800000e+04 1.158700000e+04 
1.214000000e+04 1.162100000e+04 
1.221000000e+04 1.155900000e+04 
1.169300000e+04 1.172700000e+04 
1.238800000e+04 1.153600000e+04 
1.159400000e+04 1.173900000e+04 
1.197100000e+04 1.162700000e+04 
1.214100000e+04 1.158800000e+04 
1.259400000e+04 1.141800000e+04 
1.170600000e+04 1.170400000e+04 
1.238800000e+04 1.153600000e+04 
1.196500000e+04 1.165300000e+04 

1.143600000e+04 1.105100000e+04 
1.159800000e+04 1.079800000e+04 
1.195400000e+04 1.049500000e+04 
1.141600000e+04 1.123500000e+04 
1.153600000e+04 1.094100000e+04 
1.143100000e+04 1.116200000e+04 
1.162700000e+04 1.066800000e+04 
1.141300000e+04 1.126000000e+04 
1.174800000e+04 1.059900000e+04 

1.223700000e+04 1.100100000e+04 
1.192400000e+04 1.135300000e+04 
1.196200000e+04 1.135200000e+04 
1.119300000e+04 1.140800000e+04 
1.204000000e+04 1.133400000e+04 

1.117300000e+04 1.160000000e+04 
1.164100000e+04 1.107700000e+04 
1.158100000e+04 1.120200000e+04 
1.090000000e+04 1.224900000e+04 
1.111000000e+04 1.218200000e+04 
1.124100000e+04 1.133600000e+04 

1.113700000e+04 1.251300000e+04 
1.161800000e+04 1.154500000e+04 
1.153700000e+04 1.173500000e+04 
1.115900000e+04 1.232300000e+04 
1.117400000e+04 1.227000000e+04 
1.122700000e+04 1.202000000e+04 

1.148900000e+04 1.145400000e+04 
1.175000000e+04 1.103200000e+04 

1.107100000e+04 1.142800000e+04 
1.128200000e+04 1.117900000e+04 
1.125700000e+04 1.141100000e+04 
1.177100000e+04 1.093400000e+04 
1.203200000e+04 1.089500000e+04 
1.147800000e+04 1.108700000e+04 
1.160900000e+04 1.098600000e+04 
1.134900000e+04 1.111100000e+04 
1.129600000e+04 1.114300000e+04 
1.206700000e+04 1.082300000e+04 
1.241500000e+04 1.081000000e+04 
1.181500000e+04 1.092100000e+04 

1.179000000e+04 1.152800000e+04 
1.157900000e+04 1.188100000e+04 
1.147500000e+04 1.191900000e+04 
1.138200000e+04 1.198900000e+04 
1.227900000e+04 1.121500000e+04 
1.159100000e+04 1.160700000e+04 
1.195900000e+04 1.125600000e+04 
1.193900000e+04 1.144000000e+04 
1.164100000e+04 1.153400000e+04 
1.179300000e+04 1.151200000e+04 

1.094000000e+04 1.226700000e+04 
1.156600000e+04 1.114000000e+04 
1.121600000e+04 1.133800000e+04 
1.099000000e+04 1.154300000e+04 
1.100300000e+04 1.141500000e+04 
1.151700000e+04 1.130200000e+04 

1.123700000e+04 1.185200000e+04 
1.136400000e+04 1.140800000e+04 
1.141500000e+04 1.073100000e+04 
1.127200000e+04 1.161300000e+04 

1.150800000e+04 1.163100000e+04 
1.084600000e+04 1.227100000e+04 
1.076600000e+04 1.264800000e+04 
1.077100000e+04 1.242800000e+04 
1.133700000e+04 1.174000000e+04 
1.068600000e+04 1.292600000e+04 
1.077300000e+04 1.235200000e+04 
1.094000000e+04 1.210500000e+04 
1.077200000e+04 1.238900000e+04 
1.093000000e+04 1.220700000e+04 
1.107300000e+04 1.208400000e+04 
1.121000000e+04 1.174900000e+04 

1.175100000e+04 1.112800000e+04 
1.163300000e+04 1.147200000e+04 
1.128600000e+04 1.211400000e+04 
1.145700000e+04 1.149600000e+04 

1.204700000e+04 1.147200000e+04 
1.161600000e+04 1.169700000e+04 
1.159100000e+04 1.219400000e+04 
1.217000000e+04 1.147100000e+04 
1.177700000e+04 1.151600000e+04 
1.192100000e+04 1.148600000e+04 
1.155900000e+04 1.220800000e+04 

1.153000000e+04 1.182500000e+04 
1.119600000e+04 1.199100000e+04 
1.217800000e+04 1.178000000e+04 
1.136400000e+04 1.195400000e+04 
1.153000000e+04 1.182500000e+04 
1.117200000e+04 1.200700000e+04 
1.116700000e+04 1.233300000e+04 
1.214000000e+04 1.182400000e+04 

1.109200000e+04 1.080000000e+04 
1.089400000e+04 1.099300000e+04 

1.256400000e+04 1.178100000e+04 
1.155700000e+04 1.233400000e+04 
1.224600000e+04 1.181100000e+04 
1.182300000e+04 1.186900000e+04 
1.160400000e+04 1.210000000e+04 
1.155800000e+04 1.215500000e+04 
1.144700000e+04 1.240100000e+04 
1.186400000e+04 1.183700000e+04 
1.178300000e+04 1.191600000e+04 

1.098600000e+04 1.284300000e+04 
1.101300000e+04 1.234300000e+04 
1.198900000e+04 1.187400000e+04 
1.168700000e+04 1.205600000e+04 
1.099600000e+04 1.263100000e+04 
1.154300000e+04 1.216000000e+04 
1.137600000e+04 1.231100000e+04 
1.193800000e+04 1.197300000e+04 
1.124100000e+04 1.232400000e+04 
1.141000000e+04 1.220800000e+04 
1.085500000e+04 1.295200000e+04 

1.273900000e+04 1.129500000e+04 
1.226600000e+04 1.161000000e+04 
1.228200000e+04 1.153300000e+04 
1.261600000e+04 1.130300000e+04 
1.278200000e+04 1.126300000e+04 
1.235700000e+04 1.137600000e+04 
1.217500000e+04 1.163400000e+04 
1.234000000e+04 1.148300000e+04 
1.283500000e+04 1.120400000e+04 
1.243700000e+04 1.133200000e+04 

1.232700000e+04 1.113100000e+04 
1.129300000e+04 1.188800000e+04 
1.228600000e+04 1.114100000e+04 
1.234900000e+04 1.110100000e+04 
1.138400000e+04 1.117100000e+04 
1.214800000e+04 1.115300000e+04 

1.187300000e+04 1.088400000e+04 
1.148800000e+04 1.109400000e+04 

1.140800000e+04 1.135200000e+04 
1.194800000e+04 1.129800000e+04 
1.129800000e+04 1.146000000e+04 
1.121900000e+04 1.154200000e+04 
1.096200000e+04 1.182600000e+04 
1.121000000e+04 1.179400000e+04 
1.084800000e+04 1.189700000e+04 

1.224900000e+04 1.145300000e+04 
1.283000000e+04 1.126100000e+04 
1.315100000e+04 1.120300000e+04 
1.193300000e+04 1.200200000e+04 
1.199000000e+04 1.152100000e+04 
1.225100000e+04 1.132900000e+04 

1.224300000e+04 1.162700000e+04 
1.127100000e+04 1.193200000e+04 
1.239800000e+04 1.158500000e+04 
1.101500000e+04 1.200100000e+04 
1.200400000e+04 1.165900000e+04 
1.125300000e+04 1.194400000e+04 
1.176600000e+04 1.169400000e+04 
1.133500000e+04 1.179600000e+04 
1.173000000e+04 1.171100000e+04 
1.179800000e+04 1.167300000e+04 
1.168800000e+04 1.171500000e+04 

1.143500000e+04 1.166900000e+04 
1.169300000e+04 1.161100000e+04 
1.167800000e+04 1.162100000e+04 
1.216200000e+04 1.138800000e+04 
1.177900000e+04 1.157500000e+04 
1.191900000e+04 1.145600000e+04 
1.159800000e+04 1.165800000e+04 
1.179600000e+04 1.151200000e+04 
1.205900000e+04 1.142100000e+04 

1.154800000e+04 1.142400000e+04 
1.132900000e+04 1.162000000e+04 
1.156200000e+04 1.116900000e+04 
1.155100000e+04 1.138200000e+04 
1.157400000e+04 1.112200000e+04 

1.172100000e+04 1.123100000e+04 
1.190700000e+04 1.092000000e+04 
1.165200000e+04 1.127300000e+04 
1.149300000e+04 1.181000000e+04 
1.167800000e+04 1.126400000e+04 
1.186600000e+04 1.109200000e+04 
1.175600000e+04 1.117300000e+04 
1.153000000e+04 1.158400000e+04 
1.156500000e+04 1.129200000e+04 

1.166900000e+04 1.165700000e+04 
1.173400000e+04 1.155500000e+04 
1.244900000e+04 1.115600000e+04 
1.136200000e+04 1.187500000e+04 
1.175900000e+04 1.136800000e+04 
1.172400000e+04 1.162900000e+04 
1.159000000e+04 1.168400000e+04 
1.237200000e+04 1.131300000e+04 
1.136200000e+04 1.187500000e+04 

