9.463000000e+03 9.586000000e+03 
9.316000000e+03 1.014500000e+04 
9.729000000e+03 9.431000000e+03 
9.328000000e+03 1.006700000e+04 
9.761000000e+03 9.399000000e+03 
9.761000000e+03 9.399000000e+03 
9.459000000e+03 9.602000000e+03 
9.772000000e+03 9.380000000e+03 
9.737000000e+03 9.411000000e+03 
9.718000000e+03 9.437000000e+03 
9.873000000e+03 9.353000000e+03 
9.306000000e+03 1.015900000e+04 
9.541000000e+03 9.490000000e+03 
9.350000000e+03 9.788000000e+03 
9.381000000e+03 9.712000000e+03 
9.320000000e+03 1.012300000e+04 
9.572000000e+03 9.487000000e+03 
9.491000000e+03 9.513000000e+03 
9.321000000e+03 1.010600000e+04 
9.346000000e+03 1.000900000e+04 
9.431000000e+03 9.625000000e+03 
9.613000000e+03 9.484000000e+03 

9.493000000e+03 1.007100000e+04 
9.394000000e+03 1.021000000e+04 
9.548000000e+03 9.968000000e+03 
9.633000000e+03 9.905000000e+03 
9.662000000e+03 9.790000000e+03 
9.630000000e+03 9.946000000e+03 
9.520000000e+03 1.003100000e+04 
9.464000000e+03 1.014800000e+04 
9.725000000e+03 9.727000000e+03 
9.625000000e+03 9.966000000e+03 
1.052300000e+04 9.711000000e+03 
9.520000000e+03 1.003100000e+04 

9.803000000e+03 1.020800000e+04 
9.858000000e+03 1.000100000e+04 
1.001600000e+04 9.924000000e+03 
1.006800000e+04 9.888000000e+03 
9.846000000e+03 1.011300000e+04 
1.027500000e+04 9.857000000e+03 

1.124100000e+04 9.895000000e+03 
1.053400000e+04 1.003600000e+04 
1.048900000e+04 1.004900000e+04 
1.034600000e+04 1.035900000e+04 
1.101500000e+04 9.956000000e+03 
1.044100000e+04 1.009500000e+04 
1.013300000e+04 1.039300000e+04 
1.042600000e+04 1.016200000e+04 
1.117600000e+04 9.925000000e+03 
1.076400000e+04 9.973000000e+03 
1.034700000e+04 1.031200000e+04 

9.937000000e+03 9.626000000e+03 
1.001000000e+04 8.986000000e+03 
1.024800000e+04 8.751000000e+03 
1.036000000e+04 8.721000000e+03 
1.005900000e+04 8.890000000e+03 
9.961000000e+03 9.104000000e+03 
1.052300000e+04 8.705000000e+03 
1.019700000e+04 8.884000000e+03 
1.019700000e+04 8.884000000e+03 
1.019800000e+04 8.768000000e+03 
1.053500000e+04 8.692000000e+03 
1.019700000e+04 8.884000000e+03 
1.001000000e+04 8.986000000e+03 
9.898000000e+03 9.684000000e+03 
1.028000000e+04 8.742000000e+03 
1.035300000e+04 8.735000000e+03 
9.957000000e+03 9.550000000e+03 
9.984000000e+03 9.095000000e+03 

9.290000000e+03 9.625000000e+03 
9.378000000e+03 9.561000000e+03 
9.446000000e+03 9.553000000e+03 
9.459000000e+03 9.428000000e+03 
9.193000000e+03 9.846000000e+03 
9.615000000e+03 9.374000000e+03 
9.221000000e+03 9.675000000e+03 
9.304000000e+03 9.568000000e+03 

9.960000000e+03 9.939000000e+03 
1.041000000e+04 9.701000000e+03 
9.911000000e+03 9.964000000e+03 
9.964000000e+03 9.887000000e+03 
9.605000000e+03 1.026000000e+04 
9.567000000e+03 1.026300000e+04 
9.449000000e+03 1.034600000e+04 
9.705000000e+03 1.003200000e+04 
9.629000000e+03 1.019300000e+04 
1.045400000e+04 9.624000000e+03 
9.966000000e+03 9.885000000e+03 
9.567000000e+03 1.026300000e+04 
9.927000000e+03 9.945000000e+03 
9.654000000e+03 1.004600000e+04 
1.043000000e+04 9.644000000e+03 
9.888000000e+03 9.993000000e+03 
9.487000000e+03 1.027000000e+04 
1.002900000e+04 9.705000000e+03 
9.979000000e+03 9.859000000e+03 

9.267000000e+03 1.063900000e+04 
9.397000000e+03 1.013900000e+04 
9.570000000e+03 9.969000000e+03 
9.802000000e+03 9.819000000e+03 
9.733000000e+03 9.875000000e+03 
9.733000000e+03 9.875000000e+03 
9.952000000e+03 9.807000000e+03 
1.008500000e+04 9.769000000e+03 
9.276000000e+03 1.055700000e+04 
9.392000000e+03 1.047500000e+04 
9.955000000e+03 9.785000000e+03 
9.488000000e+03 1.001500000e+04 
9.776000000e+03 9.858000000e+03 
9.653000000e+03 9.881000000e+03 
9.652000000e+03 9.889000000e+03 

9.973000000e+03 9.595000000e+03 
1.009200000e+04 9.550000000e+03 
9.909000000e+03 9.846000000e+03 
1.019500000e+04 9.546000000e+03 
9.836000000e+03 9.862000000e+03 
9.790000000e+03 9.920000000e+03 
9.932000000e+03 9.628000000e+03 
1.000800000e+04 9.593000000e+03 
1.040800000e+04 9.528000000e+03 
9.911000000e+03 9.723000000e+03 
9.670000000e+03 9.930000000e+03 

9.628000000e+03 9.668000000e+03 
9.712000000e+03 9.557000000e+03 
9.747000000e+03 9.403000000e+03 
1.051100000e+04 9.144000000e+03 
9.567000000e+03 9.803000000e+03 
9.612000000e+03 9.709000000e+03 
9.563000000e+03 9.885000000e+03 
9.915000000e+03 9.324000000e+03 
9.507000000e+03 9.953000000e+03 
9.723000000e+03 9.555000000e+03 
9.972000000e+03 9.240000000e+03 
9.458000000e+03 1.004800000e+04 
9.915000000e+03 9.324000000e+03 
9.587000000e+03 9.742000000e+03 
9.963000000e+03 9.307000000e+03 
9.464000000e+03 1.001900000e+04 
9.563000000e+03 9.885000000e+03 
9.735000000e+03 9.516000000e+03 
9.662000000e+03 9.620000000e+03 
9.865000000e+03 9.351000000e+03 

1.018400000e+04 1.002000000e+04 
1.061900000e+04 9.887000000e+03 
1.014400000e+04 1.011900000e+04 
1.012300000e+04 1.027000000e+04 
1.066100000e+04 9.824000000e+03 
1.105200000e+04 9.760000000e+03 
1.014700000e+04 1.011100000e+04 
1.034000000e+04 9.981000000e+03 
1.065700000e+04 9.873000000e+03 
1.010400000e+04 1.035700000e+04 
1.044500000e+04 9.956000000e+03 
1.016500000e+04 1.003400000e+04 
1.013700000e+04 1.017800000e+04 
1.024000000e+04 1.000100000e+04 
1.079500000e+04 9.787000000e+03 
1.059200000e+04 9.897000000e+03 
1.047700000e+04 9.933000000e+03 
1.101600000e+04 9.761000000e+03 

9.171000000e+03 1.083200000e+04 
9.379000000e+03 1.033700000e+04 
9.402000000e+03 1.033500000e+04 
9.836000000e+03 9.883000000e+03 
9.980000000e+03 9.853000000e+03 
9.918000000e+03 9.878000000e+03 
9.474000000e+03 1.007600000e+04 
9.351000000e+03 1.039800000e+04 
9.811000000e+03 9.924000000e+03 
9.296000000e+03 1.052900000e+04 
9.566000000e+03 1.007500000e+04 
9.761000000e+03 9.945000000e+03 
9.252000000e+03 1.066200000e+04 
9.226000000e+03 1.071300000e+04 
9.802000000e+03 9.942000000e+03 
9.420000000e+03 1.023900000e+04 
9.222000000e+03 1.073800000e+04 
9.612000000e+03 9.979000000e+03 
9.474000000e+03 1.007600000e+04 
9.573000000e+03 1.001800000e+04 
9.572000000e+03 1.003000000e+04 

9.883000000e+03 9.555000000e+03 
9.493000000e+03 9.828000000e+03 
9.660000000e+03 9.707000000e+03 
9.853000000e+03 9.609000000e+03 
9.716000000e+03 9.613000000e+03 
9.481000000e+03 9.912000000e+03 
9.990000000e+03 9.539000000e+03 
9.533000000e+03 9.720000000e+03 
9.860000000e+03 9.602000000e+03 
9.853000000e+03 9.609000000e+03 
1.017900000e+04 9.384000000e+03 
9.946000000e+03 9.548000000e+03 
1.004300000e+04 9.461000000e+03 

9.087000000e+03 1.051500000e+04 
9.117000000e+03 1.046800000e+04 
9.017000000e+03 1.052300000e+04 
9.017000000e+03 1.052300000e+04 
9.314000000e+03 1.017100000e+04 
9.097000000e+03 1.046900000e+04 
9.224000000e+03 1.025500000e+04 
9.129000000e+03 1.042000000e+04 
9.726000000e+03 1.006100000e+04 
9.155000000e+03 1.028300000e+04 
9.117000000e+03 1.046800000e+04 
9.015000000e+03 1.079800000e+04 
9.333000000e+03 1.010600000e+04 

1.013600000e+04 9.476000000e+03 
9.736000000e+03 9.732000000e+03 
9.841000000e+03 9.671000000e+03 
9.704000000e+03 9.739000000e+03 
9.651000000e+03 9.743000000e+03 
9.857000000e+03 9.503000000e+03 
9.769000000e+03 9.680000000e+03 

1.061600000e+04 9.845000000e+03 
1.021300000e+04 1.020800000e+04 
1.025600000e+04 1.016500000e+04 
1.049800000e+04 9.885000000e+03 
1.068800000e+04 9.812000000e+03 
1.027700000e+04 1.015000000e+04 
1.029000000e+04 9.948000000e+03 
1.049800000e+04 9.885000000e+03 
1.056100000e+04 9.847000000e+03 
1.070200000e+04 9.781000000e+03 

9.653000000e+03 1.030500000e+04 
9.315000000e+03 1.052800000e+04 
9.966000000e+03 1.001500000e+04 
9.686000000e+03 1.025400000e+04 
9.762000000e+03 1.023600000e+04 
9.515000000e+03 1.034600000e+04 
9.827000000e+03 1.022500000e+04 
9.313000000e+03 1.074800000e+04 
9.936000000e+03 1.012300000e+04 
9.932000000e+03 1.014100000e+04 
9.576000000e+03 1.032500000e+04 
9.446000000e+03 1.036800000e+04 
9.863000000e+03 1.019300000e+04 

9.395000000e+03 9.315000000e+03 
9.577000000e+03 9.115000000e+03 
9.409000000e+03 9.214000000e+03 
9.330000000e+03 9.439000000e+03 
9.395000000e+03 9.315000000e+03 
9.459000000e+03 9.176000000e+03 
9.704000000e+03 9.082000000e+03 
9.779000000e+03 9.042000000e+03 
9.533000000e+03 9.154000000e+03 
9.284000000e+03 9.478000000e+03 
9.347000000e+03 9.356000000e+03 

1.003300000e+04 1.020400000e+04 
9.927000000e+03 1.021700000e+04 
9.730000000e+03 1.042200000e+04 
9.730000000e+03 1.042200000e+04 
9.674000000e+03 1.047400000e+04 
9.616000000e+03 1.050500000e+04 
9.803000000e+03 1.033500000e+04 
9.591000000e+03 1.062800000e+04 
9.743000000e+03 1.041000000e+04 
9.707000000e+03 1.044500000e+04 
9.744000000e+03 1.038200000e+04 

9.909000000e+03 1.020400000e+04 
9.854000000e+03 1.029600000e+04 
9.864000000e+03 1.025100000e+04 
9.840000000e+03 1.031400000e+04 
9.514000000e+03 1.067400000e+04 
9.922000000e+03 1.019000000e+04 
9.626000000e+03 1.066300000e+04 
9.902000000e+03 1.021500000e+04 
9.751000000e+03 1.031800000e+04 
9.630000000e+03 1.052900000e+04 
9.734000000e+03 1.047100000e+04 
9.503000000e+03 1.095400000e+04 
9.739000000e+03 1.046500000e+04 
9.840000000e+03 1.031400000e+04 
9.968000000e+03 1.012900000e+04 

1.037900000e+04 9.871000000e+03 
1.071200000e+04 9.423000000e+03 
1.041700000e+04 9.722000000e+03 
1.052600000e+04 9.644000000e+03 
1.053200000e+04 9.608000000e+03 
1.048100000e+04 9.663000000e+03 
1.047700000e+04 9.692000000e+03 
1.041100000e+04 9.760000000e+03 
1.032700000e+04 9.874000000e+03 
1.058200000e+04 9.564000000e+03 
1.039600000e+04 9.802000000e+03 

1.072000000e+04 9.487000000e+03 
1.085700000e+04 9.438000000e+03 
9.765000000e+03 1.005500000e+04 
1.009900000e+04 9.589000000e+03 
9.805000000e+03 9.964000000e+03 
1.071000000e+04 9.500000000e+03 
1.072000000e+04 9.487000000e+03 
1.085700000e+04 9.438000000e+03 
1.084300000e+04 9.443000000e+03 
1.079300000e+04 9.486000000e+03 
1.085700000e+04 9.438000000e+03 
1.013500000e+04 9.553000000e+03 
1.085700000e+04 9.438000000e+03 
9.917000000e+03 9.863000000e+03 
1.016100000e+04 9.513000000e+03 
9.931000000e+03 9.832000000e+03 
1.079300000e+04 9.486000000e+03 
1.009200000e+04 9.602000000e+03 
9.960000000e+03 9.725000000e+03 
1.079400000e+04 9.445000000e+03 
1.002200000e+04 9.696000000e+03 
9.972000000e+03 9.713000000e+03 
1.007400000e+04 9.682000000e+03 
9.886000000e+03 9.897000000e+03 

9.993000000e+03 9.351000000e+03 
9.769000000e+03 9.628000000e+03 
9.737000000e+03 9.866000000e+03 
1.000600000e+04 9.243000000e+03 
1.042700000e+04 9.213000000e+03 
9.863000000e+03 9.449000000e+03 
9.856000000e+03 9.483000000e+03 
9.934000000e+03 9.436000000e+03 
9.774000000e+03 9.560000000e+03 
1.030000000e+04 9.217000000e+03 

9.469000000e+03 1.046700000e+04 
9.490000000e+03 1.018500000e+04 
9.891000000e+03 9.857000000e+03 
9.494000000e+03 1.002400000e+04 
1.004500000e+04 9.808000000e+03 
9.840000000e+03 9.860000000e+03 
9.469000000e+03 1.046700000e+04 
9.695000000e+03 1.000600000e+04 
9.479000000e+03 1.023000000e+04 
1.013500000e+04 9.701000000e+03 
1.007900000e+04 9.787000000e+03 
9.494000000e+03 1.002400000e+04 
9.731000000e+03 9.914000000e+03 
1.003600000e+04 9.841000000e+03 

1.015400000e+04 9.756000000e+03 
1.017100000e+04 9.727000000e+03 
1.018000000e+04 9.706000000e+03 
1.015900000e+04 9.737000000e+03 
1.008800000e+04 9.775000000e+03 
1.008800000e+04 9.775000000e+03 
1.005300000e+04 9.792000000e+03 
1.021100000e+04 9.691000000e+03 
1.008000000e+04 9.782000000e+03 
1.022500000e+04 9.634000000e+03 
1.001600000e+04 9.821000000e+03 
1.015900000e+04 9.737000000e+03 
1.017100000e+04 9.727000000e+03 
9.980000000e+03 9.936000000e+03 

9.725000000e+03 1.013700000e+04 
9.645000000e+03 1.018500000e+04 
9.466000000e+03 1.056500000e+04 
1.012400000e+04 1.002800000e+04 
9.506000000e+03 1.026400000e+04 
9.849000000e+03 1.005400000e+04 
9.488000000e+03 1.050700000e+04 

9.838000000e+03 1.017300000e+04 
9.891000000e+03 1.007900000e+04 
9.906000000e+03 1.000700000e+04 
9.778000000e+03 1.021900000e+04 
9.848000000e+03 1.009000000e+04 
1.004700000e+04 9.907000000e+03 
1.007300000e+04 9.828000000e+03 
1.024000000e+04 9.793000000e+03 
1.027200000e+04 9.764000000e+03 
9.843000000e+03 1.016600000e+04 
9.988000000e+03 9.925000000e+03 
1.062600000e+04 9.712000000e+03 
9.912000000e+03 9.986000000e+03 
1.046600000e+04 9.737000000e+03 

9.396000000e+03 9.733000000e+03 
9.698000000e+03 9.400000000e+03 
9.610000000e+03 9.497000000e+03 
9.670000000e+03 9.438000000e+03 
9.590000000e+03 9.508000000e+03 
9.575000000e+03 9.530000000e+03 
9.448000000e+03 9.586000000e+03 
9.590000000e+03 9.508000000e+03 
9.553000000e+03 9.580000000e+03 
9.332000000e+03 9.824000000e+03 
9.816000000e+03 9.352000000e+03 
9.574000000e+03 9.559000000e+03 
9.611000000e+03 9.478000000e+03 
9.374000000e+03 9.817000000e+03 
9.970000000e+03 9.343000000e+03 

9.987000000e+03 9.604000000e+03 
9.987000000e+03 9.604000000e+03 
9.934000000e+03 9.653000000e+03 
9.961000000e+03 9.620000000e+03 
1.020100000e+04 9.323000000e+03 
1.030000000e+04 9.195000000e+03 
9.987000000e+03 9.604000000e+03 
9.860000000e+03 9.780000000e+03 
1.043100000e+04 9.180000000e+03 
1.005800000e+04 9.491000000e+03 
1.025200000e+04 9.313000000e+03 

1.005000000e+04 9.467000000e+03 
1.006700000e+04 9.453000000e+03 
9.785000000e+03 9.604000000e+03 
1.015300000e+04 9.343000000e+03 
9.842000000e+03 9.479000000e+03 
1.003000000e+04 9.477000000e+03 
1.009600000e+04 9.357000000e+03 

