9.322000000e+03 9.728000000e+03 
9.598000000e+03 9.375000000e+03 
9.251000000e+03 9.808000000e+03 
9.528000000e+03 9.429000000e+03 
9.593000000e+03 9.389000000e+03 
9.654000000e+03 9.349000000e+03 
9.324000000e+03 9.618000000e+03 
9.656000000e+03 9.228000000e+03 
9.598000000e+03 9.375000000e+03 
9.540000000e+03 9.400000000e+03 
9.279000000e+03 9.800000000e+03 
9.962000000e+03 9.212000000e+03 
9.533000000e+03 9.427000000e+03 
9.365000000e+03 9.438000000e+03 

9.675000000e+03 9.609000000e+03 
9.393000000e+03 1.009100000e+04 
9.318000000e+03 1.018600000e+04 
9.412000000e+03 1.000500000e+04 
9.324000000e+03 1.015900000e+04 
9.615000000e+03 9.627000000e+03 
9.327000000e+03 1.009500000e+04 
9.856000000e+03 9.471000000e+03 
9.242000000e+03 1.025300000e+04 
9.543000000e+03 9.640000000e+03 
9.287000000e+03 1.020500000e+04 
9.403000000e+03 1.003400000e+04 
9.596000000e+03 9.636000000e+03 
9.481000000e+03 9.806000000e+03 
9.675000000e+03 9.609000000e+03 
9.441000000e+03 9.955000000e+03 
9.242000000e+03 1.025300000e+04 
9.318000000e+03 1.018600000e+04 
9.477000000e+03 9.902000000e+03 

1.000400000e+04 9.797000000e+03 
9.753000000e+03 1.001300000e+04 
9.752000000e+03 1.009900000e+04 
9.796000000e+03 9.938000000e+03 
9.800000000e+03 9.933000000e+03 
9.990000000e+03 9.817000000e+03 
9.917000000e+03 9.832000000e+03 
9.855000000e+03 9.929000000e+03 
9.880000000e+03 9.907000000e+03 
9.641000000e+03 1.014100000e+04 
1.000400000e+04 9.797000000e+03 
9.764000000e+03 9.968000000e+03 
1.011700000e+04 9.780000000e+03 

1.015900000e+04 1.029000000e+04 
1.088100000e+04 9.880000000e+03 
1.015800000e+04 1.029800000e+04 
1.031700000e+04 1.005600000e+04 
1.027300000e+04 1.014000000e+04 
1.016000000e+04 1.025900000e+04 
1.013300000e+04 1.039300000e+04 
1.071300000e+04 9.899000000e+03 
1.012900000e+04 1.058100000e+04 
1.031700000e+04 1.005600000e+04 
1.041600000e+04 9.945000000e+03 
1.022500000e+04 1.022800000e+04 
1.009900000e+04 1.075600000e+04 
1.110600000e+04 9.877000000e+03 
1.084800000e+04 9.884000000e+03 
1.014800000e+04 1.034100000e+04 
1.013800000e+04 1.036100000e+04 

9.951000000e+03 9.003000000e+03 
1.022900000e+04 8.695000000e+03 
1.001600000e+04 8.840000000e+03 
9.972000000e+03 8.940000000e+03 
1.020200000e+04 8.741000000e+03 
1.049200000e+04 8.671000000e+03 
1.022700000e+04 8.713000000e+03 
1.012500000e+04 8.838000000e+03 
9.989000000e+03 8.936000000e+03 
1.021300000e+04 8.735000000e+03 
1.037400000e+04 8.677000000e+03 
1.000600000e+04 8.890000000e+03 
9.878000000e+03 9.163000000e+03 
9.794000000e+03 9.452000000e+03 
9.919000000e+03 9.032000000e+03 
1.016100000e+04 8.748000000e+03 

9.155000000e+03 9.514000000e+03 
9.216000000e+03 9.383000000e+03 
9.109000000e+03 9.604000000e+03 
9.325000000e+03 9.282000000e+03 

9.362000000e+03 1.043500000e+04 
1.022500000e+04 9.505000000e+03 
9.362000000e+03 1.043500000e+04 
9.507000000e+03 1.008700000e+04 
9.397000000e+03 1.034900000e+04 
9.362000000e+03 1.043500000e+04 
9.546000000e+03 1.001000000e+04 
9.822000000e+03 9.792000000e+03 
9.507000000e+03 1.008700000e+04 
1.011200000e+04 9.620000000e+03 
9.686000000e+03 9.892000000e+03 
9.439000000e+03 1.029000000e+04 
9.646000000e+03 9.978000000e+03 
1.019700000e+04 9.601000000e+03 
9.363000000e+03 1.035500000e+04 
9.613000000e+03 9.983000000e+03 
9.456000000e+03 1.027200000e+04 
9.943000000e+03 9.657000000e+03 
9.678000000e+03 9.966000000e+03 
9.472000000e+03 1.009000000e+04 

9.339000000e+03 9.805000000e+03 
9.156000000e+03 1.056600000e+04 
9.428000000e+03 9.707000000e+03 
9.162000000e+03 1.036300000e+04 
9.849000000e+03 9.660000000e+03 
9.303000000e+03 1.003300000e+04 
9.802000000e+03 9.686000000e+03 
9.234000000e+03 1.032000000e+04 
9.374000000e+03 9.804000000e+03 
9.278000000e+03 1.022000000e+04 

9.850000000e+03 9.623000000e+03 
9.834000000e+03 9.648000000e+03 
9.539000000e+03 9.792000000e+03 
9.812000000e+03 9.659000000e+03 
1.002200000e+04 9.473000000e+03 
9.557000000e+03 9.745000000e+03 
9.838000000e+03 9.624000000e+03 
9.863000000e+03 9.549000000e+03 
9.850000000e+03 9.623000000e+03 
1.003500000e+04 9.469000000e+03 
9.643000000e+03 9.683000000e+03 
9.858000000e+03 9.592000000e+03 
1.007000000e+04 9.409000000e+03 

9.478000000e+03 9.496000000e+03 
1.007600000e+04 9.004000000e+03 
9.466000000e+03 9.577000000e+03 
9.641000000e+03 9.254000000e+03 
9.768000000e+03 9.164000000e+03 
1.024800000e+04 8.985000000e+03 
9.293000000e+03 9.729000000e+03 
9.355000000e+03 9.666000000e+03 
9.926000000e+03 9.109000000e+03 
9.465000000e+03 9.591000000e+03 
9.500000000e+03 9.405000000e+03 
9.636000000e+03 9.363000000e+03 
9.928000000e+03 9.108000000e+03 

1.005300000e+04 1.009600000e+04 
1.036600000e+04 9.830000000e+03 
1.057400000e+04 9.715000000e+03 
1.010900000e+04 9.888000000e+03 
1.028900000e+04 9.842000000e+03 
1.006700000e+04 9.981000000e+03 
1.074700000e+04 9.700000000e+03 
9.960000000e+03 1.012700000e+04 
1.037400000e+04 9.788000000e+03 
1.041900000e+04 9.758000000e+03 
1.083800000e+04 9.645000000e+03 

9.291000000e+03 1.009700000e+04 
9.296000000e+03 9.905000000e+03 
9.260000000e+03 1.010400000e+04 
9.980000000e+03 9.769000000e+03 
9.216000000e+03 1.029400000e+04 
9.112000000e+03 1.063500000e+04 
9.408000000e+03 9.876000000e+03 
9.182000000e+03 1.045200000e+04 
9.152000000e+03 1.050200000e+04 
9.242000000e+03 1.011300000e+04 
9.471000000e+03 9.812000000e+03 

9.600000000e+03 9.638000000e+03 
9.638000000e+03 9.567000000e+03 
9.838000000e+03 9.432000000e+03 
1.017900000e+04 9.384000000e+03 
9.619000000e+03 9.592000000e+03 
1.017900000e+04 9.384000000e+03 
9.610000000e+03 9.618000000e+03 
9.637000000e+03 9.576000000e+03 
1.025200000e+04 9.364000000e+03 
1.015600000e+04 9.387000000e+03 
1.024500000e+04 9.381000000e+03 
9.496000000e+03 9.750000000e+03 
1.028200000e+04 9.340000000e+03 
9.350000000e+03 9.851000000e+03 
1.005100000e+04 9.390000000e+03 
9.790000000e+03 9.498000000e+03 
9.507000000e+03 9.703000000e+03 
9.380000000e+03 9.828000000e+03 
9.600000000e+03 9.638000000e+03 
9.600000000e+03 9.638000000e+03 
9.571000000e+03 9.663000000e+03 
9.413000000e+03 9.751000000e+03 
9.656000000e+03 9.553000000e+03 

9.047000000e+03 1.045900000e+04 
9.105000000e+03 1.021700000e+04 
8.792000000e+03 1.048000000e+04 
9.056000000e+03 1.031500000e+04 
9.120000000e+03 1.017400000e+04 
9.775000000e+03 9.949000000e+03 
9.275000000e+03 1.004500000e+04 
9.065000000e+03 1.023200000e+04 
8.926000000e+03 1.047500000e+04 
9.467000000e+03 9.981000000e+03 
9.062000000e+03 1.026700000e+04 
9.131000000e+03 1.005400000e+04 
9.616000000e+03 9.976000000e+03 

1.011600000e+04 9.296000000e+03 
9.583000000e+03 9.779000000e+03 
9.654000000e+03 9.675000000e+03 
9.676000000e+03 9.578000000e+03 
9.755000000e+03 9.497000000e+03 
9.714000000e+03 9.549000000e+03 
9.798000000e+03 9.448000000e+03 
9.640000000e+03 9.692000000e+03 
9.855000000e+03 9.426000000e+03 
9.940000000e+03 9.297000000e+03 
9.578000000e+03 9.940000000e+03 
9.620000000e+03 9.741000000e+03 
9.630000000e+03 9.733000000e+03 

1.039200000e+04 9.796000000e+03 
1.021700000e+04 1.006400000e+04 
1.045200000e+04 9.698000000e+03 
1.022700000e+04 9.976000000e+03 
1.043500000e+04 9.778000000e+03 
1.009100000e+04 1.015100000e+04 
1.051300000e+04 9.654000000e+03 
1.051300000e+04 9.654000000e+03 
1.028100000e+04 9.896000000e+03 
1.027400000e+04 9.963000000e+03 
1.059200000e+04 9.622000000e+03 
1.038200000e+04 9.810000000e+03 
1.012300000e+04 1.012700000e+04 
1.014800000e+04 1.011400000e+04 
1.028100000e+04 9.896000000e+03 
1.018000000e+04 1.007200000e+04 

9.894000000e+03 9.974000000e+03 
9.087000000e+03 1.072100000e+04 
9.246000000e+03 1.049500000e+04 
9.869000000e+03 1.001000000e+04 
9.894000000e+03 9.974000000e+03 
9.225000000e+03 1.051700000e+04 
9.202000000e+03 1.070100000e+04 
9.602000000e+03 1.015300000e+04 
9.308000000e+03 1.044800000e+04 
9.752000000e+03 1.010600000e+04 
1.015100000e+04 9.970000000e+03 
9.219000000e+03 1.062500000e+04 
9.319000000e+03 1.019400000e+04 
9.858000000e+03 1.005500000e+04 
9.276000000e+03 1.046700000e+04 
9.733000000e+03 1.011900000e+04 
9.069000000e+03 1.072300000e+04 
9.550000000e+03 1.016600000e+04 
9.756000000e+03 1.007500000e+04 

9.163000000e+03 9.355000000e+03 
9.669000000e+03 8.980000000e+03 
9.152000000e+03 9.363000000e+03 
9.188000000e+03 9.348000000e+03 
9.152000000e+03 9.363000000e+03 
9.404000000e+03 9.107000000e+03 
9.130000000e+03 9.383000000e+03 
9.306000000e+03 9.153000000e+03 
9.208000000e+03 9.236000000e+03 
9.813000000e+03 8.957000000e+03 
9.197000000e+03 9.252000000e+03 
9.504000000e+03 9.010000000e+03 
9.753000000e+03 8.970000000e+03 
9.313000000e+03 9.128000000e+03 
9.283000000e+03 9.220000000e+03 

9.570000000e+03 1.035800000e+04 
9.610000000e+03 1.020500000e+04 
9.665000000e+03 1.009900000e+04 
9.507000000e+03 1.040900000e+04 
9.542000000e+03 1.038700000e+04 
9.488000000e+03 1.050600000e+04 
9.577000000e+03 1.030300000e+04 
9.383000000e+03 1.051800000e+04 
9.458000000e+03 1.050900000e+04 

9.711000000e+03 1.021600000e+04 
9.480000000e+03 1.047900000e+04 
9.763000000e+03 1.005100000e+04 
9.838000000e+03 9.984000000e+03 
9.549000000e+03 1.045500000e+04 
9.754000000e+03 1.021300000e+04 
9.818000000e+03 9.990000000e+03 
9.405000000e+03 1.067800000e+04 
9.585000000e+03 1.022100000e+04 

1.030300000e+04 9.701000000e+03 
1.068600000e+04 9.317000000e+03 
1.025800000e+04 9.838000000e+03 
1.034400000e+04 9.642000000e+03 
1.086300000e+04 9.297000000e+03 
1.029300000e+04 9.720000000e+03 
1.026400000e+04 9.783000000e+03 
1.063700000e+04 9.332000000e+03 
1.045800000e+04 9.558000000e+03 
1.049100000e+04 9.485000000e+03 
1.056600000e+04 9.480000000e+03 

9.988000000e+03 9.575000000e+03 
9.750000000e+03 9.945000000e+03 
9.750000000e+03 9.945000000e+03 
1.060600000e+04 9.341000000e+03 
9.794000000e+03 9.634000000e+03 
1.002100000e+04 9.356000000e+03 
9.691000000e+03 1.014200000e+04 
1.056100000e+04 9.353000000e+03 
9.920000000e+03 9.597000000e+03 
9.757000000e+03 9.807000000e+03 
9.710000000e+03 9.990000000e+03 
9.798000000e+03 9.605000000e+03 
9.751000000e+03 9.923000000e+03 

9.685000000e+03 9.460000000e+03 
9.662000000e+03 9.481000000e+03 
1.015500000e+04 9.161000000e+03 
9.685000000e+03 9.460000000e+03 
9.721000000e+03 9.324000000e+03 
9.778000000e+03 9.266000000e+03 
1.017700000e+04 9.150000000e+03 
9.607000000e+03 9.498000000e+03 
9.891000000e+03 9.219000000e+03 
9.713000000e+03 9.438000000e+03 
9.984000000e+03 9.209000000e+03 
9.511000000e+03 9.596000000e+03 
1.008200000e+04 9.168000000e+03 
9.685000000e+03 9.460000000e+03 
1.015500000e+04 9.161000000e+03 
1.017700000e+04 9.150000000e+03 
9.811000000e+03 9.233000000e+03 

1.010300000e+04 9.660000000e+03 
9.421000000e+03 1.003100000e+04 
9.336000000e+03 1.035100000e+04 
9.641000000e+03 9.732000000e+03 
9.434000000e+03 9.972000000e+03 
9.503000000e+03 9.856000000e+03 
9.991000000e+03 9.667000000e+03 
1.019900000e+04 9.654000000e+03 
9.466000000e+03 9.894000000e+03 
1.026000000e+04 9.630000000e+03 

9.930000000e+03 9.827000000e+03 
9.934000000e+03 9.727000000e+03 
9.936000000e+03 9.705000000e+03 
9.951000000e+03 9.697000000e+03 
9.930000000e+03 9.827000000e+03 
1.001100000e+04 9.581000000e+03 
1.000000000e+04 9.610000000e+03 
9.986000000e+03 9.656000000e+03 
9.889000000e+03 9.840000000e+03 
9.978000000e+03 9.684000000e+03 
1.023500000e+04 9.453000000e+03 

9.416000000e+03 1.019600000e+04 
9.628000000e+03 9.999000000e+03 
9.438000000e+03 1.018600000e+04 
9.456000000e+03 1.017500000e+04 
9.561000000e+03 1.001900000e+04 
9.655000000e+03 9.944000000e+03 
9.358000000e+03 1.045100000e+04 
9.752000000e+03 9.927000000e+03 
9.936000000e+03 9.896000000e+03 
9.771000000e+03 9.897000000e+03 
9.481000000e+03 1.010800000e+04 

9.876000000e+03 9.950000000e+03 
1.026300000e+04 9.697000000e+03 
1.006800000e+04 9.709000000e+03 
9.767000000e+03 1.004800000e+04 
9.920000000e+03 9.730000000e+03 
1.039000000e+04 9.660000000e+03 
1.018500000e+04 9.706000000e+03 
9.786000000e+03 1.001000000e+04 
9.794000000e+03 9.955000000e+03 
9.723000000e+03 1.005000000e+04 
9.889000000e+03 9.804000000e+03 

9.470000000e+03 9.381000000e+03 
9.357000000e+03 9.630000000e+03 
9.484000000e+03 9.350000000e+03 
9.503000000e+03 9.251000000e+03 
9.305000000e+03 9.841000000e+03 
9.465000000e+03 9.406000000e+03 
9.335000000e+03 9.719000000e+03 
9.433000000e+03 9.424000000e+03 
9.716000000e+03 9.152000000e+03 
9.314000000e+03 9.780000000e+03 
9.412000000e+03 9.450000000e+03 
9.484000000e+03 9.350000000e+03 
9.461000000e+03 9.417000000e+03 
9.333000000e+03 9.769000000e+03 

1.033500000e+04 9.104000000e+03 
1.033500000e+04 9.104000000e+03 
9.771000000e+03 9.747000000e+03 
1.033500000e+04 9.104000000e+03 
9.965000000e+03 9.344000000e+03 
1.016700000e+04 9.231000000e+03 
1.006500000e+04 9.260000000e+03 
1.038900000e+04 9.084000000e+03 
1.016800000e+04 9.170000000e+03 
1.014700000e+04 9.236000000e+03 
9.895000000e+03 9.351000000e+03 
1.020500000e+04 9.160000000e+03 
1.006500000e+04 9.260000000e+03 
9.824000000e+03 9.514000000e+03 
9.827000000e+03 9.462000000e+03 
1.000000000e+04 9.316000000e+03 
9.794000000e+03 9.654000000e+03 
1.022700000e+04 9.110000000e+03 
9.880000000e+03 9.426000000e+03 
1.038300000e+04 9.092000000e+03 

9.871000000e+03 9.303000000e+03 
9.745000000e+03 9.553000000e+03 
9.833000000e+03 9.402000000e+03 
1.002500000e+04 9.170000000e+03 
9.756000000e+03 9.470000000e+03 
9.804000000e+03 9.416000000e+03 
9.774000000e+03 9.434000000e+03 
9.858000000e+03 9.396000000e+03 

