1.145100000e+04 1.030900000e+04 
1.042400000e+04 1.082400000e+04 
1.046400000e+04 1.067500000e+04 
1.040700000e+04 1.082700000e+04 
1.040100000e+04 1.092400000e+04 
1.084300000e+04 1.064400000e+04 
1.105400000e+04 1.059100000e+04 
1.087300000e+04 1.063300000e+04 
1.107100000e+04 1.037200000e+04 
1.043500000e+04 1.080200000e+04 
1.106700000e+04 1.044600000e+04 
1.110900000e+04 1.036000000e+04 
1.092700000e+04 1.059500000e+04 

1.104900000e+04 1.093500000e+04 
1.075500000e+04 1.120400000e+04 
1.064000000e+04 1.139100000e+04 
1.125200000e+04 1.083500000e+04 
1.045300000e+04 1.158000000e+04 
1.055300000e+04 1.139300000e+04 
1.053000000e+04 1.154300000e+04 
1.111100000e+04 1.092700000e+04 
1.092600000e+04 1.095300000e+04 
1.084100000e+04 1.102400000e+04 
1.072100000e+04 1.132100000e+04 

1.200000000e+04 1.119900000e+04 
1.123400000e+04 1.158600000e+04 
1.172700000e+04 1.140800000e+04 
1.197600000e+04 1.139300000e+04 
1.134100000e+04 1.143400000e+04 
1.114900000e+04 1.171900000e+04 
1.107800000e+04 1.210900000e+04 
1.116600000e+04 1.170600000e+04 
1.113700000e+04 1.208700000e+04 
1.198800000e+04 1.133400000e+04 
1.128100000e+04 1.153700000e+04 
1.105700000e+04 1.242600000e+04 

1.130000000e+04 1.159200000e+04 
1.250000000e+04 1.106200000e+04 
1.144100000e+04 1.118000000e+04 
1.134000000e+04 1.156100000e+04 
1.128800000e+04 1.168000000e+04 
1.134100000e+04 1.140300000e+04 
1.183600000e+04 1.106700000e+04 
1.126500000e+04 1.177900000e+04 
1.169000000e+04 1.113600000e+04 
1.259500000e+04 1.105200000e+04 

1.154600000e+04 1.011600000e+04 
1.124400000e+04 1.030900000e+04 
1.091300000e+04 1.055900000e+04 
1.152000000e+04 1.014900000e+04 
1.091700000e+04 1.034000000e+04 
1.126900000e+04 1.018300000e+04 
1.162300000e+04 9.965000000e+03 
1.117000000e+04 1.031200000e+04 
1.136400000e+04 1.015500000e+04 
1.109600000e+04 1.032800000e+04 

1.081300000e+04 1.088500000e+04 
1.159300000e+04 1.046800000e+04 
1.085500000e+04 1.065900000e+04 

1.129700000e+04 1.079400000e+04 
1.089600000e+04 1.125100000e+04 
1.111000000e+04 1.093300000e+04 
1.068200000e+04 1.165500000e+04 
1.105100000e+04 1.098100000e+04 
1.072500000e+04 1.129100000e+04 
1.144300000e+04 1.069400000e+04 
1.100600000e+04 1.100800000e+04 
1.129800000e+04 1.078300000e+04 
1.095700000e+04 1.110500000e+04 
1.071000000e+04 1.163200000e+04 
1.084200000e+04 1.126400000e+04 
1.128000000e+04 1.084100000e+04 
1.117900000e+04 1.085800000e+04 

1.089000000e+04 1.132300000e+04 
1.089100000e+04 1.132000000e+04 
1.124800000e+04 1.115300000e+04 
1.068500000e+04 1.162100000e+04 
1.102600000e+04 1.126800000e+04 
1.160800000e+04 1.100500000e+04 
1.157200000e+04 1.112300000e+04 

1.185500000e+04 1.078900000e+04 
1.124000000e+04 1.079100000e+04 
1.113300000e+04 1.126300000e+04 
1.191100000e+04 1.076200000e+04 
1.119600000e+04 1.104100000e+04 

1.126700000e+04 1.052000000e+04 
1.158700000e+04 1.040600000e+04 
1.156500000e+04 1.051400000e+04 
1.179100000e+04 1.039100000e+04 
1.080200000e+04 1.062000000e+04 
1.062600000e+04 1.100600000e+04 
1.126300000e+04 1.056100000e+04 
1.096100000e+04 1.061100000e+04 
1.103900000e+04 1.057500000e+04 

1.118800000e+04 1.162700000e+04 
1.146400000e+04 1.123500000e+04 
1.121700000e+04 1.162000000e+04 
1.131400000e+04 1.146200000e+04 
1.127900000e+04 1.152300000e+04 
1.148600000e+04 1.117400000e+04 
1.201700000e+04 1.084400000e+04 
1.194100000e+04 1.088300000e+04 
1.147100000e+04 1.117600000e+04 
1.102700000e+04 1.180600000e+04 
1.106500000e+04 1.163900000e+04 
1.132700000e+04 1.131200000e+04 
1.122100000e+04 1.153400000e+04 
1.155900000e+04 1.093400000e+04 

1.109200000e+04 1.089600000e+04 
1.102800000e+04 1.100200000e+04 
1.061000000e+04 1.117600000e+04 
1.058700000e+04 1.199800000e+04 
1.062800000e+04 1.104300000e+04 
1.092100000e+04 1.103800000e+04 
1.111600000e+04 1.079400000e+04 

1.132500000e+04 1.063200000e+04 
1.085100000e+04 1.080400000e+04 
1.129500000e+04 1.067900000e+04 
1.125000000e+04 1.072000000e+04 

1.062800000e+04 1.160700000e+04 
1.091500000e+04 1.136900000e+04 
1.157300000e+04 1.130500000e+04 
1.021600000e+04 1.161500000e+04 
1.081800000e+04 1.139400000e+04 
1.155100000e+04 1.134900000e+04 
1.075600000e+04 1.154300000e+04 
1.001800000e+04 1.213100000e+04 
1.072400000e+04 1.158000000e+04 

1.095300000e+04 1.108000000e+04 
1.123100000e+04 1.090800000e+04 
1.121800000e+04 1.092000000e+04 
1.156000000e+04 1.079300000e+04 
1.102400000e+04 1.105300000e+04 
1.137600000e+04 1.085200000e+04 
1.116900000e+04 1.093900000e+04 
1.107900000e+04 1.098100000e+04 
1.087600000e+04 1.115100000e+04 

1.137400000e+04 1.149300000e+04 
1.131100000e+04 1.178900000e+04 
1.129500000e+04 1.188500000e+04 
1.159800000e+04 1.120300000e+04 
1.160200000e+04 1.101100000e+04 
1.197900000e+04 1.088000000e+04 
1.140000000e+04 1.123000000e+04 

1.065600000e+04 1.181800000e+04 
1.107700000e+04 1.133800000e+04 
1.078400000e+04 1.138800000e+04 
1.147200000e+04 1.122900000e+04 
1.074200000e+04 1.170500000e+04 
1.076700000e+04 1.152100000e+04 
1.075600000e+04 1.153900000e+04 
1.059800000e+04 1.188100000e+04 
1.109800000e+04 1.126200000e+04 
1.085200000e+04 1.136800000e+04 

1.084900000e+04 1.037600000e+04 
1.065500000e+04 1.097100000e+04 
1.080600000e+04 1.054200000e+04 
1.069400000e+04 1.074100000e+04 
1.055700000e+04 1.097800000e+04 
1.096500000e+04 1.028200000e+04 

1.127200000e+04 1.164200000e+04 
1.156400000e+04 1.153600000e+04 
1.100500000e+04 1.219200000e+04 
1.179000000e+04 1.143600000e+04 
1.129300000e+04 1.163400000e+04 
1.158700000e+04 1.148900000e+04 
1.099000000e+04 1.225600000e+04 
1.149900000e+04 1.155900000e+04 
1.197100000e+04 1.132100000e+04 
1.159300000e+04 1.146100000e+04 
1.112200000e+04 1.169100000e+04 
1.143000000e+04 1.158400000e+04 
1.111600000e+04 1.177500000e+04 
1.193700000e+04 1.142800000e+04 
1.099000000e+04 1.225600000e+04 

1.140400000e+04 1.134200000e+04 
1.140400000e+04 1.134200000e+04 
1.059100000e+04 1.247800000e+04 
1.140400000e+04 1.134200000e+04 
1.134400000e+04 1.145600000e+04 
1.091400000e+04 1.149600000e+04 
1.113300000e+04 1.146900000e+04 
1.072600000e+04 1.234500000e+04 
1.074400000e+04 1.193300000e+04 

1.193200000e+04 1.073100000e+04 
1.215700000e+04 1.062400000e+04 
1.141000000e+04 1.111100000e+04 
1.240500000e+04 1.052400000e+04 
1.179100000e+04 1.100500000e+04 
1.141000000e+04 1.111100000e+04 

1.107500000e+04 1.170900000e+04 
1.149600000e+04 1.082300000e+04 
1.124900000e+04 1.094800000e+04 
1.113000000e+04 1.122800000e+04 
1.140800000e+04 1.087700000e+04 
1.109800000e+04 1.125300000e+04 
1.114900000e+04 1.118300000e+04 
1.176900000e+04 1.055300000e+04 
1.127400000e+04 1.089400000e+04 
1.115800000e+04 1.117000000e+04 
1.149600000e+04 1.082300000e+04 
1.163500000e+04 1.074800000e+04 
1.145600000e+04 1.087000000e+04 

1.104000000e+04 1.050000000e+04 
1.127800000e+04 1.035300000e+04 
1.103200000e+04 1.102200000e+04 
1.149500000e+04 1.027400000e+04 
1.104000000e+04 1.050000000e+04 

1.140600000e+04 1.091800000e+04 
1.144800000e+04 1.090200000e+04 
1.059200000e+04 1.161900000e+04 
1.090100000e+04 1.107600000e+04 
1.129100000e+04 1.096800000e+04 
1.072100000e+04 1.118500000e+04 
1.066200000e+04 1.147900000e+04 
1.059000000e+04 1.163200000e+04 
1.055800000e+04 1.171200000e+04 
1.092000000e+04 1.106100000e+04 
1.066300000e+04 1.138700000e+04 
1.078500000e+04 1.114100000e+04 
1.049800000e+04 1.186900000e+04 

1.212200000e+04 1.089800000e+04 
1.189100000e+04 1.111400000e+04 
1.230000000e+04 1.082600000e+04 
1.190100000e+04 1.109500000e+04 
1.153700000e+04 1.112000000e+04 
1.202100000e+04 1.104500000e+04 

1.073300000e+04 1.143800000e+04 
1.110400000e+04 1.118400000e+04 
1.118800000e+04 1.116400000e+04 
1.095900000e+04 1.133400000e+04 

1.107200000e+04 1.139600000e+04 
1.106800000e+04 1.164300000e+04 
1.105100000e+04 1.193800000e+04 
1.118800000e+04 1.105300000e+04 
1.171500000e+04 1.092500000e+04 
1.116500000e+04 1.122300000e+04 

1.121600000e+04 1.064400000e+04 
1.113600000e+04 1.069600000e+04 
1.090000000e+04 1.078700000e+04 
1.089900000e+04 1.093900000e+04 
1.116300000e+04 1.068500000e+04 
1.074500000e+04 1.097400000e+04 
1.107900000e+04 1.075500000e+04 
1.136400000e+04 1.061600000e+04 

1.151200000e+04 1.076400000e+04 
1.152200000e+04 1.071800000e+04 
1.143700000e+04 1.081800000e+04 
1.109200000e+04 1.105800000e+04 
1.137800000e+04 1.087300000e+04 
1.142000000e+04 1.083700000e+04 
1.156400000e+04 1.070800000e+04 
1.170400000e+04 1.042400000e+04 
1.084800000e+04 1.144800000e+04 
1.166800000e+04 1.067100000e+04 
1.116700000e+04 1.088500000e+04 

1.117100000e+04 1.084500000e+04 
1.115200000e+04 1.101000000e+04 
1.101700000e+04 1.123300000e+04 
1.119100000e+04 1.066200000e+04 

