9.185000000e+03 9.167000000e+03 
9.193000000e+03 9.104000000e+03 
9.252000000e+03 9.071000000e+03 
9.275000000e+03 9.055000000e+03 
9.016000000e+03 9.518000000e+03 
9.185000000e+03 9.167000000e+03 
9.030000000e+03 9.475000000e+03 
9.030000000e+03 9.475000000e+03 
9.082000000e+03 9.236000000e+03 
9.499000000e+03 8.955000000e+03 
9.158000000e+03 9.179000000e+03 
9.234000000e+03 9.099000000e+03 
9.185000000e+03 9.167000000e+03 
9.472000000e+03 8.972000000e+03 
9.323000000e+03 9.021000000e+03 
9.707000000e+03 8.891000000e+03 
9.141000000e+03 9.201000000e+03 
9.043000000e+03 9.357000000e+03 
9.114000000e+03 9.227000000e+03 
9.129000000e+03 9.213000000e+03 
9.247000000e+03 9.079000000e+03 
9.597000000e+03 8.911000000e+03 
9.728000000e+03 8.869000000e+03 
9.252000000e+03 9.071000000e+03 
9.056000000e+03 9.243000000e+03 
9.185000000e+03 9.167000000e+03 
9.776000000e+03 8.865000000e+03 

8.985000000e+03 9.706000000e+03 
8.917000000e+03 9.805000000e+03 
9.041000000e+03 9.642000000e+03 
9.421000000e+03 9.255000000e+03 
8.979000000e+03 9.756000000e+03 
8.902000000e+03 9.935000000e+03 
9.041000000e+03 9.642000000e+03 
9.243000000e+03 9.390000000e+03 
8.998000000e+03 9.676000000e+03 
9.062000000e+03 9.507000000e+03 
9.546000000e+03 9.137000000e+03 
9.041000000e+03 9.642000000e+03 
9.131000000e+03 9.454000000e+03 
9.243000000e+03 9.390000000e+03 
9.243000000e+03 9.390000000e+03 
9.322000000e+03 9.348000000e+03 
9.243000000e+03 9.390000000e+03 
9.145000000e+03 9.445000000e+03 
9.674000000e+03 9.110000000e+03 
9.480000000e+03 9.185000000e+03 
9.058000000e+03 9.597000000e+03 
9.243000000e+03 9.390000000e+03 
9.112000000e+03 9.480000000e+03 
9.387000000e+03 9.298000000e+03 

9.512000000e+03 9.578000000e+03 
9.183000000e+03 9.816000000e+03 
9.468000000e+03 9.700000000e+03 
9.639000000e+03 9.537000000e+03 
9.869000000e+03 9.403000000e+03 
9.689000000e+03 9.512000000e+03 
9.473000000e+03 9.654000000e+03 
9.324000000e+03 9.744000000e+03 
9.370000000e+03 9.707000000e+03 
9.182000000e+03 1.000300000e+04 
9.366000000e+03 9.724000000e+03 
9.732000000e+03 9.463000000e+03 
9.468000000e+03 9.700000000e+03 

9.898000000e+03 1.014600000e+04 
9.922000000e+03 1.005700000e+04 
1.045900000e+04 9.615000000e+03 
1.005200000e+04 9.861000000e+03 
1.000700000e+04 1.001700000e+04 
1.054300000e+04 9.604000000e+03 
1.029800000e+04 9.647000000e+03 
1.012900000e+04 9.787000000e+03 
9.751000000e+03 1.069700000e+04 
1.014800000e+04 9.757000000e+03 
9.809000000e+03 1.043800000e+04 
1.054300000e+04 9.604000000e+03 
1.027600000e+04 9.697000000e+03 
1.026100000e+04 9.711000000e+03 
1.044300000e+04 9.617000000e+03 
9.810000000e+03 1.036400000e+04 
1.020300000e+04 9.719000000e+03 
9.846000000e+03 1.033600000e+04 
9.756000000e+03 1.054300000e+04 
9.720000000e+03 1.072200000e+04 
1.029900000e+04 9.636000000e+03 
1.004300000e+04 9.925000000e+03 
9.740000000e+03 1.069900000e+04 
1.006900000e+04 9.831000000e+03 

9.561000000e+03 8.969000000e+03 
1.004400000e+04 8.536000000e+03 
9.618000000e+03 8.925000000e+03 
9.618000000e+03 8.925000000e+03 
9.464000000e+03 9.340000000e+03 
9.481000000e+03 9.204000000e+03 
9.656000000e+03 8.844000000e+03 
1.005900000e+04 8.521000000e+03 
9.448000000e+03 9.486000000e+03 
1.012800000e+04 8.498000000e+03 
9.849000000e+03 8.684000000e+03 
9.713000000e+03 8.805000000e+03 
9.618000000e+03 8.925000000e+03 
9.499000000e+03 9.032000000e+03 
1.012800000e+04 8.498000000e+03 
9.766000000e+03 8.716000000e+03 
9.618000000e+03 8.925000000e+03 
9.756000000e+03 8.754000000e+03 
1.013400000e+04 8.455000000e+03 
9.691000000e+03 8.807000000e+03 
9.498000000e+03 9.193000000e+03 
9.835000000e+03 8.713000000e+03 
9.567000000e+03 8.940000000e+03 
9.432000000e+03 9.492000000e+03 
9.876000000e+03 8.621000000e+03 
1.012800000e+04 8.498000000e+03 
9.713000000e+03 8.805000000e+03 
9.859000000e+03 8.648000000e+03 
9.940000000e+03 8.544000000e+03 
9.567000000e+03 8.940000000e+03 
9.448000000e+03 9.486000000e+03 
9.726000000e+03 8.777000000e+03 
9.675000000e+03 8.831000000e+03 

8.795000000e+03 9.185000000e+03 
8.911000000e+03 8.993000000e+03 
9.192000000e+03 8.934000000e+03 
8.716000000e+03 9.384000000e+03 
8.795000000e+03 9.185000000e+03 
9.304000000e+03 8.888000000e+03 
8.774000000e+03 9.329000000e+03 
9.110000000e+03 8.982000000e+03 
9.154000000e+03 8.960000000e+03 
8.663000000e+03 9.438000000e+03 
9.299000000e+03 8.924000000e+03 
8.761000000e+03 9.337000000e+03 
8.779000000e+03 9.275000000e+03 
8.817000000e+03 9.063000000e+03 
8.874000000e+03 9.053000000e+03 
8.741000000e+03 9.357000000e+03 
9.166000000e+03 8.937000000e+03 

9.205000000e+03 9.648000000e+03 
9.024000000e+03 9.947000000e+03 
9.205000000e+03 9.648000000e+03 
9.118000000e+03 9.702000000e+03 
1.009900000e+04 9.192000000e+03 
9.024000000e+03 9.947000000e+03 
9.167000000e+03 9.665000000e+03 
9.333000000e+03 9.447000000e+03 
9.108000000e+03 9.770000000e+03 
9.417000000e+03 9.363000000e+03 
8.985000000e+03 1.008400000e+04 
9.043000000e+03 9.865000000e+03 
9.294000000e+03 9.459000000e+03 
9.244000000e+03 9.522000000e+03 
9.080000000e+03 9.859000000e+03 
1.017500000e+04 9.182000000e+03 
8.985000000e+03 1.008400000e+04 
9.901000000e+03 9.206000000e+03 
9.537000000e+03 9.212000000e+03 
9.458000000e+03 9.295000000e+03 
9.333000000e+03 9.447000000e+03 
9.346000000e+03 9.389000000e+03 

9.165000000e+03 9.371000000e+03 
9.383000000e+03 9.306000000e+03 
9.093000000e+03 9.473000000e+03 
9.093000000e+03 9.473000000e+03 
8.793000000e+03 9.649000000e+03 
9.112000000e+03 9.404000000e+03 
8.933000000e+03 9.547000000e+03 
8.771000000e+03 9.995000000e+03 
9.016000000e+03 9.492000000e+03 
8.789000000e+03 9.981000000e+03 
8.873000000e+03 9.566000000e+03 
9.344000000e+03 9.335000000e+03 
9.186000000e+03 9.344000000e+03 
9.149000000e+03 9.392000000e+03 
9.165000000e+03 9.371000000e+03 
9.093000000e+03 9.473000000e+03 
9.093000000e+03 9.473000000e+03 
9.931000000e+03 9.210000000e+03 
8.789000000e+03 9.981000000e+03 
8.980000000e+03 9.528000000e+03 
9.519000000e+03 9.230000000e+03 
9.519000000e+03 9.230000000e+03 
8.841000000e+03 9.588000000e+03 

9.389000000e+03 9.412000000e+03 
9.930000000e+03 9.070000000e+03 
9.227000000e+03 9.495000000e+03 
9.292000000e+03 9.438000000e+03 
9.817000000e+03 9.145000000e+03 
9.814000000e+03 9.166000000e+03 
9.374000000e+03 9.430000000e+03 
9.680000000e+03 9.195000000e+03 
9.201000000e+03 9.632000000e+03 
9.400000000e+03 9.333000000e+03 
9.802000000e+03 9.186000000e+03 
9.552000000e+03 9.292000000e+03 
9.808000000e+03 9.172000000e+03 
9.600000000e+03 9.251000000e+03 
9.392000000e+03 9.337000000e+03 
9.630000000e+03 9.233000000e+03 
9.808000000e+03 9.172000000e+03 
9.480000000e+03 9.320000000e+03 
9.225000000e+03 9.543000000e+03 

9.215000000e+03 9.076000000e+03 
9.536000000e+03 8.837000000e+03 
9.009000000e+03 9.198000000e+03 
9.068000000e+03 9.193000000e+03 
9.536000000e+03 8.837000000e+03 
8.998000000e+03 9.347000000e+03 
9.230000000e+03 8.968000000e+03 
9.068000000e+03 9.193000000e+03 
9.261000000e+03 8.909000000e+03 
9.554000000e+03 8.769000000e+03 
9.254000000e+03 8.933000000e+03 
9.444000000e+03 8.907000000e+03 
9.081000000e+03 9.181000000e+03 
9.486000000e+03 8.905000000e+03 
9.536000000e+03 8.837000000e+03 
9.499000000e+03 8.862000000e+03 
9.624000000e+03 8.709000000e+03 
9.163000000e+03 9.130000000e+03 

1.050700000e+04 9.332000000e+03 
1.003700000e+04 9.461000000e+03 
9.545000000e+03 1.001700000e+04 
1.027500000e+04 9.402000000e+03 
9.711000000e+03 9.826000000e+03 
1.003100000e+04 9.469000000e+03 
1.036300000e+04 9.380000000e+03 
1.010500000e+04 9.407000000e+03 
9.873000000e+03 9.628000000e+03 
9.900000000e+03 9.585000000e+03 
9.545000000e+03 1.001700000e+04 
9.942000000e+03 9.533000000e+03 
9.809000000e+03 9.632000000e+03 
9.678000000e+03 9.845000000e+03 
9.779000000e+03 9.662000000e+03 
1.055300000e+04 9.317000000e+03 

8.773000000e+03 9.975000000e+03 
8.922000000e+03 9.754000000e+03 
8.714000000e+03 1.032200000e+04 
9.200000000e+03 9.502000000e+03 
8.866000000e+03 9.786000000e+03 
8.745000000e+03 1.027100000e+04 
8.957000000e+03 9.628000000e+03 
9.058000000e+03 9.536000000e+03 
9.244000000e+03 9.483000000e+03 
9.346000000e+03 9.453000000e+03 

9.514000000e+03 9.070000000e+03 
9.529000000e+03 9.049000000e+03 
9.844000000e+03 9.024000000e+03 
9.238000000e+03 9.361000000e+03 
9.103000000e+03 9.774000000e+03 
9.256000000e+03 9.224000000e+03 
9.113000000e+03 9.430000000e+03 
9.843000000e+03 9.034000000e+03 
9.113000000e+03 9.430000000e+03 
9.585000000e+03 9.035000000e+03 
9.411000000e+03 9.180000000e+03 
9.441000000e+03 9.104000000e+03 
9.207000000e+03 9.375000000e+03 

8.524000000e+03 1.039000000e+04 
8.716000000e+03 9.940000000e+03 
8.490000000e+03 1.051300000e+04 
8.762000000e+03 9.890000000e+03 
8.799000000e+03 9.859000000e+03 
8.743000000e+03 9.928000000e+03 
8.570000000e+03 1.034600000e+04 
8.572000000e+03 1.023900000e+04 
8.820000000e+03 9.834000000e+03 
8.577000000e+03 1.016300000e+04 
8.772000000e+03 9.886000000e+03 
8.754000000e+03 9.903000000e+03 
8.653000000e+03 1.002800000e+04 
8.581000000e+03 1.016000000e+04 
8.597000000e+03 1.013800000e+04 
8.782000000e+03 9.878000000e+03 
8.757000000e+03 9.900000000e+03 
8.599000000e+03 1.007700000e+04 
8.677000000e+03 9.972000000e+03 
8.833000000e+03 9.687000000e+03 
8.581000000e+03 1.016000000e+04 
8.782000000e+03 9.878000000e+03 

9.292000000e+03 9.337000000e+03 
9.726000000e+03 8.958000000e+03 
9.393000000e+03 9.040000000e+03 
9.279000000e+03 9.388000000e+03 
9.636000000e+03 9.034000000e+03 
9.642000000e+03 9.024000000e+03 
9.282000000e+03 9.376000000e+03 
9.298000000e+03 9.165000000e+03 
9.267000000e+03 9.464000000e+03 

9.874000000e+03 9.672000000e+03 
1.000600000e+04 9.552000000e+03 
1.045200000e+04 9.310000000e+03 
1.007000000e+04 9.410000000e+03 
1.007000000e+04 9.410000000e+03 
9.838000000e+03 9.724000000e+03 
9.817000000e+03 9.843000000e+03 
1.002100000e+04 9.541000000e+03 
1.032700000e+04 9.315000000e+03 
9.788000000e+03 1.002100000e+04 
1.022700000e+04 9.333000000e+03 
1.014400000e+04 9.388000000e+03 
9.797000000e+03 9.970000000e+03 
1.006700000e+04 9.427000000e+03 
9.938000000e+03 9.597000000e+03 
9.806000000e+03 9.949000000e+03 

9.125000000e+03 1.002900000e+04 
9.005000000e+03 1.014000000e+04 
9.144000000e+03 1.001600000e+04 
9.758000000e+03 9.636000000e+03 
8.918000000e+03 1.023300000e+04 
9.255000000e+03 9.936000000e+03 
9.144000000e+03 1.001600000e+04 
9.664000000e+03 9.754000000e+03 
9.144000000e+03 1.001600000e+04 
9.200000000e+03 9.981000000e+03 
9.703000000e+03 9.723000000e+03 
8.918000000e+03 1.023300000e+04 
9.601000000e+03 9.782000000e+03 
8.938000000e+03 1.021400000e+04 
9.331000000e+03 9.856000000e+03 
9.483000000e+03 9.834000000e+03 
8.808000000e+03 1.031300000e+04 

8.742000000e+03 9.279000000e+03 
9.051000000e+03 8.700000000e+03 
8.864000000e+03 9.030000000e+03 
9.088000000e+03 8.465000000e+03 
8.866000000e+03 8.762000000e+03 
8.785000000e+03 9.204000000e+03 
8.873000000e+03 8.707000000e+03 
8.773000000e+03 9.237000000e+03 
8.800000000e+03 9.036000000e+03 
8.864000000e+03 9.030000000e+03 
8.864000000e+03 9.030000000e+03 
8.785000000e+03 9.204000000e+03 
8.792000000e+03 9.168000000e+03 

9.156000000e+03 1.010000000e+04 
9.053000000e+03 1.043500000e+04 
9.354000000e+03 9.864000000e+03 
9.065000000e+03 1.039100000e+04 
9.233000000e+03 9.919000000e+03 
9.102000000e+03 1.025600000e+04 
9.533000000e+03 9.701000000e+03 
9.369000000e+03 9.823000000e+03 
9.102000000e+03 1.025600000e+04 
9.068000000e+03 1.029000000e+04 
9.521000000e+03 9.724000000e+03 
9.424000000e+03 9.783000000e+03 
9.165000000e+03 1.008900000e+04 
9.102000000e+03 1.025600000e+04 
9.264000000e+03 9.895000000e+03 
9.191000000e+03 9.932000000e+03 
9.163000000e+03 1.009000000e+04 
9.269000000e+03 9.881000000e+03 
9.136000000e+03 1.010900000e+04 
9.185000000e+03 1.001900000e+04 
9.521000000e+03 9.724000000e+03 
9.297000000e+03 9.872000000e+03 
9.467000000e+03 9.749000000e+03 
9.491000000e+03 9.736000000e+03 
9.540000000e+03 9.649000000e+03 

9.431000000e+03 9.675000000e+03 
9.117000000e+03 1.014000000e+04 
9.932000000e+03 9.628000000e+03 
9.395000000e+03 9.734000000e+03 
9.357000000e+03 9.851000000e+03 
9.102000000e+03 1.018700000e+04 
9.323000000e+03 9.852000000e+03 
9.078000000e+03 1.020600000e+04 
9.224000000e+03 9.947000000e+03 
9.173000000e+03 1.006900000e+04 
9.414000000e+03 9.689000000e+03 
9.161000000e+03 1.012000000e+04 
9.224000000e+03 9.947000000e+03 
9.517000000e+03 9.669000000e+03 
9.255000000e+03 9.856000000e+03 
9.163000000e+03 1.008900000e+04 
9.584000000e+03 9.631000000e+03 
9.212000000e+03 9.976000000e+03 
9.247000000e+03 9.896000000e+03 
9.204000000e+03 1.006500000e+04 

9.831000000e+03 9.598000000e+03 
1.055700000e+04 8.987000000e+03 
1.023400000e+04 9.162000000e+03 
1.003400000e+04 9.339000000e+03 
1.054100000e+04 9.017000000e+03 
9.946000000e+03 9.407000000e+03 
9.983000000e+03 9.401000000e+03 
1.024700000e+04 9.132000000e+03 
1.001800000e+04 9.385000000e+03 
1.016900000e+04 9.190000000e+03 
1.030600000e+04 9.091000000e+03 
1.019300000e+04 9.186000000e+03 
1.012400000e+04 9.239000000e+03 
9.993000000e+03 9.400000000e+03 
1.012400000e+04 9.239000000e+03 
1.003500000e+04 9.320000000e+03 
9.857000000e+03 9.506000000e+03 
1.023700000e+04 9.160000000e+03 
9.907000000e+03 9.477000000e+03 
1.011200000e+04 9.276000000e+03 

9.469000000e+03 9.905000000e+03 
9.852000000e+03 9.110000000e+03 
9.713000000e+03 9.190000000e+03 
9.512000000e+03 9.458000000e+03 
9.741000000e+03 9.125000000e+03 
9.616000000e+03 9.282000000e+03 
9.559000000e+03 9.346000000e+03 
9.579000000e+03 9.318000000e+03 
9.603000000e+03 9.297000000e+03 
9.415000000e+03 9.950000000e+03 
9.536000000e+03 9.428000000e+03 
9.666000000e+03 9.195000000e+03 
9.913000000e+03 9.088000000e+03 
9.640000000e+03 9.207000000e+03 
9.489000000e+03 9.719000000e+03 
9.722000000e+03 9.183000000e+03 
9.883000000e+03 9.104000000e+03 
9.666000000e+03 9.195000000e+03 
9.991000000e+03 9.018000000e+03 

9.079000000e+03 9.079000000e+03 
9.032000000e+03 9.366000000e+03 
9.047000000e+03 9.176000000e+03 
9.658000000e+03 8.719000000e+03 
9.034000000e+03 9.345000000e+03 
9.034000000e+03 9.345000000e+03 
9.831000000e+03 8.694000000e+03 
9.444000000e+03 8.853000000e+03 
9.447000000e+03 8.817000000e+03 
9.034000000e+03 9.345000000e+03 
9.034000000e+03 9.345000000e+03 
9.034000000e+03 9.345000000e+03 
9.053000000e+03 9.173000000e+03 
9.704000000e+03 8.705000000e+03 
9.583000000e+03 8.784000000e+03 
9.553000000e+03 8.794000000e+03 
9.831000000e+03 8.694000000e+03 
9.106000000e+03 8.975000000e+03 
9.053000000e+03 9.173000000e+03 
9.053000000e+03 9.173000000e+03 
9.236000000e+03 8.918000000e+03 
9.292000000e+03 8.867000000e+03 
9.496000000e+03 8.796000000e+03 
9.082000000e+03 9.044000000e+03 

1.011200000e+04 9.224000000e+03 
9.317000000e+03 9.588000000e+03 
9.874000000e+03 9.312000000e+03 
9.284000000e+03 9.714000000e+03 
9.445000000e+03 9.476000000e+03 
9.434000000e+03 9.485000000e+03 
9.148000000e+03 1.004900000e+04 
1.003100000e+04 9.272000000e+03 
9.527000000e+03 9.400000000e+03 
9.455000000e+03 9.445000000e+03 
9.523000000e+03 9.409000000e+03 
9.499000000e+03 9.433000000e+03 
9.336000000e+03 9.505000000e+03 
9.155000000e+03 9.925000000e+03 
1.006300000e+04 9.260000000e+03 
9.679000000e+03 9.350000000e+03 
9.455000000e+03 9.445000000e+03 
1.008900000e+04 9.227000000e+03 
9.155000000e+03 9.925000000e+03 
9.207000000e+03 9.914000000e+03 
9.214000000e+03 9.743000000e+03 
9.273000000e+03 9.737000000e+03 
9.637000000e+03 9.393000000e+03 
9.210000000e+03 9.894000000e+03 
9.637000000e+03 9.393000000e+03 
9.303000000e+03 9.640000000e+03 
9.527000000e+03 9.400000000e+03 
1.007100000e+04 9.242000000e+03 
9.433000000e+03 9.503000000e+03 
9.129000000e+03 1.009900000e+04 
9.523000000e+03 9.409000000e+03 
9.748000000e+03 9.344000000e+03 

9.561000000e+03 9.352000000e+03 
9.736000000e+03 9.246000000e+03 
1.014700000e+04 9.169000000e+03 
9.910000000e+03 9.176000000e+03 
9.476000000e+03 9.367000000e+03 
9.588000000e+03 9.315000000e+03 
9.922000000e+03 9.171000000e+03 
9.649000000e+03 9.260000000e+03 
9.719000000e+03 9.255000000e+03 
9.740000000e+03 9.205000000e+03 

9.365000000e+03 9.708000000e+03 
9.664000000e+03 9.490000000e+03 
9.245000000e+03 9.781000000e+03 
9.468000000e+03 9.635000000e+03 
9.631000000e+03 9.543000000e+03 
9.642000000e+03 9.518000000e+03 
9.569000000e+03 9.545000000e+03 
9.150000000e+03 9.928000000e+03 
9.390000000e+03 9.649000000e+03 
9.664000000e+03 9.490000000e+03 
9.173000000e+03 9.837000000e+03 
9.301000000e+03 9.731000000e+03 
9.712000000e+03 9.367000000e+03 

9.290000000e+03 9.759000000e+03 
9.433000000e+03 9.643000000e+03 
9.439000000e+03 9.619000000e+03 
9.641000000e+03 9.334000000e+03 
9.560000000e+03 9.395000000e+03 
9.449000000e+03 9.484000000e+03 
9.520000000e+03 9.469000000e+03 
9.449000000e+03 9.484000000e+03 
9.405000000e+03 9.660000000e+03 
9.929000000e+03 9.261000000e+03 
9.915000000e+03 9.274000000e+03 
9.332000000e+03 9.687000000e+03 
9.350000000e+03 9.681000000e+03 
9.632000000e+03 9.339000000e+03 
9.698000000e+03 9.298000000e+03 
9.418000000e+03 9.645000000e+03 

9.610000000e+03 8.880000000e+03 
8.992000000e+03 9.346000000e+03 
9.035000000e+03 9.211000000e+03 
9.077000000e+03 9.128000000e+03 
9.263000000e+03 8.932000000e+03 
9.263000000e+03 8.932000000e+03 
9.387000000e+03 8.930000000e+03 
9.042000000e+03 9.188000000e+03 
9.263000000e+03 8.932000000e+03 
9.042000000e+03 9.188000000e+03 
8.964000000e+03 9.450000000e+03 
9.263000000e+03 8.932000000e+03 
9.190000000e+03 8.967000000e+03 
9.108000000e+03 9.045000000e+03 
9.042000000e+03 9.188000000e+03 
9.050000000e+03 9.155000000e+03 
8.969000000e+03 9.440000000e+03 
8.992000000e+03 9.346000000e+03 
9.399000000e+03 8.884000000e+03 
9.035000000e+03 9.211000000e+03 
9.005000000e+03 9.261000000e+03 
8.940000000e+03 9.491000000e+03 
8.902000000e+03 9.614000000e+03 

9.614000000e+03 9.007000000e+03 
9.538000000e+03 9.119000000e+03 
9.622000000e+03 8.942000000e+03 
9.546000000e+03 9.052000000e+03 
9.538000000e+03 9.119000000e+03 
9.737000000e+03 8.902000000e+03 
9.655000000e+03 8.934000000e+03 
9.591000000e+03 9.037000000e+03 
9.655000000e+03 8.934000000e+03 
9.979000000e+03 8.856000000e+03 
9.517000000e+03 9.126000000e+03 
9.538000000e+03 9.119000000e+03 

9.321000000e+03 9.154000000e+03 
9.515000000e+03 8.823000000e+03 
9.757000000e+03 8.800000000e+03 
9.324000000e+03 9.119000000e+03 
9.515000000e+03 8.823000000e+03 
9.325000000e+03 9.022000000e+03 
9.358000000e+03 8.985000000e+03 
9.487000000e+03 8.892000000e+03 
9.275000000e+03 9.158000000e+03 
9.394000000e+03 8.911000000e+03 
9.321000000e+03 9.154000000e+03 
9.324000000e+03 9.119000000e+03 

