1.017800000e+04 9.374000000e+03 
9.461000000e+03 1.004300000e+04 
9.807000000e+03 9.503000000e+03 
9.989000000e+03 9.405000000e+03 
9.773000000e+03 9.507000000e+03 
9.773000000e+03 9.507000000e+03 
9.496000000e+03 9.824000000e+03 
9.476000000e+03 1.002800000e+04 
9.842000000e+03 9.422000000e+03 
9.643000000e+03 9.668000000e+03 
9.769000000e+03 9.571000000e+03 
9.306000000e+03 1.015900000e+04 
9.366000000e+03 1.010000000e+04 
9.499000000e+03 9.675000000e+03 
1.003200000e+04 9.403000000e+03 
9.756000000e+03 9.659000000e+03 
9.480000000e+03 9.893000000e+03 

1.011500000e+04 9.892000000e+03 
9.482000000e+03 1.031200000e+04 
9.749000000e+03 1.001800000e+04 
1.016200000e+04 9.891000000e+03 
1.032900000e+04 9.815000000e+03 
9.536000000e+03 1.018700000e+04 
9.984000000e+03 9.907000000e+03 
1.031100000e+04 9.858000000e+03 
9.778000000e+03 9.988000000e+03 
9.893000000e+03 9.922000000e+03 
9.463000000e+03 1.035200000e+04 
9.434000000e+03 1.049900000e+04 
1.011500000e+04 9.892000000e+03 
1.028200000e+04 9.883000000e+03 
9.770000000e+03 1.001100000e+04 
9.770000000e+03 1.001100000e+04 
9.438000000e+03 1.035500000e+04 
1.016200000e+04 9.891000000e+03 
1.030500000e+04 9.859000000e+03 
9.770000000e+03 1.001100000e+04 
9.544000000e+03 1.004900000e+04 
9.599000000e+03 1.003100000e+04 
1.052500000e+04 9.768000000e+03 
9.812000000e+03 9.983000000e+03 

9.916000000e+03 1.043100000e+04 
9.876000000e+03 1.055300000e+04 
9.876000000e+03 1.055300000e+04 
9.917000000e+03 1.033200000e+04 
1.033600000e+04 1.007300000e+04 
9.907000000e+03 1.053400000e+04 
9.916000000e+03 1.043100000e+04 
9.977000000e+03 1.010100000e+04 
1.046700000e+04 9.978000000e+03 
9.936000000e+03 1.032800000e+04 

1.031100000e+04 1.065900000e+04 
1.021300000e+04 1.081000000e+04 
1.120900000e+04 9.944000000e+03 
1.063800000e+04 1.008300000e+04 
1.037100000e+04 1.064300000e+04 
1.024700000e+04 1.074400000e+04 
1.025100000e+04 1.070900000e+04 
1.024700000e+04 1.074400000e+04 
1.031300000e+04 1.064600000e+04 
1.024600000e+04 1.077700000e+04 
1.039700000e+04 1.040600000e+04 
1.029200000e+04 1.067200000e+04 
1.052200000e+04 1.015100000e+04 
1.024700000e+04 1.074400000e+04 
1.068600000e+04 1.005300000e+04 
1.048100000e+04 1.028900000e+04 
1.037400000e+04 1.060000000e+04 
1.102000000e+04 9.995000000e+03 

1.008100000e+04 8.998000000e+03 
1.082600000e+04 8.751000000e+03 
1.012600000e+04 8.936000000e+03 
1.036600000e+04 8.782000000e+03 
9.998000000e+03 9.517000000e+03 
1.028500000e+04 8.847000000e+03 
1.003400000e+04 9.358000000e+03 
1.009100000e+04 8.947000000e+03 
1.031700000e+04 8.820000000e+03 
1.027800000e+04 8.912000000e+03 
1.003500000e+04 9.141000000e+03 
1.031100000e+04 8.823000000e+03 
1.027700000e+04 8.928000000e+03 
1.040000000e+04 8.765000000e+03 
1.009100000e+04 8.947000000e+03 
1.027800000e+04 8.912000000e+03 

9.321000000e+03 9.924000000e+03 
9.464000000e+03 9.733000000e+03 
9.587000000e+03 9.633000000e+03 
9.288000000e+03 1.002900000e+04 
9.321000000e+03 9.924000000e+03 
9.780000000e+03 9.463000000e+03 
9.701000000e+03 9.511000000e+03 
9.405000000e+03 9.882000000e+03 
9.447000000e+03 9.757000000e+03 
9.618000000e+03 9.543000000e+03 
9.790000000e+03 9.445000000e+03 
9.412000000e+03 9.836000000e+03 
9.301000000e+03 9.988000000e+03 
9.321000000e+03 9.924000000e+03 

1.009400000e+04 9.931000000e+03 
9.579000000e+03 1.064100000e+04 
9.597000000e+03 1.047400000e+04 
9.849000000e+03 1.019500000e+04 
9.617000000e+03 1.043700000e+04 
9.704000000e+03 1.028500000e+04 
1.005800000e+04 9.964000000e+03 
9.744000000e+03 1.022200000e+04 
1.023300000e+04 9.860000000e+03 
1.036500000e+04 9.800000000e+03 
9.829000000e+03 1.021100000e+04 
9.916000000e+03 1.002000000e+04 
9.614000000e+03 1.047000000e+04 
9.617000000e+03 1.043700000e+04 
9.704000000e+03 1.028500000e+04 
9.684000000e+03 1.038600000e+04 
1.047200000e+04 9.762000000e+03 

9.527000000e+03 1.060500000e+04 
9.702000000e+03 1.010700000e+04 
9.465000000e+03 1.066600000e+04 
9.567000000e+03 1.024000000e+04 
9.849000000e+03 9.960000000e+03 
9.932000000e+03 9.925000000e+03 
9.670000000e+03 1.018400000e+04 
9.826000000e+03 1.001600000e+04 
9.533000000e+03 1.034700000e+04 
9.980000000e+03 9.810000000e+03 

9.997000000e+03 1.016500000e+04 
1.017800000e+04 9.713000000e+03 
1.022200000e+04 9.642000000e+03 
1.030100000e+04 9.626000000e+03 
1.004900000e+04 1.001400000e+04 
1.001100000e+04 1.002600000e+04 
1.010300000e+04 9.778000000e+03 
1.008900000e+04 9.888000000e+03 
1.015900000e+04 9.736000000e+03 
9.980000000e+03 1.023400000e+04 

9.787000000e+03 9.748000000e+03 
1.007000000e+04 9.406000000e+03 
1.007700000e+04 9.354000000e+03 
9.780000000e+03 9.753000000e+03 
1.075200000e+04 9.294000000e+03 
9.732000000e+03 9.780000000e+03 
9.980000000e+03 9.454000000e+03 
1.075200000e+04 9.294000000e+03 
9.719000000e+03 9.844000000e+03 
1.012000000e+04 9.344000000e+03 
1.002300000e+04 9.429000000e+03 
9.794000000e+03 9.709000000e+03 
1.034800000e+04 9.317000000e+03 
9.780000000e+03 9.753000000e+03 
1.002300000e+04 9.429000000e+03 
9.861000000e+03 9.488000000e+03 
1.044400000e+04 9.298000000e+03 
9.516000000e+03 1.008800000e+04 
1.027300000e+04 9.339000000e+03 
1.007200000e+04 9.399000000e+03 
9.676000000e+03 9.862000000e+03 
9.597000000e+03 9.879000000e+03 
9.595000000e+03 9.988000000e+03 

1.021100000e+04 1.029100000e+04 
1.080000000e+04 9.891000000e+03 
1.051400000e+04 1.005700000e+04 
1.062300000e+04 9.972000000e+03 
1.051600000e+04 1.003200000e+04 
1.017000000e+04 1.035100000e+04 
1.076900000e+04 9.896000000e+03 
1.071500000e+04 9.901000000e+03 
1.030800000e+04 1.018700000e+04 
1.027200000e+04 1.020600000e+04 
1.038200000e+04 1.011900000e+04 
1.043400000e+04 1.006900000e+04 

9.471000000e+03 1.056200000e+04 
9.610000000e+03 1.013200000e+04 
9.477000000e+03 1.049300000e+04 
9.422000000e+03 1.060200000e+04 
9.569000000e+03 1.038600000e+04 
9.622000000e+03 1.007400000e+04 
9.471000000e+03 1.056200000e+04 
9.544000000e+03 1.045000000e+04 
9.970000000e+03 9.979000000e+03 
9.524000000e+03 1.048400000e+04 
9.328000000e+03 1.092800000e+04 
9.341000000e+03 1.070700000e+04 
9.370000000e+03 1.061900000e+04 
9.427000000e+03 1.058300000e+04 
9.849000000e+03 1.002700000e+04 
9.993000000e+03 9.950000000e+03 

9.754000000e+03 9.798000000e+03 
1.019800000e+04 9.564000000e+03 
9.884000000e+03 9.705000000e+03 
9.660000000e+03 1.000000000e+04 
9.745000000e+03 9.848000000e+03 
9.718000000e+03 9.852000000e+03 
9.700000000e+03 9.870000000e+03 
1.006500000e+04 9.593000000e+03 
1.034900000e+04 9.500000000e+03 
9.819000000e+03 9.712000000e+03 
9.628000000e+03 1.003500000e+04 
9.591000000e+03 1.006600000e+04 
9.959000000e+03 9.598000000e+03 
9.684000000e+03 9.959000000e+03 
1.028400000e+04 9.521000000e+03 
1.021200000e+04 9.561000000e+03 
9.697000000e+03 9.882000000e+03 
9.609000000e+03 1.003800000e+04 

9.737000000e+03 1.024700000e+04 
9.737000000e+03 1.024700000e+04 
9.305000000e+03 1.042500000e+04 
9.145000000e+03 1.062200000e+04 
9.480000000e+03 1.028200000e+04 
9.470000000e+03 1.029200000e+04 
9.115000000e+03 1.081800000e+04 
9.580000000e+03 1.025300000e+04 
9.130000000e+03 1.072000000e+04 
9.332000000e+03 1.036600000e+04 
9.171000000e+03 1.057100000e+04 
9.173000000e+03 1.055400000e+04 
9.449000000e+03 1.031300000e+04 
9.171000000e+03 1.057100000e+04 
9.573000000e+03 1.027600000e+04 
9.214000000e+03 1.048700000e+04 
9.208000000e+03 1.053000000e+04 
9.064000000e+03 1.087100000e+04 

9.767000000e+03 9.986000000e+03 
9.970000000e+03 9.782000000e+03 
9.714000000e+03 1.006800000e+04 
9.992000000e+03 9.742000000e+03 
9.771000000e+03 9.901000000e+03 
9.992000000e+03 9.742000000e+03 
9.947000000e+03 9.827000000e+03 
9.959000000e+03 9.822000000e+03 
9.908000000e+03 9.835000000e+03 
1.003500000e+04 9.505000000e+03 

1.035300000e+04 1.021600000e+04 
1.067400000e+04 9.900000000e+03 
1.034700000e+04 1.038900000e+04 
1.052400000e+04 9.949000000e+03 
1.034600000e+04 1.043000000e+04 
1.050600000e+04 1.007300000e+04 
1.041600000e+04 1.014000000e+04 
1.045300000e+04 1.010300000e+04 
1.040000000e+04 1.017100000e+04 
1.092300000e+04 9.873000000e+03 
1.045600000e+04 1.008800000e+04 

9.865000000e+03 1.037800000e+04 
9.911000000e+03 1.036600000e+04 
9.449000000e+03 1.075400000e+04 
1.007800000e+04 1.017700000e+04 
9.772000000e+03 1.043100000e+04 
9.751000000e+03 1.043900000e+04 
9.806000000e+03 1.040700000e+04 
9.951000000e+03 1.027300000e+04 
9.596000000e+03 1.063700000e+04 
1.029800000e+04 1.015500000e+04 
9.495000000e+03 1.068800000e+04 
9.605000000e+03 1.058800000e+04 
9.388000000e+03 1.080000000e+04 
9.421000000e+03 1.079500000e+04 

9.499000000e+03 9.560000000e+03 
9.500000000e+03 9.526000000e+03 
9.570000000e+03 9.508000000e+03 
9.712000000e+03 9.277000000e+03 
9.626000000e+03 9.317000000e+03 
9.584000000e+03 9.427000000e+03 
9.573000000e+03 9.455000000e+03 
9.565000000e+03 9.516000000e+03 
9.425000000e+03 9.599000000e+03 
9.392000000e+03 9.631000000e+03 
9.457000000e+03 9.579000000e+03 
9.804000000e+03 9.117000000e+03 

9.858000000e+03 1.045900000e+04 
1.013800000e+04 1.036800000e+04 
9.829000000e+03 1.056900000e+04 
1.017800000e+04 1.028300000e+04 
9.854000000e+03 1.046200000e+04 
1.005000000e+04 1.037900000e+04 
9.940000000e+03 1.044300000e+04 
9.686000000e+03 1.059300000e+04 

9.616000000e+03 1.080300000e+04 
1.003800000e+04 1.031900000e+04 
1.009800000e+04 1.030000000e+04 
9.724000000e+03 1.076700000e+04 
9.783000000e+03 1.057400000e+04 
9.743000000e+03 1.074700000e+04 
9.707000000e+03 1.078700000e+04 
9.707000000e+03 1.078700000e+04 
1.013400000e+04 1.028800000e+04 
9.917000000e+03 1.033400000e+04 
9.854000000e+03 1.038600000e+04 
1.018400000e+04 1.025500000e+04 
1.019100000e+04 1.022700000e+04 

1.138200000e+04 9.587000000e+03 
1.065200000e+04 9.735000000e+03 
1.075200000e+04 9.725000000e+03 
1.058500000e+04 9.814000000e+03 
1.156600000e+04 9.547000000e+03 
1.065200000e+04 9.735000000e+03 
1.152500000e+04 9.569000000e+03 
1.060800000e+04 9.794000000e+03 
1.075300000e+04 9.700000000e+03 
1.059400000e+04 9.808000000e+03 
1.046600000e+04 9.983000000e+03 
1.075800000e+04 9.605000000e+03 
1.097800000e+04 9.601000000e+03 
1.094600000e+04 9.604000000e+03 
1.052800000e+04 9.818000000e+03 
1.050700000e+04 9.864000000e+03 
1.064500000e+04 9.778000000e+03 

1.024200000e+04 9.658000000e+03 
9.830000000e+03 1.014600000e+04 
1.013000000e+04 9.717000000e+03 
1.012300000e+04 9.787000000e+03 
1.062200000e+04 9.531000000e+03 
1.037300000e+04 9.602000000e+03 
9.870000000e+03 1.009100000e+04 
1.012300000e+04 9.787000000e+03 
9.870000000e+03 1.009100000e+04 
1.079300000e+04 9.486000000e+03 
1.009800000e+04 9.908000000e+03 
1.006900000e+04 9.990000000e+03 
1.003900000e+04 1.000600000e+04 
1.078300000e+04 9.522000000e+03 
1.028700000e+04 9.637000000e+03 
1.054200000e+04 9.585000000e+03 
1.056200000e+04 9.584000000e+03 
1.010300000e+04 9.828000000e+03 
1.007600000e+04 9.923000000e+03 
9.978000000e+03 1.004000000e+04 

9.948000000e+03 9.474000000e+03 
1.036400000e+04 9.306000000e+03 
1.029600000e+04 9.355000000e+03 
1.017800000e+04 9.378000000e+03 
9.801000000e+03 1.007700000e+04 
9.946000000e+03 9.613000000e+03 
9.832000000e+03 1.006300000e+04 
9.860000000e+03 9.723000000e+03 
1.037900000e+04 9.302000000e+03 
9.871000000e+03 9.642000000e+03 
1.036400000e+04 9.306000000e+03 
9.835000000e+03 9.996000000e+03 
9.856000000e+03 9.760000000e+03 
1.040200000e+04 9.263000000e+03 

9.469000000e+03 1.046700000e+04 
9.691000000e+03 1.015700000e+04 
9.535000000e+03 1.031600000e+04 
9.850000000e+03 9.987000000e+03 
9.662000000e+03 1.016300000e+04 
9.582000000e+03 1.019600000e+04 
9.777000000e+03 1.003800000e+04 
1.014200000e+04 9.889000000e+03 
9.719000000e+03 1.012000000e+04 

1.011500000e+04 1.031800000e+04 
1.022000000e+04 9.753000000e+03 
1.013100000e+04 1.004800000e+04 
1.033100000e+04 9.740000000e+03 
1.014300000e+04 9.947000000e+03 

9.676000000e+03 1.056900000e+04 
9.682000000e+03 1.043700000e+04 
9.937000000e+03 1.019900000e+04 
9.641000000e+03 1.062700000e+04 
9.989000000e+03 1.016800000e+04 
9.912000000e+03 1.031400000e+04 
9.989000000e+03 1.016800000e+04 
9.675000000e+03 1.061500000e+04 
9.805000000e+03 1.034100000e+04 
9.989000000e+03 1.016800000e+04 

9.925000000e+03 1.009000000e+04 
1.044300000e+04 9.811000000e+03 
1.013700000e+04 9.910000000e+03 
9.925000000e+03 1.009000000e+04 
9.986000000e+03 1.002300000e+04 
9.868000000e+03 1.013400000e+04 
1.030800000e+04 9.871000000e+03 

9.929000000e+03 9.452000000e+03 
9.569000000e+03 9.721000000e+03 
9.482000000e+03 9.840000000e+03 
9.596000000e+03 9.636000000e+03 
9.481000000e+03 9.884000000e+03 
9.686000000e+03 9.539000000e+03 
9.713000000e+03 9.521000000e+03 
9.904000000e+03 9.472000000e+03 
9.619000000e+03 9.614000000e+03 
9.667000000e+03 9.594000000e+03 
9.482000000e+03 9.840000000e+03 
1.007000000e+04 9.415000000e+03 
9.678000000e+03 9.558000000e+03 
9.904000000e+03 9.472000000e+03 

1.038300000e+04 9.508000000e+03 
1.009800000e+04 9.779000000e+03 
9.990000000e+03 9.842000000e+03 
1.038400000e+04 9.503000000e+03 
1.018700000e+04 9.597000000e+03 
1.004800000e+04 9.820000000e+03 
1.049400000e+04 9.348000000e+03 
1.007100000e+04 9.795000000e+03 
1.050700000e+04 9.337000000e+03 
1.010500000e+04 9.651000000e+03 
1.039400000e+04 9.471000000e+03 
1.051400000e+04 9.209000000e+03 
1.042400000e+04 9.413000000e+03 
1.031200000e+04 9.580000000e+03 

1.011300000e+04 9.486000000e+03 
1.003300000e+04 9.715000000e+03 
9.954000000e+03 9.873000000e+03 
1.031000000e+04 9.483000000e+03 
1.007600000e+04 9.541000000e+03 
1.035500000e+04 9.482000000e+03 
1.000500000e+04 9.794000000e+03 
1.006900000e+04 9.699000000e+03 
1.002800000e+04 9.737000000e+03 

