9.265000000e+03 8.816000000e+03 
9.177000000e+03 9.000000000e+03 
9.241000000e+03 8.838000000e+03 
9.020000000e+03 9.063000000e+03 
9.106000000e+03 9.057000000e+03 
8.970000000e+03 9.131000000e+03 
9.329000000e+03 8.794000000e+03 
8.970000000e+03 9.131000000e+03 
9.177000000e+03 9.000000000e+03 
9.221000000e+03 8.915000000e+03 
9.132000000e+03 9.011000000e+03 
9.893000000e+03 8.634000000e+03 
8.935000000e+03 9.229000000e+03 
9.174000000e+03 9.009000000e+03 
9.174000000e+03 9.009000000e+03 
8.935000000e+03 9.229000000e+03 
8.954000000e+03 9.156000000e+03 
9.106000000e+03 9.057000000e+03 
9.177000000e+03 9.000000000e+03 
9.177000000e+03 9.000000000e+03 
9.177000000e+03 9.000000000e+03 
8.954000000e+03 9.156000000e+03 
8.933000000e+03 9.237000000e+03 
8.954000000e+03 9.156000000e+03 
9.177000000e+03 9.000000000e+03 
8.992000000e+03 9.120000000e+03 
9.187000000e+03 8.927000000e+03 
8.954000000e+03 9.156000000e+03 
9.177000000e+03 9.000000000e+03 
8.954000000e+03 9.156000000e+03 
9.929000000e+03 8.602000000e+03 
9.184000000e+03 8.976000000e+03 
9.355000000e+03 8.761000000e+03 
8.954000000e+03 9.156000000e+03 
8.935000000e+03 9.229000000e+03 
9.106000000e+03 9.057000000e+03 
9.492000000e+03 8.679000000e+03 

8.864000000e+03 9.418000000e+03 
9.025000000e+03 9.205000000e+03 
9.080000000e+03 9.149000000e+03 
8.772000000e+03 9.500000000e+03 
8.870000000e+03 9.391000000e+03 
8.806000000e+03 9.442000000e+03 
8.879000000e+03 9.358000000e+03 
9.038000000e+03 9.188000000e+03 
9.316000000e+03 9.005000000e+03 
8.962000000e+03 9.236000000e+03 
9.325000000e+03 8.939000000e+03 
9.159000000e+03 9.088000000e+03 
9.107000000e+03 9.139000000e+03 
8.805000000e+03 9.476000000e+03 
9.319000000e+03 8.974000000e+03 
9.263000000e+03 9.048000000e+03 
9.322000000e+03 8.948000000e+03 
9.060000000e+03 9.179000000e+03 
9.146000000e+03 9.109000000e+03 
9.038000000e+03 9.188000000e+03 
9.560000000e+03 8.868000000e+03 
8.879000000e+03 9.358000000e+03 
8.887000000e+03 9.310000000e+03 
9.231000000e+03 9.061000000e+03 
8.648000000e+03 9.800000000e+03 
9.154000000e+03 9.108000000e+03 
8.806000000e+03 9.442000000e+03 
8.870000000e+03 9.391000000e+03 
8.864000000e+03 9.418000000e+03 
8.870000000e+03 9.391000000e+03 
8.911000000e+03 9.288000000e+03 
8.718000000e+03 9.609000000e+03 
9.474000000e+03 8.909000000e+03 
8.805000000e+03 9.476000000e+03 
8.970000000e+03 9.216000000e+03 
9.263000000e+03 9.048000000e+03 
8.744000000e+03 9.573000000e+03 
8.879000000e+03 9.358000000e+03 
8.629000000e+03 9.832000000e+03 
8.754000000e+03 9.522000000e+03 
9.281000000e+03 9.014000000e+03 
8.663000000e+03 9.617000000e+03 

9.091000000e+03 9.614000000e+03 
9.095000000e+03 9.542000000e+03 
9.403000000e+03 9.356000000e+03 
8.936000000e+03 9.726000000e+03 
9.179000000e+03 9.442000000e+03 
9.410000000e+03 9.336000000e+03 
9.426000000e+03 9.323000000e+03 
9.385000000e+03 9.383000000e+03 
9.061000000e+03 9.654000000e+03 
9.353000000e+03 9.402000000e+03 
9.007000000e+03 9.656000000e+03 
9.151000000e+03 9.527000000e+03 
9.382000000e+03 9.394000000e+03 
9.327000000e+03 9.404000000e+03 
9.362000000e+03 9.397000000e+03 
9.505000000e+03 9.226000000e+03 
9.426000000e+03 9.323000000e+03 
9.061000000e+03 9.654000000e+03 
9.196000000e+03 9.426000000e+03 
9.159000000e+03 9.488000000e+03 
9.529000000e+03 9.195000000e+03 
9.325000000e+03 9.415000000e+03 

9.770000000e+03 9.889000000e+03 
9.867000000e+03 9.807000000e+03 
9.577000000e+03 1.034200000e+04 
9.890000000e+03 9.754000000e+03 
9.593000000e+03 1.000000000e+04 
1.029500000e+04 9.518000000e+03 
9.867000000e+03 9.807000000e+03 
1.012900000e+04 9.532000000e+03 
9.906000000e+03 9.661000000e+03 
9.710000000e+03 9.972000000e+03 
9.788000000e+03 9.864000000e+03 
9.725000000e+03 9.893000000e+03 
9.903000000e+03 9.752000000e+03 
9.788000000e+03 9.864000000e+03 
1.003100000e+04 9.547000000e+03 
1.001200000e+04 9.634000000e+03 
1.030000000e+04 9.512000000e+03 
1.056100000e+04 9.474000000e+03 

9.355000000e+03 8.919000000e+03 
9.631000000e+03 8.544000000e+03 
9.421000000e+03 8.884000000e+03 
9.443000000e+03 8.705000000e+03 
1.007200000e+04 8.291000000e+03 
9.340000000e+03 8.975000000e+03 
9.839000000e+03 8.426000000e+03 
9.906000000e+03 8.409000000e+03 
9.581000000e+03 8.646000000e+03 
9.661000000e+03 8.530000000e+03 
9.426000000e+03 8.876000000e+03 
9.421000000e+03 8.884000000e+03 
9.438000000e+03 8.853000000e+03 
9.708000000e+03 8.504000000e+03 
9.585000000e+03 8.602000000e+03 
9.508000000e+03 8.654000000e+03 
9.256000000e+03 9.198000000e+03 
9.839000000e+03 8.426000000e+03 
9.994000000e+03 8.359000000e+03 
9.774000000e+03 8.475000000e+03 
9.317000000e+03 8.982000000e+03 
9.471000000e+03 8.659000000e+03 
9.381000000e+03 8.885000000e+03 
9.931000000e+03 8.363000000e+03 
9.348000000e+03 8.948000000e+03 
9.317000000e+03 8.982000000e+03 
9.421000000e+03 8.884000000e+03 
9.270000000e+03 9.117000000e+03 
9.266000000e+03 9.145000000e+03 

8.689000000e+03 8.931000000e+03 
8.609000000e+03 8.965000000e+03 
8.718000000e+03 8.911000000e+03 
8.883000000e+03 8.769000000e+03 
8.883000000e+03 8.769000000e+03 
9.032000000e+03 8.658000000e+03 
8.839000000e+03 8.828000000e+03 
8.975000000e+03 8.703000000e+03 
9.016000000e+03 8.671000000e+03 
8.840000000e+03 8.822000000e+03 
8.609000000e+03 8.965000000e+03 
8.571000000e+03 9.041000000e+03 
8.514000000e+03 9.200000000e+03 
8.961000000e+03 8.715000000e+03 
8.737000000e+03 8.864000000e+03 
8.898000000e+03 8.724000000e+03 
8.444000000e+03 9.333000000e+03 
9.032000000e+03 8.658000000e+03 
8.883000000e+03 8.769000000e+03 
8.500000000e+03 9.310000000e+03 
8.637000000e+03 8.938000000e+03 
8.896000000e+03 8.747000000e+03 
8.975000000e+03 8.703000000e+03 
8.990000000e+03 8.674000000e+03 
8.932000000e+03 8.723000000e+03 

9.284000000e+03 9.200000000e+03 
8.778000000e+03 9.550000000e+03 
9.121000000e+03 9.249000000e+03 
9.486000000e+03 9.045000000e+03 
9.286000000e+03 9.174000000e+03 
9.058000000e+03 9.323000000e+03 
9.203000000e+03 9.205000000e+03 
9.516000000e+03 9.020000000e+03 
9.530000000e+03 8.966000000e+03 
9.516000000e+03 9.020000000e+03 
8.993000000e+03 9.394000000e+03 
8.973000000e+03 9.448000000e+03 
9.203000000e+03 9.205000000e+03 
8.996000000e+03 9.388000000e+03 
9.113000000e+03 9.311000000e+03 
9.293000000e+03 9.122000000e+03 
8.931000000e+03 9.465000000e+03 
9.530000000e+03 8.966000000e+03 
8.855000000e+03 9.505000000e+03 
8.909000000e+03 9.497000000e+03 
8.760000000e+03 9.555000000e+03 
9.918000000e+03 8.965000000e+03 
9.324000000e+03 9.070000000e+03 
9.456000000e+03 9.057000000e+03 

9.133000000e+03 9.150000000e+03 
8.756000000e+03 9.419000000e+03 
9.093000000e+03 9.165000000e+03 
8.647000000e+03 9.615000000e+03 
8.874000000e+03 9.337000000e+03 
8.879000000e+03 9.298000000e+03 
8.715000000e+03 9.552000000e+03 
9.554000000e+03 8.932000000e+03 
9.057000000e+03 9.185000000e+03 
9.012000000e+03 9.191000000e+03 
8.732000000e+03 9.524000000e+03 
9.133000000e+03 9.150000000e+03 
8.732000000e+03 9.524000000e+03 
8.706000000e+03 9.556000000e+03 
8.875000000e+03 9.314000000e+03 
9.380000000e+03 8.969000000e+03 
8.807000000e+03 9.340000000e+03 
8.889000000e+03 9.236000000e+03 
8.629000000e+03 9.622000000e+03 
8.736000000e+03 9.437000000e+03 
9.142000000e+03 9.123000000e+03 
8.974000000e+03 9.196000000e+03 
8.650000000e+03 9.557000000e+03 
9.137000000e+03 9.142000000e+03 
9.625000000e+03 8.929000000e+03 
8.733000000e+03 9.458000000e+03 
8.793000000e+03 9.383000000e+03 
8.928000000e+03 9.233000000e+03 
9.184000000e+03 9.028000000e+03 

9.267000000e+03 9.121000000e+03 
9.297000000e+03 9.077000000e+03 
9.681000000e+03 8.974000000e+03 
9.160000000e+03 9.349000000e+03 
9.127000000e+03 9.394000000e+03 
9.892000000e+03 8.908000000e+03 
9.114000000e+03 9.448000000e+03 
9.071000000e+03 9.482000000e+03 
9.153000000e+03 9.379000000e+03 
9.706000000e+03 8.924000000e+03 
9.063000000e+03 9.530000000e+03 
9.095000000e+03 9.481000000e+03 
9.066000000e+03 9.491000000e+03 
9.160000000e+03 9.349000000e+03 
9.378000000e+03 9.043000000e+03 
9.153000000e+03 9.379000000e+03 
9.160000000e+03 9.349000000e+03 
9.200000000e+03 9.150000000e+03 
9.096000000e+03 9.469000000e+03 
9.198000000e+03 9.256000000e+03 
9.121000000e+03 9.415000000e+03 
9.169000000e+03 9.294000000e+03 
9.160000000e+03 9.349000000e+03 
9.160000000e+03 9.349000000e+03 
9.473000000e+03 9.029000000e+03 
9.027000000e+03 9.554000000e+03 
9.267000000e+03 9.121000000e+03 
9.633000000e+03 8.989000000e+03 
9.200000000e+03 9.150000000e+03 

9.506000000e+03 8.512000000e+03 
8.923000000e+03 8.899000000e+03 
8.923000000e+03 8.899000000e+03 
9.351000000e+03 8.614000000e+03 
9.399000000e+03 8.594000000e+03 
9.452000000e+03 8.524000000e+03 
8.923000000e+03 8.899000000e+03 
9.399000000e+03 8.594000000e+03 
9.399000000e+03 8.594000000e+03 
8.988000000e+03 8.826000000e+03 
8.923000000e+03 8.899000000e+03 
9.399000000e+03 8.594000000e+03 
8.923000000e+03 8.899000000e+03 
9.128000000e+03 8.698000000e+03 
8.912000000e+03 9.037000000e+03 
9.399000000e+03 8.594000000e+03 
9.033000000e+03 8.794000000e+03 
8.923000000e+03 8.899000000e+03 
8.912000000e+03 9.037000000e+03 
9.511000000e+03 8.491000000e+03 
9.697000000e+03 8.488000000e+03 
9.118000000e+03 8.782000000e+03 
8.751000000e+03 9.192000000e+03 
9.118000000e+03 8.782000000e+03 
8.923000000e+03 8.899000000e+03 
8.979000000e+03 8.858000000e+03 
9.226000000e+03 8.682000000e+03 
8.808000000e+03 9.079000000e+03 
8.923000000e+03 8.899000000e+03 
9.383000000e+03 8.595000000e+03 
8.883000000e+03 9.058000000e+03 
9.358000000e+03 8.608000000e+03 
9.425000000e+03 8.558000000e+03 
9.307000000e+03 8.616000000e+03 
8.923000000e+03 8.899000000e+03 
8.868000000e+03 9.069000000e+03 
8.923000000e+03 8.899000000e+03 

9.924000000e+03 9.193000000e+03 
9.398000000e+03 9.724000000e+03 
9.485000000e+03 9.459000000e+03 
9.909000000e+03 9.270000000e+03 
1.043000000e+04 9.134000000e+03 
1.019900000e+04 9.143000000e+03 
1.016700000e+04 9.185000000e+03 
1.017300000e+04 9.162000000e+03 
9.672000000e+03 9.406000000e+03 
9.490000000e+03 9.437000000e+03 
9.314000000e+03 1.029300000e+04 
1.016700000e+04 9.185000000e+03 
9.341000000e+03 1.011300000e+04 
9.817000000e+03 9.301000000e+03 
9.780000000e+03 9.360000000e+03 
9.917000000e+03 9.227000000e+03 
9.353000000e+03 9.994000000e+03 

8.756000000e+03 9.456000000e+03 
8.668000000e+03 9.577000000e+03 
8.928000000e+03 9.380000000e+03 
8.888000000e+03 9.397000000e+03 
9.090000000e+03 9.286000000e+03 
8.493000000e+03 9.770000000e+03 
9.005000000e+03 9.298000000e+03 
8.888000000e+03 9.397000000e+03 
8.791000000e+03 9.427000000e+03 
8.604000000e+03 9.644000000e+03 
8.464000000e+03 1.021700000e+04 
8.622000000e+03 9.625000000e+03 
8.943000000e+03 9.322000000e+03 
8.791000000e+03 9.427000000e+03 
8.942000000e+03 9.347000000e+03 
8.467000000e+03 9.846000000e+03 
8.691000000e+03 9.457000000e+03 

9.292000000e+03 8.808000000e+03 
9.179000000e+03 8.893000000e+03 
8.849000000e+03 9.406000000e+03 
9.135000000e+03 8.909000000e+03 
9.005000000e+03 8.949000000e+03 
9.122000000e+03 8.924000000e+03 
9.561000000e+03 8.774000000e+03 
8.883000000e+03 9.130000000e+03 
8.891000000e+03 8.994000000e+03 
8.968000000e+03 8.963000000e+03 
9.135000000e+03 8.909000000e+03 
9.190000000e+03 8.889000000e+03 
9.213000000e+03 8.862000000e+03 
8.854000000e+03 9.146000000e+03 
8.851000000e+03 9.388000000e+03 
9.140000000e+03 8.896000000e+03 
9.419000000e+03 8.785000000e+03 
8.821000000e+03 9.544000000e+03 
9.011000000e+03 8.938000000e+03 
9.012000000e+03 8.929000000e+03 

8.852000000e+03 9.504000000e+03 
8.393000000e+03 9.656000000e+03 
8.863000000e+03 9.410000000e+03 
8.345000000e+03 9.863000000e+03 
8.852000000e+03 9.504000000e+03 
8.548000000e+03 9.606000000e+03 
8.664000000e+03 9.575000000e+03 
8.345000000e+03 9.863000000e+03 
8.737000000e+03 9.515000000e+03 
8.272000000e+03 9.948000000e+03 
8.391000000e+03 9.802000000e+03 
8.628000000e+03 9.600000000e+03 
8.854000000e+03 9.500000000e+03 
8.344000000e+03 9.914000000e+03 
8.852000000e+03 9.504000000e+03 
8.491000000e+03 9.610000000e+03 
8.852000000e+03 9.504000000e+03 
8.670000000e+03 9.552000000e+03 
8.842000000e+03 9.511000000e+03 
8.379000000e+03 9.826000000e+03 
8.606000000e+03 9.603000000e+03 
8.419000000e+03 9.633000000e+03 

9.458000000e+03 8.754000000e+03 
9.090000000e+03 9.034000000e+03 
9.093000000e+03 8.976000000e+03 
9.271000000e+03 8.892000000e+03 
9.005000000e+03 9.095000000e+03 
9.560000000e+03 8.736000000e+03 
9.309000000e+03 8.839000000e+03 
9.302000000e+03 8.869000000e+03 
9.071000000e+03 9.071000000e+03 
9.373000000e+03 8.763000000e+03 
9.126000000e+03 8.915000000e+03 
9.124000000e+03 8.947000000e+03 
9.173000000e+03 8.900000000e+03 

1.003100000e+04 9.169000000e+03 
9.740000000e+03 9.330000000e+03 
9.548000000e+03 9.450000000e+03 
9.470000000e+03 9.730000000e+03 
9.388000000e+03 9.912000000e+03 
9.765000000e+03 9.316000000e+03 
9.706000000e+03 9.341000000e+03 
9.868000000e+03 9.220000000e+03 
9.465000000e+03 9.853000000e+03 
9.666000000e+03 9.398000000e+03 
9.436000000e+03 9.861000000e+03 
9.547000000e+03 9.645000000e+03 
1.010800000e+04 9.020000000e+03 
1.002200000e+04 9.195000000e+03 
9.795000000e+03 9.237000000e+03 
9.696000000e+03 9.382000000e+03 
9.548000000e+03 9.450000000e+03 
9.533000000e+03 9.712000000e+03 
9.537000000e+03 9.696000000e+03 
1.003700000e+04 9.086000000e+03 
9.666000000e+03 9.398000000e+03 
9.885000000e+03 9.216000000e+03 
9.564000000e+03 9.408000000e+03 

8.749000000e+03 1.023500000e+04 
9.610000000e+03 9.504000000e+03 
9.501000000e+03 9.562000000e+03 
8.749000000e+03 1.023500000e+04 
8.869000000e+03 1.002900000e+04 
9.127000000e+03 9.739000000e+03 
9.685000000e+03 9.448000000e+03 
8.933000000e+03 9.964000000e+03 
8.869000000e+03 1.002900000e+04 
9.515000000e+03 9.544000000e+03 
8.914000000e+03 9.994000000e+03 
8.743000000e+03 1.024000000e+04 
9.546000000e+03 9.539000000e+03 
9.043000000e+03 9.865000000e+03 
8.809000000e+03 1.008000000e+04 
9.848000000e+03 9.407000000e+03 
9.085000000e+03 9.828000000e+03 
8.933000000e+03 9.964000000e+03 
9.640000000e+03 9.454000000e+03 
8.977000000e+03 9.951000000e+03 
8.869000000e+03 1.002900000e+04 
9.685000000e+03 9.448000000e+03 
9.918000000e+03 9.387000000e+03 
8.866000000e+03 1.007500000e+04 
8.763000000e+03 1.020500000e+04 
9.036000000e+03 9.894000000e+03 
9.052000000e+03 9.854000000e+03 
9.109000000e+03 9.756000000e+03 
9.364000000e+03 9.614000000e+03 
9.494000000e+03 9.570000000e+03 
9.219000000e+03 9.671000000e+03 
9.339000000e+03 9.627000000e+03 
9.010000000e+03 9.929000000e+03 
9.273000000e+03 9.640000000e+03 
8.869000000e+03 1.002900000e+04 
8.869000000e+03 1.002900000e+04 
8.866000000e+03 1.007500000e+04 
9.433000000e+03 9.606000000e+03 
9.219000000e+03 9.671000000e+03 
8.743000000e+03 1.024000000e+04 
8.933000000e+03 9.964000000e+03 

8.687000000e+03 8.615000000e+03 
8.884000000e+03 8.344000000e+03 
8.865000000e+03 8.412000000e+03 
8.873000000e+03 8.394000000e+03 
8.687000000e+03 8.615000000e+03 
8.867000000e+03 8.405000000e+03 
9.005000000e+03 8.278000000e+03 
8.568000000e+03 8.665000000e+03 
8.546000000e+03 8.716000000e+03 
8.520000000e+03 8.820000000e+03 
8.687000000e+03 8.615000000e+03 
8.538000000e+03 8.752000000e+03 
8.707000000e+03 8.524000000e+03 
8.658000000e+03 8.654000000e+03 
8.688000000e+03 8.569000000e+03 
8.687000000e+03 8.615000000e+03 
8.546000000e+03 8.716000000e+03 
8.658000000e+03 8.654000000e+03 
8.434000000e+03 8.884000000e+03 
8.855000000e+03 8.425000000e+03 
8.508000000e+03 8.847000000e+03 
8.715000000e+03 8.446000000e+03 
8.623000000e+03 8.662000000e+03 

9.196000000e+03 9.558000000e+03 
9.143000000e+03 9.621000000e+03 
9.143000000e+03 9.621000000e+03 
9.193000000e+03 9.567000000e+03 
9.243000000e+03 9.522000000e+03 
8.965000000e+03 9.835000000e+03 
9.168000000e+03 9.604000000e+03 
9.408000000e+03 9.415000000e+03 
9.033000000e+03 9.797000000e+03 
8.749000000e+03 1.025200000e+04 
9.143000000e+03 9.621000000e+03 
9.137000000e+03 9.657000000e+03 
9.025000000e+03 9.799000000e+03 
8.750000000e+03 1.024900000e+04 
8.863000000e+03 9.981000000e+03 
9.124000000e+03 9.677000000e+03 
9.478000000e+03 9.401000000e+03 
8.780000000e+03 1.012100000e+04 
8.824000000e+03 1.010100000e+04 
9.483000000e+03 9.397000000e+03 
8.879000000e+03 9.908000000e+03 
9.196000000e+03 9.558000000e+03 
8.851000000e+03 1.005800000e+04 
9.324000000e+03 9.483000000e+03 
9.196000000e+03 9.558000000e+03 
8.965000000e+03 9.835000000e+03 
8.757000000e+03 1.023800000e+04 
8.845000000e+03 1.009300000e+04 
8.955000000e+03 9.842000000e+03 
9.045000000e+03 9.747000000e+03 
8.757000000e+03 1.023800000e+04 
9.263000000e+03 9.518000000e+03 
9.074000000e+03 9.697000000e+03 
9.143000000e+03 9.621000000e+03 
9.049000000e+03 9.736000000e+03 
8.993000000e+03 9.800000000e+03 
9.196000000e+03 9.558000000e+03 

9.330000000e+03 9.500000000e+03 
9.273000000e+03 9.547000000e+03 
8.947000000e+03 9.998000000e+03 
8.952000000e+03 9.984000000e+03 
8.999000000e+03 9.783000000e+03 
9.255000000e+03 9.559000000e+03 
9.198000000e+03 9.580000000e+03 
8.930000000e+03 1.008400000e+04 
8.994000000e+03 9.805000000e+03 
9.273000000e+03 9.547000000e+03 
9.149000000e+03 9.617000000e+03 
9.293000000e+03 9.506000000e+03 
8.990000000e+03 9.843000000e+03 
8.971000000e+03 9.978000000e+03 
9.239000000e+03 9.560000000e+03 
8.939000000e+03 1.002800000e+04 
9.330000000e+03 9.500000000e+03 
9.273000000e+03 9.547000000e+03 
9.330000000e+03 9.500000000e+03 
9.079000000e+03 9.716000000e+03 
9.415000000e+03 9.447000000e+03 
9.239000000e+03 9.560000000e+03 
9.055000000e+03 9.756000000e+03 
9.080000000e+03 9.690000000e+03 
9.038000000e+03 9.769000000e+03 
9.080000000e+03 9.690000000e+03 
8.853000000e+03 1.019800000e+04 
8.994000000e+03 9.805000000e+03 
9.239000000e+03 9.560000000e+03 

9.595000000e+03 9.315000000e+03 
9.997000000e+03 8.943000000e+03 
1.043500000e+04 8.766000000e+03 
9.997000000e+03 8.943000000e+03 
1.016300000e+04 8.849000000e+03 
1.014100000e+04 8.908000000e+03 
9.623000000e+03 9.267000000e+03 
9.888000000e+03 8.994000000e+03 
1.005700000e+04 8.910000000e+03 
9.997000000e+03 8.943000000e+03 
9.733000000e+03 9.184000000e+03 
1.014600000e+04 8.905000000e+03 
1.043500000e+04 8.766000000e+03 
9.973000000e+03 8.975000000e+03 
9.836000000e+03 9.109000000e+03 
1.026300000e+04 8.795000000e+03 
1.026600000e+04 8.774000000e+03 
1.017700000e+04 8.807000000e+03 
9.809000000e+03 9.129000000e+03 
9.731000000e+03 9.196000000e+03 
9.755000000e+03 9.131000000e+03 
9.888000000e+03 8.994000000e+03 
9.884000000e+03 9.031000000e+03 
9.841000000e+03 9.050000000e+03 
9.873000000e+03 9.048000000e+03 
1.014600000e+04 8.905000000e+03 
9.535000000e+03 9.318000000e+03 

9.253000000e+03 9.243000000e+03 
9.619000000e+03 8.964000000e+03 
9.599000000e+03 8.973000000e+03 
9.306000000e+03 9.189000000e+03 
9.491000000e+03 9.006000000e+03 
9.421000000e+03 9.082000000e+03 
9.328000000e+03 9.159000000e+03 
9.810000000e+03 8.910000000e+03 
9.290000000e+03 9.216000000e+03 
9.328000000e+03 9.159000000e+03 
9.502000000e+03 8.997000000e+03 
9.242000000e+03 9.272000000e+03 
9.328000000e+03 9.159000000e+03 
9.236000000e+03 9.299000000e+03 
9.395000000e+03 9.127000000e+03 
9.684000000e+03 8.920000000e+03 
9.461000000e+03 9.064000000e+03 
9.322000000e+03 9.179000000e+03 
9.462000000e+03 9.054000000e+03 
9.347000000e+03 9.155000000e+03 
9.154000000e+03 9.325000000e+03 
9.236000000e+03 9.299000000e+03 
9.502000000e+03 8.997000000e+03 
9.306000000e+03 9.189000000e+03 
9.457000000e+03 9.080000000e+03 
9.253000000e+03 9.243000000e+03 
9.306000000e+03 9.189000000e+03 

8.895000000e+03 9.024000000e+03 
8.830000000e+03 9.128000000e+03 
9.754000000e+03 8.458000000e+03 
9.413000000e+03 8.531000000e+03 
9.237000000e+03 8.636000000e+03 
8.951000000e+03 8.901000000e+03 
8.895000000e+03 9.024000000e+03 
9.237000000e+03 8.636000000e+03 
8.821000000e+03 9.133000000e+03 
8.895000000e+03 9.024000000e+03 
8.895000000e+03 9.024000000e+03 
9.308000000e+03 8.548000000e+03 
9.248000000e+03 8.633000000e+03 
8.908000000e+03 8.995000000e+03 
9.184000000e+03 8.648000000e+03 
8.903000000e+03 8.996000000e+03 
9.813000000e+03 8.415000000e+03 
8.831000000e+03 9.050000000e+03 
9.237000000e+03 8.636000000e+03 
9.184000000e+03 8.648000000e+03 
8.979000000e+03 8.875000000e+03 
9.588000000e+03 8.499000000e+03 
8.895000000e+03 9.024000000e+03 
9.073000000e+03 8.835000000e+03 
9.184000000e+03 8.648000000e+03 
9.590000000e+03 8.482000000e+03 
9.275000000e+03 8.612000000e+03 
8.933000000e+03 8.989000000e+03 
8.983000000e+03 8.846000000e+03 
9.118000000e+03 8.696000000e+03 
9.428000000e+03 8.515000000e+03 
8.895000000e+03 9.024000000e+03 
9.098000000e+03 8.701000000e+03 

9.365000000e+03 9.219000000e+03 
9.205000000e+03 9.325000000e+03 
8.984000000e+03 9.584000000e+03 
9.137000000e+03 9.364000000e+03 
9.572000000e+03 9.107000000e+03 
9.071000000e+03 9.471000000e+03 
9.071000000e+03 9.471000000e+03 
9.270000000e+03 9.303000000e+03 
8.984000000e+03 9.584000000e+03 
9.713000000e+03 8.957000000e+03 
9.119000000e+03 9.432000000e+03 
8.984000000e+03 9.584000000e+03 
9.422000000e+03 9.199000000e+03 
8.867000000e+03 9.753000000e+03 
9.575000000e+03 9.092000000e+03 
9.272000000e+03 9.246000000e+03 
9.270000000e+03 9.303000000e+03 
9.640000000e+03 9.003000000e+03 
9.484000000e+03 9.171000000e+03 
9.893000000e+03 8.938000000e+03 
9.572000000e+03 9.107000000e+03 
8.945000000e+03 9.634000000e+03 
9.474000000e+03 9.187000000e+03 
9.609000000e+03 9.025000000e+03 
8.917000000e+03 9.725000000e+03 
9.519000000e+03 9.159000000e+03 
9.359000000e+03 9.241000000e+03 
9.024000000e+03 9.509000000e+03 

9.358000000e+03 9.260000000e+03 
9.986000000e+03 8.981000000e+03 
9.346000000e+03 9.305000000e+03 
9.718000000e+03 9.049000000e+03 
9.520000000e+03 9.115000000e+03 
9.386000000e+03 9.257000000e+03 
9.674000000e+03 9.097000000e+03 
1.001000000e+04 8.980000000e+03 
9.338000000e+03 9.447000000e+03 
9.923000000e+03 8.985000000e+03 
9.689000000e+03 9.075000000e+03 
9.291000000e+03 9.472000000e+03 
9.410000000e+03 9.234000000e+03 
9.618000000e+03 9.114000000e+03 
9.620000000e+03 9.098000000e+03 
9.782000000e+03 9.031000000e+03 
9.344000000e+03 9.326000000e+03 
9.706000000e+03 9.065000000e+03 
9.674000000e+03 9.097000000e+03 
9.620000000e+03 9.098000000e+03 
1.003300000e+04 8.930000000e+03 
9.453000000e+03 9.213000000e+03 
9.782000000e+03 9.031000000e+03 
9.481000000e+03 9.143000000e+03 
9.490000000e+03 9.130000000e+03 
9.856000000e+03 9.015000000e+03 

9.293000000e+03 9.414000000e+03 
9.177000000e+03 9.561000000e+03 
9.270000000e+03 9.433000000e+03 
9.542000000e+03 9.233000000e+03 
9.513000000e+03 9.271000000e+03 
9.021000000e+03 1.018200000e+04 
9.867000000e+03 9.187000000e+03 
9.019000000e+03 1.023200000e+04 
9.663000000e+03 9.206000000e+03 
9.177000000e+03 9.561000000e+03 
9.104000000e+03 9.621000000e+03 
9.812000000e+03 9.189000000e+03 
9.108000000e+03 9.616000000e+03 
9.031000000e+03 9.692000000e+03 
9.498000000e+03 9.284000000e+03 
9.293000000e+03 9.414000000e+03 
9.297000000e+03 9.365000000e+03 
9.363000000e+03 9.311000000e+03 
9.019000000e+03 1.023200000e+04 
9.759000000e+03 9.195000000e+03 
9.688000000e+03 9.204000000e+03 
9.662000000e+03 9.210000000e+03 
9.357000000e+03 9.313000000e+03 
9.894000000e+03 9.130000000e+03 
9.243000000e+03 9.445000000e+03 
9.357000000e+03 9.313000000e+03 
9.197000000e+03 9.475000000e+03 
9.517000000e+03 9.254000000e+03 

9.600000000e+03 8.997000000e+03 
9.207000000e+03 9.256000000e+03 
9.114000000e+03 9.315000000e+03 
9.409000000e+03 9.113000000e+03 
9.534000000e+03 9.010000000e+03 
9.107000000e+03 9.410000000e+03 
9.076000000e+03 9.437000000e+03 
9.487000000e+03 9.030000000e+03 
8.945000000e+03 9.478000000e+03 
9.215000000e+03 9.180000000e+03 
9.211000000e+03 9.211000000e+03 
9.600000000e+03 8.997000000e+03 
9.330000000e+03 9.157000000e+03 

8.957000000e+03 8.849000000e+03 
8.676000000e+03 9.248000000e+03 
9.002000000e+03 8.830000000e+03 
8.666000000e+03 9.311000000e+03 
8.945000000e+03 8.874000000e+03 
8.777000000e+03 9.034000000e+03 
8.869000000e+03 8.895000000e+03 
9.267000000e+03 8.690000000e+03 
8.737000000e+03 9.163000000e+03 
8.742000000e+03 9.125000000e+03 
8.898000000e+03 8.883000000e+03 
8.834000000e+03 8.997000000e+03 
8.972000000e+03 8.832000000e+03 
9.009000000e+03 8.824000000e+03 
8.765000000e+03 9.120000000e+03 
8.739000000e+03 9.156000000e+03 
8.834000000e+03 8.997000000e+03 
8.850000000e+03 8.900000000e+03 
9.141000000e+03 8.733000000e+03 
9.254000000e+03 8.702000000e+03 
8.718000000e+03 9.192000000e+03 
8.828000000e+03 9.027000000e+03 
9.025000000e+03 8.740000000e+03 
8.841000000e+03 8.937000000e+03 
8.849000000e+03 8.901000000e+03 

9.503000000e+03 8.794000000e+03 
9.404000000e+03 8.840000000e+03 
9.202000000e+03 9.143000000e+03 
9.643000000e+03 8.694000000e+03 
9.839000000e+03 8.672000000e+03 
9.386000000e+03 8.841000000e+03 
9.249000000e+03 8.997000000e+03 
9.507000000e+03 8.715000000e+03 
9.885000000e+03 8.645000000e+03 
9.253000000e+03 8.946000000e+03 
9.460000000e+03 8.816000000e+03 
9.600000000e+03 8.702000000e+03 
9.434000000e+03 8.824000000e+03 
9.474000000e+03 8.804000000e+03 
9.243000000e+03 9.009000000e+03 
9.371000000e+03 8.896000000e+03 
9.314000000e+03 8.911000000e+03 
9.382000000e+03 8.852000000e+03 

9.179000000e+03 8.660000000e+03 
9.697000000e+03 8.527000000e+03 
9.153000000e+03 8.661000000e+03 
9.015000000e+03 8.769000000e+03 
9.207000000e+03 8.585000000e+03 
9.684000000e+03 8.528000000e+03 
9.684000000e+03 8.528000000e+03 
9.659000000e+03 8.533000000e+03 
8.993000000e+03 9.153000000e+03 
9.726000000e+03 8.494000000e+03 
9.263000000e+03 8.536000000e+03 

