1.110900000e+04 1.036000000e+04 
1.053500000e+04 1.063900000e+04 
1.046400000e+04 1.067500000e+04 
1.059200000e+04 1.063700000e+04 
1.074100000e+04 1.059200000e+04 
1.110900000e+04 1.036000000e+04 
1.083200000e+04 1.056600000e+04 
1.144400000e+04 1.026300000e+04 
1.107100000e+04 1.037200000e+04 
1.102500000e+04 1.037300000e+04 
1.088600000e+04 1.050700000e+04 
1.033300000e+04 1.077800000e+04 

1.092600000e+04 1.095300000e+04 
1.075500000e+04 1.120400000e+04 
1.084100000e+04 1.102400000e+04 
1.125200000e+04 1.083500000e+04 
1.045300000e+04 1.158000000e+04 
1.055300000e+04 1.139300000e+04 
1.053000000e+04 1.154300000e+04 
1.061900000e+04 1.130800000e+04 
1.104800000e+04 1.090900000e+04 
1.103700000e+04 1.092800000e+04 
1.116000000e+04 1.090200000e+04 

1.200000000e+04 1.119900000e+04 
1.111400000e+04 1.203300000e+04 
1.112000000e+04 1.148800000e+04 
1.092200000e+04 1.235900000e+04 
1.134100000e+04 1.143400000e+04 
1.122800000e+04 1.144800000e+04 
1.107800000e+04 1.210900000e+04 
1.167800000e+04 1.128200000e+04 
1.196100000e+04 1.126800000e+04 

1.134100000e+04 1.140300000e+04 
1.235000000e+04 1.103900000e+04 
1.144100000e+04 1.118000000e+04 
1.134700000e+04 1.124400000e+04 
1.153000000e+04 1.105500000e+04 
1.128100000e+04 1.143600000e+04 
1.119800000e+04 1.145000000e+04 
1.138700000e+04 1.121500000e+04 

1.102600000e+04 1.031600000e+04 
1.162300000e+04 9.965000000e+03 
1.125900000e+04 1.012300000e+04 
1.081300000e+04 1.052500000e+04 
1.091700000e+04 1.034000000e+04 
1.137100000e+04 1.006200000e+04 
1.109600000e+04 1.026000000e+04 
1.161300000e+04 9.975000000e+03 

1.081300000e+04 1.088500000e+04 
1.159300000e+04 1.046800000e+04 
1.085500000e+04 1.065900000e+04 
1.060800000e+04 1.108900000e+04 
1.116200000e+04 1.055600000e+04 
1.079700000e+04 1.091300000e+04 
1.099500000e+04 1.057300000e+04 
1.083400000e+04 1.075800000e+04 
1.097500000e+04 1.060500000e+04 

1.099600000e+04 1.099800000e+04 
1.121200000e+04 1.075700000e+04 
1.111000000e+04 1.093300000e+04 
1.060300000e+04 1.114700000e+04 
1.108800000e+04 1.093600000e+04 
1.083900000e+04 1.110100000e+04 
1.102300000e+04 1.094700000e+04 
1.138500000e+04 1.058600000e+04 
1.125800000e+04 1.070000000e+04 
1.114900000e+04 1.082700000e+04 
1.093500000e+04 1.102600000e+04 

1.089000000e+04 1.132300000e+04 
1.089100000e+04 1.132000000e+04 
1.159700000e+04 1.095100000e+04 
1.068500000e+04 1.162100000e+04 
1.078000000e+04 1.140200000e+04 
1.123700000e+04 1.109700000e+04 
1.085900000e+04 1.139000000e+04 
1.089700000e+04 1.120400000e+04 
1.159400000e+04 1.101900000e+04 
1.073100000e+04 1.149000000e+04 

1.151600000e+04 1.068500000e+04 
1.124000000e+04 1.079100000e+04 
1.107600000e+04 1.097900000e+04 
1.103300000e+04 1.130000000e+04 

1.087300000e+04 1.059600000e+04 
1.080200000e+04 1.062000000e+04 
1.062600000e+04 1.100600000e+04 
1.094600000e+04 1.034300000e+04 

1.106500000e+04 1.163900000e+04 
1.111500000e+04 1.152500000e+04 
1.112500000e+04 1.150800000e+04 
1.125800000e+04 1.128700000e+04 
1.155900000e+04 1.093400000e+04 
1.177700000e+04 1.085700000e+04 
1.201700000e+04 1.084400000e+04 
1.100300000e+04 1.172400000e+04 
1.132700000e+04 1.097500000e+04 
1.125500000e+04 1.138400000e+04 

1.062800000e+04 1.104300000e+04 
1.092200000e+04 1.075300000e+04 
1.061000000e+04 1.117600000e+04 
1.058700000e+04 1.199800000e+04 
1.085400000e+04 1.102300000e+04 

1.122400000e+04 1.073200000e+04 
1.085100000e+04 1.080400000e+04 
1.085100000e+04 1.080400000e+04 
1.126700000e+04 1.053100000e+04 
1.123000000e+04 1.070500000e+04 
1.117000000e+04 1.080300000e+04 

1.073400000e+04 1.146800000e+04 
1.089100000e+04 1.125700000e+04 
1.001800000e+04 1.213100000e+04 
1.021600000e+04 1.161500000e+04 
1.081800000e+04 1.139400000e+04 
1.085000000e+04 1.137100000e+04 
1.062900000e+04 1.149200000e+04 
1.043400000e+04 1.154200000e+04 

1.137600000e+04 1.085200000e+04 
1.077900000e+04 1.108100000e+04 
1.089900000e+04 1.091300000e+04 
1.156000000e+04 1.079300000e+04 
1.145300000e+04 1.080500000e+04 
1.107300000e+04 1.089200000e+04 

1.137400000e+04 1.149300000e+04 
1.117100000e+04 1.198200000e+04 
1.163900000e+04 1.099600000e+04 
1.197900000e+04 1.088000000e+04 
1.160200000e+04 1.101100000e+04 
1.137700000e+04 1.115500000e+04 
1.123900000e+04 1.159900000e+04 
1.131500000e+04 1.155400000e+04 

1.065600000e+04 1.181800000e+04 
1.107700000e+04 1.133800000e+04 
1.078400000e+04 1.138800000e+04 
1.147200000e+04 1.122900000e+04 
1.074200000e+04 1.170500000e+04 
1.076700000e+04 1.152100000e+04 
1.075600000e+04 1.153900000e+04 
1.085200000e+04 1.136800000e+04 
1.109800000e+04 1.126200000e+04 
1.051400000e+04 1.187100000e+04 
1.092900000e+04 1.136400000e+04 
1.068700000e+04 1.173400000e+04 

1.084900000e+04 1.037600000e+04 
1.073800000e+04 1.057900000e+04 
1.096500000e+04 1.028200000e+04 
1.054000000e+04 1.097500000e+04 
1.077500000e+04 1.043500000e+04 
1.055800000e+04 1.058500000e+04 

1.099000000e+04 1.225600000e+04 
1.105800000e+04 1.187000000e+04 
1.100500000e+04 1.219200000e+04 
1.119300000e+04 1.165300000e+04 
1.109100000e+04 1.174900000e+04 
1.112200000e+04 1.169100000e+04 
1.099000000e+04 1.225600000e+04 
1.123100000e+04 1.132100000e+04 
1.104100000e+04 1.189300000e+04 

1.127500000e+04 1.139500000e+04 
1.071700000e+04 1.145400000e+04 
1.059100000e+04 1.247800000e+04 
1.127200000e+04 1.145100000e+04 
1.131600000e+04 1.131400000e+04 
1.138200000e+04 1.129300000e+04 
1.141100000e+04 1.118400000e+04 

1.209600000e+04 1.026500000e+04 
1.179100000e+04 1.100500000e+04 
1.141000000e+04 1.111100000e+04 
1.141000000e+04 1.111100000e+04 
1.188200000e+04 1.071300000e+04 
1.148800000e+04 1.109700000e+04 
1.186500000e+04 1.095700000e+04 
1.143500000e+04 1.111000000e+04 
1.161600000e+04 1.104300000e+04 

1.127700000e+04 1.067200000e+04 
1.176900000e+04 1.055300000e+04 
1.107900000e+04 1.103500000e+04 
1.108200000e+04 1.099200000e+04 
1.121100000e+04 1.082300000e+04 
1.122500000e+04 1.075800000e+04 
1.104200000e+04 1.113400000e+04 

1.104000000e+04 1.050000000e+04 
1.127300000e+04 1.028500000e+04 
1.145500000e+04 1.028000000e+04 
1.149500000e+04 1.027400000e+04 
1.104000000e+04 1.050000000e+04 
1.103400000e+04 1.082800000e+04 
1.127100000e+04 1.042400000e+04 
1.094900000e+04 1.095100000e+04 

1.049800000e+04 1.186900000e+04 
1.051700000e+04 1.137800000e+04 
1.078500000e+04 1.114100000e+04 
1.107700000e+04 1.087300000e+04 
1.084300000e+04 1.112100000e+04 
1.072100000e+04 1.118500000e+04 
1.069700000e+04 1.122000000e+04 
1.138300000e+04 1.082100000e+04 
1.051300000e+04 1.180700000e+04 
1.071900000e+04 1.121200000e+04 
1.049800000e+04 1.186900000e+04 
1.072100000e+04 1.118500000e+04 
1.089000000e+04 1.099300000e+04 

1.153700000e+04 1.112000000e+04 
1.187800000e+04 1.072400000e+04 
1.176300000e+04 1.107600000e+04 
1.179900000e+04 1.094600000e+04 

1.073300000e+04 1.143800000e+04 
1.110400000e+04 1.118400000e+04 
1.116600000e+04 1.112500000e+04 
1.095900000e+04 1.133400000e+04 
1.066600000e+04 1.144600000e+04 
1.097800000e+04 1.121200000e+04 
1.061200000e+04 1.168700000e+04 

1.100000000e+04 1.134800000e+04 
1.146700000e+04 1.089700000e+04 
1.148400000e+04 1.080300000e+04 
1.118800000e+04 1.105300000e+04 
1.104800000e+04 1.115900000e+04 

1.121600000e+04 1.064400000e+04 
1.074500000e+04 1.097400000e+04 
1.090000000e+04 1.078700000e+04 
1.089900000e+04 1.093900000e+04 
1.094900000e+04 1.067200000e+04 
1.122600000e+04 1.055300000e+04 
1.121300000e+04 1.064900000e+04 

1.116700000e+04 1.088500000e+04 
1.145100000e+04 1.075900000e+04 
1.137700000e+04 1.085200000e+04 
1.109200000e+04 1.105800000e+04 
1.148100000e+04 1.070200000e+04 
1.142000000e+04 1.083700000e+04 
1.142800000e+04 1.076300000e+04 
1.170400000e+04 1.042400000e+04 
1.084800000e+04 1.144800000e+04 
1.149900000e+04 1.054400000e+04 

1.097800000e+04 1.135200000e+04 
1.119100000e+04 1.066200000e+04 
1.116300000e+04 1.081100000e+04 
1.119100000e+04 1.066200000e+04 
1.108800000e+04 1.086400000e+04 
1.100300000e+04 1.109400000e+04 

