9.408000000e+03 9.592000000e+03 
9.606000000e+03 9.434000000e+03 
9.690000000e+03 9.395000000e+03 
9.425000000e+03 9.556000000e+03 
9.451000000e+03 9.532000000e+03 
9.295000000e+03 9.909000000e+03 
9.775000000e+03 9.369000000e+03 
9.276000000e+03 1.005900000e+04 
9.655000000e+03 9.430000000e+03 
9.873000000e+03 9.353000000e+03 
9.873000000e+03 9.353000000e+03 
9.541000000e+03 9.436000000e+03 
9.276000000e+03 1.005900000e+04 
9.350000000e+03 9.788000000e+03 
9.350000000e+03 9.788000000e+03 
9.904000000e+03 9.323000000e+03 
9.353000000e+03 9.786000000e+03 
9.292000000e+03 9.954000000e+03 
9.379000000e+03 9.671000000e+03 
9.907000000e+03 9.321000000e+03 
9.471000000e+03 9.506000000e+03 
9.912000000e+03 9.303000000e+03 
9.705000000e+03 9.375000000e+03 
9.679000000e+03 9.408000000e+03 
9.655000000e+03 9.430000000e+03 
9.306000000e+03 9.862000000e+03 
9.474000000e+03 9.502000000e+03 
9.350000000e+03 9.788000000e+03 
9.273000000e+03 1.011000000e+04 
9.389000000e+03 9.606000000e+03 

9.675000000e+03 9.609000000e+03 
9.950000000e+03 9.590000000e+03 
9.548000000e+03 9.968000000e+03 
9.412000000e+03 1.000500000e+04 
9.548000000e+03 9.968000000e+03 
9.497000000e+03 9.970000000e+03 
9.327000000e+03 1.009500000e+04 
9.552000000e+03 9.738000000e+03 
9.950000000e+03 9.590000000e+03 
1.007200000e+04 9.574000000e+03 
9.287000000e+03 1.020500000e+04 
9.403000000e+03 1.003400000e+04 

9.787000000e+03 1.004700000e+04 
9.858000000e+03 1.000100000e+04 
9.743000000e+03 1.020800000e+04 
9.858000000e+03 1.000100000e+04 
1.003700000e+04 9.871000000e+03 
1.007100000e+04 9.840000000e+03 
9.987000000e+03 9.884000000e+03 
1.020700000e+04 9.829000000e+03 
9.742000000e+03 1.022800000e+04 
9.885000000e+03 9.927000000e+03 
9.840000000e+03 1.002200000e+04 

1.031000000e+04 1.024500000e+04 
1.084700000e+04 9.971000000e+03 
1.057400000e+04 1.000400000e+04 
1.084800000e+04 9.961000000e+03 
1.072800000e+04 1.000000000e+04 
1.047900000e+04 1.003100000e+04 
1.013300000e+04 1.039300000e+04 
1.087300000e+04 9.926000000e+03 
1.017800000e+04 1.030500000e+04 
1.076400000e+04 9.973000000e+03 
1.088100000e+04 9.880000000e+03 
1.031700000e+04 1.005600000e+04 

9.937000000e+03 9.626000000e+03 
9.988000000e+03 8.974000000e+03 
1.012800000e+04 8.866000000e+03 
1.019600000e+04 8.810000000e+03 
1.005900000e+04 8.890000000e+03 
9.961000000e+03 9.104000000e+03 
1.022700000e+04 8.713000000e+03 
1.019800000e+04 8.768000000e+03 
9.910000000e+03 9.654000000e+03 
1.019800000e+04 8.768000000e+03 
1.037400000e+04 8.677000000e+03 
1.005900000e+04 8.890000000e+03 
1.012800000e+04 8.866000000e+03 
9.898000000e+03 9.684000000e+03 
1.031600000e+04 8.712000000e+03 
1.003100000e+04 8.893000000e+03 
9.989000000e+03 8.936000000e+03 
9.945000000e+03 9.483000000e+03 
1.020200000e+04 8.741000000e+03 
1.032900000e+04 8.705000000e+03 
9.973000000e+03 8.986000000e+03 
1.016100000e+04 8.823000000e+03 
9.864000000e+03 9.702000000e+03 
1.049200000e+04 8.671000000e+03 

9.191000000e+03 9.626000000e+03 
9.329000000e+03 9.399000000e+03 
9.327000000e+03 9.476000000e+03 
9.217000000e+03 9.608000000e+03 
9.136000000e+03 9.675000000e+03 
9.221000000e+03 9.601000000e+03 
9.251000000e+03 9.556000000e+03 
9.163000000e+03 9.632000000e+03 
9.497000000e+03 9.324000000e+03 

9.974000000e+03 9.750000000e+03 
9.787000000e+03 9.964000000e+03 
9.679000000e+03 1.003800000e+04 
1.024500000e+04 9.588000000e+03 
9.977000000e+03 9.680000000e+03 
9.974000000e+03 9.750000000e+03 
9.545000000e+03 1.016500000e+04 
1.012200000e+04 9.653000000e+03 
9.508000000e+03 1.017800000e+04 
9.977000000e+03 9.680000000e+03 
9.691000000e+03 9.973000000e+03 
9.545000000e+03 1.016500000e+04 
9.551000000e+03 1.005200000e+04 
9.654000000e+03 1.004600000e+04 
9.508000000e+03 1.017800000e+04 
1.009700000e+04 9.674000000e+03 
9.487000000e+03 1.027000000e+04 
9.362000000e+03 1.043500000e+04 
9.670000000e+03 1.004400000e+04 
9.448000000e+03 1.033000000e+04 
9.822000000e+03 9.792000000e+03 
9.681000000e+03 1.003100000e+04 
9.495000000e+03 1.023400000e+04 
9.508000000e+03 1.017800000e+04 
9.453000000e+03 1.031700000e+04 
9.485000000e+03 1.031600000e+04 

9.354000000e+03 1.006000000e+04 
9.156000000e+03 1.056600000e+04 
9.403000000e+03 1.004800000e+04 
9.316000000e+03 1.007800000e+04 
9.191000000e+03 1.053000000e+04 
9.231000000e+03 1.040800000e+04 
9.218000000e+03 1.042800000e+04 
9.270000000e+03 1.032000000e+04 
9.985000000e+03 9.687000000e+03 
9.428000000e+03 9.707000000e+03 

9.713000000e+03 9.818000000e+03 
9.834000000e+03 9.648000000e+03 
9.949000000e+03 9.588000000e+03 
9.812000000e+03 9.659000000e+03 
1.002200000e+04 9.473000000e+03 
9.738000000e+03 9.762000000e+03 
9.932000000e+03 9.628000000e+03 
9.712000000e+03 9.851000000e+03 
9.617000000e+03 9.853000000e+03 

9.994000000e+03 9.120000000e+03 
9.988000000e+03 9.176000000e+03 
9.747000000e+03 9.403000000e+03 
9.440000000e+03 9.948000000e+03 
9.522000000e+03 9.570000000e+03 
9.847000000e+03 9.208000000e+03 
9.747000000e+03 9.403000000e+03 
9.749000000e+03 9.389000000e+03 
9.824000000e+03 9.357000000e+03 
9.994000000e+03 9.120000000e+03 
1.058800000e+04 9.065000000e+03 
9.604000000e+03 9.481000000e+03 
9.676000000e+03 9.472000000e+03 
9.466000000e+03 9.577000000e+03 
9.456000000e+03 9.743000000e+03 
1.054500000e+04 9.078000000e+03 
1.036000000e+04 9.080000000e+03 

1.062700000e+04 9.853000000e+03 
1.007300000e+04 1.000100000e+04 
1.031400000e+04 9.880000000e+03 
1.060700000e+04 9.854000000e+03 
1.066100000e+04 9.824000000e+03 
1.057000000e+04 9.864000000e+03 
1.074700000e+04 9.700000000e+03 
1.065400000e+04 9.841000000e+03 
1.043600000e+04 9.866000000e+03 
1.005300000e+04 1.009600000e+04 
1.068000000e+04 9.771000000e+03 
1.067100000e+04 9.805000000e+03 
1.003700000e+04 1.013300000e+04 
1.012800000e+04 9.964000000e+03 

9.171000000e+03 1.083200000e+04 
9.963000000e+03 9.854000000e+03 
9.176000000e+03 1.061100000e+04 
9.136000000e+03 1.089400000e+04 
9.980000000e+03 9.853000000e+03 
9.937000000e+03 9.862000000e+03 
9.408000000e+03 9.876000000e+03 
9.711000000e+03 9.867000000e+03 
9.216000000e+03 1.029400000e+04 
9.176000000e+03 1.061100000e+04 
9.296000000e+03 9.905000000e+03 

9.600000000e+03 9.638000000e+03 
9.993000000e+03 9.497000000e+03 
9.427000000e+03 1.004500000e+04 
1.017900000e+04 9.384000000e+03 
9.619000000e+03 9.592000000e+03 
9.937000000e+03 9.506000000e+03 
9.610000000e+03 9.618000000e+03 
9.533000000e+03 9.720000000e+03 
1.004300000e+04 9.461000000e+03 
1.015600000e+04 9.387000000e+03 
9.804000000e+03 9.552000000e+03 
9.469000000e+03 9.789000000e+03 
9.914000000e+03 9.533000000e+03 
9.429000000e+03 9.841000000e+03 
9.889000000e+03 9.534000000e+03 
9.518000000e+03 9.760000000e+03 
1.004600000e+04 9.435000000e+03 
1.017900000e+04 9.384000000e+03 
1.025200000e+04 9.364000000e+03 
9.922000000e+03 9.523000000e+03 
9.580000000e+03 9.709000000e+03 
9.864000000e+03 9.541000000e+03 
1.028200000e+04 9.340000000e+03 
9.638000000e+03 9.567000000e+03 

9.047000000e+03 1.045900000e+04 
9.067000000e+03 1.034100000e+04 
9.084000000e+03 1.032800000e+04 
9.154000000e+03 1.016000000e+04 
9.475000000e+03 1.005700000e+04 
9.596000000e+03 1.004500000e+04 
9.322000000e+03 1.005800000e+04 
9.121000000e+03 1.019500000e+04 
8.926000000e+03 1.047500000e+04 
9.261000000e+03 1.011500000e+04 

9.641000000e+03 9.730000000e+03 
9.777000000e+03 9.632000000e+03 
9.769000000e+03 9.680000000e+03 
9.730000000e+03 9.707000000e+03 
9.782000000e+03 9.517000000e+03 
9.687000000e+03 9.721000000e+03 
1.003400000e+04 9.425000000e+03 
9.960000000e+03 9.474000000e+03 
9.703000000e+03 9.709000000e+03 
9.628000000e+03 9.744000000e+03 
9.578000000e+03 9.940000000e+03 
9.846000000e+03 9.476000000e+03 
1.012200000e+04 9.380000000e+03 
9.628000000e+03 9.744000000e+03 
1.020000000e+04 9.353000000e+03 
9.583000000e+03 9.779000000e+03 

1.015600000e+04 1.019900000e+04 
1.034900000e+04 9.924000000e+03 
1.038500000e+04 9.825000000e+03 
1.015600000e+04 1.019900000e+04 
1.064900000e+04 9.779000000e+03 
1.021900000e+04 1.019200000e+04 
1.029000000e+04 9.948000000e+03 
1.024300000e+04 9.993000000e+03 
1.039200000e+04 9.796000000e+03 
1.081100000e+04 9.745000000e+03 
1.022200000e+04 1.009900000e+04 

9.894000000e+03 9.974000000e+03 
9.327000000e+03 1.040400000e+04 
9.562000000e+03 1.026700000e+04 
9.793000000e+03 1.014700000e+04 
9.562000000e+03 1.026700000e+04 
9.515000000e+03 1.034600000e+04 
9.202000000e+03 1.070100000e+04 
9.819000000e+03 1.013500000e+04 
9.446000000e+03 1.036800000e+04 
9.825000000e+03 1.010900000e+04 
1.015100000e+04 9.970000000e+03 
9.219000000e+03 1.062500000e+04 
9.229000000e+03 1.053600000e+04 
9.229000000e+03 1.053600000e+04 
9.538000000e+03 1.029600000e+04 
9.647000000e+03 1.016800000e+04 
9.069000000e+03 1.072300000e+04 
9.246000000e+03 1.049500000e+04 
9.894000000e+03 9.974000000e+03 
9.538000000e+03 1.029600000e+04 
9.620000000e+03 1.020700000e+04 

9.347000000e+03 9.202000000e+03 
9.219000000e+03 9.437000000e+03 
9.252000000e+03 9.281000000e+03 
9.242000000e+03 9.292000000e+03 
9.813000000e+03 9.000000000e+03 
9.630000000e+03 9.018000000e+03 
9.362000000e+03 9.167000000e+03 
9.517000000e+03 9.110000000e+03 
9.195000000e+03 9.464000000e+03 
9.695000000e+03 9.015000000e+03 
9.834000000e+03 8.971000000e+03 
9.489000000e+03 9.158000000e+03 
9.320000000e+03 9.215000000e+03 
9.775000000e+03 9.013000000e+03 
9.219000000e+03 9.437000000e+03 

9.632000000e+03 1.041700000e+04 
9.675000000e+03 1.026400000e+04 
9.630000000e+03 1.042300000e+04 
9.665000000e+03 1.030600000e+04 
9.581000000e+03 1.042500000e+04 
9.741000000e+03 1.019700000e+04 
9.556000000e+03 1.050300000e+04 
9.637000000e+03 1.038200000e+04 
9.505000000e+03 1.068000000e+04 
9.539000000e+03 1.056500000e+04 
9.874000000e+03 1.018600000e+04 

9.635000000e+03 1.052300000e+04 
9.688000000e+03 1.032000000e+04 
9.478000000e+03 1.069000000e+04 
9.793000000e+03 1.012200000e+04 
9.494000000e+03 1.061700000e+04 
9.507000000e+03 1.057900000e+04 
9.746000000e+03 1.027300000e+04 
9.678000000e+03 1.049000000e+04 
9.746000000e+03 1.027300000e+04 
9.630000000e+03 1.052900000e+04 
9.883000000e+03 1.011500000e+04 
9.767000000e+03 1.022200000e+04 
9.490000000e+03 1.066800000e+04 
9.896000000e+03 1.001200000e+04 
9.550000000e+03 1.053700000e+04 

1.042500000e+04 9.646000000e+03 
1.058200000e+04 9.564000000e+03 
1.050400000e+04 9.606000000e+03 
1.049900000e+04 9.608000000e+03 
1.067900000e+04 9.484000000e+03 
1.029300000e+04 9.720000000e+03 
1.067000000e+04 9.496000000e+03 
1.041300000e+04 9.671000000e+03 
1.051100000e+04 9.578000000e+03 
1.068600000e+04 9.317000000e+03 
1.025800000e+04 9.838000000e+03 

1.023500000e+04 9.399000000e+03 
1.006300000e+04 9.542000000e+03 
1.013800000e+04 9.538000000e+03 
1.060600000e+04 9.341000000e+03 
9.736000000e+03 1.021000000e+04 
9.797000000e+03 9.873000000e+03 
9.960000000e+03 9.725000000e+03 
9.835000000e+03 9.768000000e+03 
9.797000000e+03 9.873000000e+03 
9.972000000e+03 9.713000000e+03 
1.023700000e+04 9.386000000e+03 
9.736000000e+03 1.021000000e+04 
1.017600000e+04 9.431000000e+03 
1.015600000e+04 9.532000000e+03 
1.016100000e+04 9.513000000e+03 
9.884000000e+03 9.726000000e+03 
1.056100000e+04 9.353000000e+03 
9.749000000e+03 1.005500000e+04 
9.736000000e+03 1.021000000e+04 
9.750000000e+03 9.945000000e+03 
9.987000000e+03 9.599000000e+03 

9.612000000e+03 9.884000000e+03 
9.786000000e+03 9.413000000e+03 
9.899000000e+03 9.319000000e+03 
9.685000000e+03 9.460000000e+03 
9.714000000e+03 9.448000000e+03 
9.973000000e+03 9.243000000e+03 
1.014500000e+04 9.172000000e+03 
9.805000000e+03 9.372000000e+03 
1.027400000e+04 9.152000000e+03 
9.651000000e+03 9.627000000e+03 
9.984000000e+03 9.209000000e+03 
9.958000000e+03 9.286000000e+03 
9.973000000e+03 9.243000000e+03 
9.680000000e+03 9.484000000e+03 

9.691000000e+03 9.841000000e+03 
1.007900000e+04 9.787000000e+03 
9.494000000e+03 1.002400000e+04 
9.494000000e+03 1.002400000e+04 
1.004500000e+04 9.808000000e+03 
1.008000000e+04 9.783000000e+03 
9.765000000e+03 9.823000000e+03 
9.731000000e+03 9.825000000e+03 
1.010300000e+04 9.660000000e+03 
9.421000000e+03 1.003100000e+04 
9.494000000e+03 1.002400000e+04 
9.631000000e+03 9.893000000e+03 
9.610000000e+03 9.976000000e+03 

9.895000000e+03 9.998000000e+03 
1.010800000e+04 9.631000000e+03 
1.029400000e+04 9.514000000e+03 
9.895000000e+03 9.998000000e+03 
1.008800000e+04 9.633000000e+03 
9.931000000e+03 9.979000000e+03 
1.001900000e+04 9.652000000e+03 
1.010800000e+04 9.631000000e+03 
9.934000000e+03 9.727000000e+03 

9.819000000e+03 9.940000000e+03 
1.001300000e+04 9.930000000e+03 
9.435000000e+03 1.023300000e+04 
9.384000000e+03 1.058800000e+04 
9.580000000e+03 1.016500000e+04 
9.536000000e+03 1.016900000e+04 
1.001300000e+04 9.930000000e+03 
9.730000000e+03 9.989000000e+03 
1.001300000e+04 9.930000000e+03 
9.473000000e+03 1.019800000e+04 
9.628000000e+03 9.999000000e+03 
9.480000000e+03 1.018100000e+04 
9.586000000e+03 1.009800000e+04 

9.850000000e+03 9.969000000e+03 
1.062600000e+04 9.712000000e+03 
1.036300000e+04 9.728000000e+03 
9.767000000e+03 1.004800000e+04 
9.832000000e+03 1.002200000e+04 
1.007900000e+04 9.765000000e+03 
9.982000000e+03 9.857000000e+03 
1.062600000e+04 9.712000000e+03 
1.027200000e+04 9.764000000e+03 
9.898000000e+03 9.928000000e+03 
1.004500000e+04 9.785000000e+03 
1.030900000e+04 9.741000000e+03 
9.996000000e+03 9.802000000e+03 
9.903000000e+03 9.878000000e+03 
9.752000000e+03 1.019900000e+04 

9.448000000e+03 9.586000000e+03 
9.475000000e+03 9.501000000e+03 
9.390000000e+03 9.722000000e+03 
9.332000000e+03 9.824000000e+03 
9.525000000e+03 9.410000000e+03 
9.362000000e+03 9.757000000e+03 
9.448000000e+03 9.586000000e+03 
9.448000000e+03 9.586000000e+03 
9.448000000e+03 9.586000000e+03 
9.448000000e+03 9.586000000e+03 
9.425000000e+03 9.635000000e+03 
9.448000000e+03 9.586000000e+03 
9.568000000e+03 9.374000000e+03 
9.457000000e+03 9.505000000e+03 
9.507000000e+03 9.435000000e+03 
9.654000000e+03 9.321000000e+03 
9.678000000e+03 9.266000000e+03 

9.860000000e+03 9.780000000e+03 
1.033500000e+04 9.104000000e+03 
9.976000000e+03 9.539000000e+03 
9.947000000e+03 9.543000000e+03 
9.851000000e+03 9.837000000e+03 
9.853000000e+03 9.833000000e+03 
9.881000000e+03 9.732000000e+03 
9.860000000e+03 9.780000000e+03 
9.862000000e+03 9.758000000e+03 
9.899000000e+03 9.603000000e+03 
1.033500000e+04 9.104000000e+03 
1.033500000e+04 9.104000000e+03 
9.834000000e+03 9.839000000e+03 
9.882000000e+03 9.658000000e+03 
1.000400000e+04 9.317000000e+03 
1.016800000e+04 9.170000000e+03 
1.007800000e+04 9.277000000e+03 

9.747000000e+03 9.589000000e+03 
9.853000000e+03 9.444000000e+03 
9.909000000e+03 9.384000000e+03 
1.009000000e+04 9.309000000e+03 
9.842000000e+03 9.479000000e+03 
9.773000000e+03 9.537000000e+03 
1.008900000e+04 9.351000000e+03 
1.025200000e+04 9.276000000e+03 
9.928000000e+03 9.380000000e+03 
1.007400000e+04 9.353000000e+03 

