9.408000000e+03 9.592000000e+03 
9.606000000e+03 9.434000000e+03 
9.690000000e+03 9.395000000e+03 
9.425000000e+03 9.556000000e+03 
9.553000000e+03 9.440000000e+03 
9.337000000e+03 9.898000000e+03 
9.775000000e+03 9.369000000e+03 
9.772000000e+03 9.380000000e+03 
9.655000000e+03 9.430000000e+03 
9.873000000e+03 9.353000000e+03 
9.873000000e+03 9.353000000e+03 
9.319000000e+03 9.904000000e+03 
9.541000000e+03 9.490000000e+03 
9.350000000e+03 9.788000000e+03 
9.350000000e+03 9.788000000e+03 
9.904000000e+03 9.323000000e+03 
9.353000000e+03 9.786000000e+03 
9.292000000e+03 9.954000000e+03 
9.379000000e+03 9.671000000e+03 
9.907000000e+03 9.321000000e+03 
9.471000000e+03 9.506000000e+03 
9.912000000e+03 9.303000000e+03 
9.276000000e+03 1.005900000e+04 

9.675000000e+03 9.609000000e+03 
9.950000000e+03 9.590000000e+03 
9.548000000e+03 9.968000000e+03 
9.386000000e+03 1.010000000e+04 
9.662000000e+03 9.790000000e+03 
9.584000000e+03 9.941000000e+03 
9.622000000e+03 9.815000000e+03 
9.412000000e+03 1.000500000e+04 
9.379000000e+03 1.052600000e+04 
9.380000000e+03 1.026200000e+04 
9.634000000e+03 9.797000000e+03 
9.548000000e+03 9.968000000e+03 

9.787000000e+03 1.004700000e+04 
9.858000000e+03 1.000100000e+04 
9.743000000e+03 1.020800000e+04 
9.858000000e+03 1.000100000e+04 
1.003700000e+04 9.871000000e+03 
1.007100000e+04 9.840000000e+03 
1.025800000e+04 9.838000000e+03 
9.987000000e+03 9.884000000e+03 

1.124100000e+04 9.895000000e+03 
1.033300000e+04 1.023400000e+04 
1.057400000e+04 1.000400000e+04 
1.084800000e+04 9.961000000e+03 
1.031900000e+04 1.028600000e+04 
1.047900000e+04 1.003100000e+04 
1.013300000e+04 1.039300000e+04 
1.087300000e+04 9.926000000e+03 
1.040900000e+04 1.007100000e+04 
1.076400000e+04 9.973000000e+03 
1.098800000e+04 9.912000000e+03 
1.084700000e+04 9.971000000e+03 
1.040000000e+04 1.021000000e+04 
1.017800000e+04 1.030500000e+04 
1.072800000e+04 1.000000000e+04 

9.937000000e+03 9.626000000e+03 
1.001000000e+04 8.986000000e+03 
1.012800000e+04 8.866000000e+03 
9.957000000e+03 9.550000000e+03 
1.005900000e+04 8.890000000e+03 
9.961000000e+03 9.104000000e+03 
1.001000000e+04 8.986000000e+03 
1.019800000e+04 8.768000000e+03 
1.001800000e+04 8.955000000e+03 
1.019800000e+04 8.768000000e+03 
1.037400000e+04 8.677000000e+03 
1.005900000e+04 8.890000000e+03 
1.001000000e+04 8.986000000e+03 
9.898000000e+03 9.684000000e+03 
9.984000000e+03 9.095000000e+03 
1.003100000e+04 8.893000000e+03 
1.022500000e+04 8.743000000e+03 
1.022700000e+04 8.713000000e+03 
9.910000000e+03 9.654000000e+03 
1.012800000e+04 8.866000000e+03 

9.191000000e+03 9.626000000e+03 
9.329000000e+03 9.399000000e+03 
9.327000000e+03 9.476000000e+03 
9.217000000e+03 9.608000000e+03 
9.597000000e+03 9.380000000e+03 
9.221000000e+03 9.601000000e+03 
9.517000000e+03 9.396000000e+03 
9.663000000e+03 9.348000000e+03 
9.614000000e+03 9.365000000e+03 
9.181000000e+03 9.708000000e+03 
9.273000000e+03 9.567000000e+03 

9.960000000e+03 9.939000000e+03 
9.787000000e+03 9.964000000e+03 
9.679000000e+03 1.003800000e+04 
9.964000000e+03 9.887000000e+03 
9.730000000e+03 9.981000000e+03 
9.970000000e+03 9.842000000e+03 
9.933000000e+03 9.940000000e+03 
9.705000000e+03 1.003200000e+04 
9.508000000e+03 1.017800000e+04 
1.045400000e+04 9.624000000e+03 
9.966000000e+03 9.885000000e+03 
9.933000000e+03 9.940000000e+03 
9.551000000e+03 1.005200000e+04 
9.654000000e+03 1.004600000e+04 
9.508000000e+03 1.017800000e+04 
1.009700000e+04 9.674000000e+03 
9.487000000e+03 1.027000000e+04 
1.038500000e+04 9.653000000e+03 
1.042700000e+04 9.628000000e+03 
9.448000000e+03 1.033000000e+04 
9.977000000e+03 9.680000000e+03 
9.545000000e+03 1.016500000e+04 
1.045400000e+04 9.624000000e+03 
9.963000000e+03 9.896000000e+03 
9.362000000e+03 1.043500000e+04 
9.974000000e+03 9.750000000e+03 
9.545000000e+03 1.016500000e+04 
9.876000000e+03 9.942000000e+03 

9.354000000e+03 1.006000000e+04 
9.156000000e+03 1.056600000e+04 
9.998000000e+03 9.687000000e+03 
9.316000000e+03 1.007800000e+04 
9.191000000e+03 1.053000000e+04 
9.231000000e+03 1.040800000e+04 
9.218000000e+03 1.042800000e+04 
9.923000000e+03 9.730000000e+03 
9.442000000e+03 9.793000000e+03 
9.403000000e+03 1.004800000e+04 
9.891000000e+03 9.772000000e+03 

9.713000000e+03 9.818000000e+03 
1.009200000e+04 9.550000000e+03 
9.670000000e+03 9.930000000e+03 
9.812000000e+03 9.659000000e+03 
1.009200000e+04 9.550000000e+03 
1.012100000e+04 9.545000000e+03 
9.932000000e+03 9.628000000e+03 
1.039800000e+04 9.484000000e+03 
9.949000000e+03 9.588000000e+03 
9.645000000e+03 1.005000000e+04 
9.638000000e+03 1.011000000e+04 
1.003200000e+04 9.580000000e+03 
1.015700000e+04 9.520000000e+03 
1.028400000e+04 9.494000000e+03 
9.681000000e+03 9.856000000e+03 
9.712000000e+03 9.851000000e+03 
9.643000000e+03 1.009700000e+04 

9.994000000e+03 9.120000000e+03 
9.712000000e+03 9.557000000e+03 
9.747000000e+03 9.403000000e+03 
9.491000000e+03 9.854000000e+03 
9.717000000e+03 9.497000000e+03 
9.847000000e+03 9.208000000e+03 
9.747000000e+03 9.403000000e+03 
9.749000000e+03 9.389000000e+03 
9.505000000e+03 9.789000000e+03 
9.994000000e+03 9.120000000e+03 
1.058800000e+04 9.065000000e+03 
9.501000000e+03 9.824000000e+03 
9.440000000e+03 9.948000000e+03 
9.522000000e+03 9.570000000e+03 
9.721000000e+03 9.486000000e+03 
1.049100000e+04 9.103000000e+03 

1.062700000e+04 9.853000000e+03 
1.010200000e+04 1.003500000e+04 
1.014500000e+04 9.984000000e+03 
1.060700000e+04 9.854000000e+03 
1.066100000e+04 9.824000000e+03 
1.088100000e+04 9.747000000e+03 
1.053800000e+04 9.894000000e+03 
1.065400000e+04 9.841000000e+03 
1.105300000e+04 9.702000000e+03 
1.005300000e+04 1.009600000e+04 
1.068000000e+04 9.771000000e+03 
1.067100000e+04 9.805000000e+03 
1.039400000e+04 9.895000000e+03 
1.031900000e+04 9.916000000e+03 
1.094500000e+04 9.743000000e+03 
1.057000000e+04 9.864000000e+03 
1.016900000e+04 9.980000000e+03 
1.013000000e+04 9.990000000e+03 
1.031500000e+04 9.964000000e+03 
1.056900000e+04 9.883000000e+03 

9.171000000e+03 1.083200000e+04 
9.339000000e+03 1.014100000e+04 
9.176000000e+03 1.061100000e+04 
9.836000000e+03 9.883000000e+03 
9.980000000e+03 9.853000000e+03 
9.918000000e+03 9.878000000e+03 
9.335000000e+03 1.032700000e+04 
9.380000000e+03 1.012800000e+04 
9.394000000e+03 1.012100000e+04 
9.836000000e+03 9.883000000e+03 
9.296000000e+03 1.039800000e+04 
9.136000000e+03 1.089400000e+04 
9.415000000e+03 1.010500000e+04 
9.855000000e+03 9.882000000e+03 
9.290000000e+03 1.050800000e+04 
9.486000000e+03 1.001700000e+04 
9.493000000e+03 9.898000000e+03 
9.454000000e+03 1.005900000e+04 

9.883000000e+03 9.555000000e+03 
9.493000000e+03 9.828000000e+03 
9.514000000e+03 9.822000000e+03 
1.017900000e+04 9.384000000e+03 
1.003400000e+04 9.504000000e+03 
9.937000000e+03 9.506000000e+03 
9.610000000e+03 9.618000000e+03 
9.533000000e+03 9.720000000e+03 
1.004300000e+04 9.461000000e+03 
1.015600000e+04 9.387000000e+03 
9.694000000e+03 9.580000000e+03 
9.864000000e+03 9.557000000e+03 
9.914000000e+03 9.533000000e+03 
9.429000000e+03 9.841000000e+03 
9.889000000e+03 9.534000000e+03 
9.518000000e+03 9.760000000e+03 
1.004600000e+04 9.435000000e+03 
1.017900000e+04 9.384000000e+03 
1.025200000e+04 9.364000000e+03 
9.694000000e+03 9.580000000e+03 
9.580000000e+03 9.709000000e+03 

9.049000000e+03 1.048300000e+04 
9.067000000e+03 1.034100000e+04 
8.977000000e+03 1.058800000e+04 
9.154000000e+03 1.016000000e+04 
8.965000000e+03 1.060600000e+04 
9.135000000e+03 1.032500000e+04 
9.322000000e+03 1.005800000e+04 
9.040000000e+03 1.050300000e+04 
9.008000000e+03 1.051800000e+04 
9.145000000e+03 1.030200000e+04 
9.052000000e+03 1.047600000e+04 

9.641000000e+03 9.730000000e+03 
9.777000000e+03 9.632000000e+03 
9.769000000e+03 9.680000000e+03 
1.014100000e+04 9.396000000e+03 
9.782000000e+03 9.517000000e+03 
9.857000000e+03 9.503000000e+03 
1.003400000e+04 9.425000000e+03 
9.960000000e+03 9.474000000e+03 
9.703000000e+03 9.709000000e+03 
9.628000000e+03 9.744000000e+03 

1.038800000e+04 9.882000000e+03 
1.034900000e+04 9.924000000e+03 
1.052600000e+04 9.812000000e+03 
1.015600000e+04 1.019900000e+04 
1.064900000e+04 9.779000000e+03 
1.021900000e+04 1.019200000e+04 
1.029000000e+04 9.948000000e+03 
1.024300000e+04 9.993000000e+03 
1.038800000e+04 9.882000000e+03 
1.015600000e+04 1.019900000e+04 
1.061800000e+04 9.811000000e+03 
1.050900000e+04 9.867000000e+03 
1.045300000e+04 9.873000000e+03 

9.894000000e+03 9.974000000e+03 
9.315000000e+03 1.052800000e+04 
9.339000000e+03 1.046300000e+04 
9.692000000e+03 1.019200000e+04 
9.562000000e+03 1.026700000e+04 
9.515000000e+03 1.034600000e+04 
9.202000000e+03 1.070100000e+04 
9.819000000e+03 1.013500000e+04 
9.446000000e+03 1.036800000e+04 
9.825000000e+03 1.010900000e+04 
1.015100000e+04 9.970000000e+03 
9.663000000e+03 1.021700000e+04 
9.644000000e+03 1.026100000e+04 
9.229000000e+03 1.053600000e+04 
9.538000000e+03 1.029600000e+04 
9.793000000e+03 1.014700000e+04 
9.739000000e+03 1.018300000e+04 

9.347000000e+03 9.202000000e+03 
9.219000000e+03 9.437000000e+03 
9.252000000e+03 9.281000000e+03 
9.242000000e+03 9.292000000e+03 
9.813000000e+03 9.000000000e+03 
9.630000000e+03 9.018000000e+03 
9.362000000e+03 9.167000000e+03 
9.517000000e+03 9.110000000e+03 

1.003300000e+04 1.020400000e+04 
9.927000000e+03 1.021700000e+04 
9.630000000e+03 1.042300000e+04 
9.665000000e+03 1.030600000e+04 
9.558000000e+03 1.069900000e+04 
9.576000000e+03 1.058200000e+04 
1.003300000e+04 1.020400000e+04 
9.581000000e+03 1.042500000e+04 
9.927000000e+03 1.021700000e+04 
9.675000000e+03 1.026400000e+04 
9.895000000e+03 1.025600000e+04 
9.563000000e+03 1.059400000e+04 
9.632000000e+03 1.041700000e+04 

9.635000000e+03 1.052300000e+04 
9.694000000e+03 1.047600000e+04 
9.596000000e+03 1.055400000e+04 
9.793000000e+03 1.012200000e+04 
9.931000000e+03 1.009500000e+04 
9.507000000e+03 1.057900000e+04 
9.746000000e+03 1.027300000e+04 
9.724000000e+03 1.036100000e+04 
9.942000000e+03 1.001200000e+04 
9.630000000e+03 1.052900000e+04 
9.883000000e+03 1.011500000e+04 
9.767000000e+03 1.022200000e+04 
9.490000000e+03 1.066800000e+04 
9.926000000e+03 1.010700000e+04 
9.706000000e+03 1.043800000e+04 
9.738000000e+03 1.033300000e+04 
9.560000000e+03 1.055900000e+04 

1.070500000e+04 9.490000000e+03 
1.071200000e+04 9.423000000e+03 
1.050400000e+04 9.606000000e+03 
1.049900000e+04 9.608000000e+03 
1.032700000e+04 9.874000000e+03 
1.073000000e+04 9.329000000e+03 
1.067000000e+04 9.496000000e+03 
1.041300000e+04 9.671000000e+03 
1.032700000e+04 9.874000000e+03 
1.058200000e+04 9.564000000e+03 
1.032700000e+04 9.874000000e+03 
1.034700000e+04 9.722000000e+03 
1.034200000e+04 9.825000000e+03 
1.042500000e+04 9.646000000e+03 
1.034500000e+04 9.729000000e+03 

1.023500000e+04 9.399000000e+03 
1.001300000e+04 9.705000000e+03 
9.765000000e+03 1.005500000e+04 
1.060600000e+04 9.341000000e+03 
9.736000000e+03 1.021000000e+04 
9.797000000e+03 9.873000000e+03 
9.960000000e+03 9.725000000e+03 
9.835000000e+03 9.768000000e+03 
1.002200000e+04 9.696000000e+03 
9.972000000e+03 9.713000000e+03 
9.919000000e+03 9.759000000e+03 
9.736000000e+03 1.021000000e+04 
9.958000000e+03 9.734000000e+03 
1.015600000e+04 9.532000000e+03 
1.016100000e+04 9.513000000e+03 
9.784000000e+03 1.000200000e+04 
1.056100000e+04 9.353000000e+03 
9.765000000e+03 1.005500000e+04 
1.006300000e+04 9.542000000e+03 
1.004700000e+04 9.653000000e+03 

9.612000000e+03 9.884000000e+03 
9.786000000e+03 9.413000000e+03 
9.899000000e+03 9.319000000e+03 
9.672000000e+03 9.825000000e+03 
9.714000000e+03 9.448000000e+03 
9.973000000e+03 9.243000000e+03 
1.014500000e+04 9.172000000e+03 
9.805000000e+03 9.372000000e+03 
1.027400000e+04 9.152000000e+03 
9.685000000e+03 9.460000000e+03 

9.691000000e+03 9.841000000e+03 
1.007900000e+04 9.787000000e+03 
9.494000000e+03 1.002400000e+04 
9.494000000e+03 1.002400000e+04 
1.004500000e+04 9.808000000e+03 
1.008000000e+04 9.783000000e+03 
9.765000000e+03 9.823000000e+03 
9.650000000e+03 9.909000000e+03 
1.010300000e+04 9.660000000e+03 
9.421000000e+03 1.003100000e+04 
9.494000000e+03 1.002400000e+04 

1.008700000e+04 9.654000000e+03 
1.010800000e+04 9.631000000e+03 
1.032200000e+04 9.591000000e+03 
9.895000000e+03 9.998000000e+03 
9.995000000e+03 9.747000000e+03 
9.981000000e+03 9.751000000e+03 
1.002900000e+04 9.680000000e+03 
1.033600000e+04 9.589000000e+03 
9.947000000e+03 9.949000000e+03 
1.008800000e+04 9.633000000e+03 
9.950000000e+03 9.796000000e+03 
9.895000000e+03 9.998000000e+03 
1.004900000e+04 9.672000000e+03 

9.506000000e+03 1.026400000e+04 
1.001300000e+04 9.930000000e+03 
9.456000000e+03 1.056900000e+04 
9.384000000e+03 1.058800000e+04 
9.714000000e+03 1.001800000e+04 
9.628000000e+03 1.011900000e+04 
1.001300000e+04 9.930000000e+03 
9.711000000e+03 1.008600000e+04 
1.001300000e+04 9.930000000e+03 
9.567000000e+03 1.023400000e+04 
9.613000000e+03 1.023000000e+04 
9.466000000e+03 1.028600000e+04 

9.849000000e+03 1.003900000e+04 
1.062600000e+04 9.712000000e+03 
1.036300000e+04 9.728000000e+03 
1.000500000e+04 9.812000000e+03 
9.848000000e+03 1.009000000e+04 
9.838000000e+03 1.014400000e+04 
9.982000000e+03 9.857000000e+03 
1.062600000e+04 9.712000000e+03 
1.027200000e+04 9.764000000e+03 
9.767000000e+03 1.018700000e+04 
1.004500000e+04 9.785000000e+03 
9.879000000e+03 9.971000000e+03 
1.007900000e+04 9.765000000e+03 

9.448000000e+03 9.586000000e+03 
9.698000000e+03 9.400000000e+03 
9.390000000e+03 9.722000000e+03 
9.332000000e+03 9.824000000e+03 
9.715000000e+03 9.378000000e+03 
9.362000000e+03 9.757000000e+03 
9.448000000e+03 9.586000000e+03 
9.448000000e+03 9.586000000e+03 
9.448000000e+03 9.586000000e+03 
9.448000000e+03 9.586000000e+03 
9.425000000e+03 9.635000000e+03 
9.448000000e+03 9.586000000e+03 
9.737000000e+03 9.282000000e+03 
9.680000000e+03 9.425000000e+03 
9.507000000e+03 9.435000000e+03 
9.675000000e+03 9.429000000e+03 
9.457000000e+03 9.505000000e+03 
9.475000000e+03 9.501000000e+03 

9.860000000e+03 9.780000000e+03 
1.033500000e+04 9.104000000e+03 
9.976000000e+03 9.539000000e+03 
1.004600000e+04 9.376000000e+03 
1.023800000e+04 9.233000000e+03 
1.030000000e+04 9.195000000e+03 
1.000600000e+04 9.483000000e+03 
9.860000000e+03 9.780000000e+03 
9.862000000e+03 9.758000000e+03 
9.899000000e+03 9.603000000e+03 
1.033500000e+04 9.104000000e+03 
1.030000000e+04 9.195000000e+03 
9.834000000e+03 9.839000000e+03 
1.015500000e+04 9.320000000e+03 
9.947000000e+03 9.543000000e+03 

9.747000000e+03 9.589000000e+03 
1.002700000e+04 9.402000000e+03 
9.774000000e+03 9.570000000e+03 
1.009000000e+04 9.309000000e+03 
9.842000000e+03 9.479000000e+03 
9.853000000e+03 9.444000000e+03 
9.974000000e+03 9.422000000e+03 
1.008100000e+04 9.387000000e+03 

