9.872000000e+03 8.706000000e+03 
9.856000000e+03 8.720000000e+03 
9.032000000e+03 9.247000000e+03 
9.381000000e+03 8.831000000e+03 
9.016000000e+03 9.518000000e+03 
1.001100000e+04 8.691000000e+03 
9.218000000e+03 8.991000000e+03 
9.908000000e+03 8.705000000e+03 
9.177000000e+03 9.000000000e+03 
9.048000000e+03 9.159000000e+03 
9.102000000e+03 9.085000000e+03 
9.260000000e+03 8.975000000e+03 
9.268000000e+03 8.900000000e+03 
9.032000000e+03 9.247000000e+03 
9.495000000e+03 8.830000000e+03 
9.218000000e+03 8.991000000e+03 
9.239000000e+03 8.989000000e+03 
9.908000000e+03 8.705000000e+03 
9.177000000e+03 9.000000000e+03 
9.579000000e+03 8.805000000e+03 
9.080000000e+03 9.117000000e+03 
9.019000000e+03 9.304000000e+03 
9.260000000e+03 8.975000000e+03 
9.147000000e+03 9.019000000e+03 
9.106000000e+03 9.057000000e+03 
9.607000000e+03 8.745000000e+03 
9.038000000e+03 9.184000000e+03 

9.002000000e+03 9.252000000e+03 
8.686000000e+03 9.909000000e+03 
9.770000000e+03 8.913000000e+03 
8.800000000e+03 9.673000000e+03 
8.900000000e+03 9.469000000e+03 
8.909000000e+03 9.339000000e+03 
9.309000000e+03 9.086000000e+03 
9.523000000e+03 9.007000000e+03 
8.735000000e+03 9.795000000e+03 
9.446000000e+03 9.011000000e+03 
9.489000000e+03 9.008000000e+03 
9.034000000e+03 9.209000000e+03 
8.944000000e+03 9.293000000e+03 
8.783000000e+03 9.735000000e+03 
8.688000000e+03 9.842000000e+03 
9.109000000e+03 9.206000000e+03 
9.119000000e+03 9.204000000e+03 
9.579000000e+03 9.000000000e+03 
8.817000000e+03 9.608000000e+03 
9.344000000e+03 9.012000000e+03 
8.866000000e+03 9.485000000e+03 
9.146000000e+03 9.109000000e+03 

9.194000000e+03 9.511000000e+03 
9.338000000e+03 9.422000000e+03 
9.151000000e+03 9.728000000e+03 
9.120000000e+03 9.825000000e+03 
9.134000000e+03 9.790000000e+03 
9.299000000e+03 9.498000000e+03 
9.098000000e+03 9.837000000e+03 
9.665000000e+03 9.322000000e+03 
9.465000000e+03 9.418000000e+03 
9.136000000e+03 9.754000000e+03 
9.098000000e+03 9.837000000e+03 
9.151000000e+03 9.728000000e+03 
9.322000000e+03 9.488000000e+03 
9.099000000e+03 9.826000000e+03 
9.179000000e+03 9.623000000e+03 
9.473000000e+03 9.378000000e+03 
9.502000000e+03 9.361000000e+03 
9.175000000e+03 9.692000000e+03 
9.139000000e+03 9.730000000e+03 

1.024100000e+04 9.597000000e+03 
9.988000000e+03 9.686000000e+03 
1.029100000e+04 9.573000000e+03 
9.948000000e+03 9.800000000e+03 
9.640000000e+03 1.029600000e+04 
9.852000000e+03 9.966000000e+03 
1.024100000e+04 9.597000000e+03 
1.024100000e+04 9.597000000e+03 
9.815000000e+03 1.001600000e+04 
9.852000000e+03 9.966000000e+03 
9.944000000e+03 9.942000000e+03 
1.024100000e+04 9.597000000e+03 
9.615000000e+03 1.052900000e+04 
9.852000000e+03 9.966000000e+03 
1.012700000e+04 9.607000000e+03 
1.030000000e+04 9.545000000e+03 
9.710000000e+03 1.017300000e+04 
1.024100000e+04 9.597000000e+03 
9.945000000e+03 9.935000000e+03 
9.988000000e+03 9.686000000e+03 
9.775000000e+03 1.004100000e+04 
9.832000000e+03 9.986000000e+03 
9.627000000e+03 1.050100000e+04 
1.004900000e+04 9.674000000e+03 
9.909000000e+03 9.949000000e+03 
9.678000000e+03 1.020500000e+04 
9.949000000e+03 9.741000000e+03 
9.710000000e+03 1.017300000e+04 
1.027000000e+04 9.585000000e+03 
1.006200000e+04 9.638000000e+03 
1.013800000e+04 9.605000000e+03 
1.047200000e+04 9.528000000e+03 

9.713000000e+03 8.634000000e+03 
9.616000000e+03 8.693000000e+03 
9.358000000e+03 9.044000000e+03 
9.456000000e+03 8.868000000e+03 
9.621000000e+03 8.679000000e+03 
9.835000000e+03 8.517000000e+03 
9.499000000e+03 8.836000000e+03 
9.799000000e+03 8.574000000e+03 
1.003200000e+04 8.402000000e+03 
9.545000000e+03 8.737000000e+03 
9.384000000e+03 9.040000000e+03 
9.384000000e+03 9.040000000e+03 
1.003200000e+04 8.402000000e+03 
9.518000000e+03 8.748000000e+03 
9.748000000e+03 8.621000000e+03 
1.006200000e+04 8.383000000e+03 
1.011800000e+04 8.349000000e+03 
9.657000000e+03 8.657000000e+03 
1.000600000e+04 8.434000000e+03 
9.728000000e+03 8.630000000e+03 
9.397000000e+03 8.958000000e+03 
9.386000000e+03 9.007000000e+03 
9.337000000e+03 9.197000000e+03 
9.513000000e+03 8.819000000e+03 
9.767000000e+03 8.580000000e+03 
9.836000000e+03 8.498000000e+03 
1.003200000e+04 8.402000000e+03 
9.446000000e+03 8.878000000e+03 
9.421000000e+03 8.884000000e+03 
9.922000000e+03 8.445000000e+03 
9.812000000e+03 8.522000000e+03 
9.882000000e+03 8.472000000e+03 
1.012900000e+04 8.344000000e+03 
1.010900000e+04 8.358000000e+03 

8.605000000e+03 9.210000000e+03 
8.506000000e+03 9.436000000e+03 
8.625000000e+03 9.136000000e+03 
8.934000000e+03 8.736000000e+03 
8.749000000e+03 9.070000000e+03 
8.582000000e+03 9.216000000e+03 
8.552000000e+03 9.422000000e+03 
8.566000000e+03 9.411000000e+03 
8.573000000e+03 9.257000000e+03 
8.844000000e+03 8.897000000e+03 
8.766000000e+03 8.956000000e+03 

9.643000000e+03 9.081000000e+03 
8.958000000e+03 9.585000000e+03 
9.541000000e+03 9.159000000e+03 
8.926000000e+03 9.591000000e+03 
8.909000000e+03 9.647000000e+03 
9.079000000e+03 9.488000000e+03 
9.311000000e+03 9.270000000e+03 
9.472000000e+03 9.161000000e+03 
9.319000000e+03 9.170000000e+03 
9.541000000e+03 9.159000000e+03 
8.909000000e+03 9.647000000e+03 
9.194000000e+03 9.376000000e+03 
9.567000000e+03 9.098000000e+03 
9.308000000e+03 9.273000000e+03 
8.969000000e+03 9.523000000e+03 
9.651000000e+03 9.027000000e+03 
9.060000000e+03 9.504000000e+03 
9.308000000e+03 9.273000000e+03 
9.079000000e+03 9.488000000e+03 
9.086000000e+03 9.444000000e+03 
9.079000000e+03 9.488000000e+03 
9.643000000e+03 9.081000000e+03 
9.214000000e+03 9.354000000e+03 
9.211000000e+03 9.358000000e+03 
9.165000000e+03 9.379000000e+03 
9.079000000e+03 9.488000000e+03 
9.211000000e+03 9.358000000e+03 
9.242000000e+03 9.279000000e+03 

8.691000000e+03 9.741000000e+03 
8.756000000e+03 9.419000000e+03 
9.362000000e+03 9.118000000e+03 
8.891000000e+03 9.397000000e+03 
8.924000000e+03 9.358000000e+03 
9.033000000e+03 9.300000000e+03 
9.048000000e+03 9.246000000e+03 
8.877000000e+03 9.404000000e+03 
8.755000000e+03 9.480000000e+03 
9.230000000e+03 9.194000000e+03 
8.914000000e+03 9.377000000e+03 
8.987000000e+03 9.313000000e+03 
8.936000000e+03 9.354000000e+03 
8.975000000e+03 9.329000000e+03 
9.237000000e+03 9.174000000e+03 
8.702000000e+03 9.585000000e+03 
9.197000000e+03 9.200000000e+03 
8.691000000e+03 9.741000000e+03 
9.041000000e+03 9.272000000e+03 
9.048000000e+03 9.246000000e+03 
9.048000000e+03 9.246000000e+03 
9.348000000e+03 9.128000000e+03 
9.065000000e+03 9.203000000e+03 
9.326000000e+03 9.150000000e+03 
8.742000000e+03 9.512000000e+03 
9.430000000e+03 9.061000000e+03 
8.897000000e+03 9.393000000e+03 

9.228000000e+03 9.312000000e+03 
9.132000000e+03 9.475000000e+03 
9.073000000e+03 9.629000000e+03 
9.089000000e+03 9.527000000e+03 
9.393000000e+03 9.176000000e+03 
9.072000000e+03 9.731000000e+03 
9.155000000e+03 9.449000000e+03 
9.127000000e+03 9.499000000e+03 
9.372000000e+03 9.190000000e+03 
9.119000000e+03 9.500000000e+03 
9.717000000e+03 9.052000000e+03 
9.824000000e+03 9.030000000e+03 
9.089000000e+03 9.527000000e+03 
9.160000000e+03 9.349000000e+03 
9.087000000e+03 9.562000000e+03 
9.603000000e+03 9.062000000e+03 
9.454000000e+03 9.103000000e+03 
9.301000000e+03 9.234000000e+03 
9.228000000e+03 9.312000000e+03 
9.767000000e+03 9.047000000e+03 

8.858000000e+03 9.230000000e+03 
8.823000000e+03 9.257000000e+03 
9.591000000e+03 8.608000000e+03 
9.344000000e+03 8.693000000e+03 
9.592000000e+03 8.577000000e+03 
9.247000000e+03 8.756000000e+03 
8.909000000e+03 9.134000000e+03 
9.339000000e+03 8.702000000e+03 
9.419000000e+03 8.643000000e+03 
9.281000000e+03 8.749000000e+03 
9.175000000e+03 8.805000000e+03 
8.883000000e+03 9.178000000e+03 
9.175000000e+03 8.805000000e+03 
9.570000000e+03 8.629000000e+03 
8.838000000e+03 9.234000000e+03 
9.428000000e+03 8.634000000e+03 
9.578000000e+03 8.618000000e+03 
9.394000000e+03 8.674000000e+03 
9.076000000e+03 8.812000000e+03 
9.175000000e+03 8.805000000e+03 
8.923000000e+03 8.899000000e+03 
9.325000000e+03 8.740000000e+03 
8.858000000e+03 9.230000000e+03 

9.689000000e+03 9.630000000e+03 
9.573000000e+03 9.729000000e+03 
9.694000000e+03 9.570000000e+03 
9.847000000e+03 9.384000000e+03 
1.023600000e+04 9.153000000e+03 
9.664000000e+03 9.697000000e+03 
9.694000000e+03 9.570000000e+03 
9.814000000e+03 9.406000000e+03 
9.467000000e+03 9.854000000e+03 
9.718000000e+03 9.550000000e+03 
9.688000000e+03 9.674000000e+03 
9.718000000e+03 9.550000000e+03 
9.980000000e+03 9.311000000e+03 
9.736000000e+03 9.499000000e+03 
9.991000000e+03 9.231000000e+03 
9.479000000e+03 9.801000000e+03 
9.436000000e+03 1.012100000e+04 
9.660000000e+03 9.699000000e+03 
9.757000000e+03 9.479000000e+03 
9.772000000e+03 9.465000000e+03 
9.902000000e+03 9.328000000e+03 
9.451000000e+03 1.001600000e+04 
9.610000000e+03 9.708000000e+03 
9.772000000e+03 9.465000000e+03 
9.801000000e+03 9.422000000e+03 
9.441000000e+03 1.008400000e+04 
9.591000000e+03 9.723000000e+03 
9.778000000e+03 9.434000000e+03 
9.421000000e+03 1.014400000e+04 
9.718000000e+03 9.550000000e+03 
1.007900000e+04 9.221000000e+03 
9.492000000e+03 9.761000000e+03 

8.586000000e+03 1.009000000e+04 
8.894000000e+03 9.452000000e+03 
8.928000000e+03 9.380000000e+03 
8.740000000e+03 9.618000000e+03 
8.506000000e+03 1.016200000e+04 
8.691000000e+03 9.757000000e+03 
8.790000000e+03 9.495000000e+03 
9.085000000e+03 9.361000000e+03 
8.691000000e+03 9.757000000e+03 
8.763000000e+03 9.588000000e+03 
8.620000000e+03 9.818000000e+03 
8.607000000e+03 9.875000000e+03 
8.706000000e+03 9.661000000e+03 
8.739000000e+03 9.647000000e+03 
8.891000000e+03 9.476000000e+03 
9.231000000e+03 9.300000000e+03 
8.605000000e+03 9.899000000e+03 
8.506000000e+03 1.016200000e+04 
8.741000000e+03 9.596000000e+03 
8.891000000e+03 9.476000000e+03 
8.605000000e+03 9.899000000e+03 
8.696000000e+03 9.717000000e+03 
9.151000000e+03 9.333000000e+03 
8.893000000e+03 9.474000000e+03 
8.770000000e+03 9.519000000e+03 
9.140000000e+03 9.354000000e+03 

9.088000000e+03 9.104000000e+03 
9.029000000e+03 9.208000000e+03 
9.035000000e+03 9.127000000e+03 
9.585000000e+03 8.882000000e+03 
8.946000000e+03 9.366000000e+03 
8.938000000e+03 9.607000000e+03 
9.362000000e+03 8.890000000e+03 
8.981000000e+03 9.354000000e+03 
9.231000000e+03 8.938000000e+03 
9.187000000e+03 8.953000000e+03 
9.098000000e+03 9.013000000e+03 
9.010000000e+03 9.273000000e+03 
9.151000000e+03 8.964000000e+03 

8.852000000e+03 9.504000000e+03 
8.792000000e+03 9.526000000e+03 
8.524000000e+03 9.794000000e+03 
8.710000000e+03 9.609000000e+03 
8.531000000e+03 9.729000000e+03 
8.903000000e+03 9.499000000e+03 
8.905000000e+03 9.475000000e+03 
8.457000000e+03 9.876000000e+03 
8.792000000e+03 9.526000000e+03 
8.488000000e+03 9.818000000e+03 
8.364000000e+03 9.929000000e+03 
8.545000000e+03 9.676000000e+03 
8.767000000e+03 9.607000000e+03 
8.488000000e+03 9.818000000e+03 
8.353000000e+03 1.064400000e+04 
8.470000000e+03 9.835000000e+03 
8.531000000e+03 9.729000000e+03 
8.597000000e+03 9.638000000e+03 
8.399000000e+03 9.913000000e+03 
8.527000000e+03 9.749000000e+03 
8.488000000e+03 9.818000000e+03 

9.091000000e+03 9.164000000e+03 
9.258000000e+03 8.971000000e+03 
9.370000000e+03 8.886000000e+03 
9.711000000e+03 8.801000000e+03 
9.157000000e+03 9.060000000e+03 
9.681000000e+03 8.851000000e+03 
9.233000000e+03 9.001000000e+03 
9.356000000e+03 8.922000000e+03 
9.584000000e+03 8.872000000e+03 
9.204000000e+03 9.010000000e+03 

1.000300000e+04 9.271000000e+03 
1.021100000e+04 9.105000000e+03 
9.975000000e+03 9.294000000e+03 
1.000400000e+04 9.263000000e+03 
9.574000000e+03 9.964000000e+03 
1.008100000e+04 9.190000000e+03 
9.835000000e+03 9.344000000e+03 
1.010700000e+04 9.179000000e+03 
9.835000000e+03 9.344000000e+03 
1.012600000e+04 9.153000000e+03 
9.598000000e+03 9.460000000e+03 
9.768000000e+03 9.363000000e+03 
9.948000000e+03 9.340000000e+03 

8.808000000e+03 1.031300000e+04 
8.811000000e+03 1.023400000e+04 
9.353000000e+03 9.717000000e+03 
9.109000000e+03 9.954000000e+03 
8.869000000e+03 1.002900000e+04 
9.854000000e+03 9.481000000e+03 
9.145000000e+03 9.933000000e+03 
8.791000000e+03 1.032200000e+04 
8.812000000e+03 1.019600000e+04 
9.925000000e+03 9.474000000e+03 
8.791000000e+03 1.032200000e+04 
9.109000000e+03 9.954000000e+03 
8.808000000e+03 1.031300000e+04 
8.843000000e+03 1.017000000e+04 
8.812000000e+03 1.019600000e+04 
9.576000000e+03 9.622000000e+03 
8.808000000e+03 1.031300000e+04 
8.791000000e+03 1.032200000e+04 
8.791000000e+03 1.032200000e+04 
9.163000000e+03 9.909000000e+03 
8.869000000e+03 1.002900000e+04 
9.444000000e+03 9.714000000e+03 
9.483000000e+03 9.634000000e+03 
8.935000000e+03 1.001100000e+04 
8.752000000e+03 1.033100000e+04 
9.706000000e+03 9.555000000e+03 
9.001000000e+03 9.985000000e+03 
9.776000000e+03 9.525000000e+03 
9.169000000e+03 9.787000000e+03 
9.270000000e+03 9.770000000e+03 
9.314000000e+03 9.750000000e+03 
9.159000000e+03 9.925000000e+03 
9.102000000e+03 9.961000000e+03 
9.343000000e+03 9.743000000e+03 
9.940000000e+03 9.423000000e+03 
8.966000000e+03 1.000900000e+04 

8.938000000e+03 8.463000000e+03 
8.595000000e+03 8.803000000e+03 
9.201000000e+03 8.341000000e+03 
8.916000000e+03 8.530000000e+03 
8.866000000e+03 8.560000000e+03 
8.668000000e+03 8.697000000e+03 
8.921000000e+03 8.509000000e+03 
8.536000000e+03 8.905000000e+03 
8.891000000e+03 8.552000000e+03 
9.124000000e+03 8.386000000e+03 
8.889000000e+03 8.553000000e+03 
8.666000000e+03 8.763000000e+03 
8.852000000e+03 8.609000000e+03 
9.095000000e+03 8.402000000e+03 
8.862000000e+03 8.607000000e+03 
8.687000000e+03 8.615000000e+03 
9.166000000e+03 8.361000000e+03 
8.979000000e+03 8.426000000e+03 
8.594000000e+03 8.876000000e+03 
9.081000000e+03 8.407000000e+03 

9.390000000e+03 9.535000000e+03 
8.817000000e+03 1.037200000e+04 
9.039000000e+03 9.819000000e+03 
9.270000000e+03 9.596000000e+03 
9.003000000e+03 1.004300000e+04 
9.266000000e+03 9.633000000e+03 
9.363000000e+03 9.550000000e+03 
9.508000000e+03 9.480000000e+03 
8.924000000e+03 1.030500000e+04 
8.848000000e+03 1.030700000e+04 
9.320000000e+03 9.587000000e+03 
9.021000000e+03 9.967000000e+03 
9.397000000e+03 9.513000000e+03 
9.201000000e+03 9.698000000e+03 
8.933000000e+03 1.018300000e+04 
9.456000000e+03 9.481000000e+03 
9.205000000e+03 9.678000000e+03 
9.098000000e+03 9.785000000e+03 
8.817000000e+03 1.037200000e+04 
9.028000000e+03 9.929000000e+03 
8.979000000e+03 1.010700000e+04 
9.007000000e+03 9.990000000e+03 
9.003000000e+03 1.004300000e+04 
9.023000000e+03 9.966000000e+03 
9.174000000e+03 9.714000000e+03 

9.201000000e+03 9.706000000e+03 
9.068000000e+03 9.844000000e+03 
9.515000000e+03 9.494000000e+03 
9.392000000e+03 9.539000000e+03 
8.956000000e+03 1.019300000e+04 
9.010000000e+03 9.875000000e+03 
9.123000000e+03 9.756000000e+03 
9.109000000e+03 9.773000000e+03 
9.126000000e+03 9.708000000e+03 
9.273000000e+03 9.547000000e+03 
8.997000000e+03 9.989000000e+03 
8.995000000e+03 1.012500000e+04 
9.210000000e+03 9.602000000e+03 
9.093000000e+03 9.778000000e+03 
9.081000000e+03 9.783000000e+03 

1.008000000e+04 8.953000000e+03 
9.855000000e+03 9.254000000e+03 
9.961000000e+03 9.170000000e+03 
9.688000000e+03 9.574000000e+03 
1.001700000e+04 9.109000000e+03 
9.821000000e+03 9.304000000e+03 
9.821000000e+03 9.304000000e+03 
9.948000000e+03 9.204000000e+03 
1.001400000e+04 9.147000000e+03 
9.823000000e+03 9.270000000e+03 
9.911000000e+03 9.220000000e+03 
1.063300000e+04 8.875000000e+03 
1.002200000e+04 9.089000000e+03 
9.929000000e+03 9.218000000e+03 
1.019000000e+04 8.876000000e+03 
9.902000000e+03 9.228000000e+03 
9.721000000e+03 9.378000000e+03 
9.902000000e+03 9.228000000e+03 

9.590000000e+03 9.033000000e+03 
9.477000000e+03 9.138000000e+03 
9.394000000e+03 9.266000000e+03 
9.460000000e+03 9.183000000e+03 
9.441000000e+03 9.197000000e+03 
9.404000000e+03 9.198000000e+03 
9.295000000e+03 9.570000000e+03 
9.261000000e+03 9.870000000e+03 
9.571000000e+03 9.069000000e+03 
9.369000000e+03 9.446000000e+03 
9.501000000e+03 9.128000000e+03 
9.527000000e+03 9.088000000e+03 
9.647000000e+03 9.022000000e+03 
9.513000000e+03 9.116000000e+03 
9.391000000e+03 9.310000000e+03 
9.769000000e+03 8.945000000e+03 
9.718000000e+03 9.019000000e+03 
9.369000000e+03 9.446000000e+03 
9.319000000e+03 9.468000000e+03 
9.378000000e+03 9.373000000e+03 
9.719000000e+03 8.982000000e+03 

9.691000000e+03 8.502000000e+03 
9.178000000e+03 8.808000000e+03 
9.551000000e+03 8.556000000e+03 
9.305000000e+03 8.688000000e+03 
9.477000000e+03 8.566000000e+03 
9.784000000e+03 8.499000000e+03 
8.980000000e+03 8.993000000e+03 
9.423000000e+03 8.603000000e+03 
9.786000000e+03 8.480000000e+03 
9.691000000e+03 8.502000000e+03 
9.040000000e+03 8.893000000e+03 
9.691000000e+03 8.502000000e+03 
9.600000000e+03 8.554000000e+03 
9.437000000e+03 8.596000000e+03 
9.227000000e+03 8.712000000e+03 
8.993000000e+03 8.951000000e+03 
9.194000000e+03 8.790000000e+03 
9.636000000e+03 8.552000000e+03 
9.786000000e+03 8.480000000e+03 
9.148000000e+03 8.864000000e+03 
9.286000000e+03 8.695000000e+03 
9.390000000e+03 8.684000000e+03 
8.895000000e+03 9.024000000e+03 
9.691000000e+03 8.502000000e+03 
9.157000000e+03 8.827000000e+03 
9.397000000e+03 8.683000000e+03 
8.966000000e+03 9.008000000e+03 
9.141000000e+03 8.874000000e+03 
9.786000000e+03 8.480000000e+03 

9.350000000e+03 9.345000000e+03 
9.335000000e+03 9.366000000e+03 
8.949000000e+03 9.807000000e+03 
9.955000000e+03 9.061000000e+03 
9.161000000e+03 9.482000000e+03 
9.425000000e+03 9.261000000e+03 
8.993000000e+03 9.758000000e+03 
9.564000000e+03 9.234000000e+03 
9.502000000e+03 9.254000000e+03 
9.916000000e+03 9.074000000e+03 
9.230000000e+03 9.435000000e+03 
9.727000000e+03 9.131000000e+03 
9.015000000e+03 9.753000000e+03 
8.949000000e+03 9.807000000e+03 
9.043000000e+03 9.716000000e+03 
9.363000000e+03 9.309000000e+03 
9.763000000e+03 9.081000000e+03 
9.350000000e+03 9.345000000e+03 
9.055000000e+03 9.686000000e+03 
9.335000000e+03 9.366000000e+03 
9.055000000e+03 9.686000000e+03 
9.579000000e+03 9.192000000e+03 
9.140000000e+03 9.574000000e+03 
9.146000000e+03 9.493000000e+03 
9.078000000e+03 9.685000000e+03 
9.047000000e+03 9.710000000e+03 
8.973000000e+03 9.774000000e+03 
9.345000000e+03 9.346000000e+03 
9.132000000e+03 9.591000000e+03 
9.184000000e+03 9.455000000e+03 
9.292000000e+03 9.368000000e+03 
9.089000000e+03 9.636000000e+03 
9.018000000e+03 9.746000000e+03 
9.608000000e+03 9.188000000e+03 

9.918000000e+03 9.029000000e+03 
9.637000000e+03 9.184000000e+03 
9.871000000e+03 9.099000000e+03 
9.918000000e+03 9.029000000e+03 
9.884000000e+03 9.078000000e+03 
9.458000000e+03 9.232000000e+03 
9.753000000e+03 9.106000000e+03 
9.529000000e+03 9.221000000e+03 
9.591000000e+03 9.217000000e+03 
9.402000000e+03 9.347000000e+03 
9.637000000e+03 9.184000000e+03 
9.402000000e+03 9.347000000e+03 
9.371000000e+03 9.522000000e+03 
9.715000000e+03 9.128000000e+03 
9.753000000e+03 9.106000000e+03 
9.642000000e+03 9.140000000e+03 
9.431000000e+03 9.338000000e+03 
9.451000000e+03 9.301000000e+03 
9.528000000e+03 9.230000000e+03 

9.233000000e+03 9.630000000e+03 
9.164000000e+03 9.712000000e+03 
9.711000000e+03 9.263000000e+03 
9.543000000e+03 9.393000000e+03 
9.349000000e+03 9.508000000e+03 
9.304000000e+03 9.557000000e+03 
9.587000000e+03 9.357000000e+03 
9.601000000e+03 9.353000000e+03 
9.182000000e+03 9.699000000e+03 
9.229000000e+03 9.640000000e+03 
9.288000000e+03 9.595000000e+03 
9.174000000e+03 9.705000000e+03 
9.153000000e+03 9.790000000e+03 
9.648000000e+03 9.293000000e+03 
9.063000000e+03 9.822000000e+03 
9.091000000e+03 9.807000000e+03 
9.601000000e+03 9.353000000e+03 
9.219000000e+03 9.644000000e+03 
9.219000000e+03 9.644000000e+03 
9.587000000e+03 9.357000000e+03 
9.415000000e+03 9.487000000e+03 
9.565000000e+03 9.390000000e+03 
9.864000000e+03 9.219000000e+03 
9.467000000e+03 9.407000000e+03 
9.429000000e+03 9.454000000e+03 
9.308000000e+03 9.534000000e+03 
9.229000000e+03 9.640000000e+03 
9.331000000e+03 9.525000000e+03 
9.374000000e+03 9.498000000e+03 
9.305000000e+03 9.546000000e+03 
9.601000000e+03 9.353000000e+03 
9.341000000e+03 9.520000000e+03 
9.602000000e+03 9.295000000e+03 

9.534000000e+03 9.180000000e+03 
9.496000000e+03 9.197000000e+03 
9.067000000e+03 9.798000000e+03 
9.182000000e+03 9.533000000e+03 
9.199000000e+03 9.451000000e+03 
9.119000000e+03 9.543000000e+03 
9.524000000e+03 9.184000000e+03 
9.541000000e+03 9.152000000e+03 
9.270000000e+03 9.259000000e+03 
9.202000000e+03 9.404000000e+03 
9.595000000e+03 9.077000000e+03 
9.561000000e+03 9.124000000e+03 
9.630000000e+03 9.048000000e+03 
9.482000000e+03 9.238000000e+03 
9.270000000e+03 9.259000000e+03 
9.094000000e+03 9.712000000e+03 

9.074000000e+03 8.844000000e+03 
9.183000000e+03 8.837000000e+03 
8.773000000e+03 9.228000000e+03 
9.036000000e+03 8.873000000e+03 
8.777000000e+03 9.224000000e+03 
8.869000000e+03 9.120000000e+03 
8.869000000e+03 9.120000000e+03 
9.240000000e+03 8.761000000e+03 
9.026000000e+03 8.909000000e+03 
8.891000000e+03 9.016000000e+03 
8.773000000e+03 9.228000000e+03 
9.164000000e+03 8.839000000e+03 
9.241000000e+03 8.738000000e+03 
8.748000000e+03 9.234000000e+03 
8.945000000e+03 8.928000000e+03 
8.861000000e+03 9.164000000e+03 
8.861000000e+03 9.164000000e+03 
9.211000000e+03 8.794000000e+03 
8.891000000e+03 9.016000000e+03 
8.869000000e+03 9.120000000e+03 
9.026000000e+03 8.909000000e+03 

9.270000000e+03 9.076000000e+03 
9.533000000e+03 8.875000000e+03 
9.923000000e+03 8.710000000e+03 
9.371000000e+03 8.903000000e+03 
9.551000000e+03 8.804000000e+03 
9.533000000e+03 8.875000000e+03 
9.551000000e+03 8.804000000e+03 
9.540000000e+03 8.862000000e+03 
9.540000000e+03 8.862000000e+03 
9.549000000e+03 8.830000000e+03 
9.800000000e+03 8.753000000e+03 
9.741000000e+03 8.792000000e+03 
9.863000000e+03 8.722000000e+03 
9.334000000e+03 8.949000000e+03 
9.425000000e+03 8.882000000e+03 
9.277000000e+03 9.047000000e+03 
9.260000000e+03 9.140000000e+03 

9.225000000e+03 8.816000000e+03 
9.194000000e+03 8.971000000e+03 
9.100000000e+03 9.104000000e+03 
9.197000000e+03 8.871000000e+03 
9.194000000e+03 8.971000000e+03 
9.292000000e+03 8.730000000e+03 
9.153000000e+03 8.992000000e+03 
9.133000000e+03 9.103000000e+03 
9.291000000e+03 8.748000000e+03 
9.273000000e+03 8.758000000e+03 
9.211000000e+03 8.822000000e+03 
9.292000000e+03 8.730000000e+03 
9.341000000e+03 8.649000000e+03 
9.689000000e+03 8.563000000e+03 
9.292000000e+03 8.730000000e+03 
9.133000000e+03 9.103000000e+03 
9.329000000e+03 8.663000000e+03 
9.683000000e+03 8.583000000e+03 
9.516000000e+03 8.585000000e+03 

