1.058600000e+04 1.028500000e+04 
1.025700000e+04 1.045500000e+04 
1.147900000e+04 1.009900000e+04 
1.022100000e+04 1.059900000e+04 
1.094000000e+04 1.013500000e+04 
1.069200000e+04 1.022800000e+04 
1.022400000e+04 1.056100000e+04 
1.106600000e+04 1.011100000e+04 
1.036400000e+04 1.038200000e+04 
1.058400000e+04 1.032500000e+04 
1.033900000e+04 1.038600000e+04 

1.039800000e+04 1.105400000e+04 
1.037700000e+04 1.109900000e+04 
1.026100000e+04 1.130200000e+04 
1.050100000e+04 1.075400000e+04 
1.067200000e+04 1.049000000e+04 
1.046600000e+04 1.104200000e+04 
1.030300000e+04 1.120800000e+04 
1.034000000e+04 1.115100000e+04 

1.095700000e+04 1.113300000e+04 
1.091200000e+04 1.117800000e+04 
1.135300000e+04 1.099300000e+04 
1.142500000e+04 1.089800000e+04 
1.142500000e+04 1.089800000e+04 
1.143100000e+04 1.088000000e+04 
1.141400000e+04 1.097200000e+04 
1.142500000e+04 1.089800000e+04 
1.063100000e+04 1.124400000e+04 
1.145200000e+04 1.080300000e+04 
1.105000000e+04 1.110800000e+04 
1.152700000e+04 1.075300000e+04 
1.105900000e+04 1.105000000e+04 

1.138600000e+04 1.085300000e+04 
1.138600000e+04 1.085300000e+04 
1.109300000e+04 1.090200000e+04 
1.141200000e+04 1.082400000e+04 
1.158200000e+04 1.067500000e+04 
1.132600000e+04 1.086000000e+04 
1.095000000e+04 1.097100000e+04 
1.144900000e+04 1.074500000e+04 

1.087500000e+04 9.734000000e+03 
1.091400000e+04 9.725000000e+03 
1.067200000e+04 1.007400000e+04 
1.131400000e+04 9.676000000e+03 
1.106100000e+04 9.711000000e+03 
1.131700000e+04 9.630000000e+03 
1.131500000e+04 9.652000000e+03 
1.075100000e+04 9.974000000e+03 
1.140500000e+04 9.613000000e+03 
1.067100000e+04 1.035900000e+04 

1.055800000e+04 1.037800000e+04 
1.052900000e+04 1.043600000e+04 
1.063400000e+04 1.027400000e+04 
1.074700000e+04 1.024600000e+04 
1.032400000e+04 1.063200000e+04 
1.041100000e+04 1.056000000e+04 
1.030300000e+04 1.070400000e+04 
1.028800000e+04 1.074800000e+04 

1.043300000e+04 1.163700000e+04 
1.072300000e+04 1.077000000e+04 
1.094800000e+04 1.045400000e+04 
1.091400000e+04 1.054700000e+04 
1.093400000e+04 1.052200000e+04 
1.082900000e+04 1.064300000e+04 
1.058500000e+04 1.095600000e+04 
1.124800000e+04 1.042900000e+04 
1.089400000e+04 1.056100000e+04 
1.076000000e+04 1.067800000e+04 
1.067600000e+04 1.090900000e+04 
1.118100000e+04 1.045000000e+04 
1.046300000e+04 1.097600000e+04 
1.032800000e+04 1.167000000e+04 
1.120500000e+04 1.044600000e+04 
1.072900000e+04 1.074200000e+04 
1.060000000e+04 1.094000000e+04 

1.051300000e+04 1.090800000e+04 
1.135600000e+04 1.065900000e+04 
1.050600000e+04 1.113100000e+04 
1.062700000e+04 1.084700000e+04 
1.116400000e+04 1.069300000e+04 
1.071400000e+04 1.081700000e+04 
1.038000000e+04 1.119000000e+04 
1.035000000e+04 1.126700000e+04 
1.040400000e+04 1.117500000e+04 

1.113100000e+04 1.052100000e+04 
1.102900000e+04 1.063400000e+04 
1.131500000e+04 1.048500000e+04 
1.143700000e+04 1.040700000e+04 
1.145300000e+04 1.036700000e+04 
1.110000000e+04 1.052700000e+04 
1.114900000e+04 1.051600000e+04 
1.131800000e+04 1.046200000e+04 
1.076900000e+04 1.087500000e+04 
1.096500000e+04 1.065800000e+04 

1.101000000e+04 1.008000000e+04 
1.058700000e+04 1.038800000e+04 
1.055500000e+04 1.042800000e+04 
1.033300000e+04 1.057300000e+04 
1.047400000e+04 1.043700000e+04 
1.042900000e+04 1.055800000e+04 
1.090000000e+04 1.011400000e+04 
1.046400000e+04 1.048000000e+04 
1.067100000e+04 1.012900000e+04 
1.059100000e+04 1.038400000e+04 

1.112800000e+04 1.095100000e+04 
1.131400000e+04 1.085100000e+04 
1.113000000e+04 1.093100000e+04 
1.092600000e+04 1.115000000e+04 
1.104900000e+04 1.100200000e+04 
1.139800000e+04 1.073600000e+04 
1.099100000e+04 1.109200000e+04 
1.082100000e+04 1.125200000e+04 
1.150400000e+04 1.057100000e+04 
1.192200000e+04 1.049500000e+04 
1.141900000e+04 1.063900000e+04 
1.114700000e+04 1.089800000e+04 

1.025200000e+04 1.081300000e+04 
1.088700000e+04 1.060400000e+04 
1.088700000e+04 1.060400000e+04 
1.001200000e+04 1.125800000e+04 
1.042900000e+04 1.073000000e+04 
1.010400000e+04 1.107100000e+04 
1.019200000e+04 1.106700000e+04 
1.070400000e+04 1.061500000e+04 
1.048900000e+04 1.068900000e+04 

1.071000000e+04 1.046300000e+04 
1.091300000e+04 1.035900000e+04 
1.080100000e+04 1.044500000e+04 
1.050900000e+04 1.051000000e+04 

1.007000000e+04 1.120800000e+04 
9.899000000e+03 1.154700000e+04 
9.937000000e+03 1.126700000e+04 
9.833000000e+03 1.187900000e+04 
9.894000000e+03 1.166900000e+04 
1.055400000e+04 1.096300000e+04 
9.795000000e+03 1.220800000e+04 
1.018300000e+04 1.116200000e+04 
1.037200000e+04 1.101500000e+04 
1.023500000e+04 1.104400000e+04 

1.063300000e+04 1.063900000e+04 
1.046900000e+04 1.108200000e+04 
1.079900000e+04 1.061700000e+04 
1.129700000e+04 1.044600000e+04 
1.088500000e+04 1.054000000e+04 
1.049900000e+04 1.083500000e+04 
1.047700000e+04 1.086000000e+04 
1.095200000e+04 1.047800000e+04 
1.080200000e+04 1.059700000e+04 
1.134000000e+04 1.042000000e+04 

1.107800000e+04 1.112400000e+04 
1.152900000e+04 1.092900000e+04 
1.113300000e+04 1.099200000e+04 
1.161800000e+04 1.087100000e+04 
1.162300000e+04 1.086900000e+04 
1.164400000e+04 1.076800000e+04 
1.103300000e+04 1.118100000e+04 
1.144600000e+04 1.095000000e+04 
1.113300000e+04 1.099200000e+04 
1.092400000e+04 1.118400000e+04 
1.164100000e+04 1.078400000e+04 
1.133600000e+04 1.096400000e+04 
1.103300000e+04 1.118100000e+04 

1.047900000e+04 1.127800000e+04 
1.098200000e+04 1.087800000e+04 
1.039200000e+04 1.185800000e+04 
1.045100000e+04 1.178000000e+04 
1.047400000e+04 1.164600000e+04 
1.057200000e+04 1.118000000e+04 
1.088600000e+04 1.091300000e+04 
1.058000000e+04 1.107600000e+04 

1.017600000e+04 1.052800000e+04 
1.038200000e+04 1.030500000e+04 
1.032800000e+04 1.048200000e+04 
1.055100000e+04 1.009900000e+04 
1.052100000e+04 1.025800000e+04 
1.035100000e+04 1.031100000e+04 
1.026900000e+04 1.050200000e+04 
1.082600000e+04 1.001600000e+04 

1.060400000e+04 1.172900000e+04 
1.077500000e+04 1.145300000e+04 
1.078800000e+04 1.142500000e+04 
1.154000000e+04 1.118500000e+04 
1.154000000e+04 1.118500000e+04 
1.138400000e+04 1.123000000e+04 
1.154000000e+04 1.118500000e+04 
1.088500000e+04 1.136500000e+04 
1.063900000e+04 1.164600000e+04 
1.147200000e+04 1.121800000e+04 
1.081200000e+04 1.141100000e+04 
1.103900000e+04 1.134100000e+04 
1.126500000e+04 1.127400000e+04 
1.053200000e+04 1.181200000e+04 
1.104800000e+04 1.127700000e+04 
1.051300000e+04 1.243300000e+04 
1.174300000e+04 1.118300000e+04 
1.077300000e+04 1.156600000e+04 

1.063100000e+04 1.124000000e+04 
1.041900000e+04 1.199000000e+04 
1.062800000e+04 1.131700000e+04 
1.052300000e+04 1.196600000e+04 
1.047700000e+04 1.197400000e+04 
1.059600000e+04 1.154200000e+04 
1.065200000e+04 1.123900000e+04 
1.062400000e+04 1.140200000e+04 
1.060300000e+04 1.140600000e+04 
1.065700000e+04 1.098400000e+04 
1.054700000e+04 1.172700000e+04 

1.189300000e+04 1.046700000e+04 
1.161500000e+04 1.055900000e+04 
1.149200000e+04 1.082200000e+04 
1.139500000e+04 1.091900000e+04 
1.137500000e+04 1.098900000e+04 
1.157100000e+04 1.060100000e+04 
1.129100000e+04 1.117400000e+04 
1.134300000e+04 1.105400000e+04 
1.141600000e+04 1.089500000e+04 
1.141600000e+04 1.089500000e+04 
1.196800000e+04 1.046100000e+04 
1.149200000e+04 1.082200000e+04 
1.157100000e+04 1.060100000e+04 
1.136800000e+04 1.099800000e+04 
1.165200000e+04 1.050600000e+04 
1.207700000e+04 1.020900000e+04 
1.204100000e+04 1.036300000e+04 
1.136500000e+04 1.101100000e+04 
1.144600000e+04 1.083700000e+04 
1.150000000e+04 1.081200000e+04 
1.156900000e+04 1.076200000e+04 
1.206300000e+04 1.028100000e+04 

1.082400000e+04 1.041600000e+04 
1.127000000e+04 1.018900000e+04 
1.071500000e+04 1.140800000e+04 
1.081200000e+04 1.111400000e+04 
1.106600000e+04 1.030500000e+04 
1.075700000e+04 1.117200000e+04 

1.094400000e+04 9.987000000e+03 
1.073800000e+04 1.038700000e+04 
1.066400000e+04 1.105500000e+04 
1.115600000e+04 9.981000000e+03 
1.083800000e+04 1.027800000e+04 
1.069800000e+04 1.074200000e+04 
1.066900000e+04 1.091900000e+04 
1.067200000e+04 1.088600000e+04 

1.078700000e+04 1.068800000e+04 
1.093300000e+04 1.066300000e+04 
1.032700000e+04 1.121500000e+04 
1.057300000e+04 1.092400000e+04 
1.065300000e+04 1.078900000e+04 
1.063200000e+04 1.084800000e+04 
1.009600000e+04 1.152500000e+04 
1.082900000e+04 1.066700000e+04 
1.020000000e+04 1.136700000e+04 
1.042200000e+04 1.098800000e+04 
1.058300000e+04 1.087600000e+04 
1.067900000e+04 1.072500000e+04 
1.064400000e+04 1.083600000e+04 
1.025300000e+04 1.126500000e+04 
1.077700000e+04 1.070200000e+04 

1.136300000e+04 1.066500000e+04 
1.128200000e+04 1.069700000e+04 
1.128200000e+04 1.069700000e+04 
1.115600000e+04 1.116700000e+04 
1.117800000e+04 1.111300000e+04 
1.118900000e+04 1.079800000e+04 
1.137000000e+04 1.057800000e+04 

1.067100000e+04 1.113800000e+04 
1.048800000e+04 1.127300000e+04 
1.075500000e+04 1.095000000e+04 
1.067100000e+04 1.113800000e+04 
1.071100000e+04 1.100900000e+04 
1.050200000e+04 1.117100000e+04 
1.033800000e+04 1.140100000e+04 
1.075400000e+04 1.095800000e+04 
1.042700000e+04 1.136800000e+04 
1.074300000e+04 1.100700000e+04 
1.070300000e+04 1.109600000e+04 
1.074600000e+04 1.099700000e+04 

1.132800000e+04 1.062900000e+04 
1.078000000e+04 1.066300000e+04 
1.069900000e+04 1.078900000e+04 
1.129200000e+04 1.064600000e+04 
1.064300000e+04 1.119400000e+04 
1.100200000e+04 1.065000000e+04 

1.051800000e+04 1.097800000e+04 
1.089900000e+04 1.042800000e+04 
1.085100000e+04 1.044000000e+04 
1.070700000e+04 1.059300000e+04 
1.089200000e+04 1.043000000e+04 
1.102100000e+04 1.035100000e+04 
1.094200000e+04 1.041500000e+04 
1.092500000e+04 1.042100000e+04 
1.072800000e+04 1.048600000e+04 
1.141500000e+04 1.029500000e+04 
1.062200000e+04 1.062400000e+04 
1.141500000e+04 1.029500000e+04 
1.126900000e+04 1.030700000e+04 
1.089900000e+04 1.042800000e+04 
1.054900000e+04 1.071200000e+04 
1.059000000e+04 1.066400000e+04 
1.051200000e+04 1.102400000e+04 
1.063500000e+04 1.062000000e+04 
1.054100000e+04 1.088300000e+04 
1.102100000e+04 1.035100000e+04 

1.174300000e+04 1.024400000e+04 
1.085400000e+04 1.048000000e+04 
1.085400000e+04 1.048000000e+04 
1.117100000e+04 1.036800000e+04 
1.080600000e+04 1.051300000e+04 
1.118000000e+04 1.026400000e+04 
1.079900000e+04 1.135900000e+04 
1.095000000e+04 1.045300000e+04 

1.101500000e+04 1.032500000e+04 
1.076200000e+04 1.050700000e+04 
1.110400000e+04 1.019200000e+04 
1.089300000e+04 1.045900000e+04 
1.089800000e+04 1.036800000e+04 
1.074500000e+04 1.098800000e+04 
1.113300000e+04 1.017500000e+04 
1.101500000e+04 1.032500000e+04 
1.106500000e+04 1.026000000e+04 

