9.633000000e+03 9.927000000e+03 
9.735000000e+03 9.745000000e+03 
9.672000000e+03 9.794000000e+03 
9.563000000e+03 9.996000000e+03 
9.709000000e+03 9.771000000e+03 
9.594000000e+03 9.933000000e+03 
9.633000000e+03 9.927000000e+03 
9.633000000e+03 9.927000000e+03 
1.004900000e+04 9.471000000e+03 
9.683000000e+03 9.776000000e+03 
9.582000000e+03 9.985000000e+03 
9.807000000e+03 9.503000000e+03 
9.643000000e+03 9.856000000e+03 
9.659000000e+03 9.826000000e+03 
9.785000000e+03 9.578000000e+03 

9.456000000e+03 1.057000000e+04 
9.877000000e+03 1.001400000e+04 
9.624000000e+03 1.026800000e+04 
1.043300000e+04 9.833000000e+03 
9.729000000e+03 1.004700000e+04 
1.021900000e+04 9.986000000e+03 
9.677000000e+03 1.026300000e+04 
9.733000000e+03 1.003500000e+04 
9.689000000e+03 1.012400000e+04 
1.032900000e+04 9.970000000e+03 
9.463000000e+03 1.035200000e+04 
9.689000000e+03 1.012400000e+04 
1.002000000e+04 9.994000000e+03 

1.011500000e+04 1.027700000e+04 
1.026800000e+04 1.019700000e+04 
9.876000000e+03 1.055300000e+04 
1.026600000e+04 1.026600000e+04 
1.011300000e+04 1.036700000e+04 
1.052200000e+04 1.010800000e+04 
9.933000000e+03 1.044200000e+04 
1.043700000e+04 1.012200000e+04 
1.042200000e+04 1.017000000e+04 
9.970000000e+03 1.041500000e+04 

1.051500000e+04 1.033400000e+04 
1.071400000e+04 1.019500000e+04 
1.051500000e+04 1.033400000e+04 
1.096600000e+04 1.012400000e+04 
1.070600000e+04 1.026200000e+04 
1.076600000e+04 1.017700000e+04 
1.070100000e+04 1.026300000e+04 
1.024700000e+04 1.074400000e+04 
1.030200000e+04 1.072700000e+04 
1.117200000e+04 1.006900000e+04 
1.108300000e+04 1.009800000e+04 
1.066800000e+04 1.027600000e+04 
1.046700000e+04 1.049700000e+04 
1.051500000e+04 1.033400000e+04 
1.107600000e+04 1.012300000e+04 
1.061500000e+04 1.030900000e+04 
1.061500000e+04 1.030900000e+04 
1.085100000e+04 1.013800000e+04 
1.070600000e+04 1.026200000e+04 
1.040600000e+04 1.059100000e+04 
1.044400000e+04 1.051100000e+04 
1.061500000e+04 1.030900000e+04 
1.048100000e+04 1.041900000e+04 

1.036400000e+04 8.923000000e+03 
1.050900000e+04 8.914000000e+03 
1.046300000e+04 8.918000000e+03 
1.060200000e+04 8.866000000e+03 
1.017900000e+04 9.059000000e+03 
1.000100000e+04 9.689000000e+03 
1.012400000e+04 9.353000000e+03 
1.015100000e+04 9.230000000e+03 
1.016500000e+04 9.211000000e+03 
1.022000000e+04 8.959000000e+03 

9.889000000e+03 9.528000000e+03 
9.310000000e+03 1.014200000e+04 
9.738000000e+03 9.791000000e+03 
9.763000000e+03 9.563000000e+03 
9.754000000e+03 9.638000000e+03 
9.801000000e+03 9.544000000e+03 
9.704000000e+03 9.805000000e+03 
9.704000000e+03 9.805000000e+03 
9.614000000e+03 9.855000000e+03 
9.678000000e+03 9.809000000e+03 
9.551000000e+03 9.882000000e+03 
9.506000000e+03 9.936000000e+03 
9.388000000e+03 1.012500000e+04 
9.640000000e+03 9.825000000e+03 
9.418000000e+03 1.001900000e+04 
9.472000000e+03 1.000500000e+04 
9.747000000e+03 9.782000000e+03 

9.977000000e+03 1.024600000e+04 
9.579000000e+03 1.064100000e+04 
9.874000000e+03 1.031800000e+04 
1.009200000e+04 1.008000000e+04 
1.012400000e+04 1.003100000e+04 
1.002600000e+04 1.008200000e+04 
1.036100000e+04 9.926000000e+03 
9.874000000e+03 1.031800000e+04 
9.850000000e+03 1.037000000e+04 
9.725000000e+03 1.052100000e+04 
1.016400000e+04 9.942000000e+03 
9.738000000e+03 1.045300000e+04 
9.954000000e+03 1.030400000e+04 
9.722000000e+03 1.057900000e+04 
1.052300000e+04 9.851000000e+03 
1.046000000e+04 9.873000000e+03 

1.014100000e+04 9.997000000e+03 
9.702000000e+03 1.032200000e+04 
1.011600000e+04 1.000300000e+04 
1.022500000e+04 9.926000000e+03 
9.922000000e+03 1.010700000e+04 
9.687000000e+03 1.036300000e+04 
9.583000000e+03 1.053900000e+04 
9.518000000e+03 1.087500000e+04 
9.786000000e+03 1.030500000e+04 
1.005300000e+04 1.004400000e+04 
9.854000000e+03 1.018700000e+04 
1.025400000e+04 9.902000000e+03 
9.790000000e+03 1.023700000e+04 
1.024600000e+04 9.908000000e+03 
9.545000000e+03 1.061500000e+04 
9.524000000e+03 1.082200000e+04 

1.012100000e+04 1.004600000e+04 
1.027800000e+04 9.770000000e+03 
1.077800000e+04 9.701000000e+03 
1.015400000e+04 9.990000000e+03 
1.007000000e+04 1.019300000e+04 
1.059600000e+04 9.757000000e+03 
1.024600000e+04 9.856000000e+03 
1.024200000e+04 9.874000000e+03 
1.020200000e+04 9.968000000e+03 
1.068300000e+04 9.732000000e+03 
1.021000000e+04 9.908000000e+03 
1.020700000e+04 9.925000000e+03 
1.025100000e+04 9.803000000e+03 

9.959000000e+03 9.758000000e+03 
1.054100000e+04 9.363000000e+03 
9.859000000e+03 9.778000000e+03 
9.621000000e+03 1.002000000e+04 
1.075200000e+04 9.294000000e+03 
1.069000000e+04 9.336000000e+03 
1.069000000e+04 9.336000000e+03 
1.001600000e+04 9.604000000e+03 
9.914000000e+03 9.777000000e+03 
1.007200000e+04 9.408000000e+03 
9.772000000e+03 9.879000000e+03 
9.670000000e+03 9.935000000e+03 
1.038700000e+04 9.372000000e+03 
1.001600000e+04 9.604000000e+03 
1.033700000e+04 9.390000000e+03 
9.967000000e+03 9.607000000e+03 

1.090700000e+04 9.949000000e+03 
1.071000000e+04 1.007600000e+04 
1.044000000e+04 1.021200000e+04 
1.030900000e+04 1.043300000e+04 
1.034900000e+04 1.040000000e+04 
1.049400000e+04 1.010700000e+04 
1.036400000e+04 1.038400000e+04 
1.108100000e+04 9.922000000e+03 
1.108200000e+04 9.907000000e+03 
1.072300000e+04 9.969000000e+03 
1.040300000e+04 1.025900000e+04 

9.424000000e+03 1.094300000e+04 
1.007500000e+04 1.007600000e+04 
1.003600000e+04 1.010500000e+04 
9.595000000e+03 1.056000000e+04 
1.003600000e+04 1.010500000e+04 
9.610000000e+03 1.013200000e+04 
9.511000000e+03 1.058300000e+04 
9.424000000e+03 1.094300000e+04 
1.010500000e+04 1.005300000e+04 
9.427000000e+03 1.073500000e+04 

9.916000000e+03 9.722000000e+03 
1.017800000e+04 9.674000000e+03 
1.018000000e+04 9.655000000e+03 
9.677000000e+03 1.002800000e+04 
9.784000000e+03 9.875000000e+03 

9.728000000e+03 1.030900000e+04 
9.168000000e+03 1.073800000e+04 
9.192000000e+03 1.064900000e+04 
9.228000000e+03 1.049400000e+04 
9.714000000e+03 1.031200000e+04 
9.562000000e+03 1.039200000e+04 
1.020900000e+04 1.026700000e+04 
9.155000000e+03 1.079500000e+04 
9.366000000e+03 1.041400000e+04 
9.627000000e+03 1.034600000e+04 
9.885000000e+03 1.030500000e+04 
9.225000000e+03 1.052500000e+04 
9.907000000e+03 1.027000000e+04 
9.224000000e+03 1.063700000e+04 
9.115000000e+03 1.081800000e+04 
9.591000000e+03 1.037100000e+04 
9.687000000e+03 1.032700000e+04 

1.039100000e+04 9.558000000e+03 
9.844000000e+03 1.028100000e+04 
9.855000000e+03 1.025300000e+04 
9.927000000e+03 9.918000000e+03 
9.876000000e+03 1.022000000e+04 
9.835000000e+03 1.033500000e+04 
9.900000000e+03 1.007800000e+04 
1.030600000e+04 9.596000000e+03 
9.844000000e+03 1.028100000e+04 
9.916000000e+03 1.004900000e+04 
1.013200000e+04 9.630000000e+03 
1.002600000e+04 9.775000000e+03 
9.893000000e+03 1.015900000e+04 
1.011800000e+04 9.697000000e+03 
1.025600000e+04 9.601000000e+03 
9.886000000e+03 1.018100000e+04 

1.038200000e+04 1.072000000e+04 
1.075200000e+04 9.973000000e+03 
1.046600000e+04 1.029300000e+04 
1.071000000e+04 1.003700000e+04 
1.044800000e+04 1.038400000e+04 
1.046500000e+04 1.031300000e+04 
1.042800000e+04 1.043700000e+04 
1.059600000e+04 1.005700000e+04 
1.045800000e+04 1.035200000e+04 
1.077200000e+04 9.947000000e+03 
1.074900000e+04 9.980000000e+03 
1.052500000e+04 1.016700000e+04 
1.051000000e+04 1.020900000e+04 
1.077200000e+04 9.947000000e+03 

9.702000000e+03 1.063200000e+04 
9.846000000e+03 1.058800000e+04 
9.430000000e+03 1.087100000e+04 
9.583000000e+03 1.076000000e+04 
9.723000000e+03 1.059900000e+04 
9.477000000e+03 1.079700000e+04 
1.025000000e+04 1.035600000e+04 
9.617000000e+03 1.066200000e+04 
1.029800000e+04 1.029500000e+04 
9.893000000e+03 1.054800000e+04 
1.014700000e+04 1.036500000e+04 
1.028700000e+04 1.035500000e+04 
9.911000000e+03 1.036600000e+04 

9.638000000e+03 9.574000000e+03 
9.850000000e+03 9.328000000e+03 
9.680000000e+03 9.564000000e+03 
9.815000000e+03 9.348000000e+03 
9.850000000e+03 9.328000000e+03 
9.718000000e+03 9.351000000e+03 
9.709000000e+03 9.559000000e+03 
9.863000000e+03 9.262000000e+03 
9.480000000e+03 9.734000000e+03 
9.534000000e+03 9.591000000e+03 
9.717000000e+03 9.533000000e+03 

9.822000000e+03 1.063900000e+04 
9.888000000e+03 1.051200000e+04 
9.788000000e+03 1.070600000e+04 
9.823000000e+03 1.062400000e+04 
1.016000000e+04 1.043000000e+04 

9.883000000e+03 1.073900000e+04 
9.793000000e+03 1.107600000e+04 
9.812000000e+03 1.096000000e+04 
9.950000000e+03 1.070900000e+04 
1.011100000e+04 1.034400000e+04 
9.828000000e+03 1.088900000e+04 
1.035900000e+04 1.028000000e+04 
9.708000000e+03 1.114200000e+04 
1.007100000e+04 1.036600000e+04 
1.000300000e+04 1.064800000e+04 
1.013700000e+04 1.033600000e+04 
9.977000000e+03 1.065800000e+04 
9.960000000e+03 1.070200000e+04 
1.014900000e+04 1.032500000e+04 
9.882000000e+03 1.086300000e+04 
1.020400000e+04 1.029900000e+04 
1.002500000e+04 1.040400000e+04 

1.064100000e+04 9.942000000e+03 
1.090400000e+04 9.693000000e+03 
1.064100000e+04 9.942000000e+03 
1.060600000e+04 9.953000000e+03 
1.064100000e+04 9.942000000e+03 
1.066500000e+04 9.937000000e+03 
1.069200000e+04 9.783000000e+03 
1.083700000e+04 9.707000000e+03 
1.129900000e+04 9.628000000e+03 

1.004100000e+04 1.012600000e+04 
1.007000000e+04 1.003800000e+04 
1.012200000e+04 9.936000000e+03 
1.028800000e+04 9.740000000e+03 
9.970000000e+03 1.062500000e+04 
1.033000000e+04 9.664000000e+03 
1.059900000e+04 9.625000000e+03 
1.012300000e+04 9.787000000e+03 
1.020100000e+04 9.750000000e+03 
1.073800000e+04 9.597000000e+03 
1.006900000e+04 1.012500000e+04 

1.005800000e+04 9.663000000e+03 
1.006200000e+04 9.617000000e+03 
1.022400000e+04 9.587000000e+03 
1.028600000e+04 9.532000000e+03 
9.857000000e+03 1.001000000e+04 
9.930000000e+03 9.717000000e+03 
9.950000000e+03 9.676000000e+03 
9.860000000e+03 9.723000000e+03 
1.055500000e+04 9.426000000e+03 
1.022600000e+04 9.553000000e+03 
1.030700000e+04 9.433000000e+03 

1.044000000e+04 1.005400000e+04 
9.654000000e+03 1.052900000e+04 
9.668000000e+03 1.037900000e+04 
9.835000000e+03 1.018600000e+04 
9.688000000e+03 1.034500000e+04 
9.584000000e+03 1.054200000e+04 
9.842000000e+03 1.017400000e+04 
9.754000000e+03 1.028800000e+04 
1.010100000e+04 1.009000000e+04 
9.915000000e+03 1.011600000e+04 
9.570000000e+03 1.054400000e+04 
9.794000000e+03 1.019800000e+04 
9.864000000e+03 1.013300000e+04 
9.730000000e+03 1.034100000e+04 

1.032100000e+04 9.933000000e+03 
1.015600000e+04 9.995000000e+03 
1.033400000e+04 9.806000000e+03 

9.760000000e+03 1.056600000e+04 
9.878000000e+03 1.041100000e+04 
9.859000000e+03 1.050300000e+04 
9.788000000e+03 1.054800000e+04 
1.041600000e+04 1.027700000e+04 
1.008300000e+04 1.039900000e+04 
1.009000000e+04 1.033700000e+04 
9.706000000e+03 1.058000000e+04 

1.058500000e+04 9.937000000e+03 
1.050900000e+04 9.995000000e+03 
1.001300000e+04 1.061300000e+04 
1.035500000e+04 1.002600000e+04 
1.001400000e+04 1.012100000e+04 

9.671000000e+03 9.932000000e+03 
9.799000000e+03 9.553000000e+03 
9.743000000e+03 9.649000000e+03 
9.675000000e+03 9.870000000e+03 
9.657000000e+03 9.977000000e+03 
9.722000000e+03 9.784000000e+03 
9.685000000e+03 9.869000000e+03 

1.007500000e+04 9.927000000e+03 
1.042700000e+04 9.622000000e+03 
1.051700000e+04 9.572000000e+03 
1.046300000e+04 9.576000000e+03 
1.019300000e+04 9.728000000e+03 
1.011600000e+04 9.734000000e+03 
1.051900000e+04 9.497000000e+03 
1.043600000e+04 9.592000000e+03 
1.052100000e+04 9.401000000e+03 

1.024800000e+04 9.621000000e+03 
1.020700000e+04 9.746000000e+03 
1.026400000e+04 9.574000000e+03 
1.022100000e+04 9.680000000e+03 
1.015700000e+04 9.763000000e+03 
1.012400000e+04 9.842000000e+03 
1.014700000e+04 9.789000000e+03 
1.007900000e+04 9.934000000e+03 
1.033500000e+04 9.511000000e+03 
1.031700000e+04 9.547000000e+03 
1.022100000e+04 9.680000000e+03 
1.009900000e+04 9.908000000e+03 
1.013100000e+04 9.838000000e+03 
1.022400000e+04 9.638000000e+03 
1.035800000e+04 9.501000000e+03 

