9.363000000e+03 9.404000000e+03 
9.433000000e+03 9.383000000e+03 
9.624000000e+03 9.193000000e+03 
9.234000000e+03 9.630000000e+03 
9.388000000e+03 9.396000000e+03 
9.298000000e+03 9.452000000e+03 
9.273000000e+03 9.455000000e+03 
9.305000000e+03 9.412000000e+03 
9.211000000e+03 9.662000000e+03 
9.434000000e+03 9.367000000e+03 
9.448000000e+03 9.219000000e+03 
9.237000000e+03 9.524000000e+03 

9.363000000e+03 9.612000000e+03 
9.242000000e+03 9.913000000e+03 
9.193000000e+03 9.955000000e+03 
9.762000000e+03 9.429000000e+03 
9.174000000e+03 1.022700000e+04 
9.491000000e+03 9.528000000e+03 
9.744000000e+03 9.457000000e+03 
9.664000000e+03 9.494000000e+03 
9.480000000e+03 9.568000000e+03 
9.914000000e+03 9.405000000e+03 

9.544000000e+03 1.003900000e+04 
9.562000000e+03 9.965000000e+03 
9.832000000e+03 9.762000000e+03 
9.562000000e+03 9.965000000e+03 
9.852000000e+03 9.761000000e+03 
9.902000000e+03 9.726000000e+03 
9.551000000e+03 9.967000000e+03 
9.634000000e+03 9.779000000e+03 

1.073400000e+04 9.845000000e+03 
1.004300000e+04 1.049700000e+04 
1.019600000e+04 1.009100000e+04 
9.932000000e+03 1.075100000e+04 
1.073900000e+04 9.791000000e+03 
1.004300000e+04 1.049700000e+04 
1.017800000e+04 1.012300000e+04 
1.007400000e+04 1.049600000e+04 
1.084300000e+04 9.753000000e+03 
1.046400000e+04 9.847000000e+03 
1.027200000e+04 1.003800000e+04 
1.004300000e+04 1.049700000e+04 
1.021000000e+04 1.006500000e+04 
1.008100000e+04 1.012600000e+04 
1.002400000e+04 1.050400000e+04 
9.997000000e+03 1.071900000e+04 
1.000800000e+04 1.056700000e+04 
1.020200000e+04 1.008300000e+04 
1.039600000e+04 9.912000000e+03 
1.031600000e+04 9.998000000e+03 

9.769000000e+03 9.049000000e+03 
9.889000000e+03 8.909000000e+03 
1.003400000e+04 8.825000000e+03 
9.925000000e+03 8.830000000e+03 
9.914000000e+03 8.885000000e+03 
1.022500000e+04 8.672000000e+03 
9.691000000e+03 9.734000000e+03 
1.009300000e+04 8.719000000e+03 
1.004000000e+04 8.761000000e+03 
9.848000000e+03 9.018000000e+03 
1.015400000e+04 8.701000000e+03 
1.003400000e+04 8.825000000e+03 
9.888000000e+03 8.919000000e+03 
1.003600000e+04 8.795000000e+03 
1.023200000e+04 8.626000000e+03 
9.856000000e+03 8.928000000e+03 
9.866000000e+03 8.924000000e+03 

9.443000000e+03 9.242000000e+03 
9.373000000e+03 9.272000000e+03 
8.934000000e+03 9.555000000e+03 
9.373000000e+03 9.272000000e+03 
9.195000000e+03 9.289000000e+03 
8.980000000e+03 9.547000000e+03 
9.283000000e+03 9.281000000e+03 
9.017000000e+03 9.329000000e+03 
9.373000000e+03 9.272000000e+03 

9.448000000e+03 9.929000000e+03 
1.022500000e+04 9.505000000e+03 
9.978000000e+03 9.557000000e+03 
9.237000000e+03 1.013100000e+04 
1.024300000e+04 9.486000000e+03 
9.603000000e+03 9.874000000e+03 
1.022500000e+04 9.505000000e+03 
9.715000000e+03 9.733000000e+03 
1.009200000e+04 9.518000000e+03 
9.603000000e+03 9.874000000e+03 
9.289000000e+03 1.002800000e+04 
9.586000000e+03 9.885000000e+03 
9.618000000e+03 9.771000000e+03 
9.556000000e+03 9.926000000e+03 
1.028800000e+04 9.481000000e+03 
9.976000000e+03 9.629000000e+03 
1.021600000e+04 9.507000000e+03 
9.557000000e+03 9.886000000e+03 
9.349000000e+03 9.963000000e+03 
9.272000000e+03 1.007800000e+04 
9.603000000e+03 9.874000000e+03 
9.978000000e+03 9.557000000e+03 
9.740000000e+03 9.650000000e+03 

9.269000000e+03 9.695000000e+03 
9.974000000e+03 9.523000000e+03 
9.734000000e+03 9.542000000e+03 
9.222000000e+03 9.913000000e+03 
9.279000000e+03 9.675000000e+03 
9.212000000e+03 9.959000000e+03 
9.269000000e+03 9.695000000e+03 
9.209000000e+03 1.003400000e+04 
9.251000000e+03 9.710000000e+03 
9.105000000e+03 1.005000000e+04 
9.015000000e+03 1.015500000e+04 
9.696000000e+03 9.662000000e+03 
9.479000000e+03 9.667000000e+03 

9.966000000e+03 9.408000000e+03 
9.493000000e+03 9.840000000e+03 
9.629000000e+03 9.536000000e+03 
9.987000000e+03 9.364000000e+03 
9.902000000e+03 9.460000000e+03 
9.781000000e+03 9.489000000e+03 
9.557000000e+03 9.645000000e+03 
9.950000000e+03 9.450000000e+03 
9.493000000e+03 9.840000000e+03 
9.781000000e+03 9.489000000e+03 
1.013600000e+04 9.350000000e+03 
9.767000000e+03 9.494000000e+03 
9.556000000e+03 9.673000000e+03 
9.953000000e+03 9.432000000e+03 
9.497000000e+03 9.737000000e+03 

9.610000000e+03 9.215000000e+03 
9.530000000e+03 9.317000000e+03 
9.434000000e+03 9.414000000e+03 
9.592000000e+03 9.240000000e+03 
9.814000000e+03 9.027000000e+03 
9.456000000e+03 9.328000000e+03 
9.293000000e+03 9.729000000e+03 
9.695000000e+03 9.038000000e+03 
9.584000000e+03 9.262000000e+03 
1.003200000e+04 8.957000000e+03 
9.309000000e+03 9.713000000e+03 
9.923000000e+03 9.021000000e+03 
9.672000000e+03 9.185000000e+03 
9.668000000e+03 9.214000000e+03 
9.274000000e+03 9.817000000e+03 
1.011300000e+04 8.956000000e+03 
9.592000000e+03 9.240000000e+03 
9.556000000e+03 9.282000000e+03 
9.312000000e+03 9.680000000e+03 
9.610000000e+03 9.215000000e+03 
9.923000000e+03 9.021000000e+03 
9.340000000e+03 9.449000000e+03 

9.942000000e+03 1.014200000e+04 
9.976000000e+03 1.007700000e+04 
9.947000000e+03 1.011600000e+04 
1.010900000e+04 9.888000000e+03 
1.013600000e+04 9.878000000e+03 
1.037500000e+04 9.684000000e+03 
9.848000000e+03 1.015200000e+04 
1.044200000e+04 9.668000000e+03 
1.001600000e+04 9.951000000e+03 
9.967000000e+03 1.011000000e+04 
1.044900000e+04 9.659000000e+03 
1.001400000e+04 1.003700000e+04 
1.010100000e+04 9.903000000e+03 
1.077900000e+04 9.570000000e+03 
1.016300000e+04 9.759000000e+03 
1.015100000e+04 9.871000000e+03 
9.947000000e+03 1.011600000e+04 
1.044200000e+04 9.668000000e+03 
1.068400000e+04 9.630000000e+03 

9.390000000e+03 9.715000000e+03 
9.245000000e+03 9.844000000e+03 
9.191000000e+03 9.978000000e+03 
9.097000000e+03 1.039100000e+04 
9.071000000e+03 1.052100000e+04 
9.234000000e+03 9.958000000e+03 
9.363000000e+03 9.823000000e+03 
9.117000000e+03 1.015000000e+04 
9.525000000e+03 9.595000000e+03 

9.655000000e+03 9.507000000e+03 
9.403000000e+03 9.714000000e+03 
9.316000000e+03 9.758000000e+03 
9.714000000e+03 9.406000000e+03 
9.634000000e+03 9.525000000e+03 
9.420000000e+03 9.596000000e+03 
9.699000000e+03 9.489000000e+03 
9.902000000e+03 9.295000000e+03 
9.878000000e+03 9.360000000e+03 
9.405000000e+03 9.694000000e+03 
9.954000000e+03 9.265000000e+03 
9.529000000e+03 9.542000000e+03 

8.902000000e+03 1.024300000e+04 
8.855000000e+03 1.032700000e+04 
8.792000000e+03 1.048000000e+04 
9.014000000e+03 1.004700000e+04 
9.541000000e+03 9.896000000e+03 
8.792000000e+03 1.048000000e+04 
8.792000000e+03 1.048000000e+04 
8.893000000e+03 1.031400000e+04 
8.833000000e+03 1.037700000e+04 
9.007000000e+03 1.010100000e+04 
9.404000000e+03 9.901000000e+03 
9.194000000e+03 1.000400000e+04 
8.969000000e+03 1.024100000e+04 
9.246000000e+03 9.928000000e+03 
8.980000000e+03 1.013900000e+04 

1.006100000e+04 9.250000000e+03 
9.656000000e+03 9.410000000e+03 
9.729000000e+03 9.331000000e+03 
9.905000000e+03 9.283000000e+03 
9.499000000e+03 9.753000000e+03 
9.888000000e+03 9.309000000e+03 
9.466000000e+03 9.800000000e+03 
9.856000000e+03 9.328000000e+03 
9.549000000e+03 9.500000000e+03 
9.527000000e+03 9.734000000e+03 
9.540000000e+03 9.694000000e+03 
9.691000000e+03 9.357000000e+03 
9.536000000e+03 9.698000000e+03 

1.012300000e+04 1.012700000e+04 
1.017600000e+04 9.959000000e+03 
1.013700000e+04 1.004200000e+04 
1.046900000e+04 9.578000000e+03 
1.016700000e+04 1.003500000e+04 
1.009100000e+04 1.015100000e+04 
1.036400000e+04 9.639000000e+03 
1.020700000e+04 9.930000000e+03 
1.050800000e+04 9.564000000e+03 
1.030300000e+04 9.821000000e+03 
1.031700000e+04 9.761000000e+03 
1.013400000e+04 1.010600000e+04 
1.024100000e+04 9.825000000e+03 
1.022300000e+04 9.922000000e+03 
1.033500000e+04 9.682000000e+03 
1.051600000e+04 9.514000000e+03 
1.030900000e+04 9.768000000e+03 
1.046900000e+04 9.578000000e+03 
1.040800000e+04 9.599000000e+03 

9.079000000e+03 1.070600000e+04 
9.282000000e+03 1.028400000e+04 
9.069000000e+03 1.072300000e+04 
9.748000000e+03 9.975000000e+03 
9.455000000e+03 1.011600000e+04 
9.874000000e+03 9.920000000e+03 
9.132000000e+03 1.056700000e+04 
9.135000000e+03 1.048500000e+04 
9.184000000e+03 1.046900000e+04 
9.216000000e+03 1.033600000e+04 
9.813000000e+03 9.952000000e+03 
9.874000000e+03 9.920000000e+03 
9.319000000e+03 1.019400000e+04 
9.678000000e+03 1.001400000e+04 
9.204000000e+03 1.044600000e+04 
9.135000000e+03 1.048500000e+04 
9.620000000e+03 1.005400000e+04 
9.845000000e+03 9.936000000e+03 
9.689000000e+03 9.993000000e+03 
9.586000000e+03 1.008700000e+04 
9.291000000e+03 1.024000000e+04 

9.677000000e+03 8.909000000e+03 
9.594000000e+03 8.976000000e+03 
9.597000000e+03 8.913000000e+03 
9.011000000e+03 9.314000000e+03 
9.069000000e+03 9.265000000e+03 
9.213000000e+03 9.151000000e+03 
9.159000000e+03 9.179000000e+03 
9.732000000e+03 8.902000000e+03 
9.759000000e+03 8.892000000e+03 
9.557000000e+03 8.988000000e+03 
9.795000000e+03 8.883000000e+03 
9.759000000e+03 8.892000000e+03 
9.219000000e+03 9.108000000e+03 
9.152000000e+03 9.237000000e+03 
9.759000000e+03 8.892000000e+03 
9.288000000e+03 8.993000000e+03 
9.265000000e+03 9.060000000e+03 

9.708000000e+03 1.003500000e+04 
9.306000000e+03 1.058000000e+04 
9.454000000e+03 1.011500000e+04 
9.422000000e+03 1.027100000e+04 
9.431000000e+03 1.026800000e+04 
9.562000000e+03 1.009900000e+04 
9.361000000e+03 1.032000000e+04 
9.319000000e+03 1.052900000e+04 
9.666000000e+03 1.009600000e+04 

9.723000000e+03 1.009800000e+04 
9.389000000e+03 1.060800000e+04 
9.549000000e+03 1.018700000e+04 
9.407000000e+03 1.053200000e+04 
9.581000000e+03 1.017600000e+04 
9.475000000e+03 1.037300000e+04 
9.446000000e+03 1.049500000e+04 
9.631000000e+03 1.015500000e+04 
9.392000000e+03 1.057000000e+04 
9.547000000e+03 1.035300000e+04 
9.390000000e+03 1.057300000e+04 
9.733000000e+03 9.888000000e+03 
9.439000000e+03 1.050300000e+04 
9.820000000e+03 9.856000000e+03 
9.475000000e+03 1.037300000e+04 
9.475000000e+03 1.037300000e+04 
9.365000000e+03 1.067600000e+04 
9.695000000e+03 1.013400000e+04 
9.374000000e+03 1.063200000e+04 

1.078200000e+04 9.278000000e+03 
1.020500000e+04 9.642000000e+03 
1.046000000e+04 9.455000000e+03 
1.078200000e+04 9.278000000e+03 
1.029600000e+04 9.571000000e+03 
1.016900000e+04 9.758000000e+03 
1.072100000e+04 9.304000000e+03 
1.063700000e+04 9.332000000e+03 
1.054900000e+04 9.376000000e+03 
1.021900000e+04 9.638000000e+03 
1.063700000e+04 9.332000000e+03 
1.049000000e+04 9.432000000e+03 
1.078200000e+04 9.278000000e+03 
1.066500000e+04 9.305000000e+03 
1.022900000e+04 9.616000000e+03 
1.083600000e+04 9.197000000e+03 
1.061100000e+04 9.373000000e+03 
1.078300000e+04 9.204000000e+03 
1.046800000e+04 9.438000000e+03 
1.018500000e+04 9.653000000e+03 
1.040400000e+04 9.488000000e+03 
1.027500000e+04 9.604000000e+03 

9.775000000e+03 9.389000000e+03 
1.007400000e+04 9.290000000e+03 
9.691000000e+03 9.916000000e+03 
9.725000000e+03 9.755000000e+03 
1.003700000e+04 9.342000000e+03 
1.002100000e+04 9.356000000e+03 
9.691000000e+03 9.916000000e+03 
1.005300000e+04 9.327000000e+03 
9.679000000e+03 9.965000000e+03 
9.747000000e+03 9.614000000e+03 
9.637000000e+03 1.002900000e+04 
1.008000000e+04 9.266000000e+03 

9.701000000e+03 9.222000000e+03 
9.605000000e+03 9.256000000e+03 
1.023500000e+04 9.046000000e+03 
9.498000000e+03 9.363000000e+03 
9.741000000e+03 9.082000000e+03 
1.018400000e+04 9.056000000e+03 
9.498000000e+03 9.363000000e+03 
9.325000000e+03 9.477000000e+03 
9.469000000e+03 9.444000000e+03 
9.498000000e+03 9.363000000e+03 
1.014700000e+04 9.059000000e+03 

1.016600000e+04 9.513000000e+03 
9.588000000e+03 9.782000000e+03 
9.614000000e+03 9.637000000e+03 
9.573000000e+03 9.814000000e+03 
1.021000000e+04 9.483000000e+03 
9.414000000e+03 9.825000000e+03 
9.583000000e+03 9.789000000e+03 
9.923000000e+03 9.601000000e+03 
1.013000000e+04 9.583000000e+03 
9.326000000e+03 1.024100000e+04 
1.008300000e+04 9.598000000e+03 
1.016600000e+04 9.513000000e+03 
9.923000000e+03 9.601000000e+03 
9.847000000e+03 9.608000000e+03 
9.382000000e+03 9.843000000e+03 
9.548000000e+03 9.823000000e+03 
9.379000000e+03 9.955000000e+03 

9.878000000e+03 9.676000000e+03 
1.007100000e+04 9.493000000e+03 
9.789000000e+03 9.755000000e+03 
1.023500000e+04 9.453000000e+03 
9.837000000e+03 9.708000000e+03 
9.952000000e+03 9.498000000e+03 
9.926000000e+03 9.603000000e+03 
9.883000000e+03 9.615000000e+03 

9.463000000e+03 1.004100000e+04 
9.463000000e+03 1.004100000e+04 
9.332000000e+03 1.023800000e+04 
9.749000000e+03 9.845000000e+03 
9.338000000e+03 1.015900000e+04 
9.961000000e+03 9.787000000e+03 
9.784000000e+03 9.822000000e+03 
9.690000000e+03 9.846000000e+03 
9.939000000e+03 9.794000000e+03 
9.522000000e+03 9.983000000e+03 
9.345000000e+03 1.012600000e+04 
9.453000000e+03 1.005700000e+04 
9.503000000e+03 9.997000000e+03 
9.595000000e+03 9.976000000e+03 
9.619000000e+03 9.935000000e+03 
9.519000000e+03 9.990000000e+03 
9.453000000e+03 1.005700000e+04 
9.463000000e+03 1.004100000e+04 
9.624000000e+03 9.849000000e+03 
9.345000000e+03 1.012600000e+04 
9.619000000e+03 9.935000000e+03 
9.463000000e+03 1.004100000e+04 
9.463000000e+03 1.004100000e+04 

1.037600000e+04 9.578000000e+03 
9.650000000e+03 1.041100000e+04 
9.679000000e+03 1.006400000e+04 
9.834000000e+03 9.801000000e+03 
9.716000000e+03 9.860000000e+03 
9.845000000e+03 9.589000000e+03 
1.049400000e+04 9.560000000e+03 
9.650000000e+03 1.041100000e+04 

9.619000000e+03 9.102000000e+03 
9.400000000e+03 9.255000000e+03 
9.231000000e+03 9.666000000e+03 
9.288000000e+03 9.625000000e+03 
9.220000000e+03 9.889000000e+03 
9.620000000e+03 9.085000000e+03 
9.288000000e+03 9.625000000e+03 
9.386000000e+03 9.397000000e+03 
9.478000000e+03 9.231000000e+03 
9.539000000e+03 9.185000000e+03 
9.224000000e+03 9.831000000e+03 
9.294000000e+03 9.407000000e+03 
9.223000000e+03 9.886000000e+03 
9.248000000e+03 9.634000000e+03 

9.801000000e+03 9.304000000e+03 
9.721000000e+03 9.777000000e+03 
9.746000000e+03 9.664000000e+03 
1.016800000e+04 9.000000000e+03 
9.854000000e+03 9.137000000e+03 
1.018500000e+04 8.973000000e+03 
9.750000000e+03 9.372000000e+03 
1.001100000e+04 9.126000000e+03 
1.003100000e+04 9.102000000e+03 

9.661000000e+03 9.204000000e+03 
9.905000000e+03 9.144000000e+03 
1.017000000e+04 9.113000000e+03 
9.650000000e+03 9.734000000e+03 
9.961000000e+03 9.130000000e+03 
9.786000000e+03 9.186000000e+03 

