9.084000000e+03 8.588000000e+03 
8.793000000e+03 9.082000000e+03 
9.123000000e+03 8.504000000e+03 
9.321000000e+03 8.391000000e+03 
8.753000000e+03 9.214000000e+03 
8.974000000e+03 8.629000000e+03 
8.811000000e+03 8.889000000e+03 
8.980000000e+03 8.606000000e+03 
8.886000000e+03 8.846000000e+03 
9.201000000e+03 8.489000000e+03 
9.154000000e+03 8.491000000e+03 
9.287000000e+03 8.429000000e+03 
8.769000000e+03 9.144000000e+03 
9.442000000e+03 8.364000000e+03 
9.254000000e+03 8.447000000e+03 
9.123000000e+03 8.504000000e+03 
9.119000000e+03 8.541000000e+03 
9.106000000e+03 8.578000000e+03 
8.980000000e+03 8.606000000e+03 
8.935000000e+03 8.818000000e+03 
9.497000000e+03 8.334000000e+03 

8.830000000e+03 9.137000000e+03 
8.875000000e+03 9.090000000e+03 
8.890000000e+03 9.082000000e+03 
9.150000000e+03 8.847000000e+03 
9.509000000e+03 8.675000000e+03 
8.890000000e+03 9.082000000e+03 
8.451000000e+03 9.693000000e+03 
8.960000000e+03 9.026000000e+03 
8.875000000e+03 9.090000000e+03 
8.609000000e+03 9.414000000e+03 
9.125000000e+03 8.925000000e+03 
9.177000000e+03 8.845000000e+03 
9.385000000e+03 8.709000000e+03 
8.654000000e+03 9.389000000e+03 
8.884000000e+03 9.084000000e+03 
8.962000000e+03 9.008000000e+03 
8.960000000e+03 9.026000000e+03 
8.451000000e+03 9.693000000e+03 
8.676000000e+03 9.357000000e+03 
8.960000000e+03 9.026000000e+03 
8.971000000e+03 8.996000000e+03 
9.385000000e+03 8.709000000e+03 
8.673000000e+03 9.374000000e+03 
8.676000000e+03 9.357000000e+03 
8.890000000e+03 9.082000000e+03 
8.713000000e+03 9.336000000e+03 
8.681000000e+03 9.342000000e+03 
8.506000000e+03 9.628000000e+03 
9.121000000e+03 8.932000000e+03 
8.971000000e+03 8.996000000e+03 
9.466000000e+03 8.699000000e+03 
8.681000000e+03 9.342000000e+03 
8.824000000e+03 9.177000000e+03 
8.582000000e+03 9.416000000e+03 
9.194000000e+03 8.809000000e+03 
9.186000000e+03 8.835000000e+03 
8.713000000e+03 9.336000000e+03 
8.918000000e+03 9.053000000e+03 
8.681000000e+03 9.342000000e+03 
8.506000000e+03 9.628000000e+03 
9.110000000e+03 8.933000000e+03 
9.194000000e+03 8.809000000e+03 
8.673000000e+03 9.374000000e+03 
8.875000000e+03 9.090000000e+03 
8.720000000e+03 9.306000000e+03 
8.830000000e+03 9.137000000e+03 
9.385000000e+03 8.709000000e+03 
8.918000000e+03 9.053000000e+03 
8.723000000e+03 9.234000000e+03 
8.768000000e+03 9.209000000e+03 
8.527000000e+03 9.555000000e+03 
9.385000000e+03 8.709000000e+03 
8.681000000e+03 9.342000000e+03 
8.681000000e+03 9.342000000e+03 
9.311000000e+03 8.775000000e+03 
8.890000000e+03 9.082000000e+03 
8.971000000e+03 8.996000000e+03 
8.884000000e+03 9.084000000e+03 
8.572000000e+03 9.473000000e+03 
9.509000000e+03 8.675000000e+03 
9.194000000e+03 8.809000000e+03 
9.177000000e+03 8.845000000e+03 
9.121000000e+03 8.932000000e+03 
9.177000000e+03 8.845000000e+03 
8.556000000e+03 9.554000000e+03 
9.385000000e+03 8.709000000e+03 
9.189000000e+03 8.830000000e+03 
8.609000000e+03 9.414000000e+03 
8.973000000e+03 8.990000000e+03 
9.177000000e+03 8.845000000e+03 
8.770000000e+03 9.187000000e+03 
8.915000000e+03 9.081000000e+03 
9.189000000e+03 8.830000000e+03 
8.755000000e+03 9.232000000e+03 
8.609000000e+03 9.414000000e+03 
8.676000000e+03 9.357000000e+03 
8.632000000e+03 9.405000000e+03 
9.037000000e+03 8.935000000e+03 
9.189000000e+03 8.830000000e+03 

8.959000000e+03 9.326000000e+03 
9.182000000e+03 9.123000000e+03 
9.101000000e+03 9.138000000e+03 
8.825000000e+03 9.387000000e+03 
9.185000000e+03 9.119000000e+03 
9.018000000e+03 9.270000000e+03 
9.198000000e+03 9.098000000e+03 
9.068000000e+03 9.195000000e+03 
9.387000000e+03 9.042000000e+03 
9.529000000e+03 9.025000000e+03 
8.975000000e+03 9.287000000e+03 
9.529000000e+03 9.025000000e+03 
9.529000000e+03 9.025000000e+03 
8.854000000e+03 9.373000000e+03 
9.529000000e+03 9.025000000e+03 
9.529000000e+03 9.025000000e+03 
9.529000000e+03 9.025000000e+03 
9.185000000e+03 9.119000000e+03 
9.529000000e+03 9.025000000e+03 
9.100000000e+03 9.193000000e+03 
9.529000000e+03 9.025000000e+03 
8.886000000e+03 9.360000000e+03 
9.021000000e+03 9.239000000e+03 
9.529000000e+03 9.025000000e+03 
9.198000000e+03 9.098000000e+03 
9.239000000e+03 9.061000000e+03 
9.529000000e+03 9.025000000e+03 
8.788000000e+03 9.426000000e+03 
9.180000000e+03 9.133000000e+03 
9.529000000e+03 9.025000000e+03 
9.276000000e+03 9.044000000e+03 
9.068000000e+03 9.195000000e+03 
9.180000000e+03 9.133000000e+03 
8.927000000e+03 9.356000000e+03 
9.222000000e+03 9.082000000e+03 
8.708000000e+03 9.440000000e+03 
9.529000000e+03 9.025000000e+03 
9.216000000e+03 9.089000000e+03 
9.068000000e+03 9.195000000e+03 

9.933000000e+03 9.374000000e+03 
9.489000000e+03 9.638000000e+03 
9.837000000e+03 9.437000000e+03 
9.979000000e+03 9.357000000e+03 
9.467000000e+03 9.699000000e+03 
9.933000000e+03 9.374000000e+03 
9.534000000e+03 9.627000000e+03 
9.552000000e+03 9.614000000e+03 
9.841000000e+03 9.417000000e+03 
9.397000000e+03 9.902000000e+03 
9.458000000e+03 9.737000000e+03 
9.687000000e+03 9.559000000e+03 
9.397000000e+03 9.902000000e+03 
9.386000000e+03 9.923000000e+03 
9.687000000e+03 9.559000000e+03 
9.866000000e+03 9.399000000e+03 
9.467000000e+03 9.699000000e+03 
9.872000000e+03 9.396000000e+03 
9.362000000e+03 9.950000000e+03 
9.717000000e+03 9.461000000e+03 
9.426000000e+03 9.783000000e+03 
1.013200000e+04 9.308000000e+03 
9.451000000e+03 9.775000000e+03 
9.625000000e+03 9.611000000e+03 

9.308000000e+03 8.462000000e+03 
9.310000000e+03 8.446000000e+03 
9.357000000e+03 8.382000000e+03 
9.137000000e+03 8.878000000e+03 
9.376000000e+03 8.340000000e+03 
9.414000000e+03 8.283000000e+03 
9.675000000e+03 8.110000000e+03 
9.846000000e+03 8.004000000e+03 
9.515000000e+03 8.240000000e+03 
9.627000000e+03 8.130000000e+03 
9.328000000e+03 8.419000000e+03 
9.627000000e+03 8.130000000e+03 
9.468000000e+03 8.254000000e+03 
9.515000000e+03 8.240000000e+03 
9.275000000e+03 8.467000000e+03 
9.142000000e+03 8.774000000e+03 
9.414000000e+03 8.283000000e+03 
9.722000000e+03 8.080000000e+03 
9.202000000e+03 8.590000000e+03 
9.175000000e+03 8.737000000e+03 
9.665000000e+03 8.122000000e+03 
9.256000000e+03 8.567000000e+03 
9.609000000e+03 8.134000000e+03 
9.517000000e+03 8.152000000e+03 
9.328000000e+03 8.419000000e+03 
9.183000000e+03 8.658000000e+03 
9.517000000e+03 8.152000000e+03 
9.115000000e+03 9.268000000e+03 
9.308000000e+03 8.462000000e+03 
9.405000000e+03 8.310000000e+03 
9.361000000e+03 8.357000000e+03 

8.488000000e+03 8.740000000e+03 
8.339000000e+03 8.872000000e+03 
8.448000000e+03 8.763000000e+03 
8.454000000e+03 8.746000000e+03 
8.416000000e+03 8.814000000e+03 
8.809000000e+03 8.526000000e+03 
9.069000000e+03 8.439000000e+03 
8.148000000e+03 9.119000000e+03 
8.339000000e+03 8.872000000e+03 
8.339000000e+03 8.872000000e+03 
8.224000000e+03 9.098000000e+03 
8.795000000e+03 8.544000000e+03 
8.274000000e+03 8.962000000e+03 
8.237000000e+03 9.085000000e+03 
8.648000000e+03 8.629000000e+03 
8.184000000e+03 9.107000000e+03 
8.352000000e+03 8.823000000e+03 
8.517000000e+03 8.673000000e+03 
8.376000000e+03 8.818000000e+03 
8.160000000e+03 9.112000000e+03 
8.795000000e+03 8.544000000e+03 
8.290000000e+03 8.958000000e+03 
8.312000000e+03 8.886000000e+03 
8.312000000e+03 8.886000000e+03 
8.291000000e+03 8.950000000e+03 
8.260000000e+03 9.058000000e+03 
8.306000000e+03 8.915000000e+03 
8.266000000e+03 9.052000000e+03 
8.561000000e+03 8.660000000e+03 
8.701000000e+03 8.592000000e+03 
8.116000000e+03 9.167000000e+03 
8.442000000e+03 8.806000000e+03 
8.843000000e+03 8.447000000e+03 
8.661000000e+03 8.613000000e+03 
8.773000000e+03 8.558000000e+03 
8.684000000e+03 8.604000000e+03 
8.623000000e+03 8.641000000e+03 

8.809000000e+03 9.301000000e+03 
8.774000000e+03 9.319000000e+03 
8.834000000e+03 9.250000000e+03 
9.304000000e+03 8.770000000e+03 
8.809000000e+03 9.301000000e+03 
8.693000000e+03 9.360000000e+03 
8.842000000e+03 9.226000000e+03 
9.304000000e+03 8.770000000e+03 
9.304000000e+03 8.770000000e+03 
8.809000000e+03 9.301000000e+03 
9.149000000e+03 8.886000000e+03 
9.119000000e+03 8.913000000e+03 
8.979000000e+03 8.937000000e+03 
9.304000000e+03 8.770000000e+03 
8.942000000e+03 9.017000000e+03 
8.783000000e+03 9.313000000e+03 
8.812000000e+03 9.290000000e+03 
8.837000000e+03 9.233000000e+03 
9.484000000e+03 8.768000000e+03 
8.912000000e+03 9.058000000e+03 
9.304000000e+03 8.770000000e+03 
8.797000000e+03 9.312000000e+03 
8.585000000e+03 9.590000000e+03 
8.842000000e+03 9.226000000e+03 
9.119000000e+03 8.913000000e+03 
8.809000000e+03 9.301000000e+03 
8.660000000e+03 9.388000000e+03 
8.837000000e+03 9.233000000e+03 
8.809000000e+03 9.301000000e+03 
8.751000000e+03 9.352000000e+03 
8.722000000e+03 9.354000000e+03 
8.829000000e+03 9.269000000e+03 
9.149000000e+03 8.886000000e+03 
8.847000000e+03 9.096000000e+03 
9.159000000e+03 8.880000000e+03 
8.809000000e+03 9.301000000e+03 
8.829000000e+03 9.269000000e+03 
8.614000000e+03 9.480000000e+03 
8.912000000e+03 9.058000000e+03 
8.813000000e+03 9.289000000e+03 
8.847000000e+03 9.096000000e+03 
8.632000000e+03 9.431000000e+03 
9.180000000e+03 8.829000000e+03 
9.245000000e+03 8.817000000e+03 
9.560000000e+03 8.709000000e+03 

8.661000000e+03 9.158000000e+03 
8.661000000e+03 9.158000000e+03 
9.233000000e+03 8.759000000e+03 
8.826000000e+03 8.962000000e+03 
8.661000000e+03 9.158000000e+03 
9.083000000e+03 8.828000000e+03 
8.487000000e+03 9.493000000e+03 
9.181000000e+03 8.760000000e+03 
9.456000000e+03 8.614000000e+03 
8.661000000e+03 9.158000000e+03 
8.487000000e+03 9.493000000e+03 
9.234000000e+03 8.695000000e+03 
8.487000000e+03 9.493000000e+03 
8.487000000e+03 9.493000000e+03 
8.832000000e+03 8.880000000e+03 
9.034000000e+03 8.839000000e+03 
8.697000000e+03 9.049000000e+03 
8.661000000e+03 9.158000000e+03 
8.697000000e+03 9.049000000e+03 
8.511000000e+03 9.222000000e+03 
8.490000000e+03 9.290000000e+03 
8.487000000e+03 9.493000000e+03 
9.158000000e+03 8.772000000e+03 
8.464000000e+03 9.499000000e+03 
9.093000000e+03 8.795000000e+03 
8.656000000e+03 9.165000000e+03 
8.999000000e+03 8.857000000e+03 
8.697000000e+03 9.049000000e+03 
9.250000000e+03 8.687000000e+03 
8.936000000e+03 8.863000000e+03 
8.728000000e+03 9.030000000e+03 
8.809000000e+03 9.025000000e+03 
8.541000000e+03 9.170000000e+03 
9.058000000e+03 8.832000000e+03 
8.728000000e+03 9.030000000e+03 
8.832000000e+03 8.880000000e+03 
9.083000000e+03 8.828000000e+03 
8.813000000e+03 9.005000000e+03 
9.125000000e+03 8.781000000e+03 
8.487000000e+03 9.493000000e+03 

9.190000000e+03 8.930000000e+03 
9.338000000e+03 8.823000000e+03 
8.872000000e+03 9.382000000e+03 
9.288000000e+03 8.872000000e+03 
9.225000000e+03 8.927000000e+03 
9.243000000e+03 8.922000000e+03 
9.279000000e+03 8.882000000e+03 
9.395000000e+03 8.801000000e+03 
9.038000000e+03 9.108000000e+03 
9.063000000e+03 9.082000000e+03 
8.838000000e+03 9.473000000e+03 
9.000000000e+03 9.168000000e+03 
9.023000000e+03 9.120000000e+03 
9.395000000e+03 8.801000000e+03 
9.094000000e+03 9.033000000e+03 
8.973000000e+03 9.186000000e+03 
8.908000000e+03 9.305000000e+03 
9.496000000e+03 8.733000000e+03 
8.950000000e+03 9.250000000e+03 
9.000000000e+03 9.168000000e+03 
9.001000000e+03 9.148000000e+03 
9.279000000e+03 8.882000000e+03 
8.810000000e+03 9.505000000e+03 
9.064000000e+03 9.049000000e+03 
9.338000000e+03 8.823000000e+03 
8.950000000e+03 9.250000000e+03 
8.786000000e+03 9.551000000e+03 
8.913000000e+03 9.275000000e+03 
9.395000000e+03 8.801000000e+03 
9.190000000e+03 8.930000000e+03 
9.458000000e+03 8.798000000e+03 
8.955000000e+03 9.230000000e+03 
9.103000000e+03 8.990000000e+03 
8.835000000e+03 9.480000000e+03 
9.133000000e+03 8.949000000e+03 
8.950000000e+03 9.250000000e+03 
8.913000000e+03 9.275000000e+03 
8.904000000e+03 9.332000000e+03 
9.458000000e+03 8.798000000e+03 
9.338000000e+03 8.823000000e+03 
9.133000000e+03 8.949000000e+03 
9.382000000e+03 8.816000000e+03 
8.950000000e+03 9.250000000e+03 
8.910000000e+03 9.293000000e+03 
9.042000000e+03 9.093000000e+03 
9.305000000e+03 8.859000000e+03 
9.596000000e+03 8.665000000e+03 
8.864000000e+03 9.386000000e+03 
9.559000000e+03 8.679000000e+03 
9.190000000e+03 8.930000000e+03 
8.950000000e+03 9.250000000e+03 
8.908000000e+03 9.305000000e+03 
8.838000000e+03 9.473000000e+03 

8.630000000e+03 9.078000000e+03 
8.752000000e+03 8.992000000e+03 
8.797000000e+03 8.916000000e+03 
8.844000000e+03 8.827000000e+03 
8.930000000e+03 8.736000000e+03 
9.163000000e+03 8.442000000e+03 
9.105000000e+03 8.478000000e+03 
9.099000000e+03 8.518000000e+03 
8.991000000e+03 8.630000000e+03 
9.270000000e+03 8.376000000e+03 
9.046000000e+03 8.574000000e+03 
8.711000000e+03 9.023000000e+03 
8.711000000e+03 9.023000000e+03 
8.932000000e+03 8.698000000e+03 
8.969000000e+03 8.662000000e+03 
8.791000000e+03 8.940000000e+03 
8.967000000e+03 8.680000000e+03 
8.843000000e+03 8.887000000e+03 
8.878000000e+03 8.743000000e+03 
9.298000000e+03 8.335000000e+03 
8.991000000e+03 8.630000000e+03 
8.622000000e+03 9.258000000e+03 
9.103000000e+03 8.514000000e+03 
8.857000000e+03 8.795000000e+03 
8.991000000e+03 8.630000000e+03 
9.254000000e+03 8.414000000e+03 
9.229000000e+03 8.425000000e+03 
8.773000000e+03 8.952000000e+03 
9.163000000e+03 8.442000000e+03 
9.041000000e+03 8.582000000e+03 

9.011000000e+03 1.000000000e+04 
9.012000000e+03 9.890000000e+03 
9.466000000e+03 9.116000000e+03 
8.999000000e+03 1.001200000e+04 
9.260000000e+03 9.317000000e+03 
9.015000000e+03 9.787000000e+03 
9.864000000e+03 9.053000000e+03 
1.007900000e+04 9.012000000e+03 
9.385000000e+03 9.159000000e+03 
9.152000000e+03 9.527000000e+03 
9.168000000e+03 9.429000000e+03 
9.064000000e+03 9.689000000e+03 
9.438000000e+03 9.155000000e+03 
8.999000000e+03 1.001200000e+04 
9.690000000e+03 9.075000000e+03 
9.064000000e+03 9.689000000e+03 
9.306000000e+03 9.211000000e+03 
9.260000000e+03 9.317000000e+03 
9.064000000e+03 9.689000000e+03 
9.291000000e+03 9.294000000e+03 
9.692000000e+03 9.055000000e+03 
9.102000000e+03 9.557000000e+03 
8.999000000e+03 1.001200000e+04 
8.999000000e+03 1.001200000e+04 
9.080000000e+03 9.660000000e+03 
9.260000000e+03 9.317000000e+03 
9.064000000e+03 9.689000000e+03 
9.550000000e+03 9.078000000e+03 

8.162000000e+03 9.937000000e+03 
8.233000000e+03 9.877000000e+03 
8.306000000e+03 9.532000000e+03 
8.349000000e+03 9.505000000e+03 
8.213000000e+03 9.907000000e+03 
8.396000000e+03 9.406000000e+03 
8.661000000e+03 9.045000000e+03 
8.546000000e+03 9.183000000e+03 
8.213000000e+03 9.907000000e+03 
8.661000000e+03 9.045000000e+03 
9.075000000e+03 9.010000000e+03 
8.498000000e+03 9.224000000e+03 
8.397000000e+03 9.369000000e+03 
8.365000000e+03 9.450000000e+03 
8.255000000e+03 9.747000000e+03 
8.482000000e+03 9.340000000e+03 
8.449000000e+03 9.351000000e+03 
8.380000000e+03 9.446000000e+03 
8.471000000e+03 9.341000000e+03 
8.449000000e+03 9.351000000e+03 
8.943000000e+03 9.043000000e+03 
8.239000000e+03 9.773000000e+03 
8.230000000e+03 9.890000000e+03 
8.620000000e+03 9.110000000e+03 
9.050000000e+03 9.029000000e+03 
8.213000000e+03 9.907000000e+03 
8.546000000e+03 9.183000000e+03 
8.484000000e+03 9.286000000e+03 
8.264000000e+03 9.658000000e+03 
8.380000000e+03 9.446000000e+03 
8.607000000e+03 9.158000000e+03 
8.435000000e+03 9.366000000e+03 

8.923000000e+03 8.580000000e+03 
8.655000000e+03 8.897000000e+03 
9.308000000e+03 8.468000000e+03 
8.586000000e+03 8.973000000e+03 
9.075000000e+03 8.553000000e+03 
9.278000000e+03 8.476000000e+03 
9.251000000e+03 8.504000000e+03 
8.856000000e+03 8.647000000e+03 
8.600000000e+03 8.967000000e+03 
9.298000000e+03 8.472000000e+03 
8.858000000e+03 8.616000000e+03 
8.655000000e+03 8.897000000e+03 
9.298000000e+03 8.472000000e+03 
8.856000000e+03 8.647000000e+03 
9.264000000e+03 8.479000000e+03 
9.251000000e+03 8.504000000e+03 
9.278000000e+03 8.476000000e+03 
8.858000000e+03 8.616000000e+03 
8.537000000e+03 9.030000000e+03 
9.251000000e+03 8.504000000e+03 
8.660000000e+03 8.891000000e+03 
8.713000000e+03 8.785000000e+03 
9.298000000e+03 8.472000000e+03 
9.156000000e+03 8.525000000e+03 
8.499000000e+03 9.083000000e+03 
9.251000000e+03 8.504000000e+03 
9.251000000e+03 8.504000000e+03 
8.586000000e+03 8.973000000e+03 
8.899000000e+03 8.589000000e+03 
9.251000000e+03 8.504000000e+03 
9.264000000e+03 8.479000000e+03 
8.856000000e+03 8.647000000e+03 
9.199000000e+03 8.505000000e+03 
8.616000000e+03 8.911000000e+03 
9.308000000e+03 8.468000000e+03 
8.586000000e+03 8.973000000e+03 
8.710000000e+03 8.811000000e+03 
8.745000000e+03 8.742000000e+03 
8.586000000e+03 8.973000000e+03 
9.259000000e+03 8.500000000e+03 
8.610000000e+03 8.912000000e+03 
9.264000000e+03 8.479000000e+03 
8.655000000e+03 8.897000000e+03 
9.156000000e+03 8.525000000e+03 
9.191000000e+03 8.524000000e+03 
8.655000000e+03 8.897000000e+03 
8.944000000e+03 8.559000000e+03 
8.655000000e+03 8.897000000e+03 
9.251000000e+03 8.504000000e+03 
8.593000000e+03 8.969000000e+03 
8.744000000e+03 8.772000000e+03 
8.858000000e+03 8.616000000e+03 
8.547000000e+03 9.001000000e+03 
8.593000000e+03 8.969000000e+03 
9.319000000e+03 8.420000000e+03 
8.586000000e+03 8.973000000e+03 
8.537000000e+03 9.030000000e+03 
8.586000000e+03 8.973000000e+03 
8.586000000e+03 8.973000000e+03 
8.944000000e+03 8.559000000e+03 
8.600000000e+03 8.967000000e+03 
8.586000000e+03 8.973000000e+03 
8.655000000e+03 8.897000000e+03 
8.833000000e+03 8.649000000e+03 
8.609000000e+03 8.929000000e+03 
9.251000000e+03 8.504000000e+03 
9.251000000e+03 8.504000000e+03 
9.318000000e+03 8.451000000e+03 
8.586000000e+03 8.973000000e+03 
9.251000000e+03 8.504000000e+03 
8.763000000e+03 8.699000000e+03 
9.075000000e+03 8.553000000e+03 
9.319000000e+03 8.420000000e+03 
8.586000000e+03 8.973000000e+03 
8.586000000e+03 8.973000000e+03 
9.259000000e+03 8.500000000e+03 
9.156000000e+03 8.525000000e+03 
8.586000000e+03 8.973000000e+03 
9.308000000e+03 8.468000000e+03 
8.935000000e+03 8.572000000e+03 
8.675000000e+03 8.835000000e+03 

8.228000000e+03 9.607000000e+03 
8.503000000e+03 9.365000000e+03 
8.228000000e+03 9.607000000e+03 
8.705000000e+03 9.251000000e+03 
8.542000000e+03 9.361000000e+03 
8.173000000e+03 9.649000000e+03 
8.890000000e+03 9.216000000e+03 
8.191000000e+03 9.619000000e+03 
8.228000000e+03 9.607000000e+03 
8.636000000e+03 9.257000000e+03 
8.228000000e+03 9.607000000e+03 
8.768000000e+03 9.227000000e+03 
8.353000000e+03 9.438000000e+03 
8.279000000e+03 9.490000000e+03 
8.099000000e+03 9.719000000e+03 
8.012000000e+03 9.806000000e+03 
8.168000000e+03 9.666000000e+03 
8.430000000e+03 9.406000000e+03 
8.228000000e+03 9.607000000e+03 
8.420000000e+03 9.415000000e+03 
8.173000000e+03 9.649000000e+03 
8.728000000e+03 9.250000000e+03 
8.503000000e+03 9.365000000e+03 
8.259000000e+03 9.601000000e+03 
8.464000000e+03 9.384000000e+03 
8.559000000e+03 9.316000000e+03 
8.559000000e+03 9.316000000e+03 
8.542000000e+03 9.361000000e+03 
8.012000000e+03 9.806000000e+03 
8.503000000e+03 9.365000000e+03 
8.705000000e+03 9.251000000e+03 
8.473000000e+03 9.366000000e+03 
8.173000000e+03 9.649000000e+03 
8.464000000e+03 9.384000000e+03 
8.705000000e+03 9.251000000e+03 
8.828000000e+03 9.225000000e+03 
8.287000000e+03 9.476000000e+03 
8.919000000e+03 9.165000000e+03 
8.119000000e+03 9.708000000e+03 
8.051000000e+03 9.756000000e+03 

9.008000000e+03 8.476000000e+03 
8.846000000e+03 8.674000000e+03 
8.777000000e+03 8.896000000e+03 
8.846000000e+03 8.674000000e+03 
8.741000000e+03 8.958000000e+03 
8.890000000e+03 8.630000000e+03 
8.778000000e+03 8.751000000e+03 
8.801000000e+03 8.729000000e+03 
8.777000000e+03 8.896000000e+03 
9.230000000e+03 8.411000000e+03 
8.681000000e+03 9.026000000e+03 
8.741000000e+03 8.958000000e+03 
8.894000000e+03 8.602000000e+03 
8.966000000e+03 8.484000000e+03 
8.880000000e+03 8.653000000e+03 
8.741000000e+03 8.958000000e+03 
8.741000000e+03 8.958000000e+03 
9.226000000e+03 8.417000000e+03 
8.831000000e+03 8.717000000e+03 
8.919000000e+03 8.575000000e+03 
8.896000000e+03 8.599000000e+03 
8.756000000e+03 8.927000000e+03 
8.943000000e+03 8.501000000e+03 
9.008000000e+03 8.476000000e+03 
9.230000000e+03 8.411000000e+03 
9.013000000e+03 8.443000000e+03 
8.741000000e+03 8.958000000e+03 
9.008000000e+03 8.476000000e+03 
8.896000000e+03 8.599000000e+03 
9.008000000e+03 8.476000000e+03 

9.429000000e+03 9.157000000e+03 
1.006800000e+04 8.785000000e+03 
9.645000000e+03 8.990000000e+03 
9.299000000e+03 9.279000000e+03 
1.002000000e+04 8.804000000e+03 
9.610000000e+03 9.007000000e+03 
9.115000000e+03 9.513000000e+03 
9.257000000e+03 9.352000000e+03 
9.092000000e+03 9.688000000e+03 
9.772000000e+03 8.903000000e+03 
9.696000000e+03 8.971000000e+03 
9.589000000e+03 9.043000000e+03 
9.696000000e+03 8.971000000e+03 
9.226000000e+03 9.387000000e+03 
9.644000000e+03 9.005000000e+03 
9.928000000e+03 8.832000000e+03 
9.996000000e+03 8.809000000e+03 
9.996000000e+03 8.809000000e+03 
9.396000000e+03 9.164000000e+03 
9.789000000e+03 8.867000000e+03 
9.431000000e+03 9.057000000e+03 
9.328000000e+03 9.226000000e+03 
9.204000000e+03 9.439000000e+03 
9.992000000e+03 8.828000000e+03 
9.724000000e+03 8.920000000e+03 
9.755000000e+03 8.919000000e+03 
9.843000000e+03 8.859000000e+03 
9.759000000e+03 8.907000000e+03 
9.822000000e+03 8.866000000e+03 
9.367000000e+03 9.217000000e+03 
9.920000000e+03 8.842000000e+03 

9.339000000e+03 9.256000000e+03 
9.505000000e+03 9.177000000e+03 
9.264000000e+03 9.383000000e+03 
9.105000000e+03 9.463000000e+03 
8.693000000e+03 9.842000000e+03 
8.878000000e+03 9.557000000e+03 
8.786000000e+03 9.673000000e+03 
9.656000000e+03 9.157000000e+03 
8.610000000e+03 9.903000000e+03 
9.709000000e+03 9.152000000e+03 
8.585000000e+03 9.921000000e+03 
9.249000000e+03 9.387000000e+03 
8.621000000e+03 9.882000000e+03 
8.948000000e+03 9.550000000e+03 
8.808000000e+03 9.666000000e+03 
9.144000000e+03 9.458000000e+03 
8.610000000e+03 9.903000000e+03 
9.102000000e+03 9.467000000e+03 
9.164000000e+03 9.418000000e+03 
9.099000000e+03 9.473000000e+03 
8.575000000e+03 9.941000000e+03 
8.657000000e+03 9.850000000e+03 
9.307000000e+03 9.359000000e+03 
9.710000000e+03 9.108000000e+03 
8.728000000e+03 9.812000000e+03 
8.808000000e+03 9.666000000e+03 
9.025000000e+03 9.496000000e+03 
9.073000000e+03 9.475000000e+03 
9.473000000e+03 9.206000000e+03 
8.575000000e+03 9.941000000e+03 
9.175000000e+03 9.394000000e+03 
9.335000000e+03 9.332000000e+03 
8.709000000e+03 9.831000000e+03 
8.742000000e+03 9.694000000e+03 
9.016000000e+03 9.515000000e+03 
9.168000000e+03 9.411000000e+03 
8.818000000e+03 9.594000000e+03 
8.561000000e+03 9.959000000e+03 

8.603000000e+03 8.227000000e+03 
8.401000000e+03 8.376000000e+03 
8.760000000e+03 8.169000000e+03 
8.500000000e+03 8.291000000e+03 
8.920000000e+03 8.051000000e+03 
8.866000000e+03 8.119000000e+03 
8.528000000e+03 8.280000000e+03 
8.866000000e+03 8.119000000e+03 
8.898000000e+03 8.074000000e+03 
8.898000000e+03 8.074000000e+03 
8.624000000e+03 8.222000000e+03 
8.804000000e+03 8.133000000e+03 
8.871000000e+03 8.108000000e+03 
8.965000000e+03 8.024000000e+03 
8.895000000e+03 8.088000000e+03 
8.528000000e+03 8.280000000e+03 
8.318000000e+03 8.566000000e+03 
8.760000000e+03 8.169000000e+03 
8.370000000e+03 8.419000000e+03 
8.541000000e+03 8.262000000e+03 
8.800000000e+03 8.147000000e+03 
8.591000000e+03 8.237000000e+03 
8.591000000e+03 8.237000000e+03 
8.800000000e+03 8.147000000e+03 
8.637000000e+03 8.192000000e+03 
8.744000000e+03 8.174000000e+03 
8.381000000e+03 8.413000000e+03 
8.381000000e+03 8.413000000e+03 
8.447000000e+03 8.345000000e+03 
8.337000000e+03 8.487000000e+03 
8.947000000e+03 8.037000000e+03 
8.965000000e+03 8.024000000e+03 
8.760000000e+03 8.169000000e+03 

8.851000000e+03 9.429000000e+03 
9.312000000e+03 9.254000000e+03 
9.095000000e+03 9.295000000e+03 
8.888000000e+03 9.397000000e+03 
9.092000000e+03 9.304000000e+03 
8.696000000e+03 9.656000000e+03 
8.600000000e+03 1.008000000e+04 
8.745000000e+03 9.524000000e+03 
8.633000000e+03 9.882000000e+03 
9.137000000e+03 9.277000000e+03 
9.281000000e+03 9.275000000e+03 
8.874000000e+03 9.404000000e+03 
8.745000000e+03 9.524000000e+03 
8.708000000e+03 9.605000000e+03 
8.660000000e+03 9.696000000e+03 
9.418000000e+03 9.240000000e+03 
8.633000000e+03 9.882000000e+03 
8.632000000e+03 9.914000000e+03 
8.627000000e+03 9.974000000e+03 
9.000000000e+03 9.341000000e+03 
9.042000000e+03 9.306000000e+03 
8.703000000e+03 9.628000000e+03 
8.651000000e+03 9.862000000e+03 
9.013000000e+03 9.318000000e+03 
8.692000000e+03 9.681000000e+03 
8.928000000e+03 9.371000000e+03 
8.847000000e+03 9.498000000e+03 
9.000000000e+03 9.341000000e+03 
8.703000000e+03 9.628000000e+03 
8.745000000e+03 9.524000000e+03 

8.925000000e+03 9.552000000e+03 
8.900000000e+03 9.570000000e+03 
8.918000000e+03 9.553000000e+03 
9.369000000e+03 9.280000000e+03 
8.800000000e+03 9.710000000e+03 
8.838000000e+03 9.633000000e+03 
8.718000000e+03 9.769000000e+03 
8.880000000e+03 9.626000000e+03 
9.315000000e+03 9.297000000e+03 
9.477000000e+03 9.180000000e+03 
9.373000000e+03 9.273000000e+03 
8.714000000e+03 1.001900000e+04 
9.049000000e+03 9.425000000e+03 
9.447000000e+03 9.229000000e+03 
8.714000000e+03 1.001900000e+04 
9.369000000e+03 9.280000000e+03 
9.104000000e+03 9.315000000e+03 
9.320000000e+03 9.294000000e+03 
9.018000000e+03 9.426000000e+03 
8.899000000e+03 9.581000000e+03 
8.888000000e+03 9.625000000e+03 
8.712000000e+03 1.003000000e+04 
9.369000000e+03 9.280000000e+03 
8.967000000e+03 9.485000000e+03 
9.049000000e+03 9.425000000e+03 
9.104000000e+03 9.315000000e+03 
8.767000000e+03 9.739000000e+03 
9.343000000e+03 9.287000000e+03 
9.018000000e+03 9.426000000e+03 
8.828000000e+03 9.639000000e+03 
9.388000000e+03 9.243000000e+03 
8.809000000e+03 9.672000000e+03 
8.900000000e+03 9.570000000e+03 
8.928000000e+03 9.524000000e+03 
8.793000000e+03 9.726000000e+03 
9.369000000e+03 9.280000000e+03 
9.055000000e+03 9.367000000e+03 

9.776000000e+03 8.707000000e+03 
9.482000000e+03 9.042000000e+03 
9.670000000e+03 8.781000000e+03 
9.985000000e+03 8.631000000e+03 
9.515000000e+03 8.954000000e+03 
9.482000000e+03 9.042000000e+03 
9.501000000e+03 9.016000000e+03 
1.012500000e+04 8.578000000e+03 
9.387000000e+03 9.101000000e+03 
9.515000000e+03 8.954000000e+03 
9.364000000e+03 9.196000000e+03 
1.004300000e+04 8.612000000e+03 
9.957000000e+03 8.644000000e+03 
9.594000000e+03 8.886000000e+03 
9.730000000e+03 8.755000000e+03 
9.515000000e+03 8.954000000e+03 
9.458000000e+03 9.046000000e+03 
9.776000000e+03 8.707000000e+03 
9.482000000e+03 9.042000000e+03 
1.030400000e+04 8.546000000e+03 
1.002600000e+04 8.630000000e+03 
9.985000000e+03 8.631000000e+03 
9.985000000e+03 8.631000000e+03 
1.002700000e+04 8.623000000e+03 
1.014600000e+04 8.548000000e+03 
9.595000000e+03 8.819000000e+03 
9.536000000e+03 8.889000000e+03 
9.451000000e+03 9.059000000e+03 
9.941000000e+03 8.665000000e+03 
1.008100000e+04 8.611000000e+03 
9.985000000e+03 8.631000000e+03 
9.872000000e+03 8.698000000e+03 
9.957000000e+03 8.644000000e+03 
9.594000000e+03 8.886000000e+03 
9.511000000e+03 9.015000000e+03 
9.482000000e+03 9.042000000e+03 
9.515000000e+03 8.954000000e+03 

9.527000000e+03 8.685000000e+03 
9.044000000e+03 9.033000000e+03 
9.351000000e+03 8.746000000e+03 
9.099000000e+03 8.985000000e+03 
8.943000000e+03 9.041000000e+03 
9.408000000e+03 8.704000000e+03 
9.273000000e+03 8.758000000e+03 
9.115000000e+03 8.948000000e+03 
9.182000000e+03 8.915000000e+03 
8.803000000e+03 9.489000000e+03 
8.895000000e+03 9.270000000e+03 
8.943000000e+03 9.041000000e+03 
9.391000000e+03 8.745000000e+03 
8.909000000e+03 9.269000000e+03 
8.939000000e+03 9.221000000e+03 
9.229000000e+03 8.812000000e+03 

9.340000000e+03 8.413000000e+03 
9.449000000e+03 8.357000000e+03 
8.615000000e+03 9.005000000e+03 
8.764000000e+03 8.760000000e+03 
8.652000000e+03 8.861000000e+03 
9.127000000e+03 8.535000000e+03 
9.203000000e+03 8.459000000e+03 
9.424000000e+03 8.390000000e+03 
9.203000000e+03 8.459000000e+03 
9.147000000e+03 8.484000000e+03 
8.891000000e+03 8.656000000e+03 
8.633000000e+03 8.974000000e+03 
8.941000000e+03 8.623000000e+03 
8.964000000e+03 8.568000000e+03 
8.842000000e+03 8.688000000e+03 
8.708000000e+03 8.783000000e+03 
9.432000000e+03 8.384000000e+03 
8.964000000e+03 8.568000000e+03 
9.203000000e+03 8.459000000e+03 
9.203000000e+03 8.459000000e+03 
8.708000000e+03 8.783000000e+03 
8.689000000e+03 8.808000000e+03 
8.891000000e+03 8.656000000e+03 
8.985000000e+03 8.540000000e+03 
8.652000000e+03 8.861000000e+03 
8.781000000e+03 8.709000000e+03 
8.964000000e+03 8.568000000e+03 
9.282000000e+03 8.417000000e+03 
8.582000000e+03 9.093000000e+03 
8.941000000e+03 8.623000000e+03 
8.964000000e+03 8.568000000e+03 
9.348000000e+03 8.392000000e+03 
9.538000000e+03 8.326000000e+03 
8.850000000e+03 8.684000000e+03 
8.775000000e+03 8.717000000e+03 
9.258000000e+03 8.452000000e+03 
9.449000000e+03 8.357000000e+03 
8.985000000e+03 8.540000000e+03 
9.538000000e+03 8.326000000e+03 
8.652000000e+03 8.861000000e+03 
9.282000000e+03 8.417000000e+03 
8.964000000e+03 8.568000000e+03 

8.831000000e+03 9.394000000e+03 
9.359000000e+03 8.884000000e+03 
8.685000000e+03 9.674000000e+03 
8.806000000e+03 9.405000000e+03 
8.857000000e+03 9.273000000e+03 
9.520000000e+03 8.746000000e+03 
9.155000000e+03 9.091000000e+03 
8.661000000e+03 9.766000000e+03 
9.006000000e+03 9.160000000e+03 
9.418000000e+03 8.856000000e+03 
9.119000000e+03 9.099000000e+03 
9.016000000e+03 9.148000000e+03 
8.773000000e+03 9.463000000e+03 
9.229000000e+03 8.967000000e+03 
9.168000000e+03 9.059000000e+03 
8.757000000e+03 9.602000000e+03 
8.918000000e+03 9.255000000e+03 
8.989000000e+03 9.180000000e+03 
9.315000000e+03 8.950000000e+03 
8.691000000e+03 9.619000000e+03 
9.119000000e+03 9.099000000e+03 
8.857000000e+03 9.273000000e+03 
9.359000000e+03 8.884000000e+03 
9.007000000e+03 9.153000000e+03 
9.483000000e+03 8.833000000e+03 
9.669000000e+03 8.716000000e+03 
9.385000000e+03 8.882000000e+03 
9.669000000e+03 8.716000000e+03 
9.469000000e+03 8.849000000e+03 
9.520000000e+03 8.746000000e+03 
8.947000000e+03 9.215000000e+03 
8.832000000e+03 9.337000000e+03 
9.763000000e+03 8.701000000e+03 
9.155000000e+03 9.091000000e+03 
9.155000000e+03 9.091000000e+03 
9.047000000e+03 9.115000000e+03 
8.806000000e+03 9.405000000e+03 
8.948000000e+03 9.185000000e+03 
8.918000000e+03 9.255000000e+03 
9.155000000e+03 9.091000000e+03 
9.036000000e+03 9.125000000e+03 
9.618000000e+03 8.736000000e+03 
9.225000000e+03 9.014000000e+03 
9.206000000e+03 9.055000000e+03 

9.156000000e+03 9.175000000e+03 
9.749000000e+03 8.882000000e+03 
9.156000000e+03 9.175000000e+03 
9.144000000e+03 9.184000000e+03 
9.156000000e+03 9.175000000e+03 
9.325000000e+03 9.017000000e+03 
9.156000000e+03 9.175000000e+03 
9.188000000e+03 9.157000000e+03 
9.749000000e+03 8.882000000e+03 
9.060000000e+03 9.255000000e+03 
9.207000000e+03 9.060000000e+03 
9.951000000e+03 8.847000000e+03 
9.516000000e+03 8.922000000e+03 
9.749000000e+03 8.882000000e+03 
9.020000000e+03 9.265000000e+03 
9.144000000e+03 9.184000000e+03 
9.156000000e+03 9.175000000e+03 
9.156000000e+03 9.175000000e+03 
9.156000000e+03 9.175000000e+03 
9.020000000e+03 9.265000000e+03 
9.982000000e+03 8.829000000e+03 
9.020000000e+03 9.265000000e+03 
9.100000000e+03 9.210000000e+03 
9.144000000e+03 9.184000000e+03 
9.156000000e+03 9.175000000e+03 
9.144000000e+03 9.184000000e+03 
9.188000000e+03 9.157000000e+03 
9.156000000e+03 9.175000000e+03 
9.475000000e+03 8.974000000e+03 
9.207000000e+03 9.060000000e+03 
9.749000000e+03 8.882000000e+03 
9.156000000e+03 9.175000000e+03 
9.156000000e+03 9.175000000e+03 
9.156000000e+03 9.175000000e+03 
9.156000000e+03 9.175000000e+03 
9.989000000e+03 8.825000000e+03 
9.612000000e+03 8.893000000e+03 
9.259000000e+03 9.050000000e+03 
9.156000000e+03 9.175000000e+03 
9.207000000e+03 9.060000000e+03 
9.749000000e+03 8.882000000e+03 
9.314000000e+03 9.033000000e+03 
9.188000000e+03 9.157000000e+03 
9.747000000e+03 8.884000000e+03 
9.755000000e+03 8.881000000e+03 
9.343000000e+03 9.011000000e+03 
9.188000000e+03 9.157000000e+03 
9.060000000e+03 9.255000000e+03 
9.749000000e+03 8.882000000e+03 
9.207000000e+03 9.060000000e+03 
1.007200000e+04 8.792000000e+03 
9.749000000e+03 8.882000000e+03 
9.172000000e+03 9.168000000e+03 
9.156000000e+03 9.175000000e+03 
9.982000000e+03 8.829000000e+03 
9.552000000e+03 8.909000000e+03 
1.007200000e+04 8.792000000e+03 
9.373000000e+03 8.986000000e+03 
9.479000000e+03 8.966000000e+03 
9.207000000e+03 9.060000000e+03 
9.207000000e+03 9.060000000e+03 
9.552000000e+03 8.909000000e+03 
9.487000000e+03 8.938000000e+03 
9.207000000e+03 9.060000000e+03 
9.749000000e+03 8.882000000e+03 
9.372000000e+03 8.994000000e+03 
9.757000000e+03 8.855000000e+03 
9.144000000e+03 9.184000000e+03 
9.516000000e+03 8.922000000e+03 
9.020000000e+03 9.265000000e+03 

8.923000000e+03 9.541000000e+03 
8.851000000e+03 1.015100000e+04 
9.239000000e+03 9.174000000e+03 
9.679000000e+03 8.937000000e+03 
8.954000000e+03 9.514000000e+03 
9.636000000e+03 8.945000000e+03 
8.969000000e+03 9.399000000e+03 
9.227000000e+03 9.181000000e+03 
9.428000000e+03 9.016000000e+03 
9.495000000e+03 8.973000000e+03 
9.423000000e+03 9.073000000e+03 
9.636000000e+03 8.945000000e+03 
9.495000000e+03 8.973000000e+03 
9.495000000e+03 8.973000000e+03 
8.860000000e+03 1.012700000e+04 
9.196000000e+03 9.184000000e+03 
9.239000000e+03 9.174000000e+03 
9.495000000e+03 8.973000000e+03 
8.860000000e+03 1.012700000e+04 
9.423000000e+03 9.073000000e+03 
8.851000000e+03 1.015100000e+04 
8.860000000e+03 1.012700000e+04 
9.343000000e+03 9.094000000e+03 
9.425000000e+03 9.046000000e+03 
9.058000000e+03 9.335000000e+03 
9.479000000e+03 8.992000000e+03 
9.707000000e+03 8.904000000e+03 
9.085000000e+03 9.244000000e+03 
9.239000000e+03 9.174000000e+03 
9.335000000e+03 9.098000000e+03 
8.860000000e+03 1.012700000e+04 
9.084000000e+03 9.259000000e+03 
9.239000000e+03 9.174000000e+03 
9.423000000e+03 9.073000000e+03 
9.607000000e+03 8.966000000e+03 
8.861000000e+03 1.000400000e+04 
9.493000000e+03 8.977000000e+03 
9.679000000e+03 8.937000000e+03 
8.860000000e+03 1.012700000e+04 
9.495000000e+03 8.973000000e+03 
8.860000000e+03 1.012700000e+04 
9.239000000e+03 9.174000000e+03 
8.963000000e+03 9.418000000e+03 
9.239000000e+03 9.174000000e+03 
9.259000000e+03 9.168000000e+03 
9.613000000e+03 8.957000000e+03 
9.493000000e+03 8.977000000e+03 
9.239000000e+03 9.174000000e+03 
9.495000000e+03 8.973000000e+03 
9.636000000e+03 8.945000000e+03 
9.495000000e+03 8.973000000e+03 
9.428000000e+03 9.016000000e+03 
9.008000000e+03 9.397000000e+03 
9.225000000e+03 9.182000000e+03 
9.196000000e+03 9.184000000e+03 
9.428000000e+03 9.016000000e+03 
9.138000000e+03 9.205000000e+03 
9.090000000e+03 9.211000000e+03 
9.225000000e+03 9.182000000e+03 
9.707000000e+03 8.904000000e+03 
9.373000000e+03 9.082000000e+03 
9.014000000e+03 9.363000000e+03 
9.292000000e+03 9.133000000e+03 
9.196000000e+03 9.184000000e+03 
9.493000000e+03 8.977000000e+03 
8.865000000e+03 9.560000000e+03 
9.040000000e+03 9.345000000e+03 

9.153000000e+03 8.971000000e+03 
9.621000000e+03 8.731000000e+03 
8.877000000e+03 9.323000000e+03 
9.162000000e+03 8.955000000e+03 
9.290000000e+03 8.910000000e+03 
8.880000000e+03 9.303000000e+03 
9.152000000e+03 8.972000000e+03 
8.836000000e+03 9.394000000e+03 
9.132000000e+03 8.980000000e+03 
9.290000000e+03 8.910000000e+03 
9.621000000e+03 8.731000000e+03 
9.220000000e+03 8.929000000e+03 
9.085000000e+03 9.019000000e+03 
9.060000000e+03 9.054000000e+03 
9.220000000e+03 8.929000000e+03 
9.293000000e+03 8.904000000e+03 
9.296000000e+03 8.891000000e+03 
9.370000000e+03 8.793000000e+03 
9.153000000e+03 8.971000000e+03 
9.060000000e+03 9.054000000e+03 
9.153000000e+03 8.971000000e+03 
9.153000000e+03 8.971000000e+03 
9.153000000e+03 8.971000000e+03 
9.204000000e+03 8.951000000e+03 
9.153000000e+03 8.971000000e+03 
9.153000000e+03 8.971000000e+03 
8.991000000e+03 9.174000000e+03 
8.877000000e+03 9.323000000e+03 
9.069000000e+03 9.045000000e+03 
8.792000000e+03 9.425000000e+03 
9.153000000e+03 8.971000000e+03 
9.690000000e+03 8.689000000e+03 
9.220000000e+03 8.929000000e+03 
9.153000000e+03 8.971000000e+03 
9.633000000e+03 8.730000000e+03 
9.306000000e+03 8.831000000e+03 
8.778000000e+03 9.539000000e+03 
9.621000000e+03 8.731000000e+03 
9.621000000e+03 8.731000000e+03 
9.152000000e+03 8.972000000e+03 
9.095000000e+03 8.997000000e+03 
8.902000000e+03 9.280000000e+03 
9.220000000e+03 8.929000000e+03 
9.621000000e+03 8.731000000e+03 
9.153000000e+03 8.971000000e+03 
9.152000000e+03 8.972000000e+03 
8.912000000e+03 9.195000000e+03 
9.566000000e+03 8.734000000e+03 
9.306000000e+03 8.831000000e+03 
9.372000000e+03 8.761000000e+03 
9.654000000e+03 8.715000000e+03 
9.621000000e+03 8.731000000e+03 
9.075000000e+03 9.041000000e+03 
8.746000000e+03 9.564000000e+03 
9.372000000e+03 8.761000000e+03 
9.057000000e+03 9.075000000e+03 
9.011000000e+03 9.100000000e+03 
9.220000000e+03 8.929000000e+03 
9.228000000e+03 8.914000000e+03 

9.101000000e+03 8.500000000e+03 
8.949000000e+03 8.570000000e+03 
8.418000000e+03 9.027000000e+03 
8.909000000e+03 8.588000000e+03 
8.785000000e+03 8.643000000e+03 
8.697000000e+03 8.727000000e+03 
8.649000000e+03 8.737000000e+03 
8.574000000e+03 8.830000000e+03 
9.213000000e+03 8.496000000e+03 
8.909000000e+03 8.588000000e+03 
9.027000000e+03 8.501000000e+03 
8.897000000e+03 8.615000000e+03 
8.501000000e+03 8.926000000e+03 
8.320000000e+03 9.113000000e+03 
8.909000000e+03 8.588000000e+03 
8.638000000e+03 8.825000000e+03 
8.449000000e+03 8.998000000e+03 
8.712000000e+03 8.715000000e+03 
8.382000000e+03 9.053000000e+03 

9.090000000e+03 9.119000000e+03 
9.196000000e+03 8.929000000e+03 
9.136000000e+03 8.938000000e+03 
9.536000000e+03 8.516000000e+03 
9.605000000e+03 8.481000000e+03 
9.881000000e+03 8.396000000e+03 
9.196000000e+03 8.929000000e+03 
9.196000000e+03 8.929000000e+03 
9.340000000e+03 8.728000000e+03 
9.226000000e+03 8.833000000e+03 
9.122000000e+03 8.957000000e+03 
9.534000000e+03 8.528000000e+03 
9.196000000e+03 8.929000000e+03 
9.211000000e+03 8.867000000e+03 
9.099000000e+03 9.005000000e+03 
9.340000000e+03 8.728000000e+03 
9.716000000e+03 8.434000000e+03 
9.354000000e+03 8.687000000e+03 
9.735000000e+03 8.408000000e+03 
9.049000000e+03 9.131000000e+03 
9.354000000e+03 8.687000000e+03 
9.196000000e+03 8.929000000e+03 
9.877000000e+03 8.402000000e+03 
9.278000000e+03 8.732000000e+03 
9.534000000e+03 8.528000000e+03 
9.395000000e+03 8.585000000e+03 
9.715000000e+03 8.467000000e+03 
9.242000000e+03 8.815000000e+03 
9.197000000e+03 8.872000000e+03 
9.278000000e+03 8.732000000e+03 
9.534000000e+03 8.528000000e+03 
9.367000000e+03 8.636000000e+03 
9.253000000e+03 8.774000000e+03 
9.211000000e+03 8.867000000e+03 
9.446000000e+03 8.557000000e+03 
9.534000000e+03 8.528000000e+03 
9.242000000e+03 8.815000000e+03 
9.196000000e+03 8.929000000e+03 
9.344000000e+03 8.688000000e+03 

8.900000000e+03 8.824000000e+03 
8.900000000e+03 8.824000000e+03 
8.748000000e+03 8.980000000e+03 
8.938000000e+03 8.732000000e+03 
9.200000000e+03 8.420000000e+03 
8.900000000e+03 8.824000000e+03 
9.194000000e+03 8.421000000e+03 
9.133000000e+03 8.466000000e+03 
8.731000000e+03 9.065000000e+03 
8.900000000e+03 8.824000000e+03 
8.900000000e+03 8.824000000e+03 
8.900000000e+03 8.824000000e+03 
8.920000000e+03 8.744000000e+03 
8.900000000e+03 8.824000000e+03 
8.892000000e+03 8.841000000e+03 
8.900000000e+03 8.824000000e+03 
8.900000000e+03 8.824000000e+03 
8.792000000e+03 8.913000000e+03 
8.994000000e+03 8.628000000e+03 
8.961000000e+03 8.698000000e+03 
9.172000000e+03 8.437000000e+03 
8.900000000e+03 8.824000000e+03 
8.900000000e+03 8.824000000e+03 
8.900000000e+03 8.824000000e+03 
9.249000000e+03 8.376000000e+03 
8.900000000e+03 8.824000000e+03 
8.900000000e+03 8.824000000e+03 
9.103000000e+03 8.502000000e+03 
8.900000000e+03 8.824000000e+03 
8.961000000e+03 8.698000000e+03 
8.961000000e+03 8.698000000e+03 
8.961000000e+03 8.698000000e+03 
8.900000000e+03 8.824000000e+03 
9.147000000e+03 8.459000000e+03 
9.271000000e+03 8.354000000e+03 
9.249000000e+03 8.376000000e+03 
8.892000000e+03 8.841000000e+03 
9.504000000e+03 8.293000000e+03 
9.492000000e+03 8.332000000e+03 
8.892000000e+03 8.841000000e+03 
8.900000000e+03 8.824000000e+03 
8.900000000e+03 8.824000000e+03 
9.103000000e+03 8.502000000e+03 
9.174000000e+03 8.422000000e+03 
9.160000000e+03 8.454000000e+03 
9.103000000e+03 8.502000000e+03 
8.914000000e+03 8.787000000e+03 
9.023000000e+03 8.575000000e+03 
8.900000000e+03 8.824000000e+03 
9.194000000e+03 8.421000000e+03 
8.900000000e+03 8.824000000e+03 
9.010000000e+03 8.606000000e+03 
9.160000000e+03 8.454000000e+03 
9.103000000e+03 8.502000000e+03 
9.160000000e+03 8.454000000e+03 
8.938000000e+03 8.732000000e+03 
9.008000000e+03 8.619000000e+03 
8.731000000e+03 9.065000000e+03 
8.900000000e+03 8.824000000e+03 
8.900000000e+03 8.824000000e+03 
9.103000000e+03 8.502000000e+03 
8.792000000e+03 8.913000000e+03 
8.856000000e+03 8.847000000e+03 
8.961000000e+03 8.698000000e+03 
9.113000000e+03 8.495000000e+03 
9.271000000e+03 8.354000000e+03 
9.194000000e+03 8.421000000e+03 
9.103000000e+03 8.502000000e+03 
8.961000000e+03 8.698000000e+03 
9.160000000e+03 8.454000000e+03 
8.900000000e+03 8.824000000e+03 
9.029000000e+03 8.537000000e+03 
8.920000000e+03 8.744000000e+03 
9.053000000e+03 8.515000000e+03 
9.298000000e+03 8.351000000e+03 
8.900000000e+03 8.824000000e+03 
8.947000000e+03 8.727000000e+03 
9.220000000e+03 8.391000000e+03 
9.174000000e+03 8.422000000e+03 
9.492000000e+03 8.332000000e+03 
8.966000000e+03 8.637000000e+03 
9.174000000e+03 8.422000000e+03 
8.779000000e+03 8.940000000e+03 

