1.058600000e+04 1.028500000e+04 
1.033900000e+04 1.038600000e+04 
1.022400000e+04 1.056100000e+04 
1.022100000e+04 1.059900000e+04 
1.094000000e+04 1.013500000e+04 
1.069200000e+04 1.022800000e+04 
1.022400000e+04 1.056100000e+04 
1.024400000e+04 1.044300000e+04 
1.036400000e+04 1.038200000e+04 
1.105500000e+04 1.002200000e+04 
1.046100000e+04 1.031600000e+04 
1.021700000e+04 1.061500000e+04 
1.022100000e+04 1.059900000e+04 
1.090800000e+04 1.021900000e+04 

1.067200000e+04 1.049000000e+04 
1.046400000e+04 1.079900000e+04 
1.094500000e+04 1.046100000e+04 
1.050100000e+04 1.075400000e+04 
1.033900000e+04 1.081200000e+04 
1.028700000e+04 1.119200000e+04 
1.021900000e+04 1.129700000e+04 

1.095700000e+04 1.113300000e+04 
1.091200000e+04 1.117800000e+04 
1.149900000e+04 1.075700000e+04 
1.142500000e+04 1.089800000e+04 
1.142500000e+04 1.089800000e+04 
1.143100000e+04 1.088000000e+04 
1.144300000e+04 1.087700000e+04 
1.142500000e+04 1.089800000e+04 
1.063100000e+04 1.124400000e+04 
1.145200000e+04 1.080300000e+04 
1.120900000e+04 1.092500000e+04 
1.152700000e+04 1.075300000e+04 
1.105900000e+04 1.105000000e+04 
1.098900000e+04 1.112900000e+04 
1.104400000e+04 1.109500000e+04 
1.147900000e+04 1.076200000e+04 

1.103500000e+04 1.094800000e+04 
1.095000000e+04 1.097100000e+04 
1.109300000e+04 1.090200000e+04 
1.144900000e+04 1.074500000e+04 
1.158200000e+04 1.067500000e+04 
1.111900000e+04 1.081100000e+04 

1.087500000e+04 9.734000000e+03 
1.091400000e+04 9.725000000e+03 
1.067200000e+04 1.007400000e+04 
1.066900000e+04 1.009300000e+04 
1.130800000e+04 9.609000000e+03 
1.100500000e+04 9.639000000e+03 
1.151400000e+04 9.582000000e+03 
1.075100000e+04 9.974000000e+03 
1.059000000e+04 1.020200000e+04 
1.082700000e+04 9.963000000e+03 
1.069500000e+04 1.004900000e+04 
1.138700000e+04 9.584000000e+03 

1.030300000e+04 1.070400000e+04 
1.028800000e+04 1.074800000e+04 
1.044900000e+04 1.016400000e+04 
1.041500000e+04 1.028100000e+04 
1.032400000e+04 1.063200000e+04 
1.038600000e+04 1.052500000e+04 

1.044200000e+04 1.125600000e+04 
1.060000000e+04 1.094000000e+04 
1.094800000e+04 1.045400000e+04 
1.118100000e+04 1.045000000e+04 
1.046300000e+04 1.097600000e+04 
1.032800000e+04 1.167000000e+04 
1.058500000e+04 1.095600000e+04 
1.124800000e+04 1.042900000e+04 
1.120500000e+04 1.044600000e+04 
1.063600000e+04 1.068500000e+04 
1.037800000e+04 1.160800000e+04 
1.069300000e+04 1.049400000e+04 
1.046300000e+04 1.097600000e+04 
1.126900000e+04 1.042600000e+04 
1.058500000e+04 1.095600000e+04 

1.040000000e+04 1.109600000e+04 
1.135600000e+04 1.065900000e+04 
1.088100000e+04 1.078900000e+04 
1.045800000e+04 1.090800000e+04 
1.116400000e+04 1.069300000e+04 
1.035000000e+04 1.126700000e+04 
1.038000000e+04 1.119000000e+04 
1.050000000e+04 1.080600000e+04 

1.099900000e+04 1.050100000e+04 
1.076900000e+04 1.087500000e+04 
1.106400000e+04 1.048300000e+04 
1.122600000e+04 1.031000000e+04 
1.082500000e+04 1.064300000e+04 

1.101000000e+04 1.008000000e+04 
1.067100000e+04 1.012900000e+04 
1.038700000e+04 1.052900000e+04 
1.033300000e+04 1.057300000e+04 
1.089700000e+04 1.008400000e+04 
1.037300000e+04 1.056100000e+04 
1.051500000e+04 1.038700000e+04 
1.044800000e+04 1.043400000e+04 
1.033300000e+04 1.057300000e+04 
1.052800000e+04 1.036700000e+04 

1.110500000e+04 1.067100000e+04 
1.150400000e+04 1.057100000e+04 
1.192200000e+04 1.049500000e+04 
1.092600000e+04 1.115000000e+04 
1.104900000e+04 1.100200000e+04 
1.141900000e+04 1.063900000e+04 
1.099100000e+04 1.109200000e+04 
1.080800000e+04 1.123100000e+04 
1.075500000e+04 1.132700000e+04 
1.138000000e+04 1.066400000e+04 
1.186600000e+04 1.056400000e+04 

1.025200000e+04 1.081300000e+04 
1.048900000e+04 1.068900000e+04 
1.040200000e+04 1.074400000e+04 
1.001200000e+04 1.125800000e+04 
1.042900000e+04 1.073000000e+04 
1.010400000e+04 1.107100000e+04 
1.019200000e+04 1.106700000e+04 
1.070400000e+04 1.061500000e+04 
1.080100000e+04 1.054300000e+04 
1.078600000e+04 1.059000000e+04 
1.019200000e+04 1.106700000e+04 

1.071000000e+04 1.046300000e+04 
1.050900000e+04 1.051000000e+04 
1.080100000e+04 1.044500000e+04 
1.088100000e+04 1.033800000e+04 

1.007000000e+04 1.120800000e+04 
9.899000000e+03 1.154700000e+04 
9.937000000e+03 1.126700000e+04 
1.023500000e+04 1.104400000e+04 
1.030800000e+04 1.094600000e+04 
9.801000000e+03 1.181700000e+04 
9.795000000e+03 1.220800000e+04 
1.018300000e+04 1.116200000e+04 
9.880000000e+03 1.165200000e+04 
9.864000000e+03 1.178000000e+04 
9.870000000e+03 1.172100000e+04 

1.063300000e+04 1.063900000e+04 
1.041500000e+04 1.099700000e+04 
1.079900000e+04 1.061700000e+04 
1.087700000e+04 1.052000000e+04 
1.080200000e+04 1.059700000e+04 
1.049900000e+04 1.083500000e+04 
1.043800000e+04 1.084500000e+04 
1.105800000e+04 1.035100000e+04 
1.090300000e+04 1.047800000e+04 

1.088600000e+04 1.121200000e+04 
1.092400000e+04 1.118400000e+04 
1.113300000e+04 1.099200000e+04 
1.107300000e+04 1.099600000e+04 
1.129400000e+04 1.084800000e+04 
1.158900000e+04 1.075000000e+04 
1.126100000e+04 1.097000000e+04 
1.154000000e+04 1.077800000e+04 
1.113300000e+04 1.099200000e+04 
1.098400000e+04 1.107400000e+04 

1.069700000e+04 1.101000000e+04 
1.098200000e+04 1.087800000e+04 
1.088600000e+04 1.091300000e+04 
1.035100000e+04 1.141600000e+04 
1.058000000e+04 1.107600000e+04 
1.036800000e+04 1.108900000e+04 
1.098200000e+04 1.087800000e+04 
1.075000000e+04 1.091800000e+04 

1.017600000e+04 1.052800000e+04 
1.032000000e+04 1.040200000e+04 
1.014700000e+04 1.059000000e+04 
1.055100000e+04 1.009900000e+04 
1.032900000e+04 1.033300000e+04 
1.035100000e+04 1.031100000e+04 
1.026900000e+04 1.050200000e+04 
1.082600000e+04 1.001600000e+04 
1.080900000e+04 1.009300000e+04 
1.038100000e+04 1.010000000e+04 

1.104800000e+04 1.127700000e+04 
1.043800000e+04 1.155300000e+04 
1.074600000e+04 1.142700000e+04 
1.078300000e+04 1.140600000e+04 
1.099800000e+04 1.134100000e+04 
1.072500000e+04 1.149700000e+04 
1.125500000e+04 1.124600000e+04 
1.088500000e+04 1.136500000e+04 
1.134400000e+04 1.118200000e+04 

1.065700000e+04 1.098400000e+04 
1.041900000e+04 1.199000000e+04 
1.047700000e+04 1.197400000e+04 
1.050900000e+04 1.107700000e+04 
1.033100000e+04 1.218200000e+04 
1.041900000e+04 1.199000000e+04 
1.048600000e+04 1.163700000e+04 
1.075200000e+04 1.095600000e+04 
1.039100000e+04 1.207900000e+04 

1.144600000e+04 1.083700000e+04 
1.144000000e+04 1.086200000e+04 
1.207700000e+04 1.020900000e+04 
1.139500000e+04 1.091900000e+04 
1.156600000e+04 1.040700000e+04 
1.134300000e+04 1.099100000e+04 
1.129100000e+04 1.117400000e+04 
1.206300000e+04 1.028100000e+04 
1.141600000e+04 1.089500000e+04 
1.141600000e+04 1.089500000e+04 
1.150000000e+04 1.081200000e+04 
1.152100000e+04 1.073600000e+04 
1.182000000e+04 1.031600000e+04 
1.155700000e+04 1.060800000e+04 
1.137500000e+04 1.098600000e+04 
1.146000000e+04 1.081600000e+04 
1.194900000e+04 1.030100000e+04 

1.082400000e+04 1.041600000e+04 
1.075700000e+04 1.117200000e+04 
1.071500000e+04 1.140800000e+04 
1.104500000e+04 1.013500000e+04 
1.093900000e+04 1.033200000e+04 
1.076100000e+04 1.092800000e+04 

1.094400000e+04 9.987000000e+03 
1.061800000e+04 1.102600000e+04 
1.062900000e+04 1.074000000e+04 
1.115600000e+04 9.981000000e+03 
1.083800000e+04 1.027800000e+04 
1.072800000e+04 1.030600000e+04 
1.077300000e+04 1.028200000e+04 
1.066300000e+04 1.036300000e+04 

1.018200000e+04 1.148000000e+04 
1.051400000e+04 1.095500000e+04 
1.025400000e+04 1.123700000e+04 
1.025300000e+04 1.126500000e+04 
1.020700000e+04 1.132300000e+04 
1.081500000e+04 1.063100000e+04 
1.009600000e+04 1.152500000e+04 
1.051500000e+04 1.079200000e+04 
1.020000000e+04 1.136700000e+04 
1.060300000e+04 1.065300000e+04 
1.028500000e+04 1.095700000e+04 

1.115600000e+04 1.116700000e+04 
1.115700000e+04 1.095500000e+04 
1.123200000e+04 1.055700000e+04 
1.118700000e+04 1.074500000e+04 
1.117000000e+04 1.078300000e+04 

1.037600000e+04 1.139700000e+04 
1.048800000e+04 1.127300000e+04 
1.072400000e+04 1.096400000e+04 
1.074800000e+04 1.094400000e+04 
1.071100000e+04 1.100900000e+04 
1.050200000e+04 1.117100000e+04 
1.033800000e+04 1.140100000e+04 
1.038600000e+04 1.136600000e+04 
1.044100000e+04 1.127600000e+04 
1.067500000e+04 1.102100000e+04 
1.065300000e+04 1.106900000e+04 
1.056700000e+04 1.109600000e+04 
1.087700000e+04 1.090500000e+04 

1.064300000e+04 1.119400000e+04 
1.078000000e+04 1.066300000e+04 
1.069900000e+04 1.078900000e+04 
1.100200000e+04 1.065000000e+04 
1.119200000e+04 1.057900000e+04 
1.061800000e+04 1.119600000e+04 
1.065000000e+04 1.086700000e+04 

1.051800000e+04 1.097800000e+04 
1.064500000e+04 1.058100000e+04 
1.060100000e+04 1.059100000e+04 
1.051200000e+04 1.102400000e+04 
1.101000000e+04 1.026500000e+04 
1.049200000e+04 1.103800000e+04 
1.054900000e+04 1.071200000e+04 
1.139300000e+04 1.022000000e+04 
1.059000000e+04 1.066400000e+04 
1.052100000e+04 1.076600000e+04 
1.066000000e+04 1.038100000e+04 

1.083800000e+04 1.048200000e+04 
1.085400000e+04 1.048000000e+04 
1.085400000e+04 1.048000000e+04 
1.121300000e+04 1.021500000e+04 
1.080600000e+04 1.051300000e+04 
1.079500000e+04 1.146800000e+04 
1.079900000e+04 1.135900000e+04 
1.095000000e+04 1.045300000e+04 
1.101800000e+04 1.042600000e+04 
1.117600000e+04 1.026300000e+04 
1.106500000e+04 1.030000000e+04 

1.113300000e+04 1.017500000e+04 
1.067800000e+04 1.045800000e+04 
1.110400000e+04 1.019200000e+04 
1.106500000e+04 1.026000000e+04 
1.078400000e+04 1.030200000e+04 
1.106400000e+04 1.026700000e+04 
1.110400000e+04 1.019200000e+04 

