1.017800000e+04 9.374000000e+03 
9.499000000e+03 9.675000000e+03 
9.480000000e+03 9.755000000e+03 
9.502000000e+03 9.599000000e+03 
9.761000000e+03 9.399000000e+03 
9.708000000e+03 9.565000000e+03 
1.017500000e+04 9.398000000e+03 
9.455000000e+03 9.853000000e+03 
9.722000000e+03 9.494000000e+03 
9.367000000e+03 1.004700000e+04 
9.374000000e+03 1.004000000e+04 
9.306000000e+03 1.015900000e+04 
9.378000000e+03 9.986000000e+03 
9.337000000e+03 1.008900000e+04 
9.380000000e+03 9.964000000e+03 
9.460000000e+03 9.777000000e+03 
9.486000000e+03 9.752000000e+03 
9.746000000e+03 9.469000000e+03 
9.712000000e+03 9.509000000e+03 

9.633000000e+03 1.001600000e+04 
1.039600000e+04 9.759000000e+03 
9.646000000e+03 9.992000000e+03 
9.666000000e+03 9.943000000e+03 
9.648000000e+03 9.945000000e+03 
9.536000000e+03 1.018700000e+04 
1.034000000e+04 9.789000000e+03 
9.725000000e+03 9.917000000e+03 
9.544000000e+03 1.004900000e+04 
9.683000000e+03 9.923000000e+03 
9.536000000e+03 1.018700000e+04 
9.434000000e+03 1.049900000e+04 
9.443000000e+03 1.029000000e+04 
9.536000000e+03 1.018700000e+04 
9.599000000e+03 1.003100000e+04 
9.810000000e+03 9.905000000e+03 
9.438000000e+03 1.035500000e+04 
9.508000000e+03 1.023300000e+04 
1.000500000e+04 9.843000000e+03 
1.010400000e+04 9.800000000e+03 

9.977000000e+03 1.010100000e+04 
9.841000000e+03 1.037200000e+04 
1.021600000e+04 1.004600000e+04 
9.809000000e+03 1.063500000e+04 
9.857000000e+03 1.026700000e+04 
9.960000000e+03 1.015100000e+04 
1.026600000e+04 1.004500000e+04 
9.901000000e+03 1.020800000e+04 
1.026600000e+04 1.004500000e+04 
9.955000000e+03 1.020700000e+04 
1.028200000e+04 9.940000000e+03 

1.124100000e+04 9.895000000e+03 
1.021300000e+04 1.081000000e+04 
1.043100000e+04 1.034800000e+04 
1.063800000e+04 1.008300000e+04 
1.102000000e+04 9.995000000e+03 
1.086100000e+04 1.003900000e+04 
1.035200000e+04 1.038600000e+04 
1.111100000e+04 9.959000000e+03 
1.117600000e+04 9.925000000e+03 
1.057200000e+04 1.011900000e+04 
1.104300000e+04 9.968000000e+03 
1.087900000e+04 9.998000000e+03 
1.052200000e+04 1.015100000e+04 
1.102800000e+04 9.976000000e+03 
1.068600000e+04 1.005300000e+04 
1.026100000e+04 1.059700000e+04 
1.022000000e+04 1.067000000e+04 
1.068600000e+04 1.005300000e+04 
1.044500000e+04 1.023700000e+04 
1.015700000e+04 1.092800000e+04 

1.008100000e+04 8.998000000e+03 
1.011900000e+04 8.941000000e+03 
1.012600000e+04 8.936000000e+03 
1.009100000e+04 8.947000000e+03 
9.998000000e+03 9.517000000e+03 
1.032900000e+04 8.760000000e+03 
1.022000000e+04 8.815000000e+03 
1.009100000e+04 8.947000000e+03 
1.019700000e+04 8.884000000e+03 
1.009100000e+04 8.947000000e+03 
1.004600000e+04 9.006000000e+03 
1.031800000e+04 8.779000000e+03 
1.001900000e+04 9.080000000e+03 
9.937000000e+03 9.626000000e+03 
1.022000000e+04 8.815000000e+03 
9.932000000e+03 9.697000000e+03 
1.036000000e+04 8.721000000e+03 
1.002900000e+04 9.068000000e+03 
1.016000000e+04 8.922000000e+03 
9.972000000e+03 9.625000000e+03 

9.511000000e+03 9.507000000e+03 
9.244000000e+03 1.006900000e+04 
9.253000000e+03 9.976000000e+03 
9.790000000e+03 9.445000000e+03 
9.253000000e+03 9.976000000e+03 
9.614000000e+03 9.449000000e+03 
9.418000000e+03 9.633000000e+03 
9.273000000e+03 9.923000000e+03 
9.303000000e+03 9.838000000e+03 
9.294000000e+03 9.920000000e+03 
9.397000000e+03 9.769000000e+03 
9.506000000e+03 9.560000000e+03 

1.003700000e+04 9.918000000e+03 
1.026900000e+04 9.782000000e+03 
9.911000000e+03 9.964000000e+03 
9.587000000e+03 1.029700000e+04 
9.519000000e+03 1.051600000e+04 
1.017300000e+04 9.790000000e+03 
9.756000000e+03 1.008700000e+04 
1.043300000e+04 9.749000000e+03 
1.055600000e+04 9.689000000e+03 
1.054800000e+04 9.724000000e+03 
9.551000000e+03 1.035400000e+04 
1.043300000e+04 9.749000000e+03 
1.042300000e+04 9.759000000e+03 
9.903000000e+03 1.004200000e+04 
1.043400000e+04 9.732000000e+03 
1.015000000e+04 9.856000000e+03 
1.000200000e+04 9.929000000e+03 
9.665000000e+03 1.009500000e+04 

9.267000000e+03 1.063900000e+04 
9.397000000e+03 1.013900000e+04 
9.980000000e+03 9.810000000e+03 
9.802000000e+03 9.819000000e+03 
9.666000000e+03 9.963000000e+03 
9.770000000e+03 9.953000000e+03 

9.841000000e+03 1.005800000e+04 
9.993000000e+03 9.907000000e+03 
1.022200000e+04 9.642000000e+03 
1.022200000e+04 9.642000000e+03 
1.028200000e+04 9.590000000e+03 
1.012600000e+04 9.714000000e+03 
1.010300000e+04 9.778000000e+03 
1.000700000e+04 9.853000000e+03 
1.006600000e+04 9.821000000e+03 
1.017800000e+04 9.658000000e+03 
9.789000000e+03 1.017700000e+04 
9.882000000e+03 9.935000000e+03 
1.011300000e+04 9.772000000e+03 

1.044400000e+04 9.298000000e+03 
9.656000000e+03 9.842000000e+03 
9.547000000e+03 1.004100000e+04 
9.516000000e+03 1.008800000e+04 
9.861000000e+03 9.488000000e+03 
9.583000000e+03 9.918000000e+03 
9.663000000e+03 9.834000000e+03 
9.715000000e+03 9.719000000e+03 
9.561000000e+03 1.001800000e+04 
9.597000000e+03 9.879000000e+03 
9.729000000e+03 9.711000000e+03 
1.002500000e+04 9.311000000e+03 
9.868000000e+03 9.460000000e+03 
9.955000000e+03 9.357000000e+03 
9.663000000e+03 9.834000000e+03 
1.050000000e+04 9.272000000e+03 
1.038600000e+04 9.305000000e+03 
1.053000000e+04 9.212000000e+03 
9.679000000e+03 9.825000000e+03 
9.768000000e+03 9.704000000e+03 
9.885000000e+03 9.455000000e+03 
9.683000000e+03 9.748000000e+03 
9.803000000e+03 9.545000000e+03 
9.828000000e+03 9.528000000e+03 
9.840000000e+03 9.512000000e+03 
9.946000000e+03 9.436000000e+03 

1.021100000e+04 1.029100000e+04 
1.068800000e+04 9.926000000e+03 
1.077800000e+04 9.834000000e+03 
1.016100000e+04 1.034300000e+04 
1.069700000e+04 9.868000000e+03 
1.026200000e+04 1.013100000e+04 
1.080600000e+04 9.787000000e+03 
1.024100000e+04 1.017500000e+04 
1.030200000e+04 1.003500000e+04 
1.109900000e+04 9.782000000e+03 
1.018600000e+04 1.033700000e+04 
1.023900000e+04 1.026400000e+04 
1.047900000e+04 9.946000000e+03 
1.046800000e+04 9.972000000e+03 

9.666000000e+03 1.006500000e+04 
9.379000000e+03 1.033700000e+04 
9.556000000e+03 1.011600000e+04 
9.836000000e+03 9.883000000e+03 
9.980000000e+03 9.853000000e+03 
9.622000000e+03 1.007400000e+04 
9.352000000e+03 1.048000000e+04 
9.526000000e+03 1.016200000e+04 
9.583000000e+03 1.008400000e+04 
9.296000000e+03 1.052900000e+04 
9.622000000e+03 1.007400000e+04 
9.761000000e+03 9.945000000e+03 
9.469000000e+03 1.029600000e+04 

1.020700000e+04 9.486000000e+03 
9.689000000e+03 9.856000000e+03 
9.786000000e+03 9.709000000e+03 
9.700000000e+03 9.731000000e+03 
9.782000000e+03 9.728000000e+03 
1.019300000e+04 9.524000000e+03 
1.020700000e+04 9.486000000e+03 
9.559000000e+03 9.948000000e+03 
9.915000000e+03 9.560000000e+03 
9.842000000e+03 9.685000000e+03 
9.651000000e+03 9.885000000e+03 
9.893000000e+03 9.680000000e+03 
9.597000000e+03 9.925000000e+03 
9.692000000e+03 9.738000000e+03 
9.541000000e+03 1.005800000e+04 
9.583000000e+03 9.929000000e+03 

9.322000000e+03 1.027100000e+04 
9.117000000e+03 1.046800000e+04 
9.017000000e+03 1.052300000e+04 
9.089000000e+03 1.052000000e+04 
9.495000000e+03 1.018700000e+04 
9.097000000e+03 1.046900000e+04 
9.482000000e+03 1.026300000e+04 
1.014300000e+04 1.017800000e+04 
9.162000000e+03 1.041000000e+04 
9.245000000e+03 1.037500000e+04 

9.767000000e+03 9.986000000e+03 
9.800000000e+03 9.854000000e+03 
9.714000000e+03 1.006800000e+04 
9.800000000e+03 9.854000000e+03 
9.771000000e+03 9.901000000e+03 
9.782000000e+03 9.900000000e+03 
9.880000000e+03 9.764000000e+03 
9.889000000e+03 9.759000000e+03 
9.806000000e+03 9.806000000e+03 
1.003500000e+04 9.505000000e+03 
9.941000000e+03 9.699000000e+03 
9.739000000e+03 1.003200000e+04 
9.763000000e+03 1.002600000e+04 
9.987000000e+03 9.603000000e+03 
9.714000000e+03 1.006800000e+04 

1.052100000e+04 1.005400000e+04 
1.037500000e+04 1.015400000e+04 
1.040200000e+04 1.006000000e+04 
1.052400000e+04 9.949000000e+03 
1.056500000e+04 9.891000000e+03 
1.023400000e+04 1.029900000e+04 
1.061600000e+04 9.845000000e+03 
1.091000000e+04 9.827000000e+03 
1.055100000e+04 9.922000000e+03 
1.031400000e+04 1.015600000e+04 

9.424000000e+03 1.070200000e+04 
9.398000000e+03 1.077200000e+04 
9.644000000e+03 1.033900000e+04 
1.007800000e+04 1.017700000e+04 
9.562000000e+03 1.050300000e+04 
9.562000000e+03 1.050300000e+04 
9.385000000e+03 1.079400000e+04 
9.449000000e+03 1.066300000e+04 
1.025200000e+04 1.016100000e+04 
9.438000000e+03 1.069800000e+04 
9.518000000e+03 1.053000000e+04 
9.474000000e+03 1.060700000e+04 
9.908000000e+03 1.024700000e+04 
9.424000000e+03 1.070200000e+04 
1.000600000e+04 1.019700000e+04 
1.027800000e+04 1.014500000e+04 
9.464000000e+03 1.062900000e+04 

9.391000000e+03 9.464000000e+03 
9.371000000e+03 9.573000000e+03 
9.629000000e+03 9.168000000e+03 
9.395000000e+03 9.315000000e+03 
9.717000000e+03 9.103000000e+03 

9.752000000e+03 1.053700000e+04 
9.694000000e+03 1.055600000e+04 
9.865000000e+03 1.036900000e+04 
9.836000000e+03 1.041700000e+04 
9.819000000e+03 1.046700000e+04 
9.804000000e+03 1.047200000e+04 
9.758000000e+03 1.047800000e+04 
9.686000000e+03 1.059300000e+04 
9.653000000e+03 1.070400000e+04 
9.819000000e+03 1.046700000e+04 
9.887000000e+03 1.036300000e+04 
9.968000000e+03 1.034200000e+04 
1.005500000e+04 1.023500000e+04 
9.859000000e+03 1.041600000e+04 
1.003400000e+04 1.028800000e+04 

9.727000000e+03 1.055600000e+04 
9.599000000e+03 1.078600000e+04 
1.006800000e+04 1.018800000e+04 
9.575000000e+03 1.093400000e+04 
9.890000000e+03 1.029400000e+04 
9.618000000e+03 1.076300000e+04 
9.660000000e+03 1.073200000e+04 
9.861000000e+03 1.032100000e+04 
9.834000000e+03 1.032800000e+04 
9.821000000e+03 1.042200000e+04 
9.660000000e+03 1.073200000e+04 
1.009400000e+04 1.012900000e+04 
9.739000000e+03 1.046500000e+04 
9.940000000e+03 1.022300000e+04 

1.041200000e+04 9.982000000e+03 
1.075800000e+04 9.605000000e+03 
1.067800000e+04 9.661000000e+03 
1.092100000e+04 9.509000000e+03 
1.089600000e+04 9.510000000e+03 
1.041200000e+04 9.982000000e+03 
1.064400000e+04 9.681000000e+03 
1.083200000e+04 9.525000000e+03 
1.063100000e+04 9.682000000e+03 
1.049300000e+04 9.729000000e+03 
1.052800000e+04 9.686000000e+03 
1.047800000e+04 9.793000000e+03 
1.048400000e+04 9.763000000e+03 
1.055100000e+04 9.685000000e+03 
1.041200000e+04 9.982000000e+03 
1.046900000e+04 9.895000000e+03 

1.024200000e+04 9.658000000e+03 
1.016900000e+04 9.660000000e+03 
1.080700000e+04 9.471000000e+03 
9.993000000e+03 9.815000000e+03 
1.012800000e+04 9.676000000e+03 
1.031300000e+04 9.589000000e+03 
1.026900000e+04 9.651000000e+03 
1.051500000e+04 9.520000000e+03 
1.084300000e+04 9.443000000e+03 
1.079300000e+04 9.486000000e+03 
9.787000000e+03 1.005600000e+04 
1.081400000e+04 9.462000000e+03 
1.011200000e+04 9.804000000e+03 
1.044800000e+04 9.583000000e+03 
9.774000000e+03 1.023200000e+04 
9.963000000e+03 9.895000000e+03 
1.079300000e+04 9.486000000e+03 
9.942000000e+03 9.925000000e+03 
1.058700000e+04 9.516000000e+03 
1.085700000e+04 9.438000000e+03 
1.027500000e+04 9.627000000e+03 
1.026900000e+04 9.651000000e+03 
9.924000000e+03 1.001700000e+04 
1.072000000e+04 9.487000000e+03 
1.011600000e+04 9.750000000e+03 
1.085700000e+04 9.438000000e+03 

1.004900000e+04 9.378000000e+03 
9.766000000e+03 9.986000000e+03 
9.821000000e+03 9.732000000e+03 
9.852000000e+03 9.594000000e+03 
1.046600000e+04 9.254000000e+03 
9.863000000e+03 9.449000000e+03 
1.040200000e+04 9.263000000e+03 
9.821000000e+03 9.732000000e+03 
1.027100000e+04 9.272000000e+03 
1.016900000e+04 9.369000000e+03 
9.754000000e+03 1.015200000e+04 
9.818000000e+03 9.755000000e+03 
1.000200000e+04 9.448000000e+03 

9.469000000e+03 1.046700000e+04 
9.719000000e+03 1.012000000e+04 
9.611000000e+03 1.013800000e+04 
9.850000000e+03 9.987000000e+03 
9.569000000e+03 1.017800000e+04 
1.021500000e+04 9.800000000e+03 
9.469000000e+03 1.046700000e+04 
1.014200000e+04 9.889000000e+03 
9.743000000e+03 1.001400000e+04 
1.015300000e+04 9.844000000e+03 
9.863000000e+03 9.941000000e+03 
9.517000000e+03 1.031500000e+04 
9.519000000e+03 1.027700000e+04 
9.723000000e+03 1.005100000e+04 
9.814000000e+03 1.001000000e+04 
1.014000000e+04 9.926000000e+03 

1.032600000e+04 9.670000000e+03 
1.017100000e+04 9.727000000e+03 
1.029100000e+04 9.708000000e+03 
1.019400000e+04 9.719000000e+03 
1.004100000e+04 1.002500000e+04 
1.031600000e+04 9.683000000e+03 
1.008600000e+04 9.839000000e+03 

9.737000000e+03 1.027400000e+04 
9.905000000e+03 1.022900000e+04 
9.472000000e+03 1.057300000e+04 
9.659000000e+03 1.043200000e+04 
9.910000000e+03 1.016300000e+04 
9.662000000e+03 1.037200000e+04 
9.651000000e+03 1.050400000e+04 
1.012400000e+04 1.002800000e+04 
9.794000000e+03 1.025000000e+04 
9.517000000e+03 1.053700000e+04 

9.925000000e+03 1.009000000e+04 
9.988000000e+03 9.928000000e+03 
9.964000000e+03 1.005200000e+04 
9.925000000e+03 1.009000000e+04 
9.925000000e+03 1.009000000e+04 
9.868000000e+03 1.013400000e+04 
1.007300000e+04 9.828000000e+03 
9.973000000e+03 1.001700000e+04 
1.030000000e+04 9.809000000e+03 
9.890000000e+03 1.012300000e+04 
9.901000000e+03 1.011000000e+04 

9.972000000e+03 9.390000000e+03 
9.572000000e+03 9.580000000e+03 
9.527000000e+03 9.672000000e+03 
9.714000000e+03 9.506000000e+03 
9.589000000e+03 9.551000000e+03 
9.817000000e+03 9.448000000e+03 
9.437000000e+03 9.779000000e+03 
9.590000000e+03 9.508000000e+03 
9.525000000e+03 9.727000000e+03 
9.830000000e+03 9.442000000e+03 
9.772000000e+03 9.468000000e+03 
9.568000000e+03 9.603000000e+03 
9.817000000e+03 9.448000000e+03 
9.903000000e+03 9.426000000e+03 

1.021400000e+04 9.587000000e+03 
1.031800000e+04 9.479000000e+03 
1.014500000e+04 9.620000000e+03 
9.961000000e+03 9.858000000e+03 
1.018700000e+04 9.597000000e+03 
9.990000000e+03 9.804000000e+03 
1.009800000e+04 9.641000000e+03 
1.051400000e+04 9.209000000e+03 
1.036500000e+04 9.448000000e+03 
1.017500000e+04 9.608000000e+03 
1.023400000e+04 9.483000000e+03 
1.051400000e+04 9.209000000e+03 
1.002600000e+04 9.655000000e+03 
1.021700000e+04 9.571000000e+03 
1.017500000e+04 9.608000000e+03 
1.038700000e+04 9.290000000e+03 
9.960000000e+03 9.986000000e+03 
1.043000000e+04 9.223000000e+03 

1.011300000e+04 9.486000000e+03 
1.012300000e+04 9.481000000e+03 
1.001700000e+04 9.522000000e+03 
9.998000000e+03 9.532000000e+03 
1.037900000e+04 9.465000000e+03 
1.043400000e+04 9.415000000e+03 
1.010000000e+04 9.519000000e+03 
1.039800000e+04 9.457000000e+03 
1.030300000e+04 9.478000000e+03 
1.011300000e+04 9.486000000e+03 
9.854000000e+03 9.544000000e+03 
1.010000000e+04 9.519000000e+03 
1.024000000e+04 9.479000000e+03 

