1.006300000e+04 9.589000000e+03 
1.012400000e+04 9.528000000e+03 
9.765000000e+03 9.797000000e+03 
1.008800000e+04 9.551000000e+03 
9.877000000e+03 9.694000000e+03 
9.666000000e+03 1.013900000e+04 
1.012400000e+04 9.528000000e+03 
1.001600000e+04 9.641000000e+03 
9.661000000e+03 1.015000000e+04 
9.643000000e+03 1.023300000e+04 
1.013000000e+04 9.519000000e+03 
9.719000000e+03 9.957000000e+03 
1.008200000e+04 9.565000000e+03 

9.782000000e+03 1.027000000e+04 
9.684000000e+03 1.046100000e+04 
9.667000000e+03 1.059000000e+04 
9.859000000e+03 1.018700000e+04 
9.629000000e+03 1.060400000e+04 
9.556000000e+03 1.076100000e+04 
9.629000000e+03 1.060400000e+04 
1.019600000e+04 1.013700000e+04 
1.034700000e+04 1.001500000e+04 
9.816000000e+03 1.022900000e+04 
9.675000000e+03 1.047700000e+04 
1.062100000e+04 9.971000000e+03 

1.065000000e+04 1.021500000e+04 
1.063000000e+04 1.026100000e+04 
1.018800000e+04 1.055300000e+04 
1.009800000e+04 1.063800000e+04 
1.018900000e+04 1.054500000e+04 
1.050100000e+04 1.032600000e+04 
1.018200000e+04 1.061300000e+04 
1.006500000e+04 1.077000000e+04 
1.062100000e+04 1.028800000e+04 
1.032900000e+04 1.037200000e+04 
1.083400000e+04 1.011700000e+04 
1.020700000e+04 1.040600000e+04 
1.057800000e+04 1.029100000e+04 
1.048400000e+04 1.037000000e+04 

1.060800000e+04 1.042000000e+04 
1.095400000e+04 1.021600000e+04 
1.049000000e+04 1.063700000e+04 
1.028600000e+04 1.080500000e+04 
1.043400000e+04 1.076400000e+04 
1.084200000e+04 1.039000000e+04 
1.056400000e+04 1.059900000e+04 
1.116600000e+04 1.011200000e+04 
1.049900000e+04 1.063100000e+04 
1.080200000e+04 1.039600000e+04 
1.056800000e+04 1.043100000e+04 
1.087300000e+04 1.030200000e+04 

1.061000000e+04 9.047000000e+03 
1.034700000e+04 9.370000000e+03 
1.023800000e+04 9.733000000e+03 
1.042000000e+04 9.247000000e+03 
1.051400000e+04 9.214000000e+03 
1.056400000e+04 9.120000000e+03 
1.038700000e+04 9.357000000e+03 
1.052700000e+04 9.195000000e+03 
1.039200000e+04 9.307000000e+03 
1.021500000e+04 1.012500000e+04 
1.042100000e+04 9.219000000e+03 
1.061000000e+04 9.047000000e+03 
1.023300000e+04 9.984000000e+03 
1.081900000e+04 9.001000000e+03 
1.039300000e+04 9.274000000e+03 
1.042000000e+04 9.247000000e+03 
1.061000000e+04 9.047000000e+03 
1.055200000e+04 9.121000000e+03 
1.040700000e+04 9.263000000e+03 
1.061000000e+04 9.047000000e+03 
1.024400000e+04 9.371000000e+03 
1.035000000e+04 9.365000000e+03 

9.951000000e+03 9.606000000e+03 
9.731000000e+03 9.857000000e+03 
9.569000000e+03 1.003100000e+04 
9.479000000e+03 1.023400000e+04 
1.014500000e+04 9.593000000e+03 
9.728000000e+03 9.951000000e+03 
9.496000000e+03 1.022100000e+04 
9.852000000e+03 9.831000000e+03 
9.922000000e+03 9.625000000e+03 
9.648000000e+03 9.968000000e+03 
9.872000000e+03 9.656000000e+03 

9.908000000e+03 1.085800000e+04 
1.029700000e+04 1.018000000e+04 
9.930000000e+03 1.048300000e+04 
1.009800000e+04 1.036300000e+04 
1.011200000e+04 1.029200000e+04 
9.903000000e+03 1.096900000e+04 
1.035500000e+04 1.012200000e+04 
1.026400000e+04 1.023300000e+04 
1.014800000e+04 1.024000000e+04 
1.043800000e+04 1.010300000e+04 
1.061100000e+04 1.007100000e+04 
9.981000000e+03 1.042700000e+04 
1.063400000e+04 9.910000000e+03 
9.908000000e+03 1.085800000e+04 
9.919000000e+03 1.054600000e+04 
9.903000000e+03 1.096900000e+04 
1.049600000e+04 1.007500000e+04 
1.040700000e+04 1.010800000e+04 

9.785000000e+03 1.087600000e+04 
1.003100000e+04 1.044700000e+04 
9.978000000e+03 1.052000000e+04 
1.016400000e+04 1.016900000e+04 
9.746000000e+03 1.091700000e+04 
9.785000000e+03 1.087600000e+04 
9.746000000e+03 1.091700000e+04 
9.665000000e+03 1.098300000e+04 
1.000900000e+04 1.049400000e+04 
9.834000000e+03 1.055700000e+04 
1.019600000e+04 1.011100000e+04 
1.012000000e+04 1.021800000e+04 
1.016400000e+04 1.016900000e+04 
1.003800000e+04 1.026100000e+04 
1.042400000e+04 1.005100000e+04 

1.084400000e+04 9.875000000e+03 
1.020800000e+04 1.018200000e+04 
1.018900000e+04 1.047200000e+04 
1.021000000e+04 1.011600000e+04 
1.051800000e+04 9.961000000e+03 
1.066900000e+04 9.897000000e+03 
1.038500000e+04 1.001600000e+04 
1.060800000e+04 9.936000000e+03 
1.089500000e+04 9.837000000e+03 
1.032500000e+04 1.004200000e+04 
1.058800000e+04 9.942000000e+03 
1.089500000e+04 9.837000000e+03 
1.065100000e+04 9.926000000e+03 
1.023200000e+04 1.010100000e+04 
1.049000000e+04 1.001200000e+04 

1.010900000e+04 9.877000000e+03 
1.020300000e+04 9.750000000e+03 
1.006600000e+04 9.941000000e+03 
1.018500000e+04 9.775000000e+03 
1.016900000e+04 9.831000000e+03 
9.830000000e+03 1.026200000e+04 
1.069000000e+04 9.336000000e+03 
1.024400000e+04 9.748000000e+03 
1.002500000e+04 1.004100000e+04 
9.914000000e+03 1.011000000e+04 
9.838000000e+03 1.021100000e+04 
1.003900000e+04 9.991000000e+03 
1.025900000e+04 9.450000000e+03 
9.793000000e+03 1.026800000e+04 
1.006600000e+04 9.941000000e+03 

1.099100000e+04 1.014400000e+04 
1.108300000e+04 1.009200000e+04 
1.046900000e+04 1.049600000e+04 
1.090100000e+04 1.015400000e+04 
1.088800000e+04 1.025600000e+04 
1.061600000e+04 1.034700000e+04 
1.046200000e+04 1.091400000e+04 
1.127000000e+04 1.000400000e+04 
1.058600000e+04 1.043900000e+04 
1.082200000e+04 1.027300000e+04 
1.073100000e+04 1.030400000e+04 
1.108300000e+04 1.009200000e+04 
1.064100000e+04 1.031400000e+04 
1.064300000e+04 1.031300000e+04 
1.089600000e+04 1.024900000e+04 
1.080700000e+04 1.029700000e+04 
1.115300000e+04 1.002400000e+04 
1.057900000e+04 1.045400000e+04 

9.793000000e+03 1.043900000e+04 
1.018600000e+04 1.014500000e+04 
9.757000000e+03 1.054000000e+04 
1.020800000e+04 1.009100000e+04 
9.580000000e+03 1.071000000e+04 
9.595000000e+03 1.070100000e+04 
9.849000000e+03 1.043200000e+04 
9.987000000e+03 1.036000000e+04 
9.850000000e+03 1.038200000e+04 
1.005000000e+04 1.026800000e+04 
9.708000000e+03 1.055300000e+04 
1.005000000e+04 1.026800000e+04 
9.474000000e+03 1.090200000e+04 
1.006000000e+04 1.017900000e+04 

9.832000000e+03 1.023400000e+04 
1.000200000e+04 9.782000000e+03 
9.826000000e+03 1.033900000e+04 
9.976000000e+03 9.925000000e+03 
9.923000000e+03 1.016500000e+04 

1.022600000e+04 1.026700000e+04 
9.394000000e+03 1.068500000e+04 
9.246000000e+03 1.077400000e+04 
9.496000000e+03 1.066500000e+04 
1.006900000e+04 1.040800000e+04 
1.019500000e+04 1.031400000e+04 
9.246000000e+03 1.077400000e+04 
9.869000000e+03 1.045900000e+04 
9.892000000e+03 1.041800000e+04 
9.526000000e+03 1.047000000e+04 
9.244000000e+03 1.101200000e+04 
9.325000000e+03 1.072300000e+04 
9.260000000e+03 1.072500000e+04 
9.508000000e+03 1.063200000e+04 

1.056700000e+04 9.863000000e+03 
1.057700000e+04 9.850000000e+03 
9.869000000e+03 1.045400000e+04 
1.045000000e+04 9.920000000e+03 
9.927000000e+03 1.028400000e+04 
1.043500000e+04 9.924000000e+03 
9.916000000e+03 1.029400000e+04 
9.954000000e+03 1.023500000e+04 
1.061000000e+04 9.727000000e+03 
1.006400000e+04 9.973000000e+03 
1.003400000e+04 1.007500000e+04 
1.049400000e+04 9.902000000e+03 
1.028800000e+04 9.965000000e+03 
9.963000000e+03 1.008100000e+04 
9.905000000e+03 1.030600000e+04 

1.086000000e+04 1.018500000e+04 
1.059200000e+04 1.034700000e+04 
1.078700000e+04 1.024900000e+04 
1.052000000e+04 1.061700000e+04 
1.067000000e+04 1.025800000e+04 
1.056100000e+04 1.050200000e+04 
1.079300000e+04 1.023700000e+04 
1.079800000e+04 1.020800000e+04 
1.052800000e+04 1.057700000e+04 
1.079300000e+04 1.023700000e+04 
1.086700000e+04 1.005700000e+04 

1.008000000e+04 1.057800000e+04 
1.027400000e+04 1.047700000e+04 
9.596000000e+03 1.082500000e+04 
1.011300000e+04 1.056300000e+04 
9.880000000e+03 1.068300000e+04 
1.023700000e+04 1.055600000e+04 
1.024000000e+04 1.054900000e+04 
1.040600000e+04 1.043800000e+04 
1.047200000e+04 1.032200000e+04 
1.041800000e+04 1.042300000e+04 
9.908000000e+03 1.065800000e+04 

1.002000000e+04 9.582000000e+03 
1.004200000e+04 9.575000000e+03 
1.011600000e+04 9.439000000e+03 
9.723000000e+03 9.824000000e+03 
9.837000000e+03 9.600000000e+03 
9.730000000e+03 9.725000000e+03 

1.003000000e+04 1.106500000e+04 
1.016600000e+04 1.072600000e+04 
1.025100000e+04 1.055100000e+04 
1.010000000e+04 1.093500000e+04 
1.003700000e+04 1.097500000e+04 
1.021600000e+04 1.069200000e+04 
1.008900000e+04 1.096900000e+04 
1.000500000e+04 1.106900000e+04 
1.011700000e+04 1.076400000e+04 

9.980000000e+03 1.105700000e+04 
9.998000000e+03 1.093200000e+04 
1.048100000e+04 1.043700000e+04 
1.027100000e+04 1.052000000e+04 
1.000500000e+04 1.077500000e+04 
1.037900000e+04 1.047200000e+04 
1.014400000e+04 1.063600000e+04 
1.011900000e+04 1.066800000e+04 
9.807000000e+03 1.115800000e+04 
1.013800000e+04 1.065900000e+04 
9.801000000e+03 1.127300000e+04 
9.828000000e+03 1.109700000e+04 
1.005300000e+04 1.073400000e+04 

1.120400000e+04 9.891000000e+03 
1.148200000e+04 9.701000000e+03 
1.119400000e+04 9.938000000e+03 
1.117500000e+04 9.952000000e+03 
1.126700000e+04 9.721000000e+03 
1.104600000e+04 9.961000000e+03 
1.081000000e+04 1.001200000e+04 
1.078900000e+04 1.025200000e+04 

1.068200000e+04 9.697000000e+03 
1.031000000e+04 9.773000000e+03 
1.017600000e+04 9.929000000e+03 
1.017600000e+04 9.929000000e+03 
1.004700000e+04 1.107500000e+04 
1.014000000e+04 1.038900000e+04 

1.040400000e+04 9.717000000e+03 
1.026300000e+04 9.773000000e+03 
1.006200000e+04 1.004100000e+04 
1.069500000e+04 9.455000000e+03 
1.024800000e+04 9.861000000e+03 
1.007600000e+04 9.950000000e+03 
1.009200000e+04 9.898000000e+03 
1.065200000e+04 9.573000000e+03 
1.041900000e+04 9.599000000e+03 

9.792000000e+03 1.064600000e+04 
1.006300000e+04 1.038800000e+04 
9.800000000e+03 1.058000000e+04 
1.040200000e+04 1.019800000e+04 
9.875000000e+03 1.046600000e+04 
1.036600000e+04 1.023900000e+04 
1.018700000e+04 1.029100000e+04 
1.033400000e+04 1.027000000e+04 
9.864000000e+03 1.048600000e+04 
9.701000000e+03 1.082900000e+04 
9.779000000e+03 1.072100000e+04 
1.038300000e+04 1.023300000e+04 
1.012400000e+04 1.035700000e+04 
9.989000000e+03 1.046000000e+04 
1.037100000e+04 1.023600000e+04 
1.006300000e+04 1.038800000e+04 
1.043700000e+04 1.019000000e+04 
9.924000000e+03 1.046100000e+04 
1.025900000e+04 1.027900000e+04 
9.802000000e+03 1.051700000e+04 

1.055000000e+04 1.014500000e+04 
1.064600000e+04 1.005300000e+04 
1.067600000e+04 1.002200000e+04 
1.055500000e+04 1.009600000e+04 
1.035400000e+04 1.026100000e+04 
1.049500000e+04 1.020200000e+04 
1.046200000e+04 1.023000000e+04 
1.061100000e+04 1.006600000e+04 
1.059500000e+04 1.008300000e+04 
1.056100000e+04 1.008600000e+04 
1.045000000e+04 1.024100000e+04 
1.050300000e+04 1.017700000e+04 
1.041300000e+04 1.025100000e+04 

1.029100000e+04 1.044700000e+04 
9.852000000e+03 1.116000000e+04 
1.012400000e+04 1.055800000e+04 
1.022400000e+04 1.055300000e+04 
9.866000000e+03 1.066100000e+04 
1.028700000e+04 1.046800000e+04 
1.023100000e+04 1.051100000e+04 
1.023100000e+04 1.051100000e+04 
1.049600000e+04 1.041400000e+04 
1.012100000e+04 1.060600000e+04 
9.992000000e+03 1.064500000e+04 
9.840000000e+03 1.121500000e+04 
1.025700000e+04 1.049300000e+04 

1.043300000e+04 1.024100000e+04 
1.017700000e+04 1.046600000e+04 
1.009800000e+04 1.065600000e+04 
1.063300000e+04 1.009000000e+04 
1.033400000e+04 1.038400000e+04 
1.037300000e+04 1.037600000e+04 
1.015200000e+04 1.054900000e+04 
1.027700000e+04 1.042700000e+04 
1.044100000e+04 1.015300000e+04 
1.030000000e+04 1.041900000e+04 
1.038500000e+04 1.035500000e+04 
1.013300000e+04 1.058700000e+04 

1.023500000e+04 9.745000000e+03 
9.980000000e+03 9.856000000e+03 
1.023500000e+04 9.745000000e+03 
1.039300000e+04 9.722000000e+03 
9.733000000e+03 9.903000000e+03 
1.016600000e+04 9.746000000e+03 
1.065600000e+04 9.717000000e+03 
1.002600000e+04 9.850000000e+03 
1.014400000e+04 9.842000000e+03 
9.671000000e+03 9.932000000e+03 

1.072300000e+04 9.697000000e+03 
1.030800000e+04 1.044200000e+04 
1.031500000e+04 1.010400000e+04 
1.030800000e+04 1.044200000e+04 
1.033400000e+04 9.840000000e+03 
1.066700000e+04 9.773000000e+03 
1.030800000e+04 1.044200000e+04 
1.035800000e+04 9.788000000e+03 
1.030800000e+04 1.044200000e+04 

1.049800000e+04 9.734000000e+03 
1.017900000e+04 1.001900000e+04 
1.030200000e+04 9.838000000e+03 
1.024900000e+04 9.918000000e+03 
1.015800000e+04 1.011400000e+04 
1.040900000e+04 9.773000000e+03 
1.040200000e+04 9.814000000e+03 

