1.159000000e+04 1.051900000e+04 
1.107000000e+04 1.087200000e+04 
1.067700000e+04 1.103600000e+04 
1.135400000e+04 1.065200000e+04 

1.117200000e+04 1.108800000e+04 
1.093100000e+04 1.143900000e+04 
1.079100000e+04 1.181100000e+04 
1.082000000e+04 1.160600000e+04 
1.109400000e+04 1.121700000e+04 
1.106000000e+04 1.130200000e+04 
1.097400000e+04 1.134600000e+04 

1.248500000e+04 1.163700000e+04 
1.146500000e+04 1.220700000e+04 
1.134900000e+04 1.273500000e+04 
1.143500000e+04 1.253500000e+04 
1.141900000e+04 1.263300000e+04 
1.149300000e+04 1.200700000e+04 
1.208500000e+04 1.164000000e+04 
1.168600000e+04 1.184500000e+04 

1.159400000e+04 1.173900000e+04 
1.144400000e+04 1.175800000e+04 
1.161200000e+04 1.149300000e+04 
1.160300000e+04 1.166600000e+04 
1.236500000e+04 1.139900000e+04 

1.113700000e+04 1.155000000e+04 
1.127600000e+04 1.135800000e+04 
1.140900000e+04 1.104700000e+04 
1.147900000e+04 1.043000000e+04 
1.177300000e+04 1.041700000e+04 
1.137600000e+04 1.117900000e+04 
1.141500000e+04 1.064500000e+04 

1.223700000e+04 1.100100000e+04 
1.119300000e+04 1.140800000e+04 
1.113700000e+04 1.158000000e+04 
1.154000000e+04 1.131300000e+04 
1.162900000e+04 1.124300000e+04 
1.143000000e+04 1.134900000e+04 

1.124100000e+04 1.133600000e+04 
1.147500000e+04 1.130000000e+04 
1.158100000e+04 1.120200000e+04 
1.090000000e+04 1.224900000e+04 
1.105900000e+04 1.143200000e+04 
1.184300000e+04 1.106900000e+04 
1.162500000e+04 1.107400000e+04 
1.100900000e+04 1.147800000e+04 

1.113700000e+04 1.251300000e+04 
1.161800000e+04 1.154500000e+04 
1.131900000e+04 1.192800000e+04 
1.115900000e+04 1.232300000e+04 
1.117400000e+04 1.227000000e+04 
1.122700000e+04 1.202000000e+04 
1.136800000e+04 1.171500000e+04 
1.113700000e+04 1.251300000e+04 
1.169100000e+04 1.141600000e+04 

1.148900000e+04 1.145400000e+04 
1.175000000e+04 1.103200000e+04 
1.151400000e+04 1.130800000e+04 

1.212000000e+04 1.074000000e+04 
1.128200000e+04 1.117900000e+04 
1.136300000e+04 1.101000000e+04 
1.206700000e+04 1.082300000e+04 
1.167200000e+04 1.086600000e+04 
1.096900000e+04 1.123100000e+04 
1.177000000e+04 1.084900000e+04 
1.134900000e+04 1.111100000e+04 
1.129600000e+04 1.114300000e+04 
1.136800000e+04 1.090900000e+04 

1.179000000e+04 1.152800000e+04 
1.179300000e+04 1.151200000e+04 
1.195100000e+04 1.122200000e+04 
1.187200000e+04 1.146400000e+04 
1.227900000e+04 1.121500000e+04 
1.159100000e+04 1.160700000e+04 
1.158600000e+04 1.168000000e+04 
1.193900000e+04 1.144000000e+04 
1.164100000e+04 1.153400000e+04 
1.120500000e+04 1.179200000e+04 
1.139600000e+04 1.175800000e+04 

1.106500000e+04 1.120000000e+04 
1.156600000e+04 1.114000000e+04 
1.153100000e+04 1.116500000e+04 
1.150700000e+04 1.119200000e+04 
1.091000000e+04 1.134300000e+04 
1.090900000e+04 1.179500000e+04 
1.084400000e+04 1.207000000e+04 

1.132100000e+04 1.127900000e+04 
1.127200000e+04 1.161300000e+04 
1.141500000e+04 1.073100000e+04 
1.120000000e+04 1.174400000e+04 

1.150800000e+04 1.163100000e+04 
1.094000000e+04 1.210500000e+04 
1.068600000e+04 1.246700000e+04 
1.057100000e+04 1.266000000e+04 
1.098700000e+04 1.196700000e+04 
1.078700000e+04 1.212900000e+04 
1.114600000e+04 1.165000000e+04 
1.070000000e+04 1.223200000e+04 

1.175100000e+04 1.112800000e+04 
1.168400000e+04 1.128900000e+04 
1.128600000e+04 1.211400000e+04 
1.145700000e+04 1.149600000e+04 
1.156600000e+04 1.140600000e+04 
1.132100000e+04 1.168100000e+04 

1.169600000e+04 1.155200000e+04 
1.161600000e+04 1.169700000e+04 
1.203500000e+04 1.126400000e+04 
1.155900000e+04 1.220800000e+04 
1.177700000e+04 1.151600000e+04 
1.184600000e+04 1.146300000e+04 
1.157900000e+04 1.215400000e+04 
1.198600000e+04 1.145900000e+04 
1.155200000e+04 1.234100000e+04 

1.153300000e+04 1.179200000e+04 
1.121900000e+04 1.182600000e+04 
1.142500000e+04 1.179500000e+04 
1.158000000e+04 1.163900000e+04 
1.112000000e+04 1.187900000e+04 

1.089400000e+04 1.099300000e+04 
1.099900000e+04 1.079000000e+04 
1.123300000e+04 1.074300000e+04 

1.155800000e+04 1.215500000e+04 
1.271600000e+04 1.171000000e+04 
1.144700000e+04 1.240100000e+04 
1.132200000e+04 1.282200000e+04 
1.163200000e+04 1.175200000e+04 
1.180500000e+04 1.172300000e+04 
1.158300000e+04 1.202300000e+04 
1.150800000e+04 1.233100000e+04 

1.147200000e+04 1.208000000e+04 
1.101300000e+04 1.234300000e+04 
1.198900000e+04 1.187400000e+04 
1.195600000e+04 1.191700000e+04 
1.147500000e+04 1.193500000e+04 
1.097300000e+04 1.294700000e+04 
1.085500000e+04 1.295200000e+04 
1.224800000e+04 1.166900000e+04 
1.127500000e+04 1.223900000e+04 
1.141000000e+04 1.220800000e+04 
1.105800000e+04 1.230000000e+04 
1.126600000e+04 1.228000000e+04 
1.099900000e+04 1.238100000e+04 
1.097700000e+04 1.259800000e+04 

1.217500000e+04 1.163400000e+04 
1.220100000e+04 1.119900000e+04 
1.201600000e+04 1.167000000e+04 
1.257000000e+04 1.117200000e+04 
1.288100000e+04 1.113100000e+04 

1.136400000e+04 1.180900000e+04 
1.129300000e+04 1.188800000e+04 
1.138400000e+04 1.117100000e+04 
1.203200000e+04 1.109300000e+04 
1.230100000e+04 1.105800000e+04 
1.148500000e+04 1.114400000e+04 
1.231300000e+04 1.098400000e+04 

1.187300000e+04 1.088400000e+04 
1.148800000e+04 1.109400000e+04 
1.138100000e+04 1.118500000e+04 

1.099600000e+04 1.151600000e+04 
1.129600000e+04 1.146500000e+04 
1.129800000e+04 1.146000000e+04 
1.084800000e+04 1.189700000e+04 
1.096200000e+04 1.182600000e+04 
1.132500000e+04 1.134100000e+04 
1.189500000e+04 1.126700000e+04 
1.072700000e+04 1.248700000e+04 
1.111900000e+04 1.150100000e+04 

1.228200000e+04 1.132800000e+04 
1.225100000e+04 1.132900000e+04 
1.315100000e+04 1.120300000e+04 
1.193300000e+04 1.200200000e+04 
1.199000000e+04 1.152100000e+04 
1.253900000e+04 1.122700000e+04 
1.299400000e+04 1.122200000e+04 
1.250400000e+04 1.130600000e+04 
1.315500000e+04 1.116900000e+04 
1.221200000e+04 1.144700000e+04 
1.194600000e+04 1.170200000e+04 

1.140000000e+04 1.176000000e+04 
1.170500000e+04 1.159000000e+04 
1.168000000e+04 1.163000000e+04 
1.101500000e+04 1.200100000e+04 
1.127100000e+04 1.178200000e+04 
1.125300000e+04 1.194400000e+04 
1.202500000e+04 1.155400000e+04 

1.143500000e+04 1.166900000e+04 
1.177700000e+04 1.140300000e+04 
1.267200000e+04 1.134800000e+04 
1.216200000e+04 1.138800000e+04 
1.176000000e+04 1.146200000e+04 
1.155300000e+04 1.158600000e+04 
1.159100000e+04 1.146300000e+04 
1.146000000e+04 1.164200000e+04 

1.157400000e+04 1.112200000e+04 
1.156200000e+04 1.116900000e+04 
1.156200000e+04 1.116900000e+04 
1.133000000e+04 1.124300000e+04 
1.156200000e+04 1.116900000e+04 
1.129300000e+04 1.159400000e+04 

1.170300000e+04 1.115100000e+04 
1.156500000e+04 1.129200000e+04 
1.165200000e+04 1.127300000e+04 
1.144200000e+04 1.151000000e+04 
1.167800000e+04 1.126400000e+04 
1.174000000e+04 1.114000000e+04 
1.177700000e+04 1.084800000e+04 
1.125500000e+04 1.199000000e+04 
1.169300000e+04 1.118900000e+04 

1.152500000e+04 1.136800000e+04 
1.153800000e+04 1.097900000e+04 
1.129600000e+04 1.167600000e+04 
1.124500000e+04 1.191000000e+04 

