1.099700000e+04 1.023500000e+04 
1.037400000e+04 1.062900000e+04 
1.033300000e+04 1.077800000e+04 
1.072100000e+04 1.032600000e+04 
1.069800000e+04 1.036100000e+04 
1.103700000e+04 1.018700000e+04 
1.025900000e+04 1.095800000e+04 
1.055300000e+04 1.047900000e+04 
1.101700000e+04 1.021900000e+04 
1.050700000e+04 1.061700000e+04 

1.069200000e+04 1.114300000e+04 
1.060300000e+04 1.132100000e+04 
1.050700000e+04 1.143300000e+04 
1.061000000e+04 1.131000000e+04 
1.045300000e+04 1.158000000e+04 
1.055300000e+04 1.139300000e+04 
1.083400000e+04 1.093700000e+04 
1.061900000e+04 1.130800000e+04 
1.093600000e+04 1.092500000e+04 
1.062700000e+04 1.115700000e+04 
1.073000000e+04 1.110500000e+04 
1.055300000e+04 1.139300000e+04 
1.104100000e+04 1.085600000e+04 
1.106700000e+04 1.069500000e+04 
1.081500000e+04 1.103700000e+04 
1.059200000e+04 1.137300000e+04 

1.140200000e+04 1.125900000e+04 
1.111500000e+04 1.146300000e+04 
1.130300000e+04 1.132900000e+04 
1.092200000e+04 1.235900000e+04 
1.100800000e+04 1.168700000e+04 
1.092200000e+04 1.235900000e+04 
1.115400000e+04 1.137000000e+04 
1.111400000e+04 1.163200000e+04 
1.152900000e+04 1.111400000e+04 
1.096500000e+04 1.224300000e+04 

1.128900000e+04 1.107900000e+04 
1.127800000e+04 1.122500000e+04 
1.160700000e+04 1.091100000e+04 
1.130800000e+04 1.100900000e+04 
1.115000000e+04 1.130900000e+04 

1.093700000e+04 1.029800000e+04 
1.109600000e+04 9.920000000e+03 
1.084000000e+04 1.031700000e+04 
1.081300000e+04 1.052500000e+04 
1.105800000e+04 1.022100000e+04 
1.088800000e+04 1.031000000e+04 
1.147400000e+04 9.820000000e+03 

1.066400000e+04 1.100800000e+04 
1.071700000e+04 1.087500000e+04 
1.069500000e+04 1.090900000e+04 
1.060800000e+04 1.108900000e+04 
1.068700000e+04 1.100400000e+04 
1.074300000e+04 1.038500000e+04 

1.073300000e+04 1.110800000e+04 
1.099000000e+04 1.087100000e+04 
1.093500000e+04 1.102600000e+04 
1.060300000e+04 1.114700000e+04 
1.058100000e+04 1.148400000e+04 
1.083900000e+04 1.110100000e+04 
1.106000000e+04 1.075600000e+04 
1.116800000e+04 1.053800000e+04 
1.114900000e+04 1.070000000e+04 

1.096700000e+04 1.099900000e+04 
1.152400000e+04 1.083500000e+04 
1.064500000e+04 1.162100000e+04 
1.069800000e+04 1.139000000e+04 
1.086900000e+04 1.126100000e+04 
1.058300000e+04 1.165000000e+04 
1.065200000e+04 1.146800000e+04 
1.089700000e+04 1.120400000e+04 
1.089700000e+04 1.120400000e+04 
1.077100000e+04 1.128600000e+04 
1.096100000e+04 1.118400000e+04 

1.107000000e+04 1.098100000e+04 
1.124000000e+04 1.079100000e+04 
1.107600000e+04 1.097900000e+04 
1.133000000e+04 1.074000000e+04 
1.150300000e+04 1.065000000e+04 
1.098100000e+04 1.122000000e+04 
1.116300000e+04 1.082500000e+04 
1.184800000e+04 1.063000000e+04 
1.124000000e+04 1.079100000e+04 

1.055800000e+04 1.072800000e+04 
1.094600000e+04 1.034300000e+04 
1.080200000e+04 1.047400000e+04 
1.170900000e+04 1.032000000e+04 

1.108500000e+04 1.145800000e+04 
1.193000000e+04 1.078200000e+04 
1.170000000e+04 1.089300000e+04 
1.125800000e+04 1.128700000e+04 
1.171500000e+04 1.079800000e+04 
1.147100000e+04 1.091500000e+04 
1.123300000e+04 1.138500000e+04 
1.100300000e+04 1.172400000e+04 
1.132700000e+04 1.097500000e+04 
1.125500000e+04 1.138400000e+04 
1.103200000e+04 1.155200000e+04 
1.102700000e+04 1.169000000e+04 
1.115800000e+04 1.145300000e+04 

1.048000000e+04 1.139200000e+04 
1.079000000e+04 1.074000000e+04 
1.087500000e+04 1.069100000e+04 
1.043100000e+04 1.194200000e+04 
1.063600000e+04 1.096400000e+04 
1.055400000e+04 1.131400000e+04 
1.073500000e+04 1.092600000e+04 
1.085700000e+04 1.070500000e+04 
1.106100000e+04 1.068800000e+04 
1.056500000e+04 1.102400000e+04 
1.065500000e+04 1.094400000e+04 

1.118300000e+04 1.051900000e+04 
1.085100000e+04 1.080400000e+04 
1.085100000e+04 1.080400000e+04 
1.101700000e+04 1.080000000e+04 
1.106500000e+04 1.061000000e+04 

1.043400000e+04 1.154200000e+04 
1.089100000e+04 1.125700000e+04 
1.001800000e+04 1.213100000e+04 
1.021600000e+04 1.161500000e+04 
1.035300000e+04 1.159900000e+04 
9.994000000e+03 1.218000000e+04 
1.063400000e+04 1.143000000e+04 
1.045000000e+04 1.145900000e+04 
1.019000000e+04 1.171900000e+04 
1.117900000e+04 1.107800000e+04 
1.021600000e+04 1.161500000e+04 
1.016400000e+04 1.191600000e+04 
1.035500000e+04 1.154300000e+04 
1.011600000e+04 1.193800000e+04 
1.004700000e+04 1.208000000e+04 
1.065600000e+04 1.129000000e+04 

1.085300000e+04 1.087700000e+04 
1.077900000e+04 1.108100000e+04 
1.154100000e+04 1.072500000e+04 
1.096600000e+04 1.073800000e+04 
1.086100000e+04 1.076800000e+04 

1.123900000e+04 1.159900000e+04 
1.129300000e+04 1.112700000e+04 
1.136300000e+04 1.111200000e+04 
1.197900000e+04 1.088000000e+04 
1.157600000e+04 1.099000000e+04 
1.106900000e+04 1.168600000e+04 
1.144700000e+04 1.108300000e+04 
1.126900000e+04 1.116900000e+04 
1.180200000e+04 1.097500000e+04 

1.077200000e+04 1.131800000e+04 
1.072900000e+04 1.134800000e+04 
1.109800000e+04 1.126200000e+04 
1.051400000e+04 1.187100000e+04 
1.145300000e+04 1.115900000e+04 
1.067200000e+04 1.135600000e+04 
1.064100000e+04 1.154100000e+04 
1.130300000e+04 1.125700000e+04 
1.053900000e+04 1.168300000e+04 
1.132100000e+04 1.120600000e+04 
1.095100000e+04 1.130800000e+04 

1.079200000e+04 1.028400000e+04 
1.077500000e+04 1.043500000e+04 
1.096500000e+04 1.028200000e+04 
1.035700000e+04 1.045400000e+04 

1.123100000e+04 1.132100000e+04 
1.121600000e+04 1.146300000e+04 
1.094700000e+04 1.160800000e+04 
1.084000000e+04 1.220300000e+04 
1.161500000e+04 1.131000000e+04 
1.087000000e+04 1.218300000e+04 
1.111600000e+04 1.147800000e+04 

1.141100000e+04 1.118400000e+04 
1.059100000e+04 1.247800000e+04 
1.066600000e+04 1.121000000e+04 
1.054500000e+04 1.252700000e+04 

1.209600000e+04 1.026500000e+04 
1.203700000e+04 1.064100000e+04 
1.156400000e+04 1.101100000e+04 
1.181300000e+04 1.073800000e+04 
1.188200000e+04 1.071300000e+04 
1.187700000e+04 1.072400000e+04 
1.149600000e+04 1.101200000e+04 
1.178900000e+04 1.095700000e+04 
1.135700000e+04 1.110700000e+04 
1.149400000e+04 1.107100000e+04 
1.136300000e+04 1.109000000e+04 

1.107400000e+04 1.084100000e+04 
1.116300000e+04 1.071200000e+04 
1.122300000e+04 1.050200000e+04 
1.097900000e+04 1.120000000e+04 
1.098100000e+04 1.098100000e+04 

1.104000000e+04 1.050000000e+04 
1.108700000e+04 1.049000000e+04 
1.100500000e+04 1.051200000e+04 
1.113200000e+04 1.016000000e+04 
1.104000000e+04 1.050000000e+04 
1.096600000e+04 1.082900000e+04 
1.083500000e+04 1.088700000e+04 
1.097200000e+04 1.057200000e+04 

1.079300000e+04 1.091000000e+04 
1.072200000e+04 1.110600000e+04 
1.045100000e+04 1.130600000e+04 
1.099300000e+04 1.077600000e+04 
1.094800000e+04 1.082900000e+04 
1.069300000e+04 1.113700000e+04 
1.042300000e+04 1.142600000e+04 
1.063100000e+04 1.128700000e+04 

1.137200000e+04 1.132000000e+04 
1.141000000e+04 1.100100000e+04 
1.168600000e+04 1.077700000e+04 
1.181600000e+04 1.063500000e+04 
1.141400000e+04 1.078500000e+04 

1.060500000e+04 1.136600000e+04 
1.086500000e+04 1.113000000e+04 
1.109800000e+04 1.105300000e+04 
1.076600000e+04 1.118600000e+04 
1.100800000e+04 1.108700000e+04 

1.111800000e+04 1.100900000e+04 
1.146700000e+04 1.089700000e+04 
1.148400000e+04 1.080300000e+04 
1.114800000e+04 1.095400000e+04 
1.150400000e+04 1.076900000e+04 
1.088200000e+04 1.163400000e+04 
1.102600000e+04 1.106800000e+04 
1.094900000e+04 1.128400000e+04 
1.098100000e+04 1.113700000e+04 
1.090900000e+04 1.148900000e+04 

1.122600000e+04 1.055300000e+04 
1.074500000e+04 1.097400000e+04 
1.147800000e+04 1.042500000e+04 
1.107700000e+04 1.060200000e+04 
1.080900000e+04 1.070900000e+04 
1.085600000e+04 1.060400000e+04 
1.076300000e+04 1.090800000e+04 
1.113700000e+04 1.056100000e+04 
1.128700000e+04 1.054100000e+04 

1.116700000e+04 1.088500000e+04 
1.170400000e+04 1.042400000e+04 
1.175000000e+04 1.039200000e+04 
1.109200000e+04 1.105800000e+04 
1.084800000e+04 1.144800000e+04 
1.150700000e+04 1.049500000e+04 
1.167400000e+04 1.045100000e+04 
1.139200000e+04 1.060500000e+04 
1.127900000e+04 1.082100000e+04 
1.159900000e+04 1.047200000e+04 
1.131100000e+04 1.080900000e+04 
1.131400000e+04 1.067300000e+04 
1.105400000e+04 1.143300000e+04 
1.141700000e+04 1.052900000e+04 
1.118900000e+04 1.086200000e+04 
1.116600000e+04 1.097300000e+04 

1.116200000e+04 1.069600000e+04 
1.094200000e+04 1.078300000e+04 
1.143400000e+04 1.060200000e+04 
1.107400000e+04 1.076000000e+04 
1.120200000e+04 1.061300000e+04 
1.118000000e+04 1.062000000e+04 

