1.099700000e+04 1.023500000e+04 
1.037400000e+04 1.062900000e+04 
1.032400000e+04 1.080300000e+04 
1.072100000e+04 1.032600000e+04 
1.069800000e+04 1.036100000e+04 
1.103700000e+04 1.018700000e+04 
1.025900000e+04 1.095800000e+04 
1.051000000e+04 1.055700000e+04 
1.101700000e+04 1.021900000e+04 
1.050700000e+04 1.061700000e+04 
1.058900000e+04 1.044900000e+04 
1.037400000e+04 1.062900000e+04 
1.052700000e+04 1.046400000e+04 
1.034300000e+04 1.067900000e+04 
1.033000000e+04 1.077700000e+04 

1.053500000e+04 1.141600000e+04 
1.038900000e+04 1.151400000e+04 
1.050700000e+04 1.143300000e+04 
1.058000000e+04 1.110400000e+04 
1.055200000e+04 1.136400000e+04 
1.101700000e+04 1.074300000e+04 
1.083400000e+04 1.093700000e+04 
1.070000000e+04 1.101600000e+04 
1.093600000e+04 1.092500000e+04 
1.054200000e+04 1.136500000e+04 
1.104400000e+04 1.067200000e+04 

1.094800000e+04 1.235300000e+04 
1.152900000e+04 1.111400000e+04 
1.096500000e+04 1.224300000e+04 
1.092200000e+04 1.235900000e+04 
1.100800000e+04 1.168700000e+04 
1.092200000e+04 1.235900000e+04 
1.097700000e+04 1.204600000e+04 
1.105900000e+04 1.125400000e+04 

1.128900000e+04 1.107900000e+04 
1.109900000e+04 1.164700000e+04 
1.160700000e+04 1.091100000e+04 
1.130800000e+04 1.100900000e+04 
1.115000000e+04 1.130900000e+04 
1.127200000e+04 1.114700000e+04 
1.117300000e+04 1.126800000e+04 

1.130000000e+04 9.836000000e+03 
1.109600000e+04 9.920000000e+03 
1.137600000e+04 9.682000000e+03 
1.081300000e+04 1.052500000e+04 
1.109600000e+04 9.920000000e+03 
1.095200000e+04 1.004500000e+04 
1.082400000e+04 1.019200000e+04 
1.102500000e+04 1.000900000e+04 
1.082200000e+04 1.036900000e+04 

1.071900000e+04 1.058700000e+04 
1.074300000e+04 1.038500000e+04 
1.076600000e+04 1.036300000e+04 
1.060800000e+04 1.108900000e+04 
1.061100000e+04 1.085500000e+04 

1.073300000e+04 1.110800000e+04 
1.106400000e+04 1.052100000e+04 
1.097900000e+04 1.067700000e+04 
1.060300000e+04 1.114700000e+04 
1.058100000e+04 1.148400000e+04 
1.081800000e+04 1.099900000e+04 
1.102200000e+04 1.065800000e+04 
1.093300000e+04 1.099200000e+04 

1.096700000e+04 1.099900000e+04 
1.152400000e+04 1.083500000e+04 
1.096100000e+04 1.118400000e+04 
1.153900000e+04 1.079800000e+04 
1.151900000e+04 1.094400000e+04 
1.058300000e+04 1.165000000e+04 
1.086400000e+04 1.120100000e+04 
1.067600000e+04 1.129100000e+04 
1.058300000e+04 1.165000000e+04 
1.077100000e+04 1.128600000e+04 
1.062600000e+04 1.139000000e+04 
1.094400000e+04 1.120000000e+04 
1.159700000e+04 1.078000000e+04 

1.107000000e+04 1.098100000e+04 
1.126000000e+04 1.062600000e+04 
1.123900000e+04 1.073200000e+04 
1.098100000e+04 1.122000000e+04 
1.156100000e+04 1.062400000e+04 
1.098100000e+04 1.122000000e+04 
1.116300000e+04 1.082500000e+04 
1.098500000e+04 1.099300000e+04 
1.107300000e+04 1.093100000e+04 
1.165500000e+04 1.059800000e+04 
1.110900000e+04 1.085400000e+04 
1.118300000e+04 1.076000000e+04 

1.186700000e+04 1.026200000e+04 
1.094600000e+04 1.034300000e+04 
1.080200000e+04 1.047400000e+04 
1.072500000e+04 1.064400000e+04 
1.126000000e+04 1.032900000e+04 
1.043900000e+04 1.084200000e+04 
1.053000000e+04 1.069000000e+04 
1.102800000e+04 1.033300000e+04 
1.076300000e+04 1.064000000e+04 
1.146400000e+04 1.030700000e+04 
1.173000000e+04 1.030300000e+04 

1.108500000e+04 1.145800000e+04 
1.132700000e+04 1.097500000e+04 
1.115300000e+04 1.123000000e+04 
1.169900000e+04 1.079000000e+04 
1.124000000e+04 1.119000000e+04 
1.147100000e+04 1.091500000e+04 
1.190100000e+04 1.059900000e+04 
1.111200000e+04 1.131700000e+04 
1.095200000e+04 1.148000000e+04 
1.113500000e+04 1.125100000e+04 

1.106100000e+04 1.068800000e+04 
1.050100000e+04 1.102900000e+04 
1.087500000e+04 1.069100000e+04 
1.074300000e+04 1.072200000e+04 
1.063600000e+04 1.096400000e+04 
1.064800000e+04 1.089100000e+04 
1.056500000e+04 1.102400000e+04 
1.085700000e+04 1.070500000e+04 
1.035100000e+04 1.139600000e+04 
1.046900000e+04 1.110500000e+04 
1.037900000e+04 1.115600000e+04 

1.085600000e+04 1.063700000e+04 
1.085100000e+04 1.080400000e+04 
1.085100000e+04 1.080400000e+04 
1.106500000e+04 1.061000000e+04 
1.111600000e+04 1.042800000e+04 

1.021600000e+04 1.161500000e+04 
1.089100000e+04 1.125700000e+04 
1.001800000e+04 1.213100000e+04 
1.021600000e+04 1.161500000e+04 
1.029300000e+04 1.127700000e+04 
9.994000000e+03 1.218000000e+04 
1.007200000e+04 1.198800000e+04 
1.004700000e+04 1.208000000e+04 
1.010800000e+04 1.185600000e+04 
1.117900000e+04 1.107800000e+04 
1.018900000e+04 1.166800000e+04 

1.086100000e+04 1.076800000e+04 
1.071000000e+04 1.107300000e+04 
1.078800000e+04 1.083600000e+04 
1.096600000e+04 1.073800000e+04 
1.124900000e+04 1.051100000e+04 

1.180200000e+04 1.097500000e+04 
1.106900000e+04 1.168600000e+04 
1.124000000e+04 1.106700000e+04 
1.197900000e+04 1.088000000e+04 
1.157600000e+04 1.099000000e+04 
1.113200000e+04 1.135600000e+04 

1.086600000e+04 1.121100000e+04 
1.072900000e+04 1.134800000e+04 
1.077400000e+04 1.127000000e+04 
1.058600000e+04 1.159400000e+04 
1.049000000e+04 1.191300000e+04 
1.067200000e+04 1.135600000e+04 
1.064100000e+04 1.154100000e+04 
1.049300000e+04 1.160000000e+04 
1.066900000e+04 1.150200000e+04 
1.117600000e+04 1.109400000e+04 
1.076700000e+04 1.129100000e+04 

1.079200000e+04 1.028400000e+04 
1.077500000e+04 1.043500000e+04 
1.035700000e+04 1.045400000e+04 
1.091600000e+04 1.017900000e+04 

1.123100000e+04 1.132100000e+04 
1.121600000e+04 1.146300000e+04 
1.094700000e+04 1.160800000e+04 
1.092800000e+04 1.164400000e+04 
1.103200000e+04 1.149200000e+04 
1.127000000e+04 1.130900000e+04 
1.111600000e+04 1.147800000e+04 
1.091200000e+04 1.167100000e+04 
1.159300000e+04 1.128500000e+04 
1.081100000e+04 1.216500000e+04 
1.072600000e+04 1.217700000e+04 

1.066100000e+04 1.228700000e+04 
1.054500000e+04 1.252700000e+04 
1.066600000e+04 1.121000000e+04 
1.094500000e+04 1.110300000e+04 
1.055800000e+04 1.246300000e+04 

1.209600000e+04 1.026500000e+04 
1.136300000e+04 1.109000000e+04 
1.156400000e+04 1.101100000e+04 
1.181300000e+04 1.073800000e+04 
1.188200000e+04 1.071300000e+04 
1.187700000e+04 1.072400000e+04 
1.149600000e+04 1.101200000e+04 
1.202300000e+04 1.059000000e+04 
1.135700000e+04 1.110700000e+04 
1.149400000e+04 1.107100000e+04 
1.146800000e+04 1.108000000e+04 
1.188200000e+04 1.071300000e+04 
1.202100000e+04 1.065500000e+04 
1.173900000e+04 1.084100000e+04 
1.199300000e+04 1.067500000e+04 
1.191300000e+04 1.068300000e+04 

1.128100000e+04 1.036300000e+04 
1.094600000e+04 1.076200000e+04 
1.122300000e+04 1.050200000e+04 
1.110900000e+04 1.067900000e+04 

1.078700000e+04 1.086100000e+04 
1.092600000e+04 1.075200000e+04 
1.113200000e+04 1.016000000e+04 
1.113200000e+04 1.016000000e+04 
1.113900000e+04 1.009900000e+04 
1.095800000e+04 1.021800000e+04 

1.079300000e+04 1.091000000e+04 
1.079300000e+04 1.091000000e+04 
1.045100000e+04 1.130600000e+04 
1.099300000e+04 1.077600000e+04 
1.094800000e+04 1.082900000e+04 
1.031100000e+04 1.173900000e+04 
1.042300000e+04 1.142600000e+04 
1.063100000e+04 1.128700000e+04 
1.066500000e+04 1.099100000e+04 
1.086700000e+04 1.089300000e+04 

1.138500000e+04 1.119800000e+04 
1.139300000e+04 1.075800000e+04 
1.178600000e+04 1.070200000e+04 
1.181600000e+04 1.063500000e+04 
1.131900000e+04 1.125200000e+04 

1.100800000e+04 1.108700000e+04 
1.086500000e+04 1.113000000e+04 
1.109800000e+04 1.105300000e+04 
1.076600000e+04 1.118600000e+04 
1.058500000e+04 1.122900000e+04 

1.105000000e+04 1.084000000e+04 
1.150400000e+04 1.076900000e+04 
1.087200000e+04 1.114300000e+04 
1.088400000e+04 1.088000000e+04 
1.079900000e+04 1.157400000e+04 
1.145600000e+04 1.078100000e+04 

1.122600000e+04 1.055300000e+04 
1.113700000e+04 1.056100000e+04 
1.147800000e+04 1.042500000e+04 
1.128700000e+04 1.054100000e+04 
1.080900000e+04 1.070900000e+04 
1.113200000e+04 1.056300000e+04 
1.082200000e+04 1.056900000e+04 
1.145600000e+04 1.051600000e+04 
1.059400000e+04 1.098000000e+04 
1.077400000e+04 1.077900000e+04 
1.065600000e+04 1.088100000e+04 
1.132500000e+04 1.052100000e+04 

1.174300000e+04 1.041700000e+04 
1.170400000e+04 1.042400000e+04 
1.175000000e+04 1.039200000e+04 
1.104300000e+04 1.095500000e+04 
1.118900000e+04 1.074400000e+04 
1.150700000e+04 1.049500000e+04 
1.167400000e+04 1.045100000e+04 
1.139200000e+04 1.060500000e+04 
1.141700000e+04 1.052900000e+04 
1.159900000e+04 1.047200000e+04 
1.095200000e+04 1.097700000e+04 
1.131400000e+04 1.067300000e+04 
1.110900000e+04 1.079800000e+04 
1.081700000e+04 1.143000000e+04 
1.128900000e+04 1.069200000e+04 

1.097300000e+04 1.073500000e+04 
1.094200000e+04 1.078300000e+04 
1.094300000e+04 1.075300000e+04 
1.114700000e+04 1.058900000e+04 
1.093500000e+04 1.108500000e+04 
1.114600000e+04 1.064300000e+04 

