1.080100000e+04 1.164300000e+04 
1.092300000e+04 1.138300000e+04 
1.115800000e+04 1.130100000e+04 
1.087600000e+04 1.144600000e+04 
1.109500000e+04 1.133500000e+04 
1.115800000e+04 1.130100000e+04 
1.120300000e+04 1.118000000e+04 
1.157100000e+04 1.114600000e+04 
1.157800000e+04 1.100100000e+04 
1.176400000e+04 1.089300000e+04 

1.128700000e+04 1.130700000e+04 
1.114900000e+04 1.208800000e+04 
1.123400000e+04 1.153700000e+04 
1.100400000e+04 1.237700000e+04 
1.117600000e+04 1.208100000e+04 

1.172400000e+04 1.207300000e+04 
1.143600000e+04 1.280100000e+04 
1.247900000e+04 1.196900000e+04 
1.159700000e+04 1.215100000e+04 
1.262800000e+04 1.190000000e+04 
1.187400000e+04 1.204900000e+04 
1.157800000e+04 1.258800000e+04 

1.214200000e+04 1.164500000e+04 
1.213000000e+04 1.166000000e+04 
1.188200000e+04 1.180300000e+04 
1.278400000e+04 1.158100000e+04 
1.203900000e+04 1.178400000e+04 
1.263800000e+04 1.162900000e+04 
1.163100000e+04 1.211300000e+04 
1.183400000e+04 1.199300000e+04 

1.178400000e+04 1.093700000e+04 
1.166900000e+04 1.101500000e+04 
1.184300000e+04 1.062200000e+04 
1.154100000e+04 1.120600000e+04 
1.172000000e+04 1.096900000e+04 

1.230500000e+04 1.151000000e+04 
1.147300000e+04 1.231600000e+04 
1.157600000e+04 1.229000000e+04 
1.186600000e+04 1.159700000e+04 
1.182100000e+04 1.173600000e+04 
1.164200000e+04 1.196400000e+04 
1.166200000e+04 1.187400000e+04 
1.193200000e+04 1.158100000e+04 
1.161200000e+04 1.228400000e+04 
1.147400000e+04 1.230300000e+04 

1.114300000e+04 1.249400000e+04 
1.152800000e+04 1.156900000e+04 
1.154800000e+04 1.139800000e+04 
1.110900000e+04 1.251700000e+04 
1.123000000e+04 1.232100000e+04 
1.132000000e+04 1.167800000e+04 
1.186000000e+04 1.114700000e+04 

1.113700000e+04 1.251300000e+04 
1.187900000e+04 1.187500000e+04 
1.189200000e+04 1.182300000e+04 
1.197600000e+04 1.174800000e+04 
1.161200000e+04 1.196700000e+04 

1.192500000e+04 1.150700000e+04 
1.172100000e+04 1.154900000e+04 

1.195900000e+04 1.106800000e+04 
1.225800000e+04 1.094500000e+04 
1.150000000e+04 1.116700000e+04 
1.140400000e+04 1.142700000e+04 
1.216600000e+04 1.098000000e+04 
1.227200000e+04 1.091300000e+04 
1.136800000e+04 1.161000000e+04 
1.145100000e+04 1.131500000e+04 

1.179000000e+04 1.152800000e+04 
1.160600000e+04 1.192600000e+04 
1.219100000e+04 1.133600000e+04 
1.165800000e+04 1.178400000e+04 

1.110100000e+04 1.166700000e+04 
1.104800000e+04 1.238500000e+04 
1.124800000e+04 1.145500000e+04 
1.180200000e+04 1.145000000e+04 

1.156200000e+04 1.168800000e+04 
1.160100000e+04 1.103100000e+04 
1.146200000e+04 1.184400000e+04 

1.143300000e+04 1.212100000e+04 
1.187000000e+04 1.186600000e+04 
1.173100000e+04 1.196300000e+04 
1.106700000e+04 1.217000000e+04 
1.090500000e+04 1.235100000e+04 
1.155600000e+04 1.204100000e+04 
1.160900000e+04 1.200700000e+04 
1.086100000e+04 1.250800000e+04 

1.183200000e+04 1.227700000e+04 
1.184800000e+04 1.226500000e+04 
1.184800000e+04 1.226500000e+04 
1.185600000e+04 1.156200000e+04 

1.175400000e+04 1.197400000e+04 
1.193200000e+04 1.181300000e+04 
1.173800000e+04 1.202900000e+04 
1.203900000e+04 1.170600000e+04 
1.219000000e+04 1.152300000e+04 
1.218700000e+04 1.169500000e+04 
1.159100000e+04 1.219400000e+04 
1.170300000e+04 1.213600000e+04 
1.215400000e+04 1.169600000e+04 

1.153000000e+04 1.182500000e+04 
1.127300000e+04 1.262800000e+04 
1.132200000e+04 1.261400000e+04 
1.127300000e+04 1.262800000e+04 
1.217800000e+04 1.178000000e+04 
1.142000000e+04 1.200400000e+04 

1.105100000e+04 1.168300000e+04 
1.134200000e+04 1.142900000e+04 
1.146100000e+04 1.132900000e+04 
1.127500000e+04 1.162900000e+04 
1.148700000e+04 1.112100000e+04 
1.102400000e+04 1.252300000e+04 
1.153600000e+04 1.105800000e+04 
1.165100000e+04 1.105600000e+04 

1.227800000e+04 1.190400000e+04 
1.194400000e+04 1.220800000e+04 
1.219200000e+04 1.206500000e+04 
1.146500000e+04 1.257300000e+04 
1.247800000e+04 1.185200000e+04 
1.188300000e+04 1.224800000e+04 
1.219700000e+04 1.205200000e+04 
1.222600000e+04 1.203400000e+04 
1.159900000e+04 1.227100000e+04 
1.211200000e+04 1.207900000e+04 

1.118100000e+04 1.297800000e+04 
1.117100000e+04 1.298300000e+04 
1.137200000e+04 1.250000000e+04 
1.168700000e+04 1.205600000e+04 
1.166100000e+04 1.239100000e+04 
1.200600000e+04 1.204000000e+04 
1.136000000e+04 1.254600000e+04 
1.118200000e+04 1.294600000e+04 

1.239200000e+04 1.163000000e+04 
1.286100000e+04 1.133900000e+04 
1.246900000e+04 1.156900000e+04 

1.207900000e+04 1.154100000e+04 
1.202400000e+04 1.168100000e+04 
1.248600000e+04 1.125800000e+04 
1.129300000e+04 1.188800000e+04 
1.204100000e+04 1.164000000e+04 
1.185700000e+04 1.175800000e+04 
1.222900000e+04 1.126200000e+04 
1.189600000e+04 1.175700000e+04 

1.249500000e+04 1.106000000e+04 
1.191100000e+04 1.124800000e+04 
1.157400000e+04 1.129300000e+04 

1.113400000e+04 1.205700000e+04 
1.123000000e+04 1.154500000e+04 
1.101000000e+04 1.214000000e+04 
1.096000000e+04 1.229300000e+04 

1.213000000e+04 1.238400000e+04 
1.213000000e+04 1.238400000e+04 
1.270400000e+04 1.152000000e+04 
1.230800000e+04 1.167900000e+04 
1.281700000e+04 1.140000000e+04 
1.249100000e+04 1.160200000e+04 
1.283600000e+04 1.132100000e+04 
1.221800000e+04 1.169300000e+04 

1.192500000e+04 1.184300000e+04 
1.233000000e+04 1.173000000e+04 
1.231300000e+04 1.177000000e+04 
1.113100000e+04 1.218500000e+04 
1.127100000e+04 1.193200000e+04 
1.188100000e+04 1.186200000e+04 

1.189900000e+04 1.168300000e+04 
1.225600000e+04 1.140300000e+04 
1.198700000e+04 1.156100000e+04 
1.172800000e+04 1.183100000e+04 
1.184300000e+04 1.176800000e+04 
1.171700000e+04 1.216500000e+04 

1.159100000e+04 1.217200000e+04 
1.166100000e+04 1.157800000e+04 
1.147400000e+04 1.249500000e+04 
1.160300000e+04 1.166100000e+04 
1.171300000e+04 1.116700000e+04 

1.205100000e+04 1.096000000e+04 
1.183500000e+04 1.130300000e+04 
1.195300000e+04 1.112100000e+04 
1.171600000e+04 1.192800000e+04 
1.181400000e+04 1.146800000e+04 
1.174300000e+04 1.147500000e+04 
1.155400000e+04 1.202400000e+04 
1.172600000e+04 1.165600000e+04 

1.269800000e+04 1.143900000e+04 
1.198500000e+04 1.161000000e+04 
1.164100000e+04 1.198800000e+04 
1.203000000e+04 1.150400000e+04 
1.185700000e+04 1.185200000e+04 

