9.737000000e+03 8.843000000e+03 
9.193000000e+03 9.104000000e+03 
9.032000000e+03 9.247000000e+03 
9.612000000e+03 8.908000000e+03 
9.016000000e+03 9.518000000e+03 
9.056000000e+03 9.243000000e+03 
9.030000000e+03 9.475000000e+03 
9.030000000e+03 9.475000000e+03 
9.193000000e+03 9.104000000e+03 
9.499000000e+03 8.955000000e+03 
9.764000000e+03 8.807000000e+03 
9.193000000e+03 9.104000000e+03 
9.670000000e+03 8.891000000e+03 
9.472000000e+03 8.972000000e+03 
9.676000000e+03 8.878000000e+03 
9.333000000e+03 9.007000000e+03 
9.313000000e+03 9.014000000e+03 
9.635000000e+03 8.903000000e+03 
9.058000000e+03 9.182000000e+03 
9.117000000e+03 9.169000000e+03 
9.179000000e+03 9.144000000e+03 
9.597000000e+03 8.911000000e+03 
9.152000000e+03 9.165000000e+03 
9.155000000e+03 9.159000000e+03 
9.152000000e+03 9.165000000e+03 
9.229000000e+03 9.059000000e+03 
9.179000000e+03 9.144000000e+03 
9.698000000e+03 8.844000000e+03 
9.207000000e+03 9.064000000e+03 
9.117000000e+03 9.169000000e+03 
1.008400000e+04 8.765000000e+03 
9.503000000e+03 8.912000000e+03 
9.207000000e+03 9.064000000e+03 
9.265000000e+03 9.036000000e+03 
9.032000000e+03 9.247000000e+03 
9.174000000e+03 9.158000000e+03 

9.020000000e+03 9.580000000e+03 
8.945000000e+03 9.679000000e+03 
9.387000000e+03 9.144000000e+03 
9.623000000e+03 9.085000000e+03 
9.090000000e+03 9.437000000e+03 
8.979000000e+03 9.643000000e+03 
9.612000000e+03 9.091000000e+03 
8.854000000e+03 9.804000000e+03 
8.852000000e+03 9.852000000e+03 
9.098000000e+03 9.395000000e+03 
9.050000000e+03 9.496000000e+03 
9.416000000e+03 9.112000000e+03 
9.676000000e+03 9.022000000e+03 
9.607000000e+03 9.109000000e+03 
9.091000000e+03 9.410000000e+03 
9.623000000e+03 9.085000000e+03 
9.107000000e+03 9.393000000e+03 
9.083000000e+03 9.472000000e+03 
9.118000000e+03 9.387000000e+03 
9.165000000e+03 9.287000000e+03 
8.854000000e+03 9.804000000e+03 
9.676000000e+03 9.022000000e+03 
9.168000000e+03 9.186000000e+03 
8.891000000e+03 9.697000000e+03 

9.162000000e+03 9.868000000e+03 
9.183000000e+03 9.816000000e+03 
9.159000000e+03 9.903000000e+03 
9.591000000e+03 9.506000000e+03 
9.869000000e+03 9.403000000e+03 
9.464000000e+03 9.629000000e+03 
9.458000000e+03 9.652000000e+03 
9.827000000e+03 9.418000000e+03 
9.534000000e+03 9.528000000e+03 
9.490000000e+03 9.568000000e+03 
9.500000000e+03 9.534000000e+03 
9.151000000e+03 1.000400000e+04 
9.707000000e+03 9.479000000e+03 
9.623000000e+03 9.494000000e+03 
9.228000000e+03 9.750000000e+03 
9.366000000e+03 9.654000000e+03 
9.715000000e+03 9.421000000e+03 
9.228000000e+03 9.750000000e+03 
9.881000000e+03 9.381000000e+03 
9.470000000e+03 9.571000000e+03 
9.903000000e+03 9.362000000e+03 
9.299000000e+03 9.711000000e+03 
9.869000000e+03 9.403000000e+03 
9.166000000e+03 9.842000000e+03 

1.003500000e+04 9.842000000e+03 
1.020100000e+04 9.681000000e+03 
9.759000000e+03 1.041400000e+04 
1.002700000e+04 9.875000000e+03 
1.003500000e+04 9.842000000e+03 
1.010500000e+04 9.776000000e+03 
9.925000000e+03 9.996000000e+03 
9.943000000e+03 9.959000000e+03 
9.842000000e+03 1.008200000e+04 
9.740000000e+03 1.041500000e+04 
9.803000000e+03 1.012600000e+04 
1.010500000e+04 9.776000000e+03 
1.017100000e+04 9.708000000e+03 
9.655000000e+03 1.054000000e+04 
1.020100000e+04 9.681000000e+03 
1.010600000e+04 9.742000000e+03 
1.003500000e+04 9.842000000e+03 
1.008500000e+04 9.778000000e+03 
1.015300000e+04 9.725000000e+03 
9.761000000e+03 1.033500000e+04 
9.803000000e+03 1.012600000e+04 
1.006900000e+04 9.831000000e+03 
1.003500000e+04 9.842000000e+03 
9.904000000e+03 1.002200000e+04 
9.794000000e+03 1.020400000e+04 
1.024100000e+04 9.597000000e+03 
1.002100000e+04 9.919000000e+03 

9.630000000e+03 8.759000000e+03 
1.001600000e+04 8.525000000e+03 
1.004900000e+04 8.433000000e+03 
9.477000000e+03 9.020000000e+03 
9.456000000e+03 9.112000000e+03 
9.851000000e+03 8.593000000e+03 
9.761000000e+03 8.723000000e+03 
9.960000000e+03 8.529000000e+03 
1.003200000e+04 8.520000000e+03 
9.527000000e+03 8.915000000e+03 
9.419000000e+03 9.209000000e+03 
9.477000000e+03 9.020000000e+03 
9.851000000e+03 8.593000000e+03 
9.373000000e+03 9.422000000e+03 
9.595000000e+03 8.766000000e+03 
9.766000000e+03 8.716000000e+03 
9.767000000e+03 8.693000000e+03 
9.538000000e+03 8.896000000e+03 
9.545000000e+03 8.825000000e+03 
9.408000000e+03 9.247000000e+03 
9.420000000e+03 9.127000000e+03 
9.899000000e+03 8.544000000e+03 
9.643000000e+03 8.724000000e+03 
9.402000000e+03 9.297000000e+03 
9.523000000e+03 8.989000000e+03 
1.007500000e+04 8.394000000e+03 
1.004200000e+04 8.516000000e+03 
9.527000000e+03 8.915000000e+03 
9.899000000e+03 8.544000000e+03 
1.004900000e+04 8.433000000e+03 
9.776000000e+03 8.659000000e+03 
1.004900000e+04 8.433000000e+03 
9.391000000e+03 9.355000000e+03 
1.004900000e+04 8.433000000e+03 

8.765000000e+03 9.168000000e+03 
8.911000000e+03 8.993000000e+03 
8.896000000e+03 9.015000000e+03 
9.180000000e+03 8.923000000e+03 
8.796000000e+03 9.073000000e+03 
9.304000000e+03 8.888000000e+03 
8.699000000e+03 9.284000000e+03 
8.874000000e+03 9.053000000e+03 
9.277000000e+03 8.906000000e+03 
8.817000000e+03 9.063000000e+03 
9.253000000e+03 8.916000000e+03 
8.766000000e+03 9.127000000e+03 
8.766000000e+03 9.127000000e+03 
8.817000000e+03 9.063000000e+03 
8.874000000e+03 9.053000000e+03 
8.990000000e+03 8.953000000e+03 
8.655000000e+03 9.343000000e+03 
9.058000000e+03 8.936000000e+03 
8.896000000e+03 9.015000000e+03 
8.923000000e+03 8.959000000e+03 
8.609000000e+03 9.425000000e+03 
9.076000000e+03 8.929000000e+03 

9.537000000e+03 9.212000000e+03 
9.877000000e+03 9.106000000e+03 
9.071000000e+03 9.575000000e+03 
8.995000000e+03 9.942000000e+03 
9.063000000e+03 9.669000000e+03 
9.529000000e+03 9.223000000e+03 
9.197000000e+03 9.515000000e+03 
9.436000000e+03 9.291000000e+03 
8.985000000e+03 1.008400000e+04 
9.554000000e+03 9.196000000e+03 
8.985000000e+03 1.008400000e+04 
9.409000000e+03 9.325000000e+03 
9.167000000e+03 9.574000000e+03 
9.063000000e+03 9.669000000e+03 
9.480000000e+03 9.267000000e+03 
8.985000000e+03 1.008400000e+04 
8.985000000e+03 1.008400000e+04 
9.020000000e+03 9.794000000e+03 
9.537000000e+03 9.212000000e+03 
9.207000000e+03 9.421000000e+03 
9.415000000e+03 9.305000000e+03 
9.063000000e+03 9.669000000e+03 
9.480000000e+03 9.267000000e+03 
9.049000000e+03 9.752000000e+03 
9.298000000e+03 9.335000000e+03 
9.783000000e+03 9.189000000e+03 

9.198000000e+03 9.270000000e+03 
8.805000000e+03 9.569000000e+03 
9.198000000e+03 9.270000000e+03 
9.065000000e+03 9.370000000e+03 
8.818000000e+03 9.529000000e+03 
9.038000000e+03 9.410000000e+03 
9.234000000e+03 9.237000000e+03 
9.512000000e+03 9.224000000e+03 
9.531000000e+03 9.211000000e+03 
9.623000000e+03 9.163000000e+03 
9.451000000e+03 9.236000000e+03 
8.756000000e+03 9.642000000e+03 
8.794000000e+03 9.598000000e+03 
8.756000000e+03 9.642000000e+03 
8.903000000e+03 9.511000000e+03 
8.926000000e+03 9.430000000e+03 
8.757000000e+03 9.617000000e+03 
8.756000000e+03 9.642000000e+03 
9.052000000e+03 9.395000000e+03 
9.109000000e+03 9.333000000e+03 
9.038000000e+03 9.410000000e+03 
9.451000000e+03 9.236000000e+03 
9.623000000e+03 9.163000000e+03 
9.565000000e+03 9.170000000e+03 
8.794000000e+03 9.598000000e+03 
8.924000000e+03 9.472000000e+03 

9.599000000e+03 9.185000000e+03 
9.930000000e+03 9.070000000e+03 
9.347000000e+03 9.348000000e+03 
9.695000000e+03 9.091000000e+03 
9.412000000e+03 9.332000000e+03 
9.169000000e+03 9.453000000e+03 
9.347000000e+03 9.348000000e+03 
9.127000000e+03 9.499000000e+03 
9.930000000e+03 9.070000000e+03 
9.400000000e+03 9.333000000e+03 
9.286000000e+03 9.350000000e+03 
9.655000000e+03 9.165000000e+03 
9.930000000e+03 9.070000000e+03 
9.533000000e+03 9.205000000e+03 
9.392000000e+03 9.337000000e+03 
9.428000000e+03 9.245000000e+03 

9.235000000e+03 8.852000000e+03 
9.170000000e+03 8.988000000e+03 
9.009000000e+03 9.198000000e+03 
9.030000000e+03 9.123000000e+03 
9.376000000e+03 8.849000000e+03 
9.450000000e+03 8.768000000e+03 
9.203000000e+03 8.894000000e+03 
9.203000000e+03 8.894000000e+03 
9.035000000e+03 9.091000000e+03 
9.460000000e+03 8.758000000e+03 
8.944000000e+03 9.222000000e+03 
9.203000000e+03 8.894000000e+03 
9.214000000e+03 8.889000000e+03 
9.536000000e+03 8.738000000e+03 
9.030000000e+03 9.123000000e+03 
9.184000000e+03 8.980000000e+03 
9.009000000e+03 9.198000000e+03 
9.214000000e+03 8.889000000e+03 
9.203000000e+03 8.894000000e+03 
9.536000000e+03 8.738000000e+03 
9.586000000e+03 8.667000000e+03 
9.707000000e+03 8.646000000e+03 
9.419000000e+03 8.829000000e+03 

1.008900000e+04 9.291000000e+03 
9.760000000e+03 9.700000000e+03 
9.523000000e+03 1.005500000e+04 
9.538000000e+03 1.001700000e+04 
1.008500000e+04 9.306000000e+03 
9.692000000e+03 9.743000000e+03 
9.588000000e+03 9.829000000e+03 
1.025300000e+04 9.281000000e+03 
9.899000000e+03 9.448000000e+03 
9.738000000e+03 9.713000000e+03 
9.571000000e+03 9.888000000e+03 
1.002300000e+04 9.373000000e+03 
9.681000000e+03 9.744000000e+03 
1.033200000e+04 9.207000000e+03 
9.779000000e+03 9.662000000e+03 
9.792000000e+03 9.570000000e+03 
9.692000000e+03 9.743000000e+03 
9.938000000e+03 9.429000000e+03 
9.833000000e+03 9.459000000e+03 
9.708000000e+03 9.726000000e+03 
9.518000000e+03 1.010000000e+04 
9.996000000e+03 9.417000000e+03 

8.914000000e+03 9.505000000e+03 
8.686000000e+03 9.821000000e+03 
8.905000000e+03 9.681000000e+03 
9.115000000e+03 9.481000000e+03 
8.630000000e+03 1.029300000e+04 
9.241000000e+03 9.413000000e+03 
8.934000000e+03 9.500000000e+03 
9.295000000e+03 9.383000000e+03 
8.904000000e+03 9.693000000e+03 
8.626000000e+03 1.031400000e+04 
9.283000000e+03 9.403000000e+03 
8.677000000e+03 1.028300000e+04 
8.837000000e+03 9.720000000e+03 
8.829000000e+03 9.819000000e+03 
9.179000000e+03 9.427000000e+03 
9.222000000e+03 9.417000000e+03 

9.133000000e+03 9.337000000e+03 
9.294000000e+03 9.132000000e+03 
9.318000000e+03 9.067000000e+03 
9.352000000e+03 9.027000000e+03 
9.192000000e+03 9.239000000e+03 
9.256000000e+03 9.168000000e+03 
9.129000000e+03 9.388000000e+03 
9.201000000e+03 9.191000000e+03 
9.307000000e+03 9.126000000e+03 
9.352000000e+03 9.027000000e+03 
9.307000000e+03 9.126000000e+03 
9.113000000e+03 9.426000000e+03 
9.830000000e+03 8.990000000e+03 
9.088000000e+03 9.452000000e+03 

8.705000000e+03 9.833000000e+03 
8.461000000e+03 9.896000000e+03 
8.585000000e+03 9.842000000e+03 
8.908000000e+03 9.627000000e+03 
8.660000000e+03 9.834000000e+03 
8.783000000e+03 9.724000000e+03 
8.393000000e+03 1.035500000e+04 
8.716000000e+03 9.745000000e+03 
8.714000000e+03 9.785000000e+03 
8.461000000e+03 9.896000000e+03 
8.789000000e+03 9.631000000e+03 
8.783000000e+03 9.724000000e+03 
8.585000000e+03 9.842000000e+03 
8.585000000e+03 9.842000000e+03 
8.461000000e+03 9.896000000e+03 

9.215000000e+03 9.353000000e+03 
9.271000000e+03 9.281000000e+03 
9.393000000e+03 9.040000000e+03 
9.191000000e+03 9.376000000e+03 
9.575000000e+03 8.933000000e+03 
9.425000000e+03 9.026000000e+03 
9.819000000e+03 8.915000000e+03 
9.277000000e+03 9.124000000e+03 
9.245000000e+03 9.338000000e+03 
9.293000000e+03 9.044000000e+03 

9.857000000e+03 9.479000000e+03 
1.014100000e+04 9.328000000e+03 
1.000500000e+04 9.415000000e+03 
9.826000000e+03 9.661000000e+03 
9.854000000e+03 9.552000000e+03 
9.736000000e+03 9.923000000e+03 
9.798000000e+03 9.732000000e+03 
9.768000000e+03 9.745000000e+03 
9.933000000e+03 9.441000000e+03 
9.738000000e+03 9.807000000e+03 
9.872000000e+03 9.462000000e+03 
1.029000000e+04 9.301000000e+03 
1.029900000e+04 9.243000000e+03 
1.001000000e+04 9.342000000e+03 
1.022300000e+04 9.325000000e+03 

9.125000000e+03 1.002900000e+04 
8.785000000e+03 1.033100000e+04 
9.999000000e+03 9.513000000e+03 
9.758000000e+03 9.636000000e+03 
9.125000000e+03 1.002900000e+04 
9.428000000e+03 9.830000000e+03 
9.563000000e+03 9.752000000e+03 
9.657000000e+03 9.737000000e+03 
9.563000000e+03 9.752000000e+03 
9.500000000e+03 9.760000000e+03 
9.125000000e+03 1.002900000e+04 
9.308000000e+03 9.905000000e+03 
8.808000000e+03 1.031300000e+04 
9.439000000e+03 9.780000000e+03 
9.331000000e+03 9.856000000e+03 
9.072000000e+03 1.007800000e+04 
8.808000000e+03 1.031300000e+04 
8.910000000e+03 1.020600000e+04 
8.791000000e+03 1.032200000e+04 
9.698000000e+03 9.668000000e+03 
9.428000000e+03 9.830000000e+03 
8.841000000e+03 1.025600000e+04 
8.966000000e+03 1.008900000e+04 
9.187000000e+03 9.917000000e+03 
8.942000000e+03 1.018000000e+04 
9.102000000e+03 1.004600000e+04 
9.137000000e+03 9.966000000e+03 
9.825000000e+03 9.616000000e+03 

9.088000000e+03 8.465000000e+03 
8.753000000e+03 8.972000000e+03 
8.735000000e+03 9.058000000e+03 
9.088000000e+03 8.465000000e+03 
8.972000000e+03 8.584000000e+03 
9.024000000e+03 8.561000000e+03 
8.873000000e+03 8.707000000e+03 
8.777000000e+03 8.774000000e+03 
8.699000000e+03 9.102000000e+03 
8.656000000e+03 9.180000000e+03 
8.870000000e+03 8.718000000e+03 
8.699000000e+03 9.102000000e+03 
8.738000000e+03 9.046000000e+03 
9.135000000e+03 8.455000000e+03 
9.045000000e+03 8.522000000e+03 
8.894000000e+03 8.701000000e+03 
8.903000000e+03 8.626000000e+03 
8.967000000e+03 8.608000000e+03 
8.755000000e+03 8.847000000e+03 
8.901000000e+03 8.683000000e+03 
8.829000000e+03 8.747000000e+03 

9.286000000e+03 9.743000000e+03 
9.341000000e+03 9.691000000e+03 
9.157000000e+03 9.895000000e+03 
8.997000000e+03 1.038400000e+04 
9.012000000e+03 1.036600000e+04 
9.200000000e+03 9.840000000e+03 
9.082000000e+03 1.020200000e+04 
9.086000000e+03 1.014600000e+04 
9.003000000e+03 1.038000000e+04 
9.143000000e+03 1.000600000e+04 
9.487000000e+03 9.568000000e+03 
9.265000000e+03 9.794000000e+03 
9.215000000e+03 9.832000000e+03 
9.379000000e+03 9.613000000e+03 
9.145000000e+03 9.994000000e+03 
9.030000000e+03 1.021900000e+04 
9.100000000e+03 1.005700000e+04 

9.133000000e+03 1.004400000e+04 
9.117000000e+03 1.014000000e+04 
9.129000000e+03 1.011100000e+04 
9.150000000e+03 9.962000000e+03 
9.063000000e+03 1.061100000e+04 
9.409000000e+03 9.569000000e+03 
9.157000000e+03 9.955000000e+03 
9.133000000e+03 1.004400000e+04 
9.066000000e+03 1.014600000e+04 
9.129000000e+03 1.011100000e+04 
9.063000000e+03 1.061100000e+04 
9.245000000e+03 9.691000000e+03 
9.129000000e+03 1.011100000e+04 
9.393000000e+03 9.689000000e+03 
9.133000000e+03 1.004400000e+04 
9.129000000e+03 1.011100000e+04 
9.398000000e+03 9.652000000e+03 
9.120000000e+03 1.013200000e+04 
9.063000000e+03 1.061100000e+04 
9.183000000e+03 9.886000000e+03 
9.552000000e+03 9.517000000e+03 
9.214000000e+03 9.837000000e+03 

9.919000000e+03 9.319000000e+03 
1.023500000e+04 9.142000000e+03 
9.807000000e+03 9.605000000e+03 
1.008700000e+04 9.181000000e+03 
1.043600000e+04 9.003000000e+03 
1.055700000e+04 8.974000000e+03 
9.907000000e+03 9.477000000e+03 
9.792000000e+03 9.619000000e+03 
1.023700000e+04 9.093000000e+03 
1.002500000e+04 9.285000000e+03 
1.030600000e+04 9.091000000e+03 
1.033600000e+04 9.018000000e+03 
1.032600000e+04 9.042000000e+03 
1.039600000e+04 9.005000000e+03 
1.008700000e+04 9.181000000e+03 
1.023500000e+04 9.142000000e+03 
9.813000000e+03 9.553000000e+03 
9.827000000e+03 9.484000000e+03 
9.907000000e+03 9.477000000e+03 
1.005900000e+04 9.210000000e+03 
1.053700000e+04 8.984000000e+03 
1.017700000e+04 9.144000000e+03 
1.033600000e+04 9.018000000e+03 
1.062200000e+04 8.928000000e+03 
9.918000000e+03 9.367000000e+03 
1.007300000e+04 9.198000000e+03 
9.949000000e+03 9.287000000e+03 
1.023700000e+04 9.093000000e+03 
1.030600000e+04 9.091000000e+03 
1.032600000e+04 9.042000000e+03 

9.485000000e+03 9.209000000e+03 
9.935000000e+03 9.042000000e+03 
9.514000000e+03 9.146000000e+03 
9.485000000e+03 9.209000000e+03 
9.415000000e+03 9.950000000e+03 
9.991000000e+03 9.018000000e+03 
9.696000000e+03 9.089000000e+03 
9.890000000e+03 9.068000000e+03 
9.935000000e+03 9.042000000e+03 
1.005400000e+04 9.007000000e+03 
9.417000000e+03 9.460000000e+03 
9.934000000e+03 9.066000000e+03 

9.465000000e+03 8.704000000e+03 
9.583000000e+03 8.646000000e+03 
9.555000000e+03 8.665000000e+03 
9.158000000e+03 8.910000000e+03 
9.126000000e+03 8.954000000e+03 
8.933000000e+03 9.235000000e+03 
8.988000000e+03 9.133000000e+03 
9.020000000e+03 9.046000000e+03 
9.382000000e+03 8.798000000e+03 
9.263000000e+03 8.866000000e+03 
9.072000000e+03 8.967000000e+03 
9.037000000e+03 9.031000000e+03 
9.589000000e+03 8.598000000e+03 
9.285000000e+03 8.809000000e+03 

9.392000000e+03 9.397000000e+03 
9.643000000e+03 9.317000000e+03 
9.218000000e+03 9.588000000e+03 
9.566000000e+03 9.340000000e+03 
9.095000000e+03 9.819000000e+03 
9.488000000e+03 9.379000000e+03 
9.393000000e+03 9.381000000e+03 
9.071000000e+03 1.004500000e+04 
9.546000000e+03 9.360000000e+03 
9.203000000e+03 9.598000000e+03 
9.126000000e+03 9.682000000e+03 
9.684000000e+03 9.264000000e+03 
1.005100000e+04 9.153000000e+03 
9.242000000e+03 9.569000000e+03 
9.683000000e+03 9.305000000e+03 
9.230000000e+03 9.575000000e+03 
9.872000000e+03 9.223000000e+03 
9.738000000e+03 9.240000000e+03 
9.691000000e+03 9.244000000e+03 
9.392000000e+03 9.397000000e+03 
9.278000000e+03 9.468000000e+03 
9.096000000e+03 9.783000000e+03 
9.095000000e+03 9.819000000e+03 
9.522000000e+03 9.366000000e+03 

9.583000000e+03 9.263000000e+03 
9.747000000e+03 9.183000000e+03 
9.575000000e+03 9.295000000e+03 
9.654000000e+03 9.216000000e+03 
9.680000000e+03 9.195000000e+03 
1.004600000e+04 9.040000000e+03 
9.467000000e+03 9.357000000e+03 
9.956000000e+03 9.150000000e+03 
9.583000000e+03 9.263000000e+03 
9.861000000e+03 9.159000000e+03 
9.642000000e+03 9.219000000e+03 
9.593000000e+03 9.253000000e+03 
9.988000000e+03 9.132000000e+03 
9.459000000e+03 9.436000000e+03 
9.519000000e+03 9.315000000e+03 
9.586000000e+03 9.256000000e+03 
9.575000000e+03 9.295000000e+03 
9.834000000e+03 9.180000000e+03 
1.004600000e+04 9.040000000e+03 
9.501000000e+03 9.354000000e+03 

9.476000000e+03 9.525000000e+03 
9.095000000e+03 1.015600000e+04 
9.588000000e+03 9.457000000e+03 
9.113000000e+03 9.917000000e+03 
9.449000000e+03 9.568000000e+03 
9.828000000e+03 9.349000000e+03 
9.332000000e+03 9.661000000e+03 
9.239000000e+03 9.707000000e+03 
9.195000000e+03 9.815000000e+03 
9.134000000e+03 9.839000000e+03 
9.173000000e+03 9.837000000e+03 
9.493000000e+03 9.511000000e+03 
9.712000000e+03 9.367000000e+03 
9.419000000e+03 9.610000000e+03 
9.173000000e+03 9.837000000e+03 
9.563000000e+03 9.491000000e+03 
9.828000000e+03 9.349000000e+03 
9.532000000e+03 9.505000000e+03 
9.363000000e+03 9.618000000e+03 
9.566000000e+03 9.479000000e+03 
9.652000000e+03 9.378000000e+03 
9.211000000e+03 9.802000000e+03 
9.604000000e+03 9.442000000e+03 

9.344000000e+03 9.530000000e+03 
9.220000000e+03 9.734000000e+03 
9.251000000e+03 9.671000000e+03 
9.616000000e+03 9.223000000e+03 
9.487000000e+03 9.425000000e+03 
9.406000000e+03 9.521000000e+03 
9.775000000e+03 9.191000000e+03 
9.600000000e+03 9.260000000e+03 
9.501000000e+03 9.392000000e+03 
9.517000000e+03 9.385000000e+03 
9.520000000e+03 9.299000000e+03 
9.600000000e+03 9.260000000e+03 
9.417000000e+03 9.460000000e+03 
9.259000000e+03 9.656000000e+03 

8.930000000e+03 9.326000000e+03 
9.355000000e+03 8.823000000e+03 
9.089000000e+03 8.944000000e+03 
9.083000000e+03 8.972000000e+03 
9.067000000e+03 9.013000000e+03 
9.240000000e+03 8.891000000e+03 
9.276000000e+03 8.862000000e+03 
8.878000000e+03 9.376000000e+03 
9.069000000e+03 8.998000000e+03 
8.947000000e+03 9.295000000e+03 
8.995000000e+03 9.076000000e+03 
8.878000000e+03 9.376000000e+03 
9.062000000e+03 9.030000000e+03 
9.125000000e+03 8.919000000e+03 
8.863000000e+03 9.625000000e+03 
8.968000000e+03 9.218000000e+03 
8.873000000e+03 9.502000000e+03 
9.006000000e+03 9.040000000e+03 

1.011400000e+04 8.854000000e+03 
9.979000000e+03 8.856000000e+03 
9.728000000e+03 8.890000000e+03 
9.565000000e+03 8.923000000e+03 
9.979000000e+03 8.856000000e+03 
9.409000000e+03 9.123000000e+03 
1.029300000e+04 8.846000000e+03 
9.979000000e+03 8.856000000e+03 
9.498000000e+03 9.011000000e+03 
9.979000000e+03 8.856000000e+03 
9.750000000e+03 8.883000000e+03 
9.456000000e+03 9.071000000e+03 
9.672000000e+03 8.902000000e+03 
9.489000000e+03 9.049000000e+03 
9.780000000e+03 8.881000000e+03 

9.339000000e+03 8.840000000e+03 
9.729000000e+03 8.761000000e+03 
9.416000000e+03 8.836000000e+03 
9.267000000e+03 8.931000000e+03 
9.475000000e+03 8.774000000e+03 
9.736000000e+03 8.717000000e+03 
9.257000000e+03 9.108000000e+03 
9.416000000e+03 8.836000000e+03 
9.196000000e+03 9.150000000e+03 

