1.098600000e+04 1.020600000e+04 
1.069300000e+04 1.028600000e+04 
1.027700000e+04 1.077100000e+04 
1.066200000e+04 1.039200000e+04 
1.025500000e+04 1.099100000e+04 
1.034300000e+04 1.047900000e+04 
1.025900000e+04 1.095800000e+04 
1.067100000e+04 1.034400000e+04 
1.041000000e+04 1.042200000e+04 
1.086100000e+04 1.026600000e+04 
1.075800000e+04 1.028200000e+04 
1.088200000e+04 1.023000000e+04 
1.099500000e+04 1.016000000e+04 
1.143100000e+04 1.015800000e+04 
1.038900000e+04 1.045100000e+04 
1.064500000e+04 1.040100000e+04 
1.029700000e+04 1.065600000e+04 
1.075800000e+04 1.028200000e+04 
1.069300000e+04 1.028600000e+04 

1.070000000e+04 1.070900000e+04 
1.105500000e+04 1.055200000e+04 
1.026100000e+04 1.130200000e+04 
1.049800000e+04 1.113000000e+04 
1.048200000e+04 1.122500000e+04 
1.100100000e+04 1.060700000e+04 
1.055300000e+04 1.107400000e+04 
1.052600000e+04 1.108400000e+04 
1.057300000e+04 1.084600000e+04 
1.031700000e+04 1.123400000e+04 

1.080700000e+04 1.211000000e+04 
1.085100000e+04 1.176500000e+04 
1.105900000e+04 1.125400000e+04 
1.128700000e+04 1.116800000e+04 
1.134700000e+04 1.115700000e+04 
1.107700000e+04 1.121800000e+04 
1.147200000e+04 1.085600000e+04 
1.114100000e+04 1.119900000e+04 
1.095400000e+04 1.127700000e+04 
1.140100000e+04 1.113400000e+04 
1.074200000e+04 1.224100000e+04 
1.142500000e+04 1.089800000e+04 
1.114900000e+04 1.118000000e+04 

1.102300000e+04 1.102300000e+04 
1.167800000e+04 1.075100000e+04 
1.109300000e+04 1.090200000e+04 
1.196400000e+04 1.072400000e+04 

1.090600000e+04 1.014400000e+04 
1.099100000e+04 9.731000000e+03 
1.095800000e+04 9.961000000e+03 
1.075100000e+04 1.022000000e+04 
1.068700000e+04 1.024200000e+04 
1.097300000e+04 9.788000000e+03 
1.082400000e+04 1.019200000e+04 
1.137500000e+04 9.642000000e+03 
1.094200000e+04 9.986000000e+03 
1.093600000e+04 1.010200000e+04 
1.131500000e+04 9.652000000e+03 
1.142800000e+04 9.618000000e+03 
1.080700000e+04 1.019400000e+04 

1.055800000e+04 1.037800000e+04 
1.076500000e+04 1.033500000e+04 
1.110400000e+04 1.027300000e+04 
1.039400000e+04 1.069400000e+04 

1.073400000e+04 1.095300000e+04 
1.068700000e+04 1.103500000e+04 
1.056300000e+04 1.129400000e+04 
1.087100000e+04 1.069800000e+04 
1.050800000e+04 1.129500000e+04 
1.074100000e+04 1.080100000e+04 
1.057500000e+04 1.114400000e+04 
1.124800000e+04 1.042900000e+04 
1.059700000e+04 1.111200000e+04 
1.094700000e+04 1.063900000e+04 
1.050400000e+04 1.131500000e+04 
1.068700000e+04 1.103500000e+04 
1.094800000e+04 1.045400000e+04 
1.050100000e+04 1.144300000e+04 

1.038900000e+04 1.146200000e+04 
1.107700000e+04 1.086300000e+04 
1.128100000e+04 1.075300000e+04 
1.046800000e+04 1.118200000e+04 
1.052600000e+04 1.106500000e+04 
1.083500000e+04 1.087300000e+04 

1.111200000e+04 1.055100000e+04 
1.121400000e+04 1.054700000e+04 
1.151600000e+04 1.044700000e+04 
1.105300000e+04 1.067700000e+04 
1.156500000e+04 1.044300000e+04 
1.102600000e+04 1.085900000e+04 
1.147600000e+04 1.049000000e+04 
1.097200000e+04 1.096900000e+04 
1.134700000e+04 1.049800000e+04 
1.093500000e+04 1.101100000e+04 
1.109600000e+04 1.067500000e+04 

1.079700000e+04 1.031900000e+04 
1.090600000e+04 1.024300000e+04 
1.101000000e+04 1.013600000e+04 
1.079200000e+04 1.036800000e+04 
1.039300000e+04 1.077800000e+04 
1.041000000e+04 1.060400000e+04 
1.048800000e+04 1.054800000e+04 
1.055600000e+04 1.052400000e+04 
1.068100000e+04 1.041800000e+04 

1.108500000e+04 1.123700000e+04 
1.086700000e+04 1.151200000e+04 
1.113000000e+04 1.093100000e+04 
1.150800000e+04 1.066400000e+04 
1.109100000e+04 1.114300000e+04 
1.196200000e+04 1.057000000e+04 
1.190100000e+04 1.059900000e+04 
1.144200000e+04 1.081100000e+04 
1.088700000e+04 1.134500000e+04 
1.134300000e+04 1.088100000e+04 
1.193500000e+04 1.058100000e+04 
1.101300000e+04 1.128500000e+04 
1.172500000e+04 1.065000000e+04 

1.069600000e+04 1.074300000e+04 
1.076100000e+04 1.064000000e+04 
1.041200000e+04 1.084000000e+04 
1.074300000e+04 1.072200000e+04 
1.069600000e+04 1.074300000e+04 
1.050200000e+04 1.080800000e+04 
1.025700000e+04 1.151500000e+04 
1.028200000e+04 1.106700000e+04 
1.074100000e+04 1.074200000e+04 
1.088700000e+04 1.060400000e+04 
1.042800000e+04 1.083100000e+04 
1.038900000e+04 1.099400000e+04 
1.039000000e+04 1.091200000e+04 
1.061600000e+04 1.076600000e+04 

1.071000000e+04 1.046300000e+04 
1.091300000e+04 1.035900000e+04 
1.058600000e+04 1.067400000e+04 

1.001400000e+04 1.161200000e+04 
1.021800000e+04 1.132100000e+04 
1.018400000e+04 1.138700000e+04 
9.833000000e+03 1.187900000e+04 
9.894000000e+03 1.166900000e+04 
1.016000000e+04 1.150100000e+04 
1.019900000e+04 1.133000000e+04 
1.043100000e+04 1.103300000e+04 
1.028700000e+04 1.118300000e+04 
1.149300000e+04 1.101900000e+04 

1.053300000e+04 1.096000000e+04 
1.046900000e+04 1.108200000e+04 
1.067400000e+04 1.089400000e+04 
1.129700000e+04 1.044600000e+04 
1.124900000e+04 1.051100000e+04 
1.086800000e+04 1.068300000e+04 
1.126800000e+04 1.050500000e+04 
1.073000000e+04 1.074200000e+04 
1.070200000e+04 1.086400000e+04 
1.099300000e+04 1.062300000e+04 
1.116900000e+04 1.055200000e+04 

1.142900000e+04 1.098800000e+04 
1.139700000e+04 1.099400000e+04 
1.124000000e+04 1.106700000e+04 
1.161800000e+04 1.087100000e+04 
1.167900000e+04 1.083800000e+04 
1.152400000e+04 1.097700000e+04 
1.139600000e+04 1.102400000e+04 
1.101400000e+04 1.182000000e+04 
1.107800000e+04 1.112400000e+04 
1.152900000e+04 1.092900000e+04 
1.105500000e+04 1.137000000e+04 
1.164900000e+04 1.085200000e+04 

1.093200000e+04 1.105900000e+04 
1.058500000e+04 1.129500000e+04 
1.039200000e+04 1.185800000e+04 
1.131300000e+04 1.103600000e+04 
1.066200000e+04 1.119000000e+04 
1.049300000e+04 1.160000000e+04 
1.075900000e+04 1.107700000e+04 
1.050200000e+04 1.149100000e+04 
1.061000000e+04 1.128400000e+04 
1.063900000e+04 1.121400000e+04 
1.069100000e+04 1.109600000e+04 

1.017600000e+04 1.052800000e+04 
1.054600000e+04 1.038900000e+04 
1.035700000e+04 1.045400000e+04 
1.038300000e+04 1.044800000e+04 
1.030900000e+04 1.050900000e+04 
1.053900000e+04 1.041200000e+04 
1.057600000e+04 1.037500000e+04 
1.089800000e+04 1.015200000e+04 
1.061100000e+04 1.037100000e+04 
1.064600000e+04 1.015300000e+04 

1.105900000e+04 1.143000000e+04 
1.123100000e+04 1.131600000e+04 
1.086600000e+04 1.163500000e+04 
1.127000000e+04 1.130900000e+04 
1.154000000e+04 1.118500000e+04 
1.127000000e+04 1.130900000e+04 
1.154000000e+04 1.118500000e+04 
1.084200000e+04 1.163700000e+04 
1.063900000e+04 1.164600000e+04 
1.092600000e+04 1.145900000e+04 
1.147200000e+04 1.121800000e+04 

1.094500000e+04 1.110300000e+04 
1.041900000e+04 1.199000000e+04 
1.066600000e+04 1.121000000e+04 
1.052300000e+04 1.196600000e+04 
1.065400000e+04 1.128000000e+04 
1.088600000e+04 1.112300000e+04 

1.209600000e+04 1.026500000e+04 
1.136300000e+04 1.109000000e+04 
1.149200000e+04 1.082200000e+04 
1.135000000e+04 1.134200000e+04 
1.206600000e+04 1.037200000e+04 
1.157100000e+04 1.060100000e+04 
1.206600000e+04 1.037200000e+04 
1.206700000e+04 1.030600000e+04 
1.135700000e+04 1.110700000e+04 
1.141600000e+04 1.089500000e+04 
1.138700000e+04 1.105400000e+04 
1.149200000e+04 1.082200000e+04 
1.193900000e+04 1.053200000e+04 
1.205100000e+04 1.042400000e+04 
1.138900000e+04 1.099000000e+04 

1.128100000e+04 1.036300000e+04 
1.119900000e+04 1.037900000e+04 
1.088900000e+04 1.084100000e+04 
1.092200000e+04 1.071700000e+04 
1.118900000e+04 1.054500000e+04 
1.084200000e+04 1.086200000e+04 
1.078900000e+04 1.153500000e+04 
1.126900000e+04 1.037500000e+04 
1.119900000e+04 1.037900000e+04 
1.100300000e+04 1.056600000e+04 
1.136100000e+04 1.021500000e+04 

1.077100000e+04 1.064100000e+04 
1.089100000e+04 1.049700000e+04 
1.073900000e+04 1.079600000e+04 
1.083500000e+04 1.054800000e+04 
1.094400000e+04 9.987000000e+03 
1.072300000e+04 1.110300000e+04 
1.072700000e+04 1.095400000e+04 
1.090700000e+04 1.041800000e+04 
1.077100000e+04 1.064100000e+04 

1.078700000e+04 1.068800000e+04 
1.046700000e+04 1.112200000e+04 
1.032700000e+04 1.121500000e+04 
1.057300000e+04 1.092400000e+04 
1.065300000e+04 1.078900000e+04 
1.076700000e+04 1.072800000e+04 
1.009600000e+04 1.152500000e+04 
1.082900000e+04 1.066700000e+04 

1.140800000e+04 1.066200000e+04 
1.139300000e+04 1.075800000e+04 
1.177600000e+04 1.062300000e+04 
1.139300000e+04 1.075800000e+04 
1.122700000e+04 1.093100000e+04 
1.136200000e+04 1.078700000e+04 
1.139400000e+04 1.074200000e+04 
1.124500000e+04 1.084900000e+04 

1.039100000e+04 1.148900000e+04 
1.086500000e+04 1.113000000e+04 
1.041000000e+04 1.146500000e+04 
1.067100000e+04 1.113800000e+04 
1.100100000e+04 1.099700000e+04 
1.086500000e+04 1.113000000e+04 
1.089100000e+04 1.111300000e+04 
1.050200000e+04 1.117100000e+04 
1.093400000e+04 1.106800000e+04 

1.095200000e+04 1.078500000e+04 
1.086000000e+04 1.092100000e+04 
1.103000000e+04 1.077600000e+04 
1.077700000e+04 1.125900000e+04 
1.070900000e+04 1.148400000e+04 
1.123100000e+04 1.073300000e+04 
1.084900000e+04 1.116500000e+04 
1.086100000e+04 1.084800000e+04 
1.074500000e+04 1.141900000e+04 
1.130700000e+04 1.071300000e+04 

1.051800000e+04 1.097800000e+04 
1.089900000e+04 1.042800000e+04 
1.085100000e+04 1.044000000e+04 
1.056800000e+04 1.086600000e+04 
1.089200000e+04 1.043000000e+04 
1.102100000e+04 1.035100000e+04 
1.068800000e+04 1.062200000e+04 
1.065900000e+04 1.085600000e+04 
1.072800000e+04 1.048600000e+04 
1.141500000e+04 1.029500000e+04 

1.081700000e+04 1.143000000e+04 
1.095200000e+04 1.097700000e+04 
1.137800000e+04 1.035600000e+04 
1.088700000e+04 1.129600000e+04 
1.105100000e+04 1.057100000e+04 
1.103600000e+04 1.068900000e+04 
1.152000000e+04 1.030200000e+04 
1.094200000e+04 1.098700000e+04 
1.174300000e+04 1.024400000e+04 
1.135000000e+04 1.054500000e+04 
1.083600000e+04 1.132900000e+04 
1.103600000e+04 1.068900000e+04 
1.103300000e+04 1.089500000e+04 
1.137000000e+04 1.045500000e+04 
1.117900000e+04 1.056500000e+04 

1.096900000e+04 1.050600000e+04 
1.076200000e+04 1.050700000e+04 
1.101500000e+04 1.032500000e+04 

