9.872000000e+03 8.706000000e+03 
9.856000000e+03 8.720000000e+03 
9.147000000e+03 9.019000000e+03 
9.381000000e+03 8.831000000e+03 
9.106000000e+03 9.057000000e+03 
8.970000000e+03 9.131000000e+03 
9.902000000e+03 8.696000000e+03 
9.731000000e+03 8.734000000e+03 
9.177000000e+03 9.000000000e+03 
9.607000000e+03 8.745000000e+03 
9.102000000e+03 9.085000000e+03 
9.252000000e+03 8.894000000e+03 
9.396000000e+03 8.812000000e+03 
9.092000000e+03 9.086000000e+03 
9.102000000e+03 9.085000000e+03 
9.860000000e+03 8.719000000e+03 
8.954000000e+03 9.156000000e+03 
9.106000000e+03 9.057000000e+03 
9.177000000e+03 9.000000000e+03 
9.579000000e+03 8.805000000e+03 
9.177000000e+03 9.000000000e+03 
9.762000000e+03 8.721000000e+03 
9.209000000e+03 8.952000000e+03 
8.954000000e+03 9.156000000e+03 
9.177000000e+03 9.000000000e+03 
9.396000000e+03 8.812000000e+03 
9.147000000e+03 9.019000000e+03 
8.954000000e+03 9.156000000e+03 
9.177000000e+03 9.000000000e+03 
9.136000000e+03 9.052000000e+03 
9.102000000e+03 9.085000000e+03 
9.184000000e+03 8.976000000e+03 
9.921000000e+03 8.680000000e+03 
9.026000000e+03 9.095000000e+03 
9.252000000e+03 8.894000000e+03 
9.252000000e+03 8.894000000e+03 

9.002000000e+03 9.252000000e+03 
8.686000000e+03 9.909000000e+03 
8.722000000e+03 9.792000000e+03 
8.800000000e+03 9.673000000e+03 
9.294000000e+03 9.048000000e+03 
8.944000000e+03 9.293000000e+03 
8.879000000e+03 9.358000000e+03 
8.722000000e+03 9.792000000e+03 
9.344000000e+03 9.012000000e+03 
8.722000000e+03 9.792000000e+03 
8.738000000e+03 9.754000000e+03 
9.034000000e+03 9.209000000e+03 
8.944000000e+03 9.293000000e+03 
8.805000000e+03 9.476000000e+03 
8.688000000e+03 9.842000000e+03 
9.344000000e+03 9.012000000e+03 
8.751000000e+03 9.719000000e+03 
9.060000000e+03 9.179000000e+03 
9.146000000e+03 9.109000000e+03 
9.082000000e+03 9.169000000e+03 
9.381000000e+03 8.999000000e+03 
8.975000000e+03 9.270000000e+03 
8.887000000e+03 9.310000000e+03 
9.242000000e+03 9.072000000e+03 
8.724000000e+03 9.766000000e+03 
8.703000000e+03 9.821000000e+03 
8.806000000e+03 9.442000000e+03 
8.688000000e+03 9.842000000e+03 
8.864000000e+03 9.418000000e+03 
9.114000000e+03 9.164000000e+03 
8.721000000e+03 9.810000000e+03 
8.710000000e+03 9.813000000e+03 
9.474000000e+03 8.909000000e+03 
9.452000000e+03 8.954000000e+03 
8.995000000e+03 9.266000000e+03 
9.560000000e+03 8.868000000e+03 
9.021000000e+03 9.250000000e+03 

9.091000000e+03 9.614000000e+03 
9.338000000e+03 9.422000000e+03 
9.403000000e+03 9.356000000e+03 
9.192000000e+03 9.486000000e+03 
9.128000000e+03 9.579000000e+03 
9.410000000e+03 9.336000000e+03 
9.067000000e+03 9.745000000e+03 
9.056000000e+03 9.795000000e+03 
9.192000000e+03 9.486000000e+03 
9.342000000e+03 9.412000000e+03 
9.192000000e+03 9.486000000e+03 
9.543000000e+03 9.331000000e+03 
9.034000000e+03 9.945000000e+03 
9.668000000e+03 9.266000000e+03 
9.202000000e+03 9.426000000e+03 
9.163000000e+03 9.493000000e+03 
9.589000000e+03 9.300000000e+03 
9.392000000e+03 9.386000000e+03 

9.692000000e+03 1.014600000e+04 
9.867000000e+03 9.807000000e+03 
9.726000000e+03 1.000500000e+04 
9.890000000e+03 9.754000000e+03 
9.640000000e+03 1.029600000e+04 
1.027000000e+04 9.585000000e+03 
9.659000000e+03 1.027300000e+04 
9.715000000e+03 1.012900000e+04 
9.622000000e+03 1.033100000e+04 
9.636000000e+03 1.032600000e+04 
9.659000000e+03 1.027300000e+04 
9.662000000e+03 1.015700000e+04 
9.959000000e+03 9.691000000e+03 
1.027000000e+04 9.585000000e+03 
9.641000000e+03 1.028800000e+04 
1.004500000e+04 9.593000000e+03 
9.913000000e+03 9.710000000e+03 
9.577000000e+03 1.034200000e+04 
1.027000000e+04 9.585000000e+03 
1.027900000e+04 9.538000000e+03 
1.029500000e+04 9.518000000e+03 
9.788000000e+03 9.864000000e+03 
1.001600000e+04 9.655000000e+03 
9.700000000e+03 1.014200000e+04 
9.782000000e+03 9.996000000e+03 
9.960000000e+03 9.669000000e+03 
9.906000000e+03 9.752000000e+03 
9.640000000e+03 1.029600000e+04 
1.004400000e+04 9.654000000e+03 

9.390000000e+03 8.923000000e+03 
9.698000000e+03 8.598000000e+03 
9.913000000e+03 8.424000000e+03 
9.316000000e+03 9.233000000e+03 
9.985000000e+03 8.393000000e+03 
9.564000000e+03 8.701000000e+03 
1.011500000e+04 8.312000000e+03 
9.882000000e+03 8.472000000e+03 
9.773000000e+03 8.544000000e+03 
9.735000000e+03 8.547000000e+03 
9.578000000e+03 8.687000000e+03 
9.421000000e+03 8.884000000e+03 
9.702000000e+03 8.587000000e+03 
9.882000000e+03 8.472000000e+03 
9.585000000e+03 8.602000000e+03 
9.569000000e+03 8.695000000e+03 
9.453000000e+03 8.867000000e+03 
9.898000000e+03 8.465000000e+03 
9.994000000e+03 8.359000000e+03 
9.913000000e+03 8.424000000e+03 
9.477000000e+03 8.717000000e+03 
9.735000000e+03 8.547000000e+03 
1.007800000e+04 8.345000000e+03 
9.452000000e+03 8.877000000e+03 
9.340000000e+03 8.975000000e+03 
9.948000000e+03 8.410000000e+03 
9.375000000e+03 8.948000000e+03 
9.446000000e+03 8.878000000e+03 
9.330000000e+03 9.151000000e+03 
9.421000000e+03 8.884000000e+03 
9.774000000e+03 8.475000000e+03 

8.895000000e+03 8.780000000e+03 
8.506000000e+03 9.436000000e+03 
8.574000000e+03 9.122000000e+03 
8.934000000e+03 8.736000000e+03 
8.535000000e+03 9.244000000e+03 
8.931000000e+03 8.775000000e+03 
8.551000000e+03 9.229000000e+03 
8.975000000e+03 8.703000000e+03 
8.895000000e+03 8.780000000e+03 
8.840000000e+03 8.822000000e+03 
8.609000000e+03 8.965000000e+03 
8.534000000e+03 9.300000000e+03 
9.008000000e+03 8.686000000e+03 
8.961000000e+03 8.715000000e+03 
8.737000000e+03 8.864000000e+03 
8.689000000e+03 8.931000000e+03 
8.572000000e+03 9.191000000e+03 
9.016000000e+03 8.671000000e+03 

9.463000000e+03 9.108000000e+03 
9.206000000e+03 9.342000000e+03 
9.228000000e+03 9.255000000e+03 
8.938000000e+03 9.563000000e+03 
8.851000000e+03 9.664000000e+03 
9.165000000e+03 9.379000000e+03 
9.554000000e+03 9.098000000e+03 
9.009000000e+03 9.433000000e+03 
9.319000000e+03 9.170000000e+03 
9.240000000e+03 9.252000000e+03 
9.264000000e+03 9.208000000e+03 
8.929000000e+03 9.580000000e+03 
9.151000000e+03 9.431000000e+03 
8.893000000e+03 9.592000000e+03 
9.376000000e+03 9.164000000e+03 
9.389000000e+03 9.152000000e+03 
9.319000000e+03 9.170000000e+03 
8.885000000e+03 9.597000000e+03 
9.180000000e+03 9.374000000e+03 
9.459000000e+03 9.124000000e+03 
8.926000000e+03 9.587000000e+03 
8.984000000e+03 9.451000000e+03 
9.570000000e+03 8.967000000e+03 
8.950000000e+03 9.471000000e+03 

9.133000000e+03 9.150000000e+03 
8.756000000e+03 9.419000000e+03 
9.093000000e+03 9.165000000e+03 
9.594000000e+03 9.042000000e+03 
9.594000000e+03 9.042000000e+03 
8.961000000e+03 9.253000000e+03 
9.350000000e+03 9.060000000e+03 
9.044000000e+03 9.192000000e+03 
8.742000000e+03 9.512000000e+03 
8.742000000e+03 9.512000000e+03 
8.742000000e+03 9.512000000e+03 
9.078000000e+03 9.188000000e+03 
8.732000000e+03 9.524000000e+03 
9.078000000e+03 9.188000000e+03 
9.042000000e+03 9.216000000e+03 
9.350000000e+03 9.060000000e+03 
9.078000000e+03 9.188000000e+03 
9.314000000e+03 9.084000000e+03 
9.078000000e+03 9.188000000e+03 
8.684000000e+03 9.564000000e+03 
9.246000000e+03 9.105000000e+03 
9.175000000e+03 9.136000000e+03 
8.644000000e+03 9.781000000e+03 
8.830000000e+03 9.343000000e+03 
8.746000000e+03 9.477000000e+03 
8.908000000e+03 9.286000000e+03 

9.267000000e+03 9.121000000e+03 
9.083000000e+03 9.484000000e+03 
9.681000000e+03 8.974000000e+03 
9.054000000e+03 9.632000000e+03 
9.415000000e+03 9.073000000e+03 
9.482000000e+03 9.056000000e+03 
9.114000000e+03 9.448000000e+03 
9.773000000e+03 8.945000000e+03 
9.083000000e+03 9.484000000e+03 
9.083000000e+03 9.484000000e+03 
9.063000000e+03 9.530000000e+03 
9.630000000e+03 9.036000000e+03 
9.773000000e+03 8.945000000e+03 
9.160000000e+03 9.349000000e+03 
9.773000000e+03 8.945000000e+03 
9.153000000e+03 9.379000000e+03 
9.160000000e+03 9.349000000e+03 
9.200000000e+03 9.150000000e+03 

9.043000000e+03 8.833000000e+03 
9.040000000e+03 8.855000000e+03 
8.923000000e+03 8.899000000e+03 
9.076000000e+03 8.812000000e+03 
9.339000000e+03 8.642000000e+03 
8.796000000e+03 9.249000000e+03 
8.923000000e+03 8.899000000e+03 
9.399000000e+03 8.594000000e+03 
9.522000000e+03 8.571000000e+03 
8.833000000e+03 9.232000000e+03 
8.899000000e+03 9.111000000e+03 
8.899000000e+03 9.111000000e+03 
9.533000000e+03 8.550000000e+03 
9.207000000e+03 8.737000000e+03 
8.912000000e+03 9.037000000e+03 
8.810000000e+03 9.237000000e+03 
9.208000000e+03 8.723000000e+03 
8.923000000e+03 8.899000000e+03 
9.138000000e+03 8.754000000e+03 
8.855000000e+03 9.116000000e+03 
9.040000000e+03 8.855000000e+03 
8.810000000e+03 9.237000000e+03 
9.373000000e+03 8.623000000e+03 
8.855000000e+03 9.116000000e+03 
9.040000000e+03 8.855000000e+03 
9.237000000e+03 8.708000000e+03 
9.207000000e+03 8.737000000e+03 
9.176000000e+03 8.744000000e+03 

9.660000000e+03 9.495000000e+03 
9.453000000e+03 9.905000000e+03 
9.730000000e+03 9.443000000e+03 
9.714000000e+03 9.488000000e+03 
1.023600000e+04 9.153000000e+03 
9.365000000e+03 1.006000000e+04 
9.778000000e+03 9.434000000e+03 
9.814000000e+03 9.406000000e+03 
9.612000000e+03 9.508000000e+03 
9.660000000e+03 9.495000000e+03 
9.529000000e+03 9.622000000e+03 
9.453000000e+03 9.905000000e+03 
9.922000000e+03 9.288000000e+03 
9.458000000e+03 9.897000000e+03 
9.459000000e+03 9.887000000e+03 
9.410000000e+03 1.004100000e+04 
9.460000000e+03 9.822000000e+03 
9.314000000e+03 1.029300000e+04 
9.677000000e+03 9.492000000e+03 
1.028500000e+04 9.148000000e+03 
9.814000000e+03 9.406000000e+03 
9.451000000e+03 1.001600000e+04 
9.778000000e+03 9.434000000e+03 
9.778000000e+03 9.434000000e+03 
9.801000000e+03 9.422000000e+03 
9.660000000e+03 9.495000000e+03 
1.017300000e+04 9.183000000e+03 
9.467000000e+03 9.781000000e+03 
1.016700000e+04 9.185000000e+03 
9.817000000e+03 9.301000000e+03 
9.490000000e+03 9.624000000e+03 
1.016700000e+04 9.185000000e+03 
9.660000000e+03 9.495000000e+03 
9.924000000e+03 9.193000000e+03 
9.586000000e+03 9.562000000e+03 

8.742000000e+03 9.591000000e+03 
8.985000000e+03 9.359000000e+03 
8.928000000e+03 9.380000000e+03 
8.469000000e+03 1.021400000e+04 
8.512000000e+03 9.949000000e+03 
8.650000000e+03 9.657000000e+03 
8.650000000e+03 9.657000000e+03 
8.942000000e+03 9.365000000e+03 
8.495000000e+03 1.019800000e+04 
8.512000000e+03 9.949000000e+03 
8.531000000e+03 9.941000000e+03 
9.231000000e+03 9.300000000e+03 
8.560000000e+03 9.806000000e+03 
8.535000000e+03 9.812000000e+03 
9.128000000e+03 9.339000000e+03 
9.231000000e+03 9.300000000e+03 
8.464000000e+03 1.021700000e+04 
8.888000000e+03 9.397000000e+03 
8.741000000e+03 9.596000000e+03 
8.605000000e+03 9.720000000e+03 
8.495000000e+03 1.019800000e+04 
8.791000000e+03 9.427000000e+03 
9.151000000e+03 9.333000000e+03 
8.691000000e+03 9.613000000e+03 
8.743000000e+03 9.470000000e+03 
8.506000000e+03 9.992000000e+03 

9.210000000e+03 8.908000000e+03 
9.073000000e+03 8.983000000e+03 
9.313000000e+03 8.840000000e+03 
9.135000000e+03 8.909000000e+03 
9.093000000e+03 8.973000000e+03 
9.122000000e+03 8.924000000e+03 
9.490000000e+03 8.798000000e+03 
9.084000000e+03 8.981000000e+03 
8.873000000e+03 9.253000000e+03 
9.029000000e+03 9.020000000e+03 
8.994000000e+03 9.061000000e+03 
8.940000000e+03 9.111000000e+03 
9.305000000e+03 8.849000000e+03 

8.852000000e+03 9.504000000e+03 
8.792000000e+03 9.526000000e+03 
8.792000000e+03 9.526000000e+03 
8.322000000e+03 9.971000000e+03 
8.838000000e+03 9.519000000e+03 
8.462000000e+03 9.839000000e+03 
8.905000000e+03 9.475000000e+03 
8.792000000e+03 9.526000000e+03 
8.792000000e+03 9.526000000e+03 
8.523000000e+03 9.667000000e+03 
8.364000000e+03 9.929000000e+03 
8.463000000e+03 9.676000000e+03 
8.854000000e+03 9.500000000e+03 
8.398000000e+03 9.863000000e+03 
8.792000000e+03 9.526000000e+03 
8.865000000e+03 9.486000000e+03 
8.852000000e+03 9.504000000e+03 
8.670000000e+03 9.552000000e+03 
8.374000000e+03 9.916000000e+03 
8.792000000e+03 9.526000000e+03 
8.303000000e+03 1.001600000e+04 
8.852000000e+03 9.504000000e+03 
8.548000000e+03 9.606000000e+03 
8.273000000e+03 1.043400000e+04 
8.462000000e+03 9.839000000e+03 
8.628000000e+03 9.600000000e+03 
8.416000000e+03 9.840000000e+03 
8.344000000e+03 9.954000000e+03 

9.091000000e+03 9.164000000e+03 
9.130000000e+03 9.047000000e+03 
9.188000000e+03 9.011000000e+03 
9.711000000e+03 8.801000000e+03 
9.071000000e+03 9.336000000e+03 
9.539000000e+03 8.818000000e+03 
9.300000000e+03 8.916000000e+03 
9.091000000e+03 9.164000000e+03 
9.139000000e+03 9.039000000e+03 
9.099000000e+03 9.131000000e+03 
9.201000000e+03 8.984000000e+03 
9.501000000e+03 8.835000000e+03 
9.302000000e+03 8.869000000e+03 
9.156000000e+03 9.018000000e+03 
9.782000000e+03 8.775000000e+03 
9.722000000e+03 8.784000000e+03 
9.223000000e+03 8.959000000e+03 

1.003100000e+04 9.169000000e+03 
9.613000000e+03 9.445000000e+03 
9.598000000e+03 9.460000000e+03 
9.613000000e+03 9.445000000e+03 
9.442000000e+03 9.929000000e+03 
9.598000000e+03 9.460000000e+03 
9.706000000e+03 9.341000000e+03 
1.007900000e+04 9.152000000e+03 
9.499000000e+03 9.922000000e+03 
9.598000000e+03 9.460000000e+03 
9.598000000e+03 9.460000000e+03 
9.547000000e+03 9.645000000e+03 
1.010800000e+04 9.020000000e+03 
1.006600000e+04 9.168000000e+03 
9.795000000e+03 9.237000000e+03 
9.613000000e+03 9.445000000e+03 
9.588000000e+03 9.637000000e+03 
9.499000000e+03 9.922000000e+03 
9.598000000e+03 9.460000000e+03 
9.598000000e+03 9.460000000e+03 

8.749000000e+03 1.023500000e+04 
9.038000000e+03 9.946000000e+03 
8.832000000e+03 1.017400000e+04 
9.038000000e+03 9.946000000e+03 
8.869000000e+03 1.002900000e+04 
8.845000000e+03 1.016100000e+04 
9.830000000e+03 9.481000000e+03 
9.380000000e+03 9.638000000e+03 
8.812000000e+03 1.019600000e+04 
8.811000000e+03 1.021400000e+04 
8.914000000e+03 9.994000000e+03 
9.050000000e+03 9.896000000e+03 
9.001000000e+03 9.985000000e+03 
8.843000000e+03 1.017000000e+04 
8.812000000e+03 1.019600000e+04 
9.261000000e+03 9.704000000e+03 
9.085000000e+03 9.828000000e+03 
9.813000000e+03 9.486000000e+03 
8.843000000e+03 1.017000000e+04 
9.824000000e+03 9.483000000e+03 
8.869000000e+03 1.002900000e+04 
8.812000000e+03 1.019600000e+04 
9.912000000e+03 9.423000000e+03 
9.253000000e+03 9.715000000e+03 
9.369000000e+03 9.676000000e+03 
9.898000000e+03 9.424000000e+03 
9.830000000e+03 9.481000000e+03 
9.109000000e+03 9.756000000e+03 
9.442000000e+03 9.625000000e+03 
9.494000000e+03 9.570000000e+03 
9.610000000e+03 9.504000000e+03 

8.687000000e+03 8.615000000e+03 
8.625000000e+03 8.757000000e+03 
8.482000000e+03 8.935000000e+03 
9.166000000e+03 8.361000000e+03 
8.687000000e+03 8.615000000e+03 
8.785000000e+03 8.564000000e+03 
8.637000000e+03 8.695000000e+03 
8.876000000e+03 8.458000000e+03 
8.650000000e+03 8.694000000e+03 
8.875000000e+03 8.467000000e+03 
9.027000000e+03 8.364000000e+03 
9.174000000e+03 8.316000000e+03 
8.953000000e+03 8.396000000e+03 
8.515000000e+03 8.876000000e+03 
8.632000000e+03 8.718000000e+03 
8.687000000e+03 8.615000000e+03 
8.892000000e+03 8.437000000e+03 
8.720000000e+03 8.597000000e+03 
8.562000000e+03 8.873000000e+03 
8.572000000e+03 8.790000000e+03 
8.622000000e+03 8.763000000e+03 
8.888000000e+03 8.442000000e+03 
8.854000000e+03 8.488000000e+03 
8.797000000e+03 8.502000000e+03 

9.196000000e+03 9.558000000e+03 
9.324000000e+03 9.555000000e+03 
9.143000000e+03 9.621000000e+03 
8.979000000e+03 9.865000000e+03 
8.946000000e+03 1.005800000e+04 
9.022000000e+03 9.814000000e+03 
8.899000000e+03 1.012300000e+04 
8.872000000e+03 1.018500000e+04 
9.547000000e+03 9.441000000e+03 
8.749000000e+03 1.025200000e+04 
9.547000000e+03 9.441000000e+03 
8.960000000e+03 9.987000000e+03 
9.086000000e+03 9.716000000e+03 
9.022000000e+03 9.814000000e+03 
9.425000000e+03 9.487000000e+03 
8.969000000e+03 9.870000000e+03 
9.333000000e+03 9.529000000e+03 
9.346000000e+03 9.500000000e+03 
8.865000000e+03 1.023300000e+04 
9.431000000e+03 9.447000000e+03 
8.896000000e+03 1.017200000e+04 
9.140000000e+03 9.688000000e+03 
9.142000000e+03 9.671000000e+03 

9.210000000e+03 9.602000000e+03 
9.273000000e+03 9.547000000e+03 
9.088000000e+03 9.740000000e+03 
9.268000000e+03 9.578000000e+03 
8.956000000e+03 1.019300000e+04 
9.010000000e+03 9.875000000e+03 
8.993000000e+03 9.973000000e+03 
9.019000000e+03 9.837000000e+03 
9.210000000e+03 9.602000000e+03 
9.273000000e+03 9.547000000e+03 
9.149000000e+03 9.617000000e+03 
9.210000000e+03 9.602000000e+03 
9.210000000e+03 9.602000000e+03 
9.041000000e+03 9.812000000e+03 
9.235000000e+03 9.582000000e+03 
9.091000000e+03 9.704000000e+03 
9.210000000e+03 9.602000000e+03 
9.273000000e+03 9.547000000e+03 
9.041000000e+03 9.812000000e+03 
9.124000000e+03 9.701000000e+03 
9.415000000e+03 9.447000000e+03 
8.943000000e+03 1.048900000e+04 
9.055000000e+03 9.756000000e+03 
9.330000000e+03 9.500000000e+03 
8.990000000e+03 1.008600000e+04 
9.210000000e+03 9.602000000e+03 
9.004000000e+03 9.888000000e+03 
8.956000000e+03 1.019300000e+04 
9.124000000e+03 9.701000000e+03 
9.330000000e+03 9.500000000e+03 
9.210000000e+03 9.602000000e+03 

1.019000000e+04 8.876000000e+03 
9.997000000e+03 8.943000000e+03 
1.031700000e+04 8.861000000e+03 
9.930000000e+03 9.101000000e+03 
9.960000000e+03 9.069000000e+03 
9.832000000e+03 9.250000000e+03 
9.623000000e+03 9.267000000e+03 
1.033800000e+04 8.839000000e+03 
9.977000000e+03 9.001000000e+03 
9.857000000e+03 9.109000000e+03 
9.960000000e+03 9.069000000e+03 
1.014800000e+04 8.926000000e+03 
1.044300000e+04 8.827000000e+03 
1.025500000e+04 8.871000000e+03 
9.967000000e+03 9.054000000e+03 
9.844000000e+03 9.133000000e+03 
9.961000000e+03 9.066000000e+03 
9.773000000e+03 9.252000000e+03 
1.012500000e+04 8.941000000e+03 

9.590000000e+03 9.033000000e+03 
9.319000000e+03 9.207000000e+03 
9.599000000e+03 8.973000000e+03 
9.235000000e+03 9.536000000e+03 
9.411000000e+03 9.131000000e+03 
9.769000000e+03 8.945000000e+03 
9.328000000e+03 9.159000000e+03 
9.810000000e+03 8.910000000e+03 
9.495000000e+03 9.116000000e+03 
9.534000000e+03 9.055000000e+03 
9.508000000e+03 9.059000000e+03 
9.593000000e+03 9.008000000e+03 
9.317000000e+03 9.241000000e+03 
9.296000000e+03 9.428000000e+03 
9.731000000e+03 8.950000000e+03 
9.460000000e+03 9.127000000e+03 

9.214000000e+03 8.694000000e+03 
9.502000000e+03 8.531000000e+03 
9.754000000e+03 8.492000000e+03 
9.754000000e+03 8.492000000e+03 
9.477000000e+03 8.566000000e+03 
8.951000000e+03 9.002000000e+03 
8.895000000e+03 9.024000000e+03 
9.237000000e+03 8.636000000e+03 
8.957000000e+03 8.968000000e+03 
8.895000000e+03 9.024000000e+03 
8.895000000e+03 9.024000000e+03 
8.846000000e+03 9.183000000e+03 
8.888000000e+03 9.105000000e+03 
9.772000000e+03 8.475000000e+03 
9.092000000e+03 8.839000000e+03 
8.993000000e+03 8.951000000e+03 
9.152000000e+03 8.777000000e+03 
9.144000000e+03 8.812000000e+03 
9.373000000e+03 8.615000000e+03 
9.040000000e+03 8.886000000e+03 
9.754000000e+03 8.492000000e+03 
9.588000000e+03 8.499000000e+03 
8.895000000e+03 9.024000000e+03 
9.392000000e+03 8.576000000e+03 
9.040000000e+03 8.886000000e+03 
9.002000000e+03 8.939000000e+03 
9.782000000e+03 8.468000000e+03 
9.187000000e+03 8.702000000e+03 
9.425000000e+03 8.573000000e+03 
8.895000000e+03 9.024000000e+03 

8.949000000e+03 9.807000000e+03 
8.953000000e+03 9.753000000e+03 
8.949000000e+03 9.807000000e+03 
8.896000000e+03 9.854000000e+03 
9.572000000e+03 9.107000000e+03 
9.071000000e+03 9.471000000e+03 
9.071000000e+03 9.471000000e+03 
9.270000000e+03 9.303000000e+03 
9.503000000e+03 9.187000000e+03 
8.987000000e+03 9.748000000e+03 
9.119000000e+03 9.432000000e+03 
9.202000000e+03 9.410000000e+03 
8.946000000e+03 9.832000000e+03 
8.949000000e+03 9.807000000e+03 
9.833000000e+03 8.977000000e+03 
8.998000000e+03 9.694000000e+03 
8.931000000e+03 9.852000000e+03 
9.055000000e+03 9.686000000e+03 
9.055000000e+03 9.686000000e+03 
9.893000000e+03 8.938000000e+03 
9.055000000e+03 9.686000000e+03 
9.182000000e+03 9.425000000e+03 
9.205000000e+03 9.325000000e+03 
9.683000000e+03 9.043000000e+03 
9.683000000e+03 9.043000000e+03 
9.272000000e+03 9.246000000e+03 
9.365000000e+03 9.219000000e+03 
9.734000000e+03 8.984000000e+03 
8.931000000e+03 9.852000000e+03 

9.918000000e+03 9.029000000e+03 
9.944000000e+03 9.025000000e+03 
9.851000000e+03 9.051000000e+03 
9.918000000e+03 9.029000000e+03 
9.599000000e+03 9.126000000e+03 
9.458000000e+03 9.232000000e+03 
9.472000000e+03 9.224000000e+03 
1.001000000e+04 8.980000000e+03 
9.458000000e+03 9.232000000e+03 
9.996000000e+03 8.999000000e+03 
9.974000000e+03 9.012000000e+03 
9.492000000e+03 9.177000000e+03 
9.865000000e+03 9.050000000e+03 
9.618000000e+03 9.114000000e+03 
9.620000000e+03 9.098000000e+03 
9.426000000e+03 9.275000000e+03 
9.746000000e+03 9.056000000e+03 
9.706000000e+03 9.065000000e+03 
9.881000000e+03 9.038000000e+03 
9.620000000e+03 9.098000000e+03 
9.591000000e+03 9.157000000e+03 
9.918000000e+03 9.029000000e+03 
9.346000000e+03 9.305000000e+03 
9.323000000e+03 9.491000000e+03 

9.488000000e+03 9.350000000e+03 
9.091000000e+03 9.807000000e+03 
9.711000000e+03 9.263000000e+03 
9.864000000e+03 9.219000000e+03 
9.063000000e+03 9.822000000e+03 
9.021000000e+03 1.018200000e+04 
9.867000000e+03 9.187000000e+03 
9.019000000e+03 1.023200000e+04 
9.132000000e+03 9.681000000e+03 
9.278000000e+03 9.494000000e+03 
9.720000000e+03 9.224000000e+03 
9.720000000e+03 9.224000000e+03 
9.224000000e+03 9.583000000e+03 
9.382000000e+03 9.380000000e+03 
9.063000000e+03 9.822000000e+03 
9.091000000e+03 9.807000000e+03 
9.960000000e+03 9.153000000e+03 
9.063000000e+03 9.822000000e+03 
9.308000000e+03 9.485000000e+03 
9.713000000e+03 9.228000000e+03 
9.132000000e+03 9.681000000e+03 
9.205000000e+03 9.622000000e+03 
9.691000000e+03 9.269000000e+03 
9.121000000e+03 9.731000000e+03 
9.176000000e+03 9.658000000e+03 
9.513000000e+03 9.271000000e+03 
9.219000000e+03 9.591000000e+03 
9.331000000e+03 9.392000000e+03 
9.063000000e+03 9.822000000e+03 

9.530000000e+03 9.103000000e+03 
9.365000000e+03 9.201000000e+03 
9.532000000e+03 9.034000000e+03 
9.404000000e+03 9.186000000e+03 
9.268000000e+03 9.213000000e+03 
9.194000000e+03 9.370000000e+03 
9.117000000e+03 9.532000000e+03 
9.219000000e+03 9.238000000e+03 
9.056000000e+03 9.621000000e+03 
9.145000000e+03 9.407000000e+03 
9.451000000e+03 9.130000000e+03 
9.133000000e+03 9.456000000e+03 

8.957000000e+03 8.849000000e+03 
8.706000000e+03 9.266000000e+03 
9.090000000e+03 8.799000000e+03 
9.283000000e+03 8.718000000e+03 
8.797000000e+03 9.084000000e+03 
9.090000000e+03 8.799000000e+03 
8.869000000e+03 8.895000000e+03 
9.352000000e+03 8.709000000e+03 
9.105000000e+03 8.786000000e+03 
9.158000000e+03 8.785000000e+03 
8.762000000e+03 9.210000000e+03 
8.762000000e+03 9.210000000e+03 
9.241000000e+03 8.738000000e+03 
9.205000000e+03 8.752000000e+03 
9.076000000e+03 8.816000000e+03 
8.993000000e+03 8.838000000e+03 
8.741000000e+03 9.218000000e+03 
9.283000000e+03 8.718000000e+03 
8.785000000e+03 9.203000000e+03 
8.834000000e+03 8.997000000e+03 

9.971000000e+03 8.696000000e+03 
9.404000000e+03 8.840000000e+03 
9.923000000e+03 8.710000000e+03 
9.371000000e+03 8.903000000e+03 
9.551000000e+03 8.804000000e+03 
9.879000000e+03 8.711000000e+03 
9.551000000e+03 8.804000000e+03 
9.540000000e+03 8.825000000e+03 
9.329000000e+03 8.945000000e+03 
9.551000000e+03 8.804000000e+03 
9.579000000e+03 8.793000000e+03 
9.249000000e+03 8.997000000e+03 
9.609000000e+03 8.723000000e+03 
9.540000000e+03 8.825000000e+03 
9.385000000e+03 8.901000000e+03 
9.675000000e+03 8.716000000e+03 
9.454000000e+03 8.836000000e+03 

9.313000000e+03 8.607000000e+03 
9.516000000e+03 8.585000000e+03 
9.516000000e+03 8.585000000e+03 
9.099000000e+03 8.823000000e+03 
9.252000000e+03 8.611000000e+03 
9.689000000e+03 8.563000000e+03 
9.559000000e+03 8.578000000e+03 
9.559000000e+03 8.578000000e+03 
9.516000000e+03 8.585000000e+03 
9.364000000e+03 8.593000000e+03 
9.090000000e+03 8.871000000e+03 
9.516000000e+03 8.585000000e+03 
9.051000000e+03 8.984000000e+03 
9.173000000e+03 8.766000000e+03 
9.697000000e+03 8.527000000e+03 
9.196000000e+03 8.690000000e+03 

