1.158800000e+04 1.048300000e+04 
1.043700000e+04 1.082200000e+04 
1.138700000e+04 1.055300000e+04 
1.052600000e+04 1.076800000e+04 
1.144500000e+04 1.051100000e+04 
1.084300000e+04 1.064400000e+04 
1.105400000e+04 1.059100000e+04 
1.176700000e+04 1.042600000e+04 
1.157500000e+04 1.050500000e+04 
1.052600000e+04 1.076800000e+04 
1.087300000e+04 1.063300000e+04 

1.110000000e+04 1.100300000e+04 
1.062600000e+04 1.140200000e+04 
1.104100000e+04 1.115500000e+04 
1.077800000e+04 1.138700000e+04 
1.091800000e+04 1.128700000e+04 
1.084100000e+04 1.135100000e+04 
1.109400000e+04 1.109800000e+04 
1.094200000e+04 1.123700000e+04 
1.089600000e+04 1.134700000e+04 
1.093700000e+04 1.124700000e+04 
1.092000000e+04 1.127500000e+04 
1.089600000e+04 1.134700000e+04 
1.095900000e+04 1.118900000e+04 
1.073000000e+04 1.139500000e+04 

1.157900000e+04 1.160600000e+04 
1.151000000e+04 1.172500000e+04 
1.121000000e+04 1.203500000e+04 
1.132600000e+04 1.174600000e+04 
1.205100000e+04 1.133800000e+04 
1.194700000e+04 1.156600000e+04 
1.109900000e+04 1.263600000e+04 
1.151000000e+04 1.172500000e+04 
1.195900000e+04 1.145900000e+04 
1.136000000e+04 1.172800000e+04 
1.118900000e+04 1.220800000e+04 
1.122500000e+04 1.180200000e+04 
1.109900000e+04 1.263600000e+04 
1.197600000e+04 1.139300000e+04 

1.138000000e+04 1.164400000e+04 
1.148600000e+04 1.144100000e+04 
1.155200000e+04 1.132700000e+04 
1.141800000e+04 1.158600000e+04 
1.128800000e+04 1.168000000e+04 
1.205300000e+04 1.114200000e+04 
1.151000000e+04 1.133500000e+04 

1.106700000e+04 1.081800000e+04 
1.147000000e+04 1.033300000e+04 
1.148200000e+04 1.021500000e+04 
1.106500000e+04 1.085900000e+04 
1.116400000e+04 1.040000000e+04 
1.141400000e+04 1.036000000e+04 
1.108200000e+04 1.076900000e+04 
1.112900000e+04 1.044800000e+04 

1.087800000e+04 1.109500000e+04 
1.107000000e+04 1.091500000e+04 
1.084700000e+04 1.110100000e+04 
1.159300000e+04 1.046800000e+04 
1.089800000e+04 1.097100000e+04 
1.089500000e+04 1.098000000e+04 
1.090600000e+04 1.096200000e+04 
1.084300000e+04 1.124400000e+04 
1.148000000e+04 1.083200000e+04 

1.078900000e+04 1.140400000e+04 
1.089600000e+04 1.125100000e+04 
1.108700000e+04 1.115500000e+04 
1.121600000e+04 1.106700000e+04 
1.128900000e+04 1.098500000e+04 
1.129400000e+04 1.096600000e+04 

1.089800000e+04 1.184100000e+04 
1.146400000e+04 1.125600000e+04 
1.121300000e+04 1.147800000e+04 
1.091100000e+04 1.148700000e+04 
1.144000000e+04 1.136600000e+04 
1.121300000e+04 1.147800000e+04 
1.133400000e+04 1.140000000e+04 
1.121300000e+04 1.147800000e+04 

1.140100000e+04 1.105400000e+04 
1.131300000e+04 1.107700000e+04 
1.121300000e+04 1.117500000e+04 
1.164500000e+04 1.084600000e+04 
1.140100000e+04 1.105400000e+04 

1.092400000e+04 1.093800000e+04 
1.100800000e+04 1.065700000e+04 
1.125700000e+04 1.062800000e+04 
1.092500000e+04 1.089600000e+04 
1.178500000e+04 1.042100000e+04 
1.156500000e+04 1.051400000e+04 

1.159600000e+04 1.109500000e+04 
1.141300000e+04 1.144100000e+04 
1.157900000e+04 1.116000000e+04 
1.116500000e+04 1.165100000e+04 
1.203500000e+04 1.102800000e+04 
1.215800000e+04 1.100900000e+04 
1.194600000e+04 1.108300000e+04 
1.148700000e+04 1.133100000e+04 
1.115800000e+04 1.165900000e+04 

1.086100000e+04 1.126900000e+04 
1.137000000e+04 1.093400000e+04 
1.078200000e+04 1.135000000e+04 
1.058700000e+04 1.199800000e+04 
1.124600000e+04 1.101600000e+04 
1.118600000e+04 1.106200000e+04 
1.128400000e+04 1.099400000e+04 
1.092200000e+04 1.109700000e+04 
1.091500000e+04 1.125200000e+04 
1.075800000e+04 1.155900000e+04 

1.107900000e+04 1.156800000e+04 
1.127300000e+04 1.095200000e+04 
1.129500000e+04 1.067900000e+04 
1.100900000e+04 1.162800000e+04 
1.109000000e+04 1.123000000e+04 
1.120800000e+04 1.106500000e+04 
1.140000000e+04 1.066000000e+04 
1.128900000e+04 1.091900000e+04 

1.058100000e+04 1.185200000e+04 
1.099100000e+04 1.146800000e+04 
1.077400000e+04 1.184000000e+04 
1.077400000e+04 1.184000000e+04 
1.069200000e+04 1.185100000e+04 
1.049600000e+04 1.188600000e+04 
1.082300000e+04 1.165100000e+04 
1.078200000e+04 1.178900000e+04 
1.082100000e+04 1.167700000e+04 
1.038100000e+04 1.216400000e+04 
1.013400000e+04 1.221700000e+04 
1.089500000e+04 1.154600000e+04 
1.157300000e+04 1.130500000e+04 

1.148200000e+04 1.090500000e+04 
1.113500000e+04 1.109700000e+04 
1.109300000e+04 1.144700000e+04 
1.136000000e+04 1.099400000e+04 
1.140400000e+04 1.096200000e+04 
1.127100000e+04 1.101500000e+04 
1.126700000e+04 1.105900000e+04 
1.110000000e+04 1.123900000e+04 
1.099300000e+04 1.207600000e+04 
1.098400000e+04 1.209200000e+04 

1.161200000e+04 1.149900000e+04 
1.146700000e+04 1.156200000e+04 
1.135900000e+04 1.188300000e+04 
1.181800000e+04 1.110600000e+04 
1.143700000e+04 1.179100000e+04 
1.173700000e+04 1.119100000e+04 
1.139900000e+04 1.187100000e+04 
1.144500000e+04 1.169500000e+04 
1.181800000e+04 1.110600000e+04 
1.133000000e+04 1.216500000e+04 
1.171500000e+04 1.144100000e+04 
1.173500000e+04 1.130100000e+04 
1.138400000e+04 1.187800000e+04 

1.093600000e+04 1.137700000e+04 
1.107700000e+04 1.133800000e+04 
1.088000000e+04 1.169400000e+04 
1.074800000e+04 1.190700000e+04 

1.084100000e+04 1.072700000e+04 
1.085300000e+04 1.063900000e+04 
1.093300000e+04 1.051100000e+04 
1.090400000e+04 1.057800000e+04 
1.111500000e+04 1.041600000e+04 
1.074000000e+04 1.120800000e+04 
1.079700000e+04 1.106800000e+04 
1.096900000e+04 1.044400000e+04 
1.088800000e+04 1.060400000e+04 

1.116700000e+04 1.218200000e+04 
1.156400000e+04 1.153600000e+04 
1.179300000e+04 1.149900000e+04 
1.130500000e+04 1.165900000e+04 
1.120300000e+04 1.198500000e+04 
1.129700000e+04 1.194300000e+04 

1.138900000e+04 1.152800000e+04 
1.140400000e+04 1.134200000e+04 
1.080000000e+04 1.210000000e+04 
1.135900000e+04 1.156500000e+04 
1.105900000e+04 1.196200000e+04 
1.113400000e+04 1.167300000e+04 
1.086200000e+04 1.201500000e+04 
1.131000000e+04 1.163500000e+04 
1.109200000e+04 1.175300000e+04 
1.069800000e+04 1.259500000e+04 
1.132900000e+04 1.157200000e+04 

1.244700000e+04 1.080200000e+04 
1.225800000e+04 1.093600000e+04 
1.154300000e+04 1.120400000e+04 
1.215800000e+04 1.099700000e+04 
1.195700000e+04 1.112700000e+04 

1.107500000e+04 1.170900000e+04 
1.197200000e+04 1.083700000e+04 
1.208400000e+04 1.079900000e+04 
1.134500000e+04 1.096000000e+04 
1.186300000e+04 1.086200000e+04 
1.158100000e+04 1.086800000e+04 
1.126600000e+04 1.102300000e+04 
1.121600000e+04 1.118100000e+04 
1.120700000e+04 1.168400000e+04 

1.120000000e+04 1.082700000e+04 
1.149800000e+04 1.060000000e+04 
1.117900000e+04 1.107100000e+04 
1.160800000e+04 1.039800000e+04 
1.112700000e+04 1.114900000e+04 
1.144500000e+04 1.069000000e+04 
1.157600000e+04 1.047100000e+04 
1.141600000e+04 1.073900000e+04 

1.076600000e+04 1.142000000e+04 
1.069100000e+04 1.172600000e+04 
1.066000000e+04 1.184300000e+04 
1.071500000e+04 1.149000000e+04 
1.120500000e+04 1.111200000e+04 
1.160900000e+04 1.106800000e+04 
1.066300000e+04 1.174400000e+04 
1.061600000e+04 1.184900000e+04 
1.083700000e+04 1.115800000e+04 

1.172600000e+04 1.143700000e+04 
1.219200000e+04 1.094300000e+04 
1.169500000e+04 1.151300000e+04 
1.171700000e+04 1.149800000e+04 
1.216000000e+04 1.114700000e+04 
1.175500000e+04 1.123000000e+04 

1.112600000e+04 1.168800000e+04 
1.114400000e+04 1.153500000e+04 
1.095600000e+04 1.200900000e+04 
1.112600000e+04 1.168800000e+04 
1.096000000e+04 1.175200000e+04 
1.138900000e+04 1.139800000e+04 
1.109700000e+04 1.170500000e+04 
1.118000000e+04 1.148700000e+04 
1.140000000e+04 1.139100000e+04 
1.085700000e+04 1.219600000e+04 
1.102200000e+04 1.172600000e+04 

1.127400000e+04 1.145300000e+04 
1.109900000e+04 1.148600000e+04 
1.105100000e+04 1.193800000e+04 
1.168600000e+04 1.110600000e+04 
1.147200000e+04 1.131700000e+04 
1.164200000e+04 1.124600000e+04 
1.127900000e+04 1.141300000e+04 

1.096200000e+04 1.098300000e+04 
1.113600000e+04 1.069600000e+04 
1.112300000e+04 1.085800000e+04 
1.110400000e+04 1.090700000e+04 
1.121600000e+04 1.064400000e+04 

1.136200000e+04 1.134700000e+04 
1.099800000e+04 1.163600000e+04 
1.143300000e+04 1.110900000e+04 
1.160800000e+04 1.074100000e+04 
1.142000000e+04 1.126500000e+04 
1.147200000e+04 1.089000000e+04 
1.151600000e+04 1.084900000e+04 
1.145200000e+04 1.097100000e+04 
1.180000000e+04 1.069600000e+04 
1.134600000e+04 1.149200000e+04 
1.164200000e+04 1.072000000e+04 

1.140200000e+04 1.089600000e+04 
1.148600000e+04 1.087200000e+04 
1.113300000e+04 1.124200000e+04 
1.150200000e+04 1.079500000e+04 
1.140000000e+04 1.118900000e+04 

