1.053900000e+04 9.863000000e+03 
9.972000000e+03 1.022700000e+04 
1.066900000e+04 9.810000000e+03 
1.020400000e+04 9.993000000e+03 
9.918000000e+03 1.036000000e+04 
1.005800000e+04 1.006200000e+04 
1.049400000e+04 9.936000000e+03 
1.039100000e+04 9.953000000e+03 
1.023900000e+04 9.977000000e+03 
9.950000000e+03 1.027000000e+04 
1.015100000e+04 1.006000000e+04 
1.016900000e+04 1.002900000e+04 
1.005200000e+04 1.018000000e+04 

1.035000000e+04 1.033300000e+04 
9.785000000e+03 1.102900000e+04 
9.785000000e+03 1.102900000e+04 
1.077200000e+04 1.021500000e+04 
1.006000000e+04 1.054600000e+04 
1.029100000e+04 1.035800000e+04 
1.011300000e+04 1.052900000e+04 
1.020900000e+04 1.045000000e+04 
9.908000000e+03 1.060500000e+04 
9.785000000e+03 1.102900000e+04 
1.011300000e+04 1.052900000e+04 
1.028600000e+04 1.038300000e+04 
1.053400000e+04 1.022600000e+04 
9.986000000e+03 1.055100000e+04 
9.935000000e+03 1.057200000e+04 
9.893000000e+03 1.082600000e+04 
1.012500000e+04 1.051900000e+04 
1.012000000e+04 1.052700000e+04 

1.084400000e+04 1.041300000e+04 
1.044600000e+04 1.047800000e+04 
1.025000000e+04 1.077100000e+04 
1.041300000e+04 1.070900000e+04 
1.037300000e+04 1.072100000e+04 
1.060600000e+04 1.045300000e+04 
1.051500000e+04 1.045800000e+04 
1.120900000e+04 1.038300000e+04 
1.051500000e+04 1.045800000e+04 
1.098200000e+04 1.038800000e+04 

1.118000000e+04 1.048100000e+04 
1.124400000e+04 1.037100000e+04 
1.067700000e+04 1.051600000e+04 
1.064200000e+04 1.058200000e+04 
1.064200000e+04 1.058200000e+04 
1.119100000e+04 1.040700000e+04 

1.064400000e+04 9.277000000e+03 
1.062700000e+04 9.349000000e+03 
1.094600000e+04 9.167000000e+03 
1.064600000e+04 9.201000000e+03 
1.053500000e+04 9.363000000e+03 
1.052600000e+04 9.429000000e+03 
1.032400000e+04 9.562000000e+03 
1.063700000e+04 9.283000000e+03 
1.037300000e+04 9.436000000e+03 

1.034800000e+04 9.729000000e+03 
9.824000000e+03 1.050700000e+04 
1.026600000e+04 9.763000000e+03 
9.973000000e+03 9.834000000e+03 
9.831000000e+03 1.003300000e+04 
1.003900000e+04 9.780000000e+03 
9.784000000e+03 1.051000000e+04 

1.004800000e+04 1.105200000e+04 
1.008900000e+04 1.077400000e+04 
1.056900000e+04 1.023700000e+04 
1.056900000e+04 1.023700000e+04 
1.018900000e+04 1.068600000e+04 
1.033500000e+04 1.037400000e+04 
1.022700000e+04 1.056200000e+04 
1.022000000e+04 1.061000000e+04 
1.047400000e+04 1.026900000e+04 
1.023100000e+04 1.046400000e+04 
1.047400000e+04 1.026900000e+04 
1.004800000e+04 1.105200000e+04 
1.061600000e+04 1.013500000e+04 
1.043000000e+04 1.033400000e+04 

1.005600000e+04 1.085700000e+04 
1.063600000e+04 1.021700000e+04 
1.025200000e+04 1.047600000e+04 
1.051400000e+04 1.032100000e+04 
1.045500000e+04 1.042800000e+04 
9.973000000e+03 1.091900000e+04 
1.006900000e+04 1.080000000e+04 
1.022100000e+04 1.049200000e+04 
1.052600000e+04 1.028900000e+04 
1.046900000e+04 1.042100000e+04 
9.877000000e+03 1.105200000e+04 
1.001100000e+04 1.087000000e+04 
1.008300000e+04 1.072200000e+04 
1.020000000e+04 1.067700000e+04 

1.061600000e+04 1.029900000e+04 
1.127100000e+04 1.003400000e+04 
1.050800000e+04 1.033300000e+04 
1.038700000e+04 1.054400000e+04 
1.040600000e+04 1.043600000e+04 
1.071200000e+04 1.008600000e+04 
1.061700000e+04 1.026200000e+04 
1.064800000e+04 1.021300000e+04 
1.082200000e+04 1.004700000e+04 
1.041800000e+04 1.037800000e+04 
1.088600000e+04 1.004600000e+04 
1.041500000e+04 1.040300000e+04 

1.026000000e+04 1.019600000e+04 
1.015000000e+04 1.025500000e+04 
1.033400000e+04 1.008000000e+04 
1.066100000e+04 9.842000000e+03 
1.045900000e+04 9.891000000e+03 
1.019400000e+04 1.019700000e+04 
1.045200000e+04 9.938000000e+03 
1.011200000e+04 1.026100000e+04 
1.079100000e+04 9.763000000e+03 
1.034200000e+04 9.980000000e+03 
1.032200000e+04 1.017300000e+04 
1.006600000e+04 1.028900000e+04 
1.062400000e+04 9.860000000e+03 
1.016700000e+04 1.021500000e+04 
1.006200000e+04 1.036900000e+04 
1.043000000e+04 9.968000000e+03 
1.016000000e+04 1.022700000e+04 

1.126800000e+04 1.021800000e+04 
1.132500000e+04 1.017200000e+04 
1.117100000e+04 1.027600000e+04 
1.131800000e+04 1.019600000e+04 
1.052900000e+04 1.098300000e+04 
1.069400000e+04 1.062900000e+04 
1.111500000e+04 1.029200000e+04 
1.048600000e+04 1.105400000e+04 
1.115800000e+04 1.027900000e+04 
1.076400000e+04 1.053600000e+04 
1.086500000e+04 1.035400000e+04 
1.083700000e+04 1.050400000e+04 
1.056600000e+04 1.087000000e+04 

9.690000000e+03 1.096100000e+04 
1.020700000e+04 1.033100000e+04 
1.017200000e+04 1.048500000e+04 
9.806000000e+03 1.070400000e+04 
9.932000000e+03 1.064600000e+04 
1.007100000e+04 1.051900000e+04 
1.019900000e+04 1.033500000e+04 
1.046300000e+04 1.027300000e+04 
1.005300000e+04 1.053500000e+04 
9.940000000e+03 1.058900000e+04 
1.005000000e+04 1.055100000e+04 
1.045800000e+04 1.027900000e+04 
1.026000000e+04 1.032000000e+04 
9.859000000e+03 1.065600000e+04 
9.735000000e+03 1.093000000e+04 
9.735000000e+03 1.093000000e+04 
1.012800000e+04 1.048600000e+04 
1.001000000e+04 1.055600000e+04 
1.039700000e+04 1.031500000e+04 
9.783000000e+03 1.078300000e+04 
1.048000000e+04 1.022900000e+04 
1.005700000e+04 1.052400000e+04 

1.028300000e+04 9.955000000e+03 
1.024700000e+04 1.013200000e+04 
1.006100000e+04 1.035100000e+04 
1.027400000e+04 1.006200000e+04 
1.027700000e+04 1.004200000e+04 
1.026500000e+04 1.006500000e+04 
1.016900000e+04 1.018500000e+04 
1.015500000e+04 1.022000000e+04 

9.528000000e+03 1.103900000e+04 
9.592000000e+03 1.078400000e+04 
9.844000000e+03 1.071000000e+04 
9.489000000e+03 1.104400000e+04 
1.007700000e+04 1.049500000e+04 
9.441000000e+03 1.157800000e+04 
9.450000000e+03 1.156700000e+04 
9.885000000e+03 1.066300000e+04 
9.438000000e+03 1.158200000e+04 
9.434000000e+03 1.163300000e+04 
9.370000000e+03 1.163700000e+04 

1.002800000e+04 1.048200000e+04 
1.017400000e+04 1.038400000e+04 
1.066200000e+04 1.011000000e+04 
1.018300000e+04 1.037500000e+04 
1.058300000e+04 1.015600000e+04 
1.023800000e+04 1.032800000e+04 
1.030500000e+04 1.022100000e+04 
1.049300000e+04 1.020800000e+04 
1.005600000e+04 1.045200000e+04 
1.016500000e+04 1.041000000e+04 
1.054300000e+04 1.019500000e+04 
1.068300000e+04 9.929000000e+03 
1.018300000e+04 1.037500000e+04 
1.066200000e+04 1.011000000e+04 
1.102400000e+04 9.907000000e+03 

1.090200000e+04 1.046900000e+04 
1.098000000e+04 1.040600000e+04 
1.095900000e+04 1.043400000e+04 
1.089900000e+04 1.051000000e+04 
1.070800000e+04 1.058600000e+04 
1.065800000e+04 1.103300000e+04 
1.089800000e+04 1.054900000e+04 
1.082800000e+04 1.058000000e+04 
1.125400000e+04 1.031700000e+04 
1.089600000e+04 1.056300000e+04 
1.070400000e+04 1.081100000e+04 
1.129600000e+04 1.030900000e+04 
1.085200000e+04 1.056400000e+04 

1.046400000e+04 1.067400000e+04 
9.998000000e+03 1.109200000e+04 
1.022400000e+04 1.077000000e+04 
1.054500000e+04 1.059100000e+04 
1.050200000e+04 1.063900000e+04 
1.061500000e+04 1.050000000e+04 
1.006600000e+04 1.083200000e+04 
1.023800000e+04 1.068400000e+04 
1.014300000e+04 1.078300000e+04 
1.020700000e+04 1.077100000e+04 
1.050200000e+04 1.063900000e+04 
1.004400000e+04 1.084800000e+04 
1.000300000e+04 1.091900000e+04 

1.047600000e+04 9.714000000e+03 
1.005700000e+04 9.922000000e+03 
1.015900000e+04 9.803000000e+03 
9.932000000e+03 9.965000000e+03 
1.007600000e+04 9.906000000e+03 
9.914000000e+03 1.048500000e+04 
9.900000000e+03 1.054800000e+04 
1.001700000e+04 9.923000000e+03 
1.010400000e+04 9.807000000e+03 
1.055600000e+04 9.677000000e+03 
1.020200000e+04 9.733000000e+03 

1.030400000e+04 1.092500000e+04 
1.016200000e+04 1.102300000e+04 
1.040800000e+04 1.083400000e+04 
1.024200000e+04 1.099600000e+04 

1.010400000e+04 1.112000000e+04 
1.044400000e+04 1.080000000e+04 
1.063500000e+04 1.061300000e+04 
1.055100000e+04 1.066300000e+04 
1.022900000e+04 1.092600000e+04 
1.001500000e+04 1.120000000e+04 
1.027000000e+04 1.087900000e+04 
1.045000000e+04 1.074700000e+04 
1.009900000e+04 1.116700000e+04 
1.042100000e+04 1.081300000e+04 
1.028800000e+04 1.086500000e+04 
1.045800000e+04 1.071400000e+04 
1.035900000e+04 1.081900000e+04 
1.045000000e+04 1.074700000e+04 
1.021100000e+04 1.096100000e+04 
1.017400000e+04 1.104900000e+04 

1.104500000e+04 1.047300000e+04 
1.162200000e+04 9.923000000e+03 
1.121600000e+04 1.009400000e+04 
1.107700000e+04 1.036200000e+04 
1.177500000e+04 9.837000000e+03 
1.112500000e+04 1.034300000e+04 
1.136600000e+04 1.002200000e+04 
1.139300000e+04 9.955000000e+03 
1.136600000e+04 1.002200000e+04 

1.063000000e+04 9.856000000e+03 
1.028000000e+04 1.094600000e+04 
1.048800000e+04 9.866000000e+03 
1.086300000e+04 9.825000000e+03 
1.077900000e+04 9.838000000e+03 
1.048800000e+04 9.866000000e+03 
1.040400000e+04 1.054000000e+04 
1.044100000e+04 1.016700000e+04 

1.032300000e+04 1.022900000e+04 
1.058300000e+04 9.907000000e+03 
1.038500000e+04 1.006400000e+04 
1.059500000e+04 9.886000000e+03 
1.064400000e+04 9.836000000e+03 
1.062900000e+04 9.862000000e+03 
1.032400000e+04 1.009200000e+04 
1.068500000e+04 9.796000000e+03 
1.029700000e+04 1.030500000e+04 
1.053400000e+04 9.981000000e+03 
1.059500000e+04 9.886000000e+03 
1.027900000e+04 1.043100000e+04 
1.071000000e+04 9.699000000e+03 
1.054300000e+04 9.969000000e+03 
1.044500000e+04 1.005500000e+04 
1.032300000e+04 1.022900000e+04 

9.822000000e+03 1.112800000e+04 
1.013200000e+04 1.078500000e+04 
1.005700000e+04 1.084200000e+04 
1.018500000e+04 1.055400000e+04 
1.050300000e+04 1.028000000e+04 
1.003900000e+04 1.087600000e+04 
1.011800000e+04 1.081400000e+04 
1.012900000e+04 1.079600000e+04 
9.912000000e+03 1.093600000e+04 
1.013900000e+04 1.068800000e+04 
1.091200000e+04 1.022200000e+04 
1.028300000e+04 1.053500000e+04 
1.044700000e+04 1.034100000e+04 
1.040900000e+04 1.043400000e+04 
1.033700000e+04 1.050100000e+04 
9.874000000e+03 1.101100000e+04 
1.037800000e+04 1.048100000e+04 
1.048400000e+04 1.028300000e+04 
1.028800000e+04 1.052500000e+04 
1.045700000e+04 1.029400000e+04 
1.038400000e+04 1.043700000e+04 
1.000700000e+04 1.091500000e+04 
1.014000000e+04 1.060600000e+04 

1.079200000e+04 1.024900000e+04 
1.057900000e+04 1.048100000e+04 
1.059100000e+04 1.047600000e+04 
1.093700000e+04 1.012200000e+04 
1.073100000e+04 1.025000000e+04 
1.062000000e+04 1.041400000e+04 
1.088600000e+04 1.014200000e+04 
1.070100000e+04 1.033100000e+04 
1.085300000e+04 1.022800000e+04 
1.086900000e+04 1.014300000e+04 
1.063400000e+04 1.034000000e+04 
1.057700000e+04 1.060200000e+04 

1.018900000e+04 1.080900000e+04 
1.028600000e+04 1.075400000e+04 
1.045000000e+04 1.053900000e+04 
1.026600000e+04 1.080000000e+04 
1.045800000e+04 1.051900000e+04 
1.036500000e+04 1.074500000e+04 
1.036800000e+04 1.064700000e+04 
9.930000000e+03 1.084400000e+04 
1.026600000e+04 1.080000000e+04 
1.051900000e+04 1.050700000e+04 
1.027700000e+04 1.076100000e+04 
1.023300000e+04 1.080400000e+04 
1.038300000e+04 1.054600000e+04 

1.061100000e+04 1.029400000e+04 
1.056300000e+04 1.032200000e+04 
1.075300000e+04 1.023000000e+04 
1.035900000e+04 1.069200000e+04 
1.042600000e+04 1.043500000e+04 
1.038800000e+04 1.049500000e+04 
1.054800000e+04 1.041600000e+04 

9.934000000e+03 1.044100000e+04 
1.003500000e+04 1.010600000e+04 
1.021000000e+04 1.005200000e+04 
1.062000000e+04 9.953000000e+03 
1.074000000e+04 9.948000000e+03 
1.092700000e+04 9.844000000e+03 
1.099200000e+04 9.812000000e+03 
1.023400000e+04 1.000000000e+04 
1.040800000e+04 9.975000000e+03 

1.085000000e+04 9.957000000e+03 
1.108600000e+04 9.846000000e+03 
1.048000000e+04 1.056500000e+04 
1.082100000e+04 9.962000000e+03 
1.047400000e+04 1.058800000e+04 
1.108500000e+04 9.892000000e+03 
1.091800000e+04 9.921000000e+03 
1.072400000e+04 1.008600000e+04 
1.052900000e+04 1.020200000e+04 
1.068100000e+04 1.013400000e+04 
1.049500000e+04 1.048900000e+04 

1.045700000e+04 1.003300000e+04 
1.041400000e+04 1.004000000e+04 
1.049500000e+04 9.939000000e+03 
1.062100000e+04 9.873000000e+03 
1.046000000e+04 9.976000000e+03 
1.030800000e+04 1.015700000e+04 
1.053400000e+04 9.932000000e+03 
1.046000000e+04 9.976000000e+03 
1.044500000e+04 1.003500000e+04 
1.026500000e+04 1.017400000e+04 

