1.248900000e+04 1.196300000e+04 
1.181500000e+04 1.274800000e+04 
1.201900000e+04 1.214800000e+04 

1.225500000e+04 1.252900000e+04 
1.228700000e+04 1.250700000e+04 
1.171700000e+04 1.284600000e+04 

1.239300000e+04 1.312200000e+04 

1.313300000e+04 1.324600000e+04 
1.309800000e+04 1.338200000e+04 
1.297100000e+04 1.387900000e+04 
1.331700000e+04 1.242200000e+04 
1.323500000e+04 1.283500000e+04 
1.325900000e+04 1.249300000e+04 
1.320100000e+04 1.295900000e+04 

1.303700000e+04 1.193500000e+04 
1.277800000e+04 1.219900000e+04 
1.322300000e+04 1.169700000e+04 
1.279800000e+04 1.212400000e+04 
1.299800000e+04 1.211700000e+04 
1.313000000e+04 1.187900000e+04 

1.258500000e+04 1.314500000e+04 
1.263600000e+04 1.304200000e+04 
1.266400000e+04 1.257000000e+04 

1.292100000e+04 1.278000000e+04 
1.216700000e+04 1.361500000e+04 
1.277000000e+04 1.279800000e+04 
1.299200000e+04 1.261500000e+04 
1.217800000e+04 1.283700000e+04 

1.240500000e+04 1.307800000e+04 
1.290600000e+04 1.256300000e+04 
1.240800000e+04 1.269700000e+04 

1.251600000e+04 1.298300000e+04 
1.275800000e+04 1.256300000e+04 
1.294400000e+04 1.214300000e+04 

1.215700000e+04 1.265500000e+04 
1.263900000e+04 1.245700000e+04 
1.266400000e+04 1.217600000e+04 
1.262800000e+04 1.256800000e+04 
1.312700000e+04 1.210100000e+04 

1.239100000e+04 1.241000000e+04 
1.236800000e+04 1.288200000e+04 

1.222500000e+04 1.344300000e+04 
1.275100000e+04 1.221700000e+04 
1.236500000e+04 1.223500000e+04 

1.232600000e+04 1.200700000e+04 

1.230900000e+04 1.326600000e+04 
1.237600000e+04 1.325200000e+04 
1.252700000e+04 1.307200000e+04 
1.284300000e+04 1.285200000e+04 

1.335200000e+04 1.283100000e+04 
1.370300000e+04 1.274800000e+04 
1.292900000e+04 1.287500000e+04 
1.358300000e+04 1.280600000e+04 
1.288800000e+04 1.308200000e+04 
1.281800000e+04 1.316300000e+04 

1.252700000e+04 1.271700000e+04 
1.309800000e+04 1.262600000e+04 

1.265700000e+04 1.294200000e+04 
1.250900000e+04 1.349300000e+04 
1.242900000e+04 1.380000000e+04 

1.204600000e+04 1.218000000e+04 
1.192600000e+04 1.225400000e+04 

1.230000000e+04 1.358400000e+04 
1.373600000e+04 1.316200000e+04 
1.316600000e+04 1.333200000e+04 
1.302200000e+04 1.333900000e+04 
1.265300000e+04 1.357500000e+04 
1.338000000e+04 1.328200000e+04 
1.366600000e+04 1.326400000e+04 
1.274100000e+04 1.334300000e+04 

1.272100000e+04 1.326400000e+04 
1.220900000e+04 1.337800000e+04 

1.330400000e+04 1.244100000e+04 
1.301200000e+04 1.255600000e+04 
1.364500000e+04 1.217600000e+04 

1.306400000e+04 1.244800000e+04 
1.284900000e+04 1.255900000e+04 
1.269900000e+04 1.276400000e+04 

1.271800000e+04 1.237900000e+04 
1.261200000e+04 1.291300000e+04 
1.289900000e+04 1.223100000e+04 

1.266100000e+04 1.292600000e+04 
1.244300000e+04 1.299400000e+04 
1.201600000e+04 1.308800000e+04 

1.367700000e+04 1.254100000e+04 
1.302500000e+04 1.280600000e+04 
1.340600000e+04 1.268300000e+04 

1.220400000e+04 1.277400000e+04 
1.356800000e+04 1.275400000e+04 

1.327700000e+04 1.279100000e+04 
1.290700000e+04 1.300800000e+04 
1.376000000e+04 1.274400000e+04 
1.311800000e+04 1.287500000e+04 

1.246800000e+04 1.282500000e+04 
1.286200000e+04 1.223500000e+04 
1.262600000e+04 1.225000000e+04 
1.235500000e+04 1.315300000e+04 

1.360400000e+04 1.214800000e+04 
1.264400000e+04 1.226200000e+04 

1.293600000e+04 1.239300000e+04 
1.250400000e+04 1.295600000e+04 

