9.919000000e+03 1.010600000e+04 
1.012400000e+04 9.528000000e+03 
9.858000000e+03 1.020500000e+04 
1.006300000e+04 9.589000000e+03 
9.980000000e+03 9.920000000e+03 
9.911000000e+03 1.016500000e+04 

1.022600000e+04 1.025200000e+04 
9.880000000e+03 1.058000000e+04 
9.667000000e+03 1.059000000e+04 
1.050000000e+04 1.016000000e+04 
1.014700000e+04 1.029000000e+04 
1.007100000e+04 1.034300000e+04 
9.935000000e+03 1.057200000e+04 
9.966000000e+03 1.040300000e+04 
1.060300000e+04 1.012000000e+04 
1.018000000e+04 1.027800000e+04 
9.820000000e+03 1.058700000e+04 
1.048200000e+04 1.018700000e+04 

1.062200000e+04 1.033400000e+04 
1.013000000e+04 1.085900000e+04 
1.043000000e+04 1.039900000e+04 
1.036100000e+04 1.044500000e+04 
1.072700000e+04 1.029800000e+04 
1.064000000e+04 1.033200000e+04 
1.031200000e+04 1.055200000e+04 
1.033500000e+04 1.046200000e+04 
1.097000000e+04 1.028700000e+04 
1.030600000e+04 1.060300000e+04 
1.021300000e+04 1.068500000e+04 

1.122700000e+04 1.029900000e+04 
1.103400000e+04 1.038400000e+04 
1.067700000e+04 1.051600000e+04 
1.064200000e+04 1.058200000e+04 
1.064200000e+04 1.058200000e+04 
1.072700000e+04 1.049500000e+04 
1.055400000e+04 1.063400000e+04 
1.045800000e+04 1.082600000e+04 
1.063500000e+04 1.062400000e+04 
1.063700000e+04 1.061800000e+04 
1.111500000e+04 1.037400000e+04 
1.038300000e+04 1.092000000e+04 
1.067700000e+04 1.051600000e+04 
1.067900000e+04 1.050000000e+04 
1.098300000e+04 1.046100000e+04 
1.115400000e+04 1.033100000e+04 

1.049700000e+04 9.320000000e+03 
1.044700000e+04 9.384000000e+03 
1.037300000e+04 9.436000000e+03 
1.089300000e+04 9.088000000e+03 
1.058500000e+04 9.281000000e+03 
1.035000000e+04 9.477000000e+03 
1.032400000e+04 9.562000000e+03 
1.069500000e+04 9.091000000e+03 
1.059200000e+04 9.220000000e+03 
1.049300000e+04 9.343000000e+03 
1.055900000e+04 9.282000000e+03 
1.041500000e+04 9.395000000e+03 
1.062000000e+04 9.142000000e+03 
1.045500000e+04 9.366000000e+03 
1.089300000e+04 9.088000000e+03 
1.021500000e+04 1.012500000e+04 
1.060800000e+04 9.156000000e+03 
1.028300000e+04 9.821000000e+03 
1.049000000e+04 9.363000000e+03 
1.029400000e+04 9.664000000e+03 
1.054000000e+04 9.314000000e+03 
1.039300000e+04 9.406000000e+03 
1.036900000e+04 9.469000000e+03 
1.038900000e+04 9.411000000e+03 

9.891000000e+03 9.964000000e+03 
9.812000000e+03 1.024200000e+04 
9.731000000e+03 1.024300000e+04 
9.710000000e+03 1.034800000e+04 
9.831000000e+03 1.003300000e+04 
9.833000000e+03 9.989000000e+03 
1.005400000e+04 9.653000000e+03 
9.814000000e+03 1.019700000e+04 
1.011000000e+04 9.638000000e+03 
9.712000000e+03 1.034100000e+04 
9.932000000e+03 9.795000000e+03 
9.936000000e+03 9.703000000e+03 
9.817000000e+03 1.012800000e+04 
9.916000000e+03 9.895000000e+03 
9.932000000e+03 9.795000000e+03 

1.078500000e+04 1.002100000e+04 
1.063700000e+04 1.009900000e+04 
1.014200000e+04 1.044100000e+04 
9.951000000e+03 1.094800000e+04 
1.011100000e+04 1.057500000e+04 
1.044000000e+04 1.023200000e+04 
1.046500000e+04 1.011600000e+04 
9.951000000e+03 1.094800000e+04 
1.014800000e+04 1.024000000e+04 
1.006100000e+04 1.065200000e+04 
1.014200000e+04 1.044100000e+04 
1.004300000e+04 1.068700000e+04 
9.951000000e+03 1.094800000e+04 
9.943000000e+03 1.097800000e+04 
9.921000000e+03 1.123300000e+04 
1.013100000e+04 1.057400000e+04 
9.959000000e+03 1.078600000e+04 

1.008100000e+04 1.061700000e+04 
1.022800000e+04 1.036000000e+04 
9.993000000e+03 1.062500000e+04 
9.946000000e+03 1.067900000e+04 
9.899000000e+03 1.068500000e+04 
9.785000000e+03 1.087600000e+04 
9.746000000e+03 1.091700000e+04 
1.020200000e+04 1.040100000e+04 
1.044500000e+04 1.017600000e+04 
1.009100000e+04 1.041500000e+04 

1.059800000e+04 1.001200000e+04 
1.085600000e+04 9.955000000e+03 
1.076400000e+04 9.982000000e+03 
1.021000000e+04 1.011600000e+04 

1.027400000e+04 9.904000000e+03 
1.019200000e+04 1.002000000e+04 
1.033900000e+04 9.773000000e+03 
1.019500000e+04 9.997000000e+03 
1.003500000e+04 1.019200000e+04 
1.012500000e+04 1.005100000e+04 
1.019100000e+04 1.002800000e+04 
1.004600000e+04 1.013100000e+04 
1.061900000e+04 9.651000000e+03 
1.010000000e+04 1.011200000e+04 
9.901000000e+03 1.021800000e+04 
1.007800000e+04 1.012900000e+04 

1.086500000e+04 1.035400000e+04 
1.064200000e+04 1.053800000e+04 
1.086800000e+04 1.035200000e+04 
1.062800000e+04 1.055600000e+04 
1.076900000e+04 1.041400000e+04 
1.113600000e+04 1.011600000e+04 
1.050200000e+04 1.067300000e+04 
1.048600000e+04 1.105400000e+04 
1.064300000e+04 1.052300000e+04 
1.053200000e+04 1.065000000e+04 
1.137200000e+04 1.008900000e+04 
1.090100000e+04 1.015400000e+04 

9.653000000e+03 1.090900000e+04 
9.583000000e+03 1.136800000e+04 
9.829000000e+03 1.049500000e+04 
1.010400000e+04 1.028200000e+04 
9.716000000e+03 1.068700000e+04 
9.639000000e+03 1.130400000e+04 
1.011800000e+04 1.018700000e+04 
1.011800000e+04 1.018700000e+04 
9.860000000e+03 1.048700000e+04 
9.998000000e+03 1.040200000e+04 
9.884000000e+03 1.047900000e+04 
9.795000000e+03 1.068000000e+04 

1.002900000e+04 1.006300000e+04 
1.016600000e+04 1.001500000e+04 
1.025100000e+04 9.987000000e+03 
1.022200000e+04 1.000800000e+04 
1.055800000e+04 9.817000000e+03 
1.027000000e+04 9.901000000e+03 
1.022600000e+04 9.988000000e+03 
1.003800000e+04 1.004000000e+04 
9.971000000e+03 1.032200000e+04 
1.028000000e+04 9.870000000e+03 

9.868000000e+03 1.059100000e+04 
1.031600000e+04 1.043500000e+04 
9.364000000e+03 1.089500000e+04 
9.333000000e+03 1.158000000e+04 
1.007700000e+04 1.049500000e+04 
9.632000000e+03 1.068500000e+04 
9.658000000e+03 1.062700000e+04 
9.943000000e+03 1.052700000e+04 
1.003000000e+04 1.049800000e+04 
9.314000000e+03 1.173100000e+04 
9.392000000e+03 1.086700000e+04 
9.990000000e+03 1.052600000e+04 
9.990000000e+03 1.052600000e+04 
1.007700000e+04 1.049500000e+04 
9.804000000e+03 1.062600000e+04 
1.013600000e+04 1.049100000e+04 
1.037800000e+04 1.041200000e+04 
9.490000000e+03 1.076300000e+04 

1.008600000e+04 1.016100000e+04 
1.057700000e+04 9.850000000e+03 
1.032300000e+04 1.010000000e+04 
1.008300000e+04 1.016700000e+04 
1.032600000e+04 1.007300000e+04 
1.043500000e+04 9.924000000e+03 
9.967000000e+03 1.046800000e+04 
1.064200000e+04 9.798000000e+03 
9.972000000e+03 1.032300000e+04 
1.029700000e+04 1.011400000e+04 
1.003100000e+04 1.019600000e+04 

1.073200000e+04 1.041600000e+04 
1.058700000e+04 1.059900000e+04 
1.069700000e+04 1.045500000e+04 
1.076900000e+04 1.037100000e+04 
1.093300000e+04 1.023300000e+04 
1.098500000e+04 1.015200000e+04 
1.068300000e+04 1.045800000e+04 
1.085700000e+04 1.027500000e+04 
1.059900000e+04 1.058300000e+04 
1.071800000e+04 1.045200000e+04 
1.094800000e+04 1.022600000e+04 
1.088000000e+04 1.024800000e+04 
1.063200000e+04 1.048000000e+04 

1.006600000e+04 1.077200000e+04 
1.031600000e+04 1.057100000e+04 
1.044000000e+04 1.054500000e+04 
1.020400000e+04 1.058100000e+04 
1.014800000e+04 1.061700000e+04 
1.020400000e+04 1.058100000e+04 
1.011800000e+04 1.065600000e+04 
1.011700000e+04 1.070700000e+04 
9.852000000e+03 1.097600000e+04 
1.007400000e+04 1.070800000e+04 
1.047800000e+04 1.041800000e+04 
9.892000000e+03 1.079900000e+04 

9.890000000e+03 9.944000000e+03 
9.918000000e+03 9.899000000e+03 
9.886000000e+03 9.961000000e+03 
9.914000000e+03 9.931000000e+03 
9.924000000e+03 9.797000000e+03 
9.879000000e+03 1.000500000e+04 
1.023000000e+04 9.566000000e+03 
1.019100000e+04 9.704000000e+03 
1.012800000e+04 9.706000000e+03 
1.003400000e+04 9.748000000e+03 
9.934000000e+03 9.773000000e+03 

1.005100000e+04 1.103000000e+04 
1.026600000e+04 1.077300000e+04 
1.023900000e+04 1.081500000e+04 
1.028900000e+04 1.073800000e+04 
1.011800000e+04 1.094500000e+04 
1.014200000e+04 1.086800000e+04 
1.033100000e+04 1.067800000e+04 

1.039500000e+04 1.065600000e+04 
1.012000000e+04 1.091500000e+04 
1.005900000e+04 1.096000000e+04 
1.060000000e+04 1.059600000e+04 
1.018700000e+04 1.076900000e+04 
1.005300000e+04 1.108600000e+04 
1.025600000e+04 1.076800000e+04 
9.866000000e+03 1.122400000e+04 
1.041200000e+04 1.063900000e+04 
1.005400000e+04 1.107000000e+04 
1.027800000e+04 1.075800000e+04 
1.042100000e+04 1.061000000e+04 
1.068400000e+04 1.058900000e+04 
9.951000000e+03 1.110100000e+04 
1.058700000e+04 1.059700000e+04 

1.116200000e+04 9.999000000e+03 
1.138600000e+04 9.848000000e+03 
1.135500000e+04 9.956000000e+03 
1.109400000e+04 1.013300000e+04 
1.177500000e+04 9.837000000e+03 
1.119300000e+04 9.984000000e+03 
1.088700000e+04 1.036800000e+04 
1.107500000e+04 1.029800000e+04 
1.092200000e+04 1.033900000e+04 

1.018500000e+04 1.115900000e+04 
1.080700000e+04 9.795000000e+03 
1.043900000e+04 9.817000000e+03 
1.028700000e+04 1.064300000e+04 
1.024900000e+04 1.079500000e+04 
1.039400000e+04 1.008000000e+04 
1.029300000e+04 1.043400000e+04 
1.018600000e+04 1.096100000e+04 
1.040000000e+04 9.904000000e+03 
1.025300000e+04 1.079200000e+04 
1.036600000e+04 1.017700000e+04 
1.034600000e+04 1.032900000e+04 
1.023300000e+04 1.086400000e+04 

1.047400000e+04 9.768000000e+03 
1.064000000e+04 9.618000000e+03 
1.016500000e+04 9.909000000e+03 
1.046200000e+04 9.801000000e+03 
1.055800000e+04 9.687000000e+03 
1.036500000e+04 9.815000000e+03 
1.072400000e+04 9.612000000e+03 
1.076800000e+04 9.594000000e+03 

1.024600000e+04 1.037400000e+04 
1.024600000e+04 1.037400000e+04 
9.909000000e+03 1.074100000e+04 
9.789000000e+03 1.099100000e+04 
1.034600000e+04 1.029500000e+04 
9.778000000e+03 1.101000000e+04 
1.029000000e+04 1.031100000e+04 
1.011700000e+04 1.043100000e+04 
1.034600000e+04 1.029500000e+04 
9.836000000e+03 1.080800000e+04 
9.883000000e+03 1.076800000e+04 
1.009400000e+04 1.048600000e+04 
1.057300000e+04 1.019900000e+04 
1.021700000e+04 1.039900000e+04 
1.036600000e+04 1.023900000e+04 
9.869000000e+03 1.077400000e+04 
9.951000000e+03 1.053900000e+04 
9.919000000e+03 1.065700000e+04 

1.047500000e+04 1.040000000e+04 
1.053100000e+04 1.027300000e+04 
1.044300000e+04 1.046100000e+04 
1.071400000e+04 1.008800000e+04 
1.063000000e+04 1.012100000e+04 

1.006600000e+04 1.080600000e+04 
1.009700000e+04 1.078700000e+04 
9.930000000e+03 1.084400000e+04 
1.019000000e+04 1.069300000e+04 
1.040300000e+04 1.050600000e+04 
1.018600000e+04 1.069600000e+04 
1.023100000e+04 1.051100000e+04 
1.023100000e+04 1.051100000e+04 
1.046500000e+04 1.045000000e+04 
9.906000000e+03 1.113800000e+04 
1.019300000e+04 1.063200000e+04 

1.078800000e+04 1.018900000e+04 
1.049100000e+04 1.032200000e+04 
1.075300000e+04 1.023000000e+04 
1.035400000e+04 1.039800000e+04 
1.075300000e+04 1.023000000e+04 
1.035300000e+04 1.041600000e+04 
1.047100000e+04 1.038700000e+04 
1.027600000e+04 1.050900000e+04 
1.057400000e+04 1.026800000e+04 
1.069300000e+04 1.025000000e+04 
1.030700000e+04 1.048000000e+04 
1.026600000e+04 1.064200000e+04 
1.065500000e+04 1.025200000e+04 
1.057100000e+04 1.030900000e+04 

9.938000000e+03 1.001200000e+04 
9.885000000e+03 1.014300000e+04 
1.006400000e+04 9.985000000e+03 
1.021500000e+04 9.850000000e+03 
1.023500000e+04 9.745000000e+03 
1.021100000e+04 9.936000000e+03 
9.845000000e+03 1.022200000e+04 

1.037800000e+04 1.018800000e+04 
1.062200000e+04 9.972000000e+03 
1.070000000e+04 9.843000000e+03 
1.054400000e+04 1.002000000e+04 
1.039600000e+04 1.003400000e+04 
1.030800000e+04 1.044200000e+04 
1.076600000e+04 9.827000000e+03 

1.038900000e+04 9.889000000e+03 
1.047500000e+04 9.883000000e+03 
1.027100000e+04 1.008700000e+04 
1.053800000e+04 9.845000000e+03 
1.032400000e+04 9.908000000e+03 
1.027100000e+04 1.008700000e+04 
1.018400000e+04 1.016900000e+04 
1.030800000e+04 9.971000000e+03 
1.032400000e+04 9.908000000e+03 
1.055300000e+04 9.822000000e+03 
1.030400000e+04 1.003300000e+04 
1.048700000e+04 9.867000000e+03 
1.030000000e+04 1.006800000e+04 

