1.159000000e+04 1.051900000e+04 
1.043700000e+04 1.082200000e+04 
1.148900000e+04 1.060300000e+04 
1.156100000e+04 1.060000000e+04 
1.128200000e+04 1.066700000e+04 
1.140500000e+04 1.060400000e+04 
1.128900000e+04 1.064400000e+04 
1.123600000e+04 1.076500000e+04 
1.052600000e+04 1.076800000e+04 
1.148900000e+04 1.060300000e+04 

1.098900000e+04 1.130300000e+04 
1.097400000e+04 1.134600000e+04 
1.115000000e+04 1.103200000e+04 
1.082000000e+04 1.143900000e+04 
1.069900000e+04 1.153400000e+04 
1.103800000e+04 1.118900000e+04 
1.062700000e+04 1.162600000e+04 
1.086000000e+04 1.142700000e+04 
1.132700000e+04 1.101500000e+04 
1.088700000e+04 1.135600000e+04 
1.110200000e+04 1.105300000e+04 

1.121600000e+04 1.317500000e+04 
1.144900000e+04 1.182100000e+04 
1.237500000e+04 1.143600000e+04 
1.176400000e+04 1.169700000e+04 
1.202500000e+04 1.147600000e+04 
1.122800000e+04 1.273300000e+04 
1.160100000e+04 1.178200000e+04 
1.129400000e+04 1.210800000e+04 
1.134400000e+04 1.186200000e+04 
1.123400000e+04 1.215900000e+04 

1.147300000e+04 1.160000000e+04 
1.144400000e+04 1.175800000e+04 
1.161200000e+04 1.149300000e+04 
1.228800000e+04 1.127400000e+04 
1.184400000e+04 1.144700000e+04 
1.205800000e+04 1.134600000e+04 
1.151800000e+04 1.159800000e+04 

1.117700000e+04 1.072600000e+04 
1.143300000e+04 1.036300000e+04 
1.137900000e+04 1.060900000e+04 
1.121800000e+04 1.062300000e+04 
1.142700000e+04 1.047700000e+04 
1.148200000e+04 1.021500000e+04 
1.106500000e+04 1.085900000e+04 

1.209500000e+04 1.092900000e+04 
1.164000000e+04 1.095000000e+04 
1.161500000e+04 1.100400000e+04 
1.115200000e+04 1.105500000e+04 
1.209500000e+04 1.092900000e+04 
1.087800000e+04 1.109500000e+04 

1.124900000e+04 1.118300000e+04 
1.162500000e+04 1.101600000e+04 
1.101000000e+04 1.136300000e+04 
1.100900000e+04 1.147800000e+04 
1.091500000e+04 1.177500000e+04 
1.141500000e+04 1.104000000e+04 
1.095400000e+04 1.159700000e+04 
1.081200000e+04 1.222800000e+04 
1.170600000e+04 1.100600000e+04 
1.113200000e+04 1.128500000e+04 

1.155000000e+04 1.127900000e+04 
1.180800000e+04 1.127000000e+04 
1.121300000e+04 1.147800000e+04 
1.097200000e+04 1.185100000e+04 
1.109400000e+04 1.171500000e+04 

1.189500000e+04 1.100700000e+04 
1.175000000e+04 1.103200000e+04 
1.170100000e+04 1.103300000e+04 
1.140100000e+04 1.105400000e+04 

1.139800000e+04 1.068600000e+04 
1.175400000e+04 1.062100000e+04 
1.096900000e+04 1.123100000e+04 
1.108600000e+04 1.070300000e+04 
1.101500000e+04 1.097800000e+04 
1.185800000e+04 1.058100000e+04 
1.202100000e+04 1.054200000e+04 

1.135600000e+04 1.170300000e+04 
1.141300000e+04 1.144100000e+04 
1.197600000e+04 1.108300000e+04 
1.120300000e+04 1.170500000e+04 
1.159600000e+04 1.109500000e+04 

1.106500000e+04 1.120000000e+04 
1.091000000e+04 1.134300000e+04 
1.158100000e+04 1.105100000e+04 
1.101900000e+04 1.120600000e+04 
1.172500000e+04 1.095100000e+04 
1.100900000e+04 1.131000000e+04 
1.125100000e+04 1.112600000e+04 
1.119300000e+04 1.119600000e+04 
1.089900000e+04 1.155700000e+04 
1.131100000e+04 1.108400000e+04 
1.130600000e+04 1.110700000e+04 
1.085200000e+04 1.160000000e+04 
1.136200000e+04 1.106700000e+04 
1.124200000e+04 1.118600000e+04 
1.078400000e+04 1.204500000e+04 

1.141500000e+04 1.073100000e+04 
1.123600000e+04 1.115300000e+04 
1.110100000e+04 1.165800000e+04 
1.119300000e+04 1.146400000e+04 
1.133800000e+04 1.109300000e+04 
1.141100000e+04 1.076700000e+04 

1.039700000e+04 1.230500000e+04 
1.054600000e+04 1.199500000e+04 
1.095000000e+04 1.166300000e+04 
1.077400000e+04 1.184000000e+04 
1.069200000e+04 1.185100000e+04 
1.026400000e+04 1.237800000e+04 
1.102100000e+04 1.153600000e+04 
1.054500000e+04 1.204600000e+04 
1.082100000e+04 1.167700000e+04 
1.095000000e+04 1.166300000e+04 
1.077400000e+04 1.184000000e+04 
1.080700000e+04 1.179500000e+04 

1.122400000e+04 1.124700000e+04 
1.176600000e+04 1.103000000e+04 
1.187600000e+04 1.097300000e+04 
1.141000000e+04 1.111600000e+04 
1.173000000e+04 1.110000000e+04 
1.173700000e+04 1.108800000e+04 
1.109300000e+04 1.144700000e+04 
1.148300000e+04 1.111100000e+04 

1.169600000e+04 1.155200000e+04 
1.184800000e+04 1.121200000e+04 
1.181900000e+04 1.144000000e+04 
1.188400000e+04 1.120500000e+04 
1.182000000e+04 1.141100000e+04 
1.145500000e+04 1.182100000e+04 
1.172800000e+04 1.152400000e+04 
1.176700000e+04 1.151300000e+04 
1.142000000e+04 1.195700000e+04 
1.146700000e+04 1.156200000e+04 
1.182400000e+04 1.137800000e+04 

1.088700000e+04 1.207300000e+04 
1.154100000e+04 1.157600000e+04 
1.157300000e+04 1.154700000e+04 
1.110900000e+04 1.172100000e+04 
1.152700000e+04 1.158900000e+04 
1.154100000e+04 1.157600000e+04 
1.168000000e+04 1.144600000e+04 
1.115500000e+04 1.170200000e+04 
1.116200000e+04 1.165400000e+04 
1.097400000e+04 1.186200000e+04 
1.077900000e+04 1.209000000e+04 

1.084100000e+04 1.072700000e+04 
1.102800000e+04 1.070900000e+04 
1.103100000e+04 1.057600000e+04 
1.078000000e+04 1.163700000e+04 

1.140500000e+04 1.207700000e+04 
1.149800000e+04 1.188900000e+04 
1.196000000e+04 1.154900000e+04 
1.163000000e+04 1.169000000e+04 
1.147400000e+04 1.194500000e+04 
1.140500000e+04 1.207700000e+04 
1.141100000e+04 1.203800000e+04 
1.169300000e+04 1.168600000e+04 
1.173600000e+04 1.161400000e+04 
1.116700000e+04 1.218200000e+04 
1.142700000e+04 1.194600000e+04 
1.161900000e+04 1.172800000e+04 

1.107200000e+04 1.204500000e+04 
1.137200000e+04 1.174900000e+04 
1.140600000e+04 1.169900000e+04 
1.070400000e+04 1.260000000e+04 
1.109500000e+04 1.201500000e+04 
1.094500000e+04 1.231200000e+04 
1.114000000e+04 1.196100000e+04 
1.133500000e+04 1.181000000e+04 
1.102400000e+04 1.216600000e+04 
1.169800000e+04 1.164100000e+04 
1.091100000e+04 1.255000000e+04 
1.098700000e+04 1.217600000e+04 
1.094300000e+04 1.240900000e+04 
1.103000000e+04 1.210900000e+04 

1.236100000e+04 1.113100000e+04 
1.220100000e+04 1.119900000e+04 
1.228700000e+04 1.115400000e+04 
1.220100000e+04 1.119900000e+04 
1.220100000e+04 1.119900000e+04 
1.188200000e+04 1.128100000e+04 
1.219100000e+04 1.120600000e+04 
1.244700000e+04 1.080200000e+04 

1.123000000e+04 1.201100000e+04 
1.132000000e+04 1.135300000e+04 
1.208400000e+04 1.079900000e+04 
1.127400000e+04 1.173900000e+04 
1.186300000e+04 1.086200000e+04 
1.134500000e+04 1.096000000e+04 
1.197200000e+04 1.083700000e+04 

1.120000000e+04 1.082700000e+04 
1.149800000e+04 1.060000000e+04 
1.174800000e+04 1.052800000e+04 

1.061700000e+04 1.188400000e+04 
1.086400000e+04 1.117800000e+04 
1.105300000e+04 1.116900000e+04 
1.075500000e+04 1.153600000e+04 

1.204500000e+04 1.131800000e+04 
1.234400000e+04 1.111400000e+04 
1.174500000e+04 1.166000000e+04 
1.235200000e+04 1.103400000e+04 
1.216000000e+04 1.114700000e+04 
1.224100000e+04 1.112800000e+04 
1.194600000e+04 1.145900000e+04 

1.112600000e+04 1.168800000e+04 
1.098700000e+04 1.178300000e+04 
1.133800000e+04 1.160800000e+04 
1.112600000e+04 1.168800000e+04 
1.130600000e+04 1.166400000e+04 
1.140400000e+04 1.142200000e+04 

1.150400000e+04 1.133200000e+04 
1.189000000e+04 1.125600000e+04 
1.145800000e+04 1.149000000e+04 
1.133200000e+04 1.167700000e+04 
1.187400000e+04 1.127200000e+04 
1.141800000e+04 1.163300000e+04 

1.110600000e+04 1.178400000e+04 
1.113600000e+04 1.069600000e+04 
1.112300000e+04 1.096900000e+04 
1.111100000e+04 1.165100000e+04 

1.177700000e+04 1.084800000e+04 
1.178100000e+04 1.083500000e+04 
1.122800000e+04 1.174900000e+04 
1.156700000e+04 1.105400000e+04 
1.142000000e+04 1.126500000e+04 
1.121600000e+04 1.204000000e+04 
1.161800000e+04 1.103300000e+04 
1.129400000e+04 1.171200000e+04 
1.169400000e+04 1.086400000e+04 
1.140600000e+04 1.160100000e+04 
1.139900000e+04 1.161100000e+04 
1.161100000e+04 1.104800000e+04 
1.148600000e+04 1.115000000e+04 
1.178100000e+04 1.083500000e+04 
1.181400000e+04 1.079200000e+04 

1.153500000e+04 1.114700000e+04 
1.153800000e+04 1.097900000e+04 
1.116700000e+04 1.134200000e+04 
1.143500000e+04 1.126200000e+04 

