9.185000000e+03 9.167000000e+03 
9.831000000e+03 8.896000000e+03 
9.252000000e+03 9.071000000e+03 
1.000200000e+04 8.867000000e+03 
9.016000000e+03 9.518000000e+03 
9.185000000e+03 9.167000000e+03 
9.195000000e+03 9.161000000e+03 
9.030000000e+03 9.475000000e+03 
1.000200000e+04 8.867000000e+03 
9.499000000e+03 8.955000000e+03 
9.158000000e+03 9.179000000e+03 
9.201000000e+03 9.159000000e+03 
9.185000000e+03 9.167000000e+03 
9.064000000e+03 9.263000000e+03 
9.323000000e+03 9.021000000e+03 
9.883000000e+03 8.870000000e+03 
9.290000000e+03 9.070000000e+03 
9.043000000e+03 9.357000000e+03 
9.114000000e+03 9.227000000e+03 
9.129000000e+03 9.213000000e+03 
9.247000000e+03 9.079000000e+03 
9.210000000e+03 9.153000000e+03 
9.030000000e+03 9.475000000e+03 
9.201000000e+03 9.159000000e+03 
9.597000000e+03 8.911000000e+03 

9.792000000e+03 9.144000000e+03 
9.401000000e+03 9.333000000e+03 
9.041000000e+03 9.642000000e+03 
9.421000000e+03 9.255000000e+03 
9.224000000e+03 9.494000000e+03 
8.902000000e+03 9.935000000e+03 
9.370000000e+03 9.362000000e+03 
9.401000000e+03 9.333000000e+03 
9.224000000e+03 9.494000000e+03 
9.062000000e+03 9.507000000e+03 
9.370000000e+03 9.362000000e+03 
9.041000000e+03 9.642000000e+03 
9.574000000e+03 9.227000000e+03 
9.365000000e+03 9.376000000e+03 
9.243000000e+03 9.390000000e+03 
9.406000000e+03 9.328000000e+03 
8.985000000e+03 9.706000000e+03 
9.221000000e+03 9.498000000e+03 
9.565000000e+03 9.233000000e+03 
9.654000000e+03 9.192000000e+03 
8.998000000e+03 9.676000000e+03 
8.917000000e+03 9.805000000e+03 

9.396000000e+03 9.712000000e+03 
9.492000000e+03 9.687000000e+03 
9.468000000e+03 9.700000000e+03 
9.537000000e+03 9.622000000e+03 
9.200000000e+03 9.973000000e+03 
9.233000000e+03 9.956000000e+03 
9.767000000e+03 9.497000000e+03 
9.347000000e+03 9.827000000e+03 
9.352000000e+03 9.787000000e+03 
9.273000000e+03 9.937000000e+03 
9.352000000e+03 9.787000000e+03 
9.550000000e+03 9.615000000e+03 
9.689000000e+03 9.512000000e+03 
9.639000000e+03 9.537000000e+03 
9.869000000e+03 9.403000000e+03 
9.395000000e+03 9.743000000e+03 
9.233000000e+03 9.956000000e+03 
9.322000000e+03 9.917000000e+03 
9.182000000e+03 1.000300000e+04 
9.233000000e+03 9.956000000e+03 
9.354000000e+03 9.781000000e+03 
9.536000000e+03 9.650000000e+03 
9.511000000e+03 9.671000000e+03 

1.008200000e+04 9.880000000e+03 
1.036600000e+04 9.638000000e+03 
9.831000000e+03 1.037100000e+04 
1.027000000e+04 9.734000000e+03 
1.000700000e+04 1.001700000e+04 
1.054300000e+04 9.604000000e+03 
1.029800000e+04 9.647000000e+03 
1.012900000e+04 9.787000000e+03 
9.914000000e+03 1.017700000e+04 
1.014800000e+04 9.757000000e+03 
9.972000000e+03 1.009200000e+04 
1.054300000e+04 9.604000000e+03 
1.027600000e+04 9.697000000e+03 
9.787000000e+03 1.058700000e+04 
1.025500000e+04 9.755000000e+03 
9.924000000e+03 1.016200000e+04 
1.011400000e+04 9.853000000e+03 
9.928000000e+03 1.013900000e+04 
1.011700000e+04 9.851000000e+03 
9.720000000e+03 1.072200000e+04 
9.871000000e+03 1.036600000e+04 
1.004300000e+04 9.925000000e+03 
1.026100000e+04 9.747000000e+03 
9.809000000e+03 1.043800000e+04 
1.045900000e+04 9.615000000e+03 
9.751000000e+03 1.069700000e+04 
1.011800000e+04 9.843000000e+03 

9.573000000e+03 9.089000000e+03 
1.004400000e+04 8.536000000e+03 
9.618000000e+03 8.925000000e+03 
9.618000000e+03 8.925000000e+03 
9.735000000e+03 8.802000000e+03 
9.990000000e+03 8.596000000e+03 
9.990000000e+03 8.596000000e+03 
9.507000000e+03 9.114000000e+03 
9.448000000e+03 9.486000000e+03 
1.012800000e+04 8.498000000e+03 
9.849000000e+03 8.684000000e+03 
9.481000000e+03 9.389000000e+03 
9.618000000e+03 8.925000000e+03 
9.794000000e+03 8.730000000e+03 
1.013600000e+04 8.467000000e+03 
9.481000000e+03 9.389000000e+03 
9.990000000e+03 8.596000000e+03 
9.756000000e+03 8.754000000e+03 
9.502000000e+03 9.325000000e+03 
9.481000000e+03 9.389000000e+03 
9.990000000e+03 8.596000000e+03 
9.835000000e+03 8.713000000e+03 
9.823000000e+03 8.727000000e+03 
9.481000000e+03 9.389000000e+03 
9.990000000e+03 8.596000000e+03 
1.012800000e+04 8.498000000e+03 
9.713000000e+03 8.805000000e+03 
9.859000000e+03 8.648000000e+03 
1.002800000e+04 8.582000000e+03 
9.656000000e+03 8.844000000e+03 
9.618000000e+03 8.925000000e+03 
9.582000000e+03 9.052000000e+03 
9.876000000e+03 8.621000000e+03 
9.713000000e+03 8.805000000e+03 
1.005900000e+04 8.521000000e+03 
9.794000000e+03 8.730000000e+03 

8.795000000e+03 9.185000000e+03 
9.271000000e+03 8.958000000e+03 
8.821000000e+03 9.120000000e+03 
9.290000000e+03 8.954000000e+03 
9.271000000e+03 8.958000000e+03 
8.781000000e+03 9.287000000e+03 
9.221000000e+03 8.978000000e+03 
8.781000000e+03 9.287000000e+03 
9.290000000e+03 8.954000000e+03 
8.663000000e+03 9.438000000e+03 
9.299000000e+03 8.924000000e+03 
8.761000000e+03 9.337000000e+03 
8.889000000e+03 9.109000000e+03 
8.774000000e+03 9.329000000e+03 
8.911000000e+03 8.993000000e+03 
8.821000000e+03 9.120000000e+03 
8.795000000e+03 9.185000000e+03 

9.159000000e+03 9.740000000e+03 
1.014100000e+04 9.195000000e+03 
1.005200000e+04 9.238000000e+03 
9.609000000e+03 9.248000000e+03 
9.165000000e+03 9.722000000e+03 
9.522000000e+03 9.350000000e+03 
9.563000000e+03 9.330000000e+03 
9.333000000e+03 9.447000000e+03 
9.106000000e+03 9.862000000e+03 
9.417000000e+03 9.363000000e+03 
1.005200000e+04 9.238000000e+03 
9.043000000e+03 9.865000000e+03 
9.294000000e+03 9.459000000e+03 
9.244000000e+03 9.522000000e+03 
9.119000000e+03 9.773000000e+03 
1.017500000e+04 9.182000000e+03 
8.985000000e+03 1.008400000e+04 
9.205000000e+03 9.648000000e+03 
9.024000000e+03 9.947000000e+03 
9.191000000e+03 9.704000000e+03 

9.165000000e+03 9.371000000e+03 
9.383000000e+03 9.306000000e+03 
9.093000000e+03 9.473000000e+03 
9.093000000e+03 9.473000000e+03 
9.588000000e+03 9.276000000e+03 
9.112000000e+03 9.404000000e+03 
8.933000000e+03 9.547000000e+03 
8.771000000e+03 9.995000000e+03 
9.016000000e+03 9.492000000e+03 
8.789000000e+03 9.981000000e+03 
8.873000000e+03 9.566000000e+03 
9.344000000e+03 9.335000000e+03 
9.186000000e+03 9.344000000e+03 
9.149000000e+03 9.392000000e+03 
8.841000000e+03 9.602000000e+03 
9.093000000e+03 9.473000000e+03 
9.093000000e+03 9.473000000e+03 
9.931000000e+03 9.210000000e+03 
9.717000000e+03 9.234000000e+03 
8.980000000e+03 9.528000000e+03 
8.808000000e+03 9.804000000e+03 

9.445000000e+03 9.420000000e+03 
9.562000000e+03 9.322000000e+03 
9.589000000e+03 9.318000000e+03 
9.466000000e+03 9.357000000e+03 
9.817000000e+03 9.145000000e+03 
9.223000000e+03 9.673000000e+03 
9.205000000e+03 9.776000000e+03 
9.518000000e+03 9.344000000e+03 
9.562000000e+03 9.322000000e+03 
9.214000000e+03 9.744000000e+03 
9.562000000e+03 9.322000000e+03 
9.225000000e+03 9.553000000e+03 
9.659000000e+03 9.311000000e+03 
9.940000000e+03 9.138000000e+03 
9.221000000e+03 9.682000000e+03 
9.634000000e+03 9.312000000e+03 
9.607000000e+03 9.314000000e+03 
9.220000000e+03 9.685000000e+03 
9.374000000e+03 9.430000000e+03 
9.292000000e+03 9.438000000e+03 
9.680000000e+03 9.195000000e+03 
9.940000000e+03 9.138000000e+03 

9.687000000e+03 8.791000000e+03 
9.062000000e+03 9.278000000e+03 
9.487000000e+03 8.905000000e+03 
9.487000000e+03 8.905000000e+03 
9.062000000e+03 9.278000000e+03 
9.003000000e+03 9.608000000e+03 
9.230000000e+03 8.968000000e+03 
9.068000000e+03 9.193000000e+03 
9.003000000e+03 9.608000000e+03 
9.003000000e+03 9.608000000e+03 
9.062000000e+03 9.278000000e+03 
9.444000000e+03 8.907000000e+03 
9.081000000e+03 9.181000000e+03 
9.536000000e+03 8.837000000e+03 
9.536000000e+03 8.837000000e+03 
9.039000000e+03 9.451000000e+03 
9.003000000e+03 9.608000000e+03 
9.003000000e+03 9.608000000e+03 
9.062000000e+03 9.278000000e+03 
9.554000000e+03 8.810000000e+03 
9.679000000e+03 8.805000000e+03 
9.022000000e+03 9.599000000e+03 
9.062000000e+03 9.278000000e+03 
9.261000000e+03 8.909000000e+03 

9.783000000e+03 9.732000000e+03 
1.003700000e+04 9.461000000e+03 
9.545000000e+03 1.001700000e+04 
1.051400000e+04 9.346000000e+03 
9.751000000e+03 9.876000000e+03 
1.047800000e+04 9.387000000e+03 
9.711000000e+03 9.979000000e+03 
1.010500000e+04 9.407000000e+03 
9.717000000e+03 9.955000000e+03 
1.051400000e+04 9.346000000e+03 
9.902000000e+03 9.700000000e+03 
9.942000000e+03 9.533000000e+03 
9.883000000e+03 9.705000000e+03 
9.907000000e+03 9.604000000e+03 

9.197000000e+03 9.557000000e+03 
9.157000000e+03 9.580000000e+03 
8.714000000e+03 1.032200000e+04 
9.440000000e+03 9.488000000e+03 
8.866000000e+03 9.786000000e+03 
8.745000000e+03 1.027100000e+04 
9.194000000e+03 9.563000000e+03 
9.063000000e+03 9.625000000e+03 
9.251000000e+03 9.501000000e+03 
8.773000000e+03 9.975000000e+03 
8.922000000e+03 9.754000000e+03 
9.200000000e+03 9.502000000e+03 
8.957000000e+03 9.628000000e+03 
9.393000000e+03 9.493000000e+03 

9.359000000e+03 9.290000000e+03 
9.515000000e+03 9.090000000e+03 
9.844000000e+03 9.024000000e+03 
9.820000000e+03 9.077000000e+03 
9.152000000e+03 9.658000000e+03 
9.167000000e+03 9.489000000e+03 
9.532000000e+03 9.086000000e+03 
9.198000000e+03 9.476000000e+03 
9.824000000e+03 9.070000000e+03 
9.496000000e+03 9.110000000e+03 
9.287000000e+03 9.324000000e+03 
9.238000000e+03 9.361000000e+03 
9.225000000e+03 9.404000000e+03 
9.411000000e+03 9.180000000e+03 
9.207000000e+03 9.431000000e+03 
9.103000000e+03 9.774000000e+03 
9.482000000e+03 9.178000000e+03 
9.748000000e+03 9.085000000e+03 
9.482000000e+03 9.178000000e+03 
9.373000000e+03 9.231000000e+03 
9.843000000e+03 9.034000000e+03 

8.524000000e+03 1.039000000e+04 
8.631000000e+03 1.013100000e+04 
8.490000000e+03 1.051300000e+04 
8.762000000e+03 9.890000000e+03 
8.987000000e+03 9.741000000e+03 
8.743000000e+03 9.928000000e+03 
8.570000000e+03 1.034600000e+04 
8.572000000e+03 1.023900000e+04 
8.820000000e+03 9.834000000e+03 
8.577000000e+03 1.016300000e+04 
8.772000000e+03 9.886000000e+03 
8.700000000e+03 1.002400000e+04 
8.691000000e+03 1.005200000e+04 
8.581000000e+03 1.016000000e+04 
9.388000000e+03 9.718000000e+03 
8.782000000e+03 9.878000000e+03 
9.001000000e+03 9.729000000e+03 
8.680000000e+03 1.005300000e+04 
8.839000000e+03 9.808000000e+03 
8.754000000e+03 9.903000000e+03 
8.907000000e+03 9.750000000e+03 
8.716000000e+03 9.940000000e+03 

9.416000000e+03 9.190000000e+03 
9.301000000e+03 9.388000000e+03 
9.861000000e+03 8.996000000e+03 
9.549000000e+03 9.082000000e+03 
9.493000000e+03 9.144000000e+03 
9.518000000e+03 9.135000000e+03 
9.455000000e+03 9.177000000e+03 
9.473000000e+03 9.171000000e+03 
9.299000000e+03 9.445000000e+03 
9.293000000e+03 9.450000000e+03 
9.268000000e+03 9.577000000e+03 
9.575000000e+03 9.074000000e+03 
9.739000000e+03 9.030000000e+03 
9.579000000e+03 9.067000000e+03 
9.327000000e+03 9.280000000e+03 
9.357000000e+03 9.199000000e+03 
9.636000000e+03 9.034000000e+03 
9.315000000e+03 9.385000000e+03 
9.534000000e+03 9.131000000e+03 

9.799000000e+03 1.006400000e+04 
1.000600000e+04 9.552000000e+03 
1.045200000e+04 9.310000000e+03 
1.007000000e+04 9.410000000e+03 
9.835000000e+03 9.877000000e+03 
1.018600000e+04 9.400000000e+03 
9.846000000e+03 9.821000000e+03 
1.002100000e+04 9.541000000e+03 
1.032700000e+04 9.315000000e+03 
1.024000000e+04 9.387000000e+03 
9.799000000e+03 1.006400000e+04 
1.018600000e+04 9.400000000e+03 
9.828000000e+03 9.949000000e+03 
1.006700000e+04 9.427000000e+03 
9.938000000e+03 9.597000000e+03 
9.874000000e+03 9.672000000e+03 
1.007000000e+04 9.410000000e+03 
9.846000000e+03 9.821000000e+03 

9.125000000e+03 1.002900000e+04 
9.005000000e+03 1.014000000e+04 
8.978000000e+03 1.022900000e+04 
9.818000000e+03 9.715000000e+03 
9.940000000e+03 9.697000000e+03 
9.255000000e+03 9.936000000e+03 
9.144000000e+03 1.001600000e+04 
9.686000000e+03 9.767000000e+03 
9.144000000e+03 1.001600000e+04 
9.913000000e+03 9.714000000e+03 
9.201000000e+03 1.000200000e+04 
9.669000000e+03 9.818000000e+03 
9.940000000e+03 9.697000000e+03 
8.881000000e+03 1.035600000e+04 
9.646000000e+03 9.819000000e+03 
9.354000000e+03 9.922000000e+03 
9.485000000e+03 9.837000000e+03 
9.450000000e+03 9.897000000e+03 
9.466000000e+03 9.880000000e+03 
8.918000000e+03 1.023300000e+04 
9.950000000e+03 9.656000000e+03 
8.918000000e+03 1.023300000e+04 
8.911000000e+03 1.031600000e+04 
9.703000000e+03 9.723000000e+03 
9.683000000e+03 9.769000000e+03 
9.421000000e+03 9.901000000e+03 

8.968000000e+03 8.887000000e+03 
8.903000000e+03 8.980000000e+03 
9.002000000e+03 8.722000000e+03 
9.088000000e+03 8.465000000e+03 
8.971000000e+03 8.839000000e+03 
8.968000000e+03 8.887000000e+03 
8.742000000e+03 9.279000000e+03 
8.998000000e+03 8.823000000e+03 
8.864000000e+03 9.030000000e+03 
8.912000000e+03 8.965000000e+03 
8.785000000e+03 9.204000000e+03 
8.908000000e+03 8.972000000e+03 
9.084000000e+03 8.718000000e+03 
9.000000000e+03 8.753000000e+03 
8.800000000e+03 9.117000000e+03 
8.833000000e+03 9.060000000e+03 
9.001000000e+03 8.732000000e+03 
8.994000000e+03 8.830000000e+03 
8.931000000e+03 8.891000000e+03 

9.155000000e+03 1.011800000e+04 
9.053000000e+03 1.043500000e+04 
9.354000000e+03 9.864000000e+03 
9.226000000e+03 1.000700000e+04 
9.208000000e+03 1.007700000e+04 
9.226000000e+03 1.000700000e+04 
9.533000000e+03 9.701000000e+03 
9.369000000e+03 9.823000000e+03 
9.102000000e+03 1.025600000e+04 
9.068000000e+03 1.029000000e+04 
9.521000000e+03 9.724000000e+03 
9.424000000e+03 9.783000000e+03 
9.165000000e+03 1.008900000e+04 
9.312000000e+03 9.883000000e+03 
9.264000000e+03 9.895000000e+03 
9.149000000e+03 1.019700000e+04 
9.213000000e+03 1.004500000e+04 
9.686000000e+03 9.679000000e+03 
9.188000000e+03 1.008800000e+04 
9.065000000e+03 1.039100000e+04 

9.698000000e+03 9.652000000e+03 
9.117000000e+03 1.014000000e+04 
9.932000000e+03 9.628000000e+03 
9.683000000e+03 9.664000000e+03 
9.090000000e+03 1.045200000e+04 
9.102000000e+03 1.018700000e+04 
9.395000000e+03 9.863000000e+03 
9.316000000e+03 9.931000000e+03 
9.224000000e+03 9.947000000e+03 
9.276000000e+03 9.934000000e+03 
9.414000000e+03 9.689000000e+03 
9.357000000e+03 9.896000000e+03 
9.224000000e+03 9.947000000e+03 
9.174000000e+03 1.007200000e+04 
9.400000000e+03 9.816000000e+03 
9.408000000e+03 9.796000000e+03 
9.372000000e+03 9.877000000e+03 
9.161000000e+03 1.012000000e+04 

9.831000000e+03 9.598000000e+03 
1.011800000e+04 9.354000000e+03 
1.023400000e+04 9.162000000e+03 
9.887000000e+03 9.552000000e+03 
1.054100000e+04 9.017000000e+03 
1.008900000e+04 9.361000000e+03 
9.983000000e+03 9.401000000e+03 
1.007000000e+04 9.373000000e+03 
1.040500000e+04 9.124000000e+03 
1.016900000e+04 9.190000000e+03 
1.060300000e+04 9.009000000e+03 
1.051000000e+04 9.108000000e+03 
1.012400000e+04 9.239000000e+03 
9.934000000e+03 9.504000000e+03 
9.901000000e+03 9.519000000e+03 
9.946000000e+03 9.407000000e+03 
1.024700000e+04 9.132000000e+03 

1.005500000e+04 9.058000000e+03 
1.005500000e+04 9.058000000e+03 
9.739000000e+03 9.185000000e+03 
9.512000000e+03 9.458000000e+03 
9.741000000e+03 9.125000000e+03 
9.647000000e+03 9.270000000e+03 
1.005500000e+04 9.058000000e+03 
9.579000000e+03 9.318000000e+03 
9.603000000e+03 9.297000000e+03 
9.415000000e+03 9.950000000e+03 
9.536000000e+03 9.428000000e+03 
1.005500000e+04 9.058000000e+03 
9.913000000e+03 9.088000000e+03 
9.469000000e+03 9.905000000e+03 
9.852000000e+03 9.110000000e+03 
9.559000000e+03 9.346000000e+03 
9.666000000e+03 9.195000000e+03 

9.408000000e+03 8.880000000e+03 
9.032000000e+03 9.366000000e+03 
9.328000000e+03 8.907000000e+03 
9.658000000e+03 8.719000000e+03 
9.034000000e+03 9.345000000e+03 
9.034000000e+03 9.345000000e+03 
9.190000000e+03 9.038000000e+03 
9.152000000e+03 9.057000000e+03 
9.152000000e+03 9.057000000e+03 
9.034000000e+03 9.345000000e+03 
9.034000000e+03 9.345000000e+03 
9.034000000e+03 9.345000000e+03 
9.121000000e+03 9.123000000e+03 
9.321000000e+03 9.010000000e+03 
9.114000000e+03 9.154000000e+03 
9.152000000e+03 9.057000000e+03 
9.114000000e+03 9.154000000e+03 
9.406000000e+03 8.888000000e+03 
9.444000000e+03 8.853000000e+03 
9.447000000e+03 8.817000000e+03 
9.053000000e+03 9.173000000e+03 
9.263000000e+03 9.037000000e+03 
9.583000000e+03 8.784000000e+03 

1.011200000e+04 9.224000000e+03 
9.317000000e+03 9.588000000e+03 
9.874000000e+03 9.312000000e+03 
9.284000000e+03 9.714000000e+03 
9.445000000e+03 9.476000000e+03 
9.434000000e+03 9.485000000e+03 
9.148000000e+03 1.004900000e+04 
1.003100000e+04 9.272000000e+03 
9.527000000e+03 9.400000000e+03 
9.455000000e+03 9.445000000e+03 
9.401000000e+03 9.533000000e+03 
9.499000000e+03 9.433000000e+03 
9.214000000e+03 9.749000000e+03 
9.155000000e+03 9.925000000e+03 
9.343000000e+03 9.542000000e+03 
9.679000000e+03 9.350000000e+03 
9.455000000e+03 9.445000000e+03 
1.008900000e+04 9.227000000e+03 
9.155000000e+03 9.925000000e+03 

9.561000000e+03 9.352000000e+03 
9.633000000e+03 9.322000000e+03 
9.736000000e+03 9.307000000e+03 
9.792000000e+03 9.276000000e+03 
9.476000000e+03 9.367000000e+03 
9.743000000e+03 9.284000000e+03 
9.872000000e+03 9.215000000e+03 
1.014700000e+04 9.169000000e+03 
9.910000000e+03 9.176000000e+03 

9.365000000e+03 9.708000000e+03 
1.001900000e+04 9.472000000e+03 
9.245000000e+03 9.781000000e+03 
9.304000000e+03 9.771000000e+03 
9.631000000e+03 9.543000000e+03 
9.749000000e+03 9.481000000e+03 
9.209000000e+03 9.886000000e+03 
9.150000000e+03 9.928000000e+03 
9.321000000e+03 9.758000000e+03 
9.664000000e+03 9.490000000e+03 
9.522000000e+03 9.636000000e+03 
9.441000000e+03 9.703000000e+03 
1.001900000e+04 9.472000000e+03 
9.350000000e+03 9.749000000e+03 
9.664000000e+03 9.490000000e+03 
9.642000000e+03 9.518000000e+03 
9.569000000e+03 9.545000000e+03 
9.749000000e+03 9.481000000e+03 

9.420000000e+03 9.717000000e+03 
9.383000000e+03 9.733000000e+03 
9.439000000e+03 9.619000000e+03 
9.727000000e+03 9.365000000e+03 
9.641000000e+03 9.378000000e+03 
9.429000000e+03 9.690000000e+03 
9.520000000e+03 9.469000000e+03 
9.464000000e+03 9.602000000e+03 
9.789000000e+03 9.312000000e+03 
9.789000000e+03 9.312000000e+03 
9.915000000e+03 9.274000000e+03 
9.938000000e+03 9.263000000e+03 
9.408000000e+03 9.720000000e+03 
9.753000000e+03 9.317000000e+03 
9.342000000e+03 9.755000000e+03 
9.433000000e+03 9.643000000e+03 
9.290000000e+03 9.759000000e+03 
9.709000000e+03 9.368000000e+03 
9.483000000e+03 9.497000000e+03 
9.789000000e+03 9.312000000e+03 

9.610000000e+03 8.880000000e+03 
8.947000000e+03 9.599000000e+03 
9.062000000e+03 9.171000000e+03 
9.198000000e+03 9.081000000e+03 
9.263000000e+03 8.932000000e+03 
9.263000000e+03 8.932000000e+03 
8.960000000e+03 9.547000000e+03 
9.147000000e+03 9.125000000e+03 
9.263000000e+03 8.932000000e+03 
9.147000000e+03 9.125000000e+03 
8.970000000e+03 9.452000000e+03 
9.474000000e+03 8.913000000e+03 
9.158000000e+03 9.121000000e+03 
9.149000000e+03 9.122000000e+03 
9.042000000e+03 9.188000000e+03 
9.212000000e+03 8.971000000e+03 
9.199000000e+03 9.018000000e+03 
8.992000000e+03 9.346000000e+03 
9.011000000e+03 9.329000000e+03 
9.042000000e+03 9.188000000e+03 
9.106000000e+03 9.157000000e+03 
9.042000000e+03 9.188000000e+03 

1.005300000e+04 8.902000000e+03 
9.538000000e+03 9.119000000e+03 
9.979000000e+03 8.918000000e+03 
1.003800000e+04 8.912000000e+03 
9.979000000e+03 8.918000000e+03 
1.011500000e+04 8.876000000e+03 
9.655000000e+03 8.934000000e+03 
1.005300000e+04 8.902000000e+03 
9.636000000e+03 8.992000000e+03 
9.546000000e+03 9.052000000e+03 
1.011500000e+04 8.876000000e+03 
1.009300000e+04 8.899000000e+03 
9.620000000e+03 9.040000000e+03 
9.854000000e+03 8.919000000e+03 

9.321000000e+03 9.154000000e+03 
9.515000000e+03 8.823000000e+03 
9.757000000e+03 8.800000000e+03 
9.324000000e+03 9.119000000e+03 
9.481000000e+03 8.929000000e+03 
9.325000000e+03 9.022000000e+03 
9.302000000e+03 9.171000000e+03 
9.481000000e+03 8.929000000e+03 

