1.075500000e+04 1.008100000e+04 
1.075500000e+04 1.008100000e+04 
1.068900000e+04 1.015000000e+04 
1.033000000e+04 1.021500000e+04 
1.014800000e+04 1.032900000e+04 
1.032300000e+04 1.030500000e+04 
1.068900000e+04 1.015000000e+04 
1.029000000e+04 1.032400000e+04 
1.036400000e+04 1.015100000e+04 
1.077800000e+04 9.974000000e+03 
1.006300000e+04 1.033400000e+04 

1.038500000e+04 1.046800000e+04 
1.077900000e+04 1.042600000e+04 
1.004700000e+04 1.131900000e+04 
1.005100000e+04 1.118800000e+04 
1.009800000e+04 1.063100000e+04 
1.005100000e+04 1.118800000e+04 

1.057800000e+04 1.128700000e+04 
1.107300000e+04 1.057400000e+04 
1.065200000e+04 1.110300000e+04 
1.107000000e+04 1.072700000e+04 
1.067300000e+04 1.095900000e+04 
1.077700000e+04 1.093800000e+04 
1.090400000e+04 1.084100000e+04 
1.102900000e+04 1.079100000e+04 
1.063200000e+04 1.119500000e+04 
1.060500000e+04 1.120400000e+04 
1.106600000e+04 1.078900000e+04 
1.059500000e+04 1.121600000e+04 
1.079300000e+04 1.089600000e+04 

1.089100000e+04 1.093200000e+04 
1.113400000e+04 1.076000000e+04 
1.085300000e+04 1.111100000e+04 
1.120500000e+04 1.074000000e+04 
1.095500000e+04 1.081000000e+04 
1.081700000e+04 1.131000000e+04 
1.093700000e+04 1.089900000e+04 
1.086600000e+04 1.097800000e+04 
1.126400000e+04 1.058800000e+04 
1.125800000e+04 1.073800000e+04 
1.093900000e+04 1.086000000e+04 

1.084000000e+04 9.529000000e+03 
1.051500000e+04 9.934000000e+03 
1.065200000e+04 9.692000000e+03 
1.069300000e+04 9.643000000e+03 
1.085500000e+04 9.390000000e+03 
1.074400000e+04 9.563000000e+03 
1.066200000e+04 9.671000000e+03 
1.060700000e+04 9.761000000e+03 
1.057500000e+04 9.883000000e+03 
1.104000000e+04 9.382000000e+03 

1.034900000e+04 1.012200000e+04 
1.018700000e+04 1.047300000e+04 
1.027300000e+04 1.020200000e+04 
1.015700000e+04 1.047800000e+04 
1.041900000e+04 1.000500000e+04 
1.029000000e+04 1.017600000e+04 
1.040500000e+04 1.008400000e+04 

1.096400000e+04 1.027100000e+04 
1.055100000e+04 1.057200000e+04 
1.019800000e+04 1.139600000e+04 
1.039100000e+04 1.118400000e+04 
1.081300000e+04 1.033000000e+04 
1.041700000e+04 1.093400000e+04 
1.042100000e+04 1.072700000e+04 
1.025100000e+04 1.138700000e+04 
1.089400000e+04 1.032200000e+04 
1.093900000e+04 1.027900000e+04 
1.038800000e+04 1.137600000e+04 
1.041400000e+04 1.102800000e+04 
1.081300000e+04 1.033000000e+04 
1.039700000e+04 1.116900000e+04 
1.056700000e+04 1.040900000e+04 

1.064100000e+04 1.063400000e+04 
1.022300000e+04 1.122600000e+04 
1.050000000e+04 1.063500000e+04 
1.073900000e+04 1.055300000e+04 
1.017700000e+04 1.133100000e+04 
1.070600000e+04 1.056400000e+04 
1.022500000e+04 1.103500000e+04 
1.038800000e+04 1.068200000e+04 
1.030300000e+04 1.099300000e+04 

1.151400000e+04 1.020500000e+04 
1.089000000e+04 1.045200000e+04 
1.062800000e+04 1.073700000e+04 
1.142400000e+04 1.025300000e+04 
1.093600000e+04 1.037700000e+04 
1.067700000e+04 1.048700000e+04 
1.119600000e+04 1.026000000e+04 
1.067000000e+04 1.067600000e+04 
1.094700000e+04 1.028100000e+04 
1.093000000e+04 1.044600000e+04 

1.026700000e+04 1.047500000e+04 
1.067100000e+04 1.012900000e+04 
1.033800000e+04 1.036500000e+04 
1.022900000e+04 1.051100000e+04 
1.068900000e+04 1.001800000e+04 
1.052600000e+04 1.021000000e+04 
1.033800000e+04 1.036500000e+04 
1.055500000e+04 1.016200000e+04 
1.032900000e+04 1.040600000e+04 
1.065100000e+04 1.014700000e+04 
1.095700000e+04 1.001200000e+04 
1.029000000e+04 1.046800000e+04 
1.056500000e+04 1.015300000e+04 
1.029000000e+04 1.046800000e+04 
1.037900000e+04 1.024900000e+04 
1.095800000e+04 9.988000000e+03 
1.046600000e+04 1.021400000e+04 
1.030600000e+04 1.043700000e+04 
1.035500000e+04 1.033900000e+04 

1.125700000e+04 1.056200000e+04 
1.085900000e+04 1.088200000e+04 
1.138600000e+04 1.040900000e+04 
1.101400000e+04 1.073500000e+04 
1.133500000e+04 1.050100000e+04 
1.090500000e+04 1.074600000e+04 
1.137900000e+04 1.047300000e+04 
1.104200000e+04 1.065000000e+04 
1.165400000e+04 1.037800000e+04 
1.076400000e+04 1.099000000e+04 
1.066200000e+04 1.114600000e+04 

1.037300000e+04 1.068100000e+04 
1.045400000e+04 1.067700000e+04 
9.985000000e+03 1.112300000e+04 
9.996000000e+03 1.110700000e+04 
1.025400000e+04 1.070300000e+04 
9.985000000e+03 1.112300000e+04 
9.911000000e+03 1.127600000e+04 
1.000300000e+04 1.100600000e+04 
9.883000000e+03 1.136100000e+04 
1.048000000e+04 1.042000000e+04 
1.019800000e+04 1.071600000e+04 
1.001000000e+04 1.099000000e+04 
1.006100000e+04 1.077000000e+04 
1.003900000e+04 1.082700000e+04 
9.919000000e+03 1.114100000e+04 
1.064500000e+04 1.041000000e+04 
1.038600000e+04 1.068000000e+04 
1.031400000e+04 1.068500000e+04 

1.075000000e+04 1.023100000e+04 
1.054800000e+04 1.029800000e+04 
1.052500000e+04 1.037400000e+04 
1.075000000e+04 1.023100000e+04 
1.057600000e+04 1.026700000e+04 
1.091600000e+04 1.018900000e+04 
1.040800000e+04 1.038000000e+04 
1.091900000e+04 1.017900000e+04 
1.053600000e+04 1.031200000e+04 
1.025900000e+04 1.040300000e+04 
1.073800000e+04 1.025800000e+04 

9.675000000e+03 1.143100000e+04 
9.862000000e+03 1.108700000e+04 
9.733000000e+03 1.126000000e+04 
9.737000000e+03 1.121900000e+04 
9.438000000e+03 1.194000000e+04 
9.894000000e+03 1.106300000e+04 
1.045400000e+04 1.065700000e+04 
1.018700000e+04 1.094800000e+04 
9.894000000e+03 1.106300000e+04 
1.018900000e+04 1.083900000e+04 
1.011300000e+04 1.095500000e+04 
9.439000000e+03 1.168000000e+04 

1.071400000e+04 1.044700000e+04 
1.073800000e+04 1.040900000e+04 
1.049200000e+04 1.057900000e+04 
1.054400000e+04 1.050300000e+04 
1.113000000e+04 1.021700000e+04 
1.017200000e+04 1.094400000e+04 
1.117200000e+04 1.018600000e+04 
1.024300000e+04 1.059600000e+04 
1.087300000e+04 1.029200000e+04 
1.093900000e+04 1.028300000e+04 
1.058000000e+04 1.047200000e+04 

1.084100000e+04 1.101500000e+04 
1.086500000e+04 1.082500000e+04 
1.107300000e+04 1.069700000e+04 
1.141600000e+04 1.068200000e+04 
1.100500000e+04 1.072200000e+04 
1.138400000e+04 1.069000000e+04 

1.047200000e+04 1.088700000e+04 
1.067200000e+04 1.082100000e+04 
1.025500000e+04 1.107300000e+04 
1.025500000e+04 1.107300000e+04 
1.050600000e+04 1.087500000e+04 
1.037800000e+04 1.090000000e+04 
1.056500000e+04 1.085500000e+04 
1.018900000e+04 1.129900000e+04 

1.031300000e+04 9.951000000e+03 
1.012000000e+04 1.050600000e+04 
1.018400000e+04 1.026600000e+04 
1.013000000e+04 1.044700000e+04 
1.016700000e+04 1.039600000e+04 
1.042700000e+04 9.837000000e+03 
1.030700000e+04 1.005100000e+04 
1.017900000e+04 1.036300000e+04 
1.009700000e+04 1.055800000e+04 
1.022000000e+04 1.006500000e+04 
1.031300000e+04 9.951000000e+03 
1.009600000e+04 1.061800000e+04 
1.020200000e+04 1.011700000e+04 
1.021700000e+04 1.010200000e+04 
1.009800000e+04 1.054900000e+04 

1.038800000e+04 1.152800000e+04 
1.128700000e+04 1.112100000e+04 
1.058800000e+04 1.144300000e+04 
1.038600000e+04 1.163400000e+04 
1.167000000e+04 1.108700000e+04 
1.157300000e+04 1.109500000e+04 
1.040100000e+04 1.146600000e+04 
1.039600000e+04 1.152700000e+04 
1.141600000e+04 1.111900000e+04 
1.061800000e+04 1.117300000e+04 

1.021800000e+04 1.140400000e+04 
1.045700000e+04 1.103800000e+04 
1.040100000e+04 1.109500000e+04 
1.046500000e+04 1.098600000e+04 
1.065700000e+04 1.092500000e+04 
1.053900000e+04 1.092900000e+04 
1.037300000e+04 1.116200000e+04 

1.152200000e+04 1.021000000e+04 
1.140900000e+04 1.042600000e+04 
1.122400000e+04 1.105900000e+04 
1.184200000e+04 1.019400000e+04 
1.181300000e+04 1.019800000e+04 
1.128000000e+04 1.083100000e+04 
1.135600000e+04 1.070800000e+04 
1.128000000e+04 1.083100000e+04 
1.147500000e+04 1.032000000e+04 
1.189100000e+04 1.015400000e+04 
1.125300000e+04 1.084200000e+04 
1.139600000e+04 1.048500000e+04 
1.136600000e+04 1.055800000e+04 
1.125000000e+04 1.091700000e+04 
1.130400000e+04 1.075300000e+04 
1.142900000e+04 1.037600000e+04 
1.202400000e+04 1.007700000e+04 
1.172200000e+04 1.020400000e+04 
1.148400000e+04 1.027300000e+04 
1.144500000e+04 1.033200000e+04 

1.082200000e+04 1.002200000e+04 
1.066900000e+04 1.053800000e+04 
1.073100000e+04 1.036000000e+04 
1.079900000e+04 1.004600000e+04 
1.053900000e+04 1.095100000e+04 
1.070500000e+04 1.043800000e+04 
1.073600000e+04 1.005800000e+04 

1.067100000e+04 1.033400000e+04 
1.095800000e+04 9.860000000e+03 
1.079800000e+04 1.010900000e+04 
1.069700000e+04 1.021700000e+04 
1.071700000e+04 1.012300000e+04 
1.060800000e+04 1.034600000e+04 
1.080800000e+04 9.972000000e+03 
1.089600000e+04 9.956000000e+03 
1.065400000e+04 1.034300000e+04 
1.049500000e+04 1.042400000e+04 

1.115100000e+04 1.041000000e+04 
9.928000000e+03 1.154900000e+04 
1.056800000e+04 1.050300000e+04 
1.016700000e+04 1.090500000e+04 
1.049500000e+04 1.058000000e+04 
1.038000000e+04 1.072100000e+04 
1.041300000e+04 1.062800000e+04 
1.030300000e+04 1.074400000e+04 
1.018000000e+04 1.088500000e+04 
1.002800000e+04 1.127500000e+04 
1.024600000e+04 1.088300000e+04 

1.124500000e+04 1.038500000e+04 
1.117100000e+04 1.049700000e+04 
1.109400000e+04 1.051200000e+04 
1.090500000e+04 1.054500000e+04 
1.122900000e+04 1.047200000e+04 
1.119000000e+04 1.049100000e+04 

1.033800000e+04 1.097700000e+04 
1.050400000e+04 1.073400000e+04 
1.049200000e+04 1.076300000e+04 
1.020000000e+04 1.177200000e+04 
1.048500000e+04 1.077300000e+04 
1.020700000e+04 1.117200000e+04 
1.046300000e+04 1.088000000e+04 

1.050000000e+04 1.086200000e+04 
1.120700000e+04 1.049500000e+04 
1.129800000e+04 1.049100000e+04 
1.065000000e+04 1.060000000e+04 
1.061700000e+04 1.079800000e+04 
1.096100000e+04 1.049600000e+04 
1.052000000e+04 1.084500000e+04 
1.055000000e+04 1.080500000e+04 

1.093900000e+04 1.007200000e+04 
1.053800000e+04 1.033200000e+04 
1.031700000e+04 1.086400000e+04 
1.036300000e+04 1.040900000e+04 
1.058100000e+04 1.031500000e+04 
1.076400000e+04 1.020300000e+04 
1.018700000e+04 1.097000000e+04 
1.025400000e+04 1.094100000e+04 
1.047200000e+04 1.033700000e+04 
1.034000000e+04 1.065100000e+04 
1.058400000e+04 1.024400000e+04 

1.105100000e+04 1.027900000e+04 
1.119900000e+04 1.021400000e+04 
1.136700000e+04 1.018900000e+04 
1.112700000e+04 1.021900000e+04 
1.136700000e+04 1.018900000e+04 
1.065900000e+04 1.109100000e+04 
1.072500000e+04 1.089500000e+04 
1.074800000e+04 1.041300000e+04 
1.067000000e+04 1.093000000e+04 
1.085600000e+04 1.028100000e+04 
1.074000000e+04 1.076500000e+04 

1.066400000e+04 1.022400000e+04 
1.060400000e+04 1.036300000e+04 
1.115100000e+04 1.015100000e+04 
1.059400000e+04 1.042100000e+04 
1.073800000e+04 1.016000000e+04 
1.055000000e+04 1.055500000e+04 
1.064600000e+04 1.032100000e+04 
1.065700000e+04 1.031900000e+04 
1.060400000e+04 1.036300000e+04 
1.056500000e+04 1.055200000e+04 

