1.053900000e+04 9.863000000e+03 
9.972000000e+03 1.022700000e+04 
1.066900000e+04 9.810000000e+03 
1.020400000e+04 9.993000000e+03 
9.918000000e+03 1.036000000e+04 
1.005800000e+04 1.006200000e+04 
1.030800000e+04 9.944000000e+03 
1.085200000e+04 9.744000000e+03 
1.059500000e+04 9.826000000e+03 
1.005200000e+04 1.018000000e+04 
1.015100000e+04 1.006000000e+04 
1.016900000e+04 1.002900000e+04 
9.919000000e+03 1.023900000e+04 
9.900000000e+03 1.043500000e+04 
1.021200000e+04 9.965000000e+03 
1.001700000e+04 1.020500000e+04 
1.020600000e+04 9.992000000e+03 
1.046900000e+04 9.901000000e+03 

1.012500000e+04 1.051900000e+04 
9.785000000e+03 1.102900000e+04 
9.785000000e+03 1.102900000e+04 
9.863000000e+03 1.095700000e+04 
1.014700000e+04 1.029000000e+04 
9.889000000e+03 1.072500000e+04 
1.011300000e+04 1.052900000e+04 
1.064000000e+04 1.020700000e+04 
1.069400000e+04 1.018600000e+04 
9.785000000e+03 1.102900000e+04 
1.011300000e+04 1.052900000e+04 
9.901000000e+03 1.060200000e+04 
1.053400000e+04 1.022600000e+04 
9.986000000e+03 1.055100000e+04 
9.935000000e+03 1.057200000e+04 
1.012000000e+04 1.052700000e+04 
1.003800000e+04 1.054000000e+04 

1.084400000e+04 1.041300000e+04 
1.044600000e+04 1.047800000e+04 
1.025000000e+04 1.077100000e+04 
1.041300000e+04 1.070900000e+04 
1.037300000e+04 1.072100000e+04 
1.060600000e+04 1.045300000e+04 
1.051500000e+04 1.045800000e+04 
1.027600000e+04 1.075600000e+04 
1.051500000e+04 1.045800000e+04 
1.098200000e+04 1.038800000e+04 
1.025000000e+04 1.077100000e+04 
1.035100000e+04 1.072400000e+04 
1.103800000e+04 1.038200000e+04 

1.053300000e+04 1.110400000e+04 
1.117500000e+04 1.044900000e+04 
1.067700000e+04 1.051600000e+04 
1.064200000e+04 1.058200000e+04 
1.064200000e+04 1.058200000e+04 
1.119100000e+04 1.040700000e+04 
1.122700000e+04 1.029900000e+04 
1.112200000e+04 1.050700000e+04 

1.047400000e+04 9.378000000e+03 
1.040200000e+04 9.433000000e+03 
1.037300000e+04 9.436000000e+03 
1.064600000e+04 9.201000000e+03 
1.053500000e+04 9.363000000e+03 
1.035000000e+04 9.477000000e+03 
1.032400000e+04 9.562000000e+03 
1.069500000e+04 9.091000000e+03 
1.059200000e+04 9.220000000e+03 

1.034800000e+04 9.729000000e+03 
9.784000000e+03 1.051000000e+04 
1.026600000e+04 9.763000000e+03 
9.973000000e+03 9.834000000e+03 
9.831000000e+03 1.003300000e+04 
1.003900000e+04 9.780000000e+03 
9.784000000e+03 1.051000000e+04 
9.811000000e+03 1.028700000e+04 
1.031900000e+04 9.752000000e+03 
1.036900000e+04 9.715000000e+03 

1.004800000e+04 1.105200000e+04 
1.008900000e+04 1.077400000e+04 
1.056900000e+04 1.023700000e+04 
1.056900000e+04 1.023700000e+04 
1.084400000e+04 1.008100000e+04 
1.033500000e+04 1.037400000e+04 
1.022700000e+04 1.056200000e+04 
1.022000000e+04 1.061000000e+04 
1.047400000e+04 1.026900000e+04 
1.023100000e+04 1.046400000e+04 
1.047400000e+04 1.026900000e+04 
1.004800000e+04 1.105200000e+04 
1.061600000e+04 1.013500000e+04 
1.043000000e+04 1.033400000e+04 
1.022600000e+04 1.058300000e+04 
1.004900000e+04 1.091400000e+04 
1.068800000e+04 1.011200000e+04 
1.016000000e+04 1.065100000e+04 
1.039800000e+04 1.037100000e+04 
1.009200000e+04 1.072300000e+04 
1.056900000e+04 1.023700000e+04 
1.047100000e+04 1.029200000e+04 
1.021000000e+04 1.062500000e+04 

1.040400000e+04 1.039600000e+04 
1.063600000e+04 1.021700000e+04 
1.025200000e+04 1.047600000e+04 
1.051400000e+04 1.032100000e+04 
9.964000000e+03 1.097000000e+04 
1.008300000e+04 1.072200000e+04 
9.966000000e+03 1.076500000e+04 
1.022100000e+04 1.049200000e+04 
1.052600000e+04 1.028900000e+04 
1.057800000e+04 1.027400000e+04 
9.877000000e+03 1.105200000e+04 
1.017800000e+04 1.062200000e+04 
1.040000000e+04 1.039800000e+04 
1.018000000e+04 1.061200000e+04 

1.064800000e+04 1.021300000e+04 
1.072700000e+04 1.008300000e+04 
1.058800000e+04 1.024600000e+04 
1.081400000e+04 1.007900000e+04 
1.032800000e+04 1.034100000e+04 
1.071200000e+04 1.008600000e+04 
1.049800000e+04 1.028700000e+04 
1.064800000e+04 1.021300000e+04 
1.082200000e+04 1.004700000e+04 
1.050600000e+04 1.025000000e+04 
1.082400000e+04 9.993000000e+03 

1.011200000e+04 1.026100000e+04 
1.019200000e+04 1.002000000e+04 
1.043000000e+04 9.968000000e+03 
1.066100000e+04 9.842000000e+03 
1.045900000e+04 9.891000000e+03 
1.010000000e+04 1.027500000e+04 
1.045200000e+04 9.938000000e+03 
1.011200000e+04 1.026100000e+04 
1.079100000e+04 9.763000000e+03 
1.034200000e+04 9.980000000e+03 
1.014500000e+04 1.024900000e+04 
1.006600000e+04 1.028900000e+04 
1.015200000e+04 1.021600000e+04 
1.016700000e+04 1.021500000e+04 
1.006200000e+04 1.036900000e+04 
1.049100000e+04 9.860000000e+03 

1.068500000e+04 1.073400000e+04 
1.108300000e+04 1.034000000e+04 
1.080300000e+04 1.045400000e+04 
1.060200000e+04 1.077800000e+04 
1.052900000e+04 1.098300000e+04 
1.069400000e+04 1.062900000e+04 
1.111500000e+04 1.029200000e+04 
1.048600000e+04 1.105400000e+04 
1.085100000e+04 1.043700000e+04 
1.076400000e+04 1.053600000e+04 
1.086500000e+04 1.035400000e+04 
1.111600000e+04 1.027400000e+04 
1.056600000e+04 1.087000000e+04 
1.061600000e+04 1.076400000e+04 
1.053300000e+04 1.097800000e+04 
1.113600000e+04 1.011600000e+04 

9.783000000e+03 1.078300000e+04 
1.048000000e+04 1.022900000e+04 
1.018800000e+04 1.025300000e+04 
9.806000000e+03 1.070400000e+04 
9.932000000e+03 1.064600000e+04 
1.004300000e+04 1.055500000e+04 
9.940000000e+03 1.058900000e+04 
9.776000000e+03 1.088200000e+04 
1.005300000e+04 1.053500000e+04 
9.940000000e+03 1.058900000e+04 
1.005000000e+04 1.055100000e+04 
1.001000000e+04 1.055600000e+04 
9.653000000e+03 1.090900000e+04 
9.859000000e+03 1.065600000e+04 
1.012500000e+04 1.027300000e+04 
1.005400000e+04 1.044400000e+04 

1.028300000e+04 9.955000000e+03 
1.024700000e+04 1.013200000e+04 
1.023700000e+04 1.014200000e+04 
1.003500000e+04 1.046900000e+04 
1.076500000e+04 9.892000000e+03 
1.004100000e+04 1.023200000e+04 
1.015500000e+04 1.022000000e+04 
1.015700000e+04 1.014600000e+04 
1.058100000e+04 9.938000000e+03 
1.025100000e+04 9.987000000e+03 

9.868000000e+03 1.059100000e+04 
9.592000000e+03 1.078400000e+04 
9.844000000e+03 1.071000000e+04 
9.835000000e+03 1.071100000e+04 
1.007700000e+04 1.049500000e+04 
9.446000000e+03 1.089500000e+04 
9.352000000e+03 1.163100000e+04 
9.385000000e+03 1.139600000e+04 

1.002800000e+04 1.048200000e+04 
1.017400000e+04 1.038400000e+04 
1.001800000e+04 1.050500000e+04 
1.018300000e+04 1.037500000e+04 
1.058300000e+04 1.015600000e+04 
1.061400000e+04 1.010700000e+04 
1.030500000e+04 1.022100000e+04 
1.049300000e+04 1.020800000e+04 
1.005600000e+04 1.045200000e+04 
1.016500000e+04 1.041000000e+04 
1.062600000e+04 1.006200000e+04 
1.067500000e+04 9.884000000e+03 
1.018300000e+04 1.037500000e+04 
1.020300000e+04 1.027200000e+04 
1.016200000e+04 1.043900000e+04 
1.000200000e+04 1.056700000e+04 
1.002800000e+04 1.048200000e+04 
1.061000000e+04 1.014700000e+04 
1.005400000e+04 1.046700000e+04 
1.051300000e+04 1.015800000e+04 

1.065800000e+04 1.103300000e+04 
1.098000000e+04 1.040600000e+04 
1.095900000e+04 1.043400000e+04 
1.107400000e+04 1.029600000e+04 
1.066600000e+04 1.095600000e+04 
1.069700000e+04 1.045500000e+04 
1.100200000e+04 1.039300000e+04 

1.061500000e+04 1.050000000e+04 
1.010900000e+04 1.080100000e+04 
1.022400000e+04 1.077000000e+04 
1.054500000e+04 1.059100000e+04 
1.050200000e+04 1.063900000e+04 
1.061500000e+04 1.050000000e+04 
1.006600000e+04 1.083200000e+04 
1.023800000e+04 1.068400000e+04 
1.014300000e+04 1.078300000e+04 
1.020700000e+04 1.077100000e+04 
1.050200000e+04 1.063900000e+04 
1.004400000e+04 1.084800000e+04 
1.000300000e+04 1.091900000e+04 
9.950000000e+03 1.095200000e+04 
1.045600000e+04 1.067300000e+04 
1.044400000e+04 1.068200000e+04 

1.009800000e+04 9.833000000e+03 
1.005700000e+04 9.922000000e+03 
1.020200000e+04 9.733000000e+03 
9.932000000e+03 9.965000000e+03 
1.007600000e+04 9.906000000e+03 
9.914000000e+03 1.048500000e+04 
9.900000000e+03 1.054800000e+04 
1.001700000e+04 9.923000000e+03 
1.010400000e+04 9.807000000e+03 
9.963000000e+03 9.927000000e+03 
1.013700000e+04 9.799000000e+03 
1.031700000e+04 9.666000000e+03 
1.018000000e+04 9.740000000e+03 
1.009500000e+04 9.877000000e+03 
1.048900000e+04 9.634000000e+03 

1.030400000e+04 1.092500000e+04 
1.016200000e+04 1.102300000e+04 
1.032700000e+04 1.082800000e+04 
1.017400000e+04 1.098200000e+04 

1.052800000e+04 1.066100000e+04 
1.010400000e+04 1.106600000e+04 
1.063500000e+04 1.061300000e+04 
1.017400000e+04 1.104900000e+04 
1.022900000e+04 1.092600000e+04 
1.041700000e+04 1.074900000e+04 
1.027000000e+04 1.087900000e+04 
1.045000000e+04 1.074700000e+04 
1.030300000e+04 1.085700000e+04 
1.005400000e+04 1.107000000e+04 
1.028800000e+04 1.086500000e+04 
1.045800000e+04 1.071400000e+04 
1.035900000e+04 1.081900000e+04 
1.045000000e+04 1.074700000e+04 
1.021100000e+04 1.096100000e+04 
1.038200000e+04 1.079000000e+04 
1.001400000e+04 1.116700000e+04 

1.136600000e+04 1.002200000e+04 
1.162200000e+04 9.923000000e+03 
1.121600000e+04 1.009400000e+04 
1.107700000e+04 1.036200000e+04 
1.177500000e+04 9.837000000e+03 
1.112500000e+04 1.034300000e+04 
1.136600000e+04 1.002200000e+04 
1.139300000e+04 9.955000000e+03 
1.104100000e+04 1.045300000e+04 
1.144100000e+04 9.926000000e+03 
1.111100000e+04 1.035800000e+04 
1.117700000e+04 1.020700000e+04 
1.117300000e+04 1.021900000e+04 
1.134300000e+04 1.003500000e+04 
1.162200000e+04 9.923000000e+03 

1.018500000e+04 1.115900000e+04 
1.028000000e+04 1.094600000e+04 
1.048800000e+04 9.866000000e+03 
1.086300000e+04 9.825000000e+03 
1.077900000e+04 9.838000000e+03 
1.048800000e+04 9.866000000e+03 
1.040400000e+04 1.054000000e+04 
1.044100000e+04 1.016700000e+04 
1.057800000e+04 9.839000000e+03 

1.046100000e+04 9.999000000e+03 
1.061100000e+04 9.846000000e+03 
1.055700000e+04 9.874000000e+03 
1.064000000e+04 9.618000000e+03 
1.023900000e+04 1.018800000e+04 
1.032500000e+04 1.003100000e+04 
1.032400000e+04 1.009200000e+04 
1.051500000e+04 9.878000000e+03 

9.822000000e+03 1.112800000e+04 
1.000700000e+04 1.091500000e+04 
1.005700000e+04 1.084200000e+04 
1.018500000e+04 1.055400000e+04 
1.050300000e+04 1.028000000e+04 
1.003900000e+04 1.087600000e+04 
1.037900000e+04 1.038600000e+04 
1.005700000e+04 1.084200000e+04 
9.912000000e+03 1.093600000e+04 
1.008400000e+04 1.083000000e+04 
1.091200000e+04 1.022200000e+04 
1.011100000e+04 1.060500000e+04 
1.044700000e+04 1.034100000e+04 
1.008800000e+04 1.077900000e+04 
1.022600000e+04 1.052600000e+04 
9.874000000e+03 1.101100000e+04 
1.043000000e+04 1.037800000e+04 
1.048400000e+04 1.028300000e+04 
1.021000000e+04 1.055000000e+04 
1.045700000e+04 1.029400000e+04 
1.005700000e+04 1.084200000e+04 
1.033100000e+04 1.042300000e+04 
1.023100000e+04 1.050900000e+04 
1.010300000e+04 1.076800000e+04 

1.063400000e+04 1.034000000e+04 
1.086900000e+04 1.014300000e+04 
1.068200000e+04 1.031300000e+04 
1.093700000e+04 1.012200000e+04 
1.073100000e+04 1.025000000e+04 
1.071400000e+04 1.031100000e+04 
1.088600000e+04 1.014200000e+04 
1.075700000e+04 1.015000000e+04 
1.060700000e+04 1.037000000e+04 
1.047500000e+04 1.040000000e+04 

1.018900000e+04 1.080900000e+04 
1.020100000e+04 1.078800000e+04 
1.033900000e+04 1.066500000e+04 
1.038300000e+04 1.054600000e+04 
1.040300000e+04 1.050600000e+04 
1.023500000e+04 1.078600000e+04 
1.036800000e+04 1.064700000e+04 
9.930000000e+03 1.084400000e+04 
1.038200000e+04 1.061300000e+04 
1.027300000e+04 1.075000000e+04 
1.024500000e+04 1.076500000e+04 

1.061100000e+04 1.029400000e+04 
1.056300000e+04 1.032200000e+04 
1.075300000e+04 1.023000000e+04 
1.035400000e+04 1.039800000e+04 
1.075300000e+04 1.023000000e+04 
1.052700000e+04 1.038700000e+04 
1.028500000e+04 1.061000000e+04 

1.040200000e+04 9.977000000e+03 
1.003500000e+04 1.010600000e+04 
1.021000000e+04 1.005200000e+04 
1.040800000e+04 9.975000000e+03 
1.099200000e+04 9.812000000e+03 
1.092700000e+04 9.844000000e+03 
1.099200000e+04 9.812000000e+03 
1.023400000e+04 1.000000000e+04 
1.056300000e+04 9.936000000e+03 
9.934000000e+03 1.031300000e+04 
1.019800000e+04 1.008400000e+04 

1.072400000e+04 1.008600000e+04 
1.052900000e+04 1.020200000e+04 
1.048000000e+04 1.056500000e+04 
1.066400000e+04 1.011200000e+04 
1.047400000e+04 1.058800000e+04 
1.049500000e+04 1.048900000e+04 
1.077500000e+04 9.960000000e+03 
1.079100000e+04 9.842000000e+03 

1.045700000e+04 1.003300000e+04 
1.041400000e+04 1.004000000e+04 
1.049500000e+04 9.939000000e+03 
1.062100000e+04 9.873000000e+03 
1.046000000e+04 9.976000000e+03 
1.030800000e+04 1.015700000e+04 
1.048900000e+04 9.965000000e+03 
1.046000000e+04 9.976000000e+03 
1.044500000e+04 1.003500000e+04 
1.026500000e+04 1.017400000e+04 
1.052500000e+04 9.913000000e+03 
1.041400000e+04 1.004000000e+04 
1.041400000e+04 1.004000000e+04 
1.059300000e+04 9.891000000e+03 
1.041000000e+04 1.010700000e+04 

