1.058600000e+04 1.028500000e+04 
1.105500000e+04 1.002200000e+04 
1.046100000e+04 1.031600000e+04 
1.102900000e+04 1.006200000e+04 
1.015200000e+04 1.059000000e+04 
1.069200000e+04 1.022800000e+04 
1.076900000e+04 1.009600000e+04 
1.021100000e+04 1.049500000e+04 
1.048300000e+04 1.030100000e+04 
1.022600000e+04 1.038200000e+04 
1.062900000e+04 1.026400000e+04 
1.061000000e+04 1.027700000e+04 
1.035500000e+04 1.036700000e+04 

1.067200000e+04 1.049000000e+04 
1.021900000e+04 1.129700000e+04 
1.094500000e+04 1.046100000e+04 
1.040400000e+04 1.065800000e+04 
1.033900000e+04 1.081200000e+04 
1.025000000e+04 1.116600000e+04 

1.093200000e+04 1.110600000e+04 
1.091200000e+04 1.117800000e+04 
1.149900000e+04 1.075700000e+04 
1.145200000e+04 1.080300000e+04 
1.134300000e+04 1.080600000e+04 
1.113500000e+04 1.083000000e+04 
1.147900000e+04 1.076200000e+04 
1.152700000e+04 1.075300000e+04 
1.063100000e+04 1.124400000e+04 
1.097600000e+04 1.094300000e+04 

1.158200000e+04 1.067500000e+04 
1.095000000e+04 1.097100000e+04 
1.121700000e+04 1.080100000e+04 
1.144900000e+04 1.074500000e+04 
1.095500000e+04 1.081000000e+04 
1.151400000e+04 1.067600000e+04 
1.088800000e+04 1.138700000e+04 

1.073300000e+04 9.912000000e+03 
1.108000000e+04 9.431000000e+03 
1.067200000e+04 1.007400000e+04 
1.055800000e+04 1.009300000e+04 
1.109400000e+04 9.408000000e+03 
1.084800000e+04 9.832000000e+03 
1.069500000e+04 1.004900000e+04 
1.079000000e+04 9.880000000e+03 
1.085000000e+04 9.580000000e+03 

1.030300000e+04 1.070400000e+04 
1.028800000e+04 1.074800000e+04 
1.044900000e+04 1.016400000e+04 
1.041500000e+04 1.028100000e+04 
1.048800000e+04 1.011600000e+04 
1.030700000e+04 1.060200000e+04 
1.037800000e+04 1.041600000e+04 

1.044200000e+04 1.125600000e+04 
1.046300000e+04 1.097600000e+04 
1.094800000e+04 1.045400000e+04 
1.028200000e+04 1.167900000e+04 
1.046300000e+04 1.097600000e+04 
1.053800000e+04 1.074200000e+04 
1.100600000e+04 1.044200000e+04 
1.124800000e+04 1.042900000e+04 
1.044900000e+04 1.125000000e+04 
1.063600000e+04 1.068500000e+04 
1.031100000e+04 1.147500000e+04 
1.069300000e+04 1.049400000e+04 
1.124900000e+04 1.042100000e+04 

1.040000000e+04 1.109600000e+04 
1.050000000e+04 1.080600000e+04 
1.132600000e+04 1.058100000e+04 
1.045800000e+04 1.090800000e+04 
1.116400000e+04 1.069300000e+04 
1.076700000e+04 1.070800000e+04 
1.063600000e+04 1.071100000e+04 
1.054000000e+04 1.076800000e+04 
1.034900000e+04 1.118800000e+04 
1.053600000e+04 1.079100000e+04 

1.151200000e+04 1.030000000e+04 
1.082500000e+04 1.064300000e+04 
1.117900000e+04 1.038100000e+04 
1.122600000e+04 1.031000000e+04 
1.073700000e+04 1.086300000e+04 
1.080700000e+04 1.066100000e+04 
1.089300000e+04 1.050400000e+04 
1.071000000e+04 1.087500000e+04 
1.100900000e+04 1.041300000e+04 
1.098500000e+04 1.049100000e+04 

1.101000000e+04 1.008000000e+04 
1.067100000e+04 1.012900000e+04 
1.033300000e+04 1.057300000e+04 
1.033300000e+04 1.057300000e+04 
1.089700000e+04 1.008400000e+04 
1.029100000e+04 1.076500000e+04 
1.033800000e+04 1.036500000e+04 
1.045800000e+04 1.035400000e+04 
1.101900000e+04 1.007400000e+04 
1.113100000e+04 1.004800000e+04 
1.062200000e+04 1.021100000e+04 

1.110500000e+04 1.067100000e+04 
1.150400000e+04 1.057100000e+04 
1.192200000e+04 1.049500000e+04 
1.136100000e+04 1.062100000e+04 
1.082500000e+04 1.122900000e+04 
1.172200000e+04 1.053500000e+04 
1.146500000e+04 1.059600000e+04 
1.080800000e+04 1.123100000e+04 
1.075500000e+04 1.132700000e+04 
1.091800000e+04 1.095900000e+04 
1.105600000e+04 1.089100000e+04 

1.025200000e+04 1.081300000e+04 
1.048900000e+04 1.068900000e+04 
9.941000000e+03 1.130000000e+04 
1.001200000e+04 1.125800000e+04 
1.065100000e+04 1.061200000e+04 
1.010400000e+04 1.107100000e+04 
1.029800000e+04 1.080900000e+04 
1.039500000e+04 1.071000000e+04 
1.080100000e+04 1.054300000e+04 
1.012900000e+04 1.102400000e+04 
1.020600000e+04 1.091500000e+04 
1.072700000e+04 1.057600000e+04 
1.046600000e+04 1.069100000e+04 

1.083200000e+04 1.034500000e+04 
1.043700000e+04 1.068800000e+04 
1.080100000e+04 1.044500000e+04 
1.088100000e+04 1.033800000e+04 
1.046800000e+04 1.051000000e+04 
1.103100000e+04 1.030700000e+04 
1.065100000e+04 1.046100000e+04 

9.503000000e+03 1.191700000e+04 
9.899000000e+03 1.154700000e+04 
9.937000000e+03 1.126700000e+04 
1.023500000e+04 1.104400000e+04 
1.030800000e+04 1.094600000e+04 
9.801000000e+03 1.181700000e+04 
9.921000000e+03 1.139600000e+04 
1.018300000e+04 1.116200000e+04 
1.029700000e+04 1.096800000e+04 
1.063300000e+04 1.085900000e+04 
1.002400000e+04 1.122000000e+04 
1.006700000e+04 1.116600000e+04 
9.906000000e+03 1.153500000e+04 
9.842000000e+03 1.161400000e+04 

1.043800000e+04 1.084500000e+04 
1.041500000e+04 1.099700000e+04 
1.105800000e+04 1.035100000e+04 
1.090300000e+04 1.047800000e+04 
1.115600000e+04 1.034700000e+04 
1.091700000e+04 1.042300000e+04 
1.063300000e+04 1.049400000e+04 
1.058600000e+04 1.066200000e+04 
1.090600000e+04 1.046800000e+04 
1.086300000e+04 1.048400000e+04 
1.130300000e+04 1.032100000e+04 
1.046700000e+04 1.078900000e+04 

1.088600000e+04 1.121200000e+04 
1.092400000e+04 1.118400000e+04 
1.098400000e+04 1.107400000e+04 
1.093300000e+04 1.114000000e+04 
1.129400000e+04 1.084800000e+04 
1.104500000e+04 1.101200000e+04 
1.104900000e+04 1.094900000e+04 
1.134500000e+04 1.073600000e+04 

1.031200000e+04 1.138500000e+04 
1.098200000e+04 1.087800000e+04 
1.088600000e+04 1.091300000e+04 
1.075000000e+04 1.091800000e+04 
1.058000000e+04 1.107600000e+04 
1.036800000e+04 1.108900000e+04 
1.098200000e+04 1.087800000e+04 
1.062800000e+04 1.097600000e+04 
1.060900000e+04 1.102400000e+04 

1.017600000e+04 1.052800000e+04 
1.034900000e+04 1.005100000e+04 
1.014700000e+04 1.059000000e+04 
1.028500000e+04 1.031500000e+04 
1.016600000e+04 1.058500000e+04 
1.033800000e+04 1.025600000e+04 
1.077400000e+04 9.942000000e+03 
1.026500000e+04 1.046600000e+04 
1.012100000e+04 1.061700000e+04 

1.104800000e+04 1.127700000e+04 
1.043800000e+04 1.155300000e+04 
1.131600000e+04 1.123700000e+04 
1.070000000e+04 1.148700000e+04 
1.099800000e+04 1.134100000e+04 
1.122700000e+04 1.124700000e+04 
1.125500000e+04 1.124600000e+04 
1.094800000e+04 1.134300000e+04 
1.134400000e+04 1.118200000e+04 
1.071600000e+04 1.136300000e+04 
1.125500000e+04 1.124600000e+04 
1.115900000e+04 1.126900000e+04 
1.114000000e+04 1.127400000e+04 
1.167200000e+04 1.114600000e+04 
1.043800000e+04 1.155300000e+04 

1.065700000e+04 1.098400000e+04 
1.075200000e+04 1.095600000e+04 
1.056400000e+04 1.107400000e+04 
1.050900000e+04 1.107700000e+04 
1.033100000e+04 1.218200000e+04 
1.038400000e+04 1.125300000e+04 

1.152000000e+04 1.066400000e+04 
1.210000000e+04 1.013900000e+04 
1.131200000e+04 1.096400000e+04 
1.139500000e+04 1.091900000e+04 
1.156600000e+04 1.040700000e+04 
1.141200000e+04 1.079000000e+04 
1.129100000e+04 1.117400000e+04 
1.166000000e+04 1.031600000e+04 
1.154400000e+04 1.045400000e+04 
1.181300000e+04 1.019800000e+04 
1.142000000e+04 1.068800000e+04 
1.159500000e+04 1.035900000e+04 

1.089500000e+04 1.039500000e+04 
1.093900000e+04 1.033200000e+04 
1.071500000e+04 1.140800000e+04 
1.104500000e+04 1.013500000e+04 
1.075700000e+04 1.046200000e+04 
1.102000000e+04 1.026300000e+04 
1.075100000e+04 1.120500000e+04 
1.081100000e+04 1.039800000e+04 

1.094400000e+04 9.987000000e+03 
1.061800000e+04 1.102600000e+04 
1.092500000e+04 1.008400000e+04 
1.115600000e+04 9.981000000e+03 
1.062300000e+04 1.064600000e+04 
1.072800000e+04 1.030600000e+04 
1.077300000e+04 1.028200000e+04 
1.066300000e+04 1.036300000e+04 
1.077400000e+04 1.026800000e+04 
1.064100000e+04 1.052400000e+04 

1.022300000e+04 1.126900000e+04 
1.015700000e+04 1.146900000e+04 
1.025400000e+04 1.123700000e+04 
1.025300000e+04 1.126500000e+04 
1.020700000e+04 1.132300000e+04 
1.038600000e+04 1.078300000e+04 
1.009600000e+04 1.152500000e+04 
1.019900000e+04 1.142200000e+04 
1.020000000e+04 1.136700000e+04 
1.027500000e+04 1.122900000e+04 
1.028500000e+04 1.095700000e+04 
1.056800000e+04 1.050300000e+04 

1.132800000e+04 1.052600000e+04 
1.119700000e+04 1.056700000e+04 
1.123200000e+04 1.055700000e+04 
1.107900000e+04 1.070600000e+04 

1.037600000e+04 1.139700000e+04 
1.048800000e+04 1.127300000e+04 
1.059500000e+04 1.108800000e+04 
1.056100000e+04 1.116100000e+04 
1.056700000e+04 1.109600000e+04 
1.050200000e+04 1.117100000e+04 
1.033800000e+04 1.140100000e+04 
1.038600000e+04 1.136600000e+04 
1.044100000e+04 1.127600000e+04 
1.060500000e+04 1.082200000e+04 
1.028300000e+04 1.151600000e+04 
1.026400000e+04 1.160900000e+04 

1.076400000e+04 1.073600000e+04 
1.078000000e+04 1.066300000e+04 
1.116700000e+04 1.059900000e+04 
1.100200000e+04 1.065000000e+04 
1.119200000e+04 1.057900000e+04 
1.061800000e+04 1.119600000e+04 
1.065000000e+04 1.086700000e+04 
1.061200000e+04 1.124300000e+04 
1.065600000e+04 1.074400000e+04 
1.064200000e+04 1.107600000e+04 

1.132700000e+04 1.020700000e+04 
1.046500000e+04 1.076500000e+04 
1.054900000e+04 1.071200000e+04 
1.061100000e+04 1.031400000e+04 
1.101000000e+04 1.026500000e+04 
1.099900000e+04 1.030400000e+04 
1.055700000e+04 1.038700000e+04 
1.134700000e+04 1.014300000e+04 

1.083800000e+04 1.048200000e+04 
1.085400000e+04 1.048000000e+04 
1.085400000e+04 1.048000000e+04 
1.121300000e+04 1.021500000e+04 
1.080600000e+04 1.051300000e+04 
1.079500000e+04 1.146800000e+04 
1.106500000e+04 1.030000000e+04 
1.117600000e+04 1.026300000e+04 
1.079600000e+04 1.132600000e+04 
1.090700000e+04 1.030900000e+04 
1.136700000e+04 1.018900000e+04 
1.079500000e+04 1.146800000e+04 

1.113300000e+04 1.017500000e+04 
1.094600000e+04 1.026200000e+04 
1.110400000e+04 1.019200000e+04 
1.059400000e+04 1.042100000e+04 
1.078400000e+04 1.030200000e+04 
1.110400000e+04 1.019200000e+04 
1.099400000e+04 1.023900000e+04 
1.076600000e+04 1.032200000e+04 
1.075700000e+04 1.036600000e+04 

