1.059300000e+04 1.011900000e+04 
1.044700000e+04 1.012800000e+04 
1.006300000e+04 1.033400000e+04 
1.033000000e+04 1.021500000e+04 
1.014800000e+04 1.032900000e+04 
1.024500000e+04 1.024000000e+04 
1.079200000e+04 9.953000000e+03 
1.026900000e+04 1.022700000e+04 
1.036400000e+04 1.015100000e+04 
1.016300000e+04 1.026700000e+04 
1.063700000e+04 1.006100000e+04 
9.974000000e+03 1.046900000e+04 
1.067000000e+04 9.972000000e+03 
1.006300000e+04 1.033400000e+04 
1.108800000e+04 9.938000000e+03 

1.038500000e+04 1.046800000e+04 
1.077900000e+04 1.042600000e+04 
1.080600000e+04 1.037500000e+04 
1.038000000e+04 1.058700000e+04 
1.009800000e+04 1.063100000e+04 
1.068100000e+04 1.046100000e+04 
1.012300000e+04 1.060000000e+04 
9.989000000e+03 1.095600000e+04 

1.079300000e+04 1.089600000e+04 
1.107300000e+04 1.057400000e+04 
1.073500000e+04 1.095300000e+04 
1.091400000e+04 1.065900000e+04 
1.067300000e+04 1.095900000e+04 
1.064700000e+04 1.101500000e+04 
1.128600000e+04 1.054600000e+04 
1.054100000e+04 1.108100000e+04 
1.044800000e+04 1.137000000e+04 
1.050700000e+04 1.115700000e+04 
1.083000000e+04 1.077600000e+04 
1.089400000e+04 1.074900000e+04 
1.054800000e+04 1.103500000e+04 
1.095200000e+04 1.059700000e+04 
1.075100000e+04 1.092200000e+04 

1.095300000e+04 1.082700000e+04 
1.084300000e+04 1.101300000e+04 
1.081400000e+04 1.129700000e+04 
1.114800000e+04 1.062800000e+04 
1.095500000e+04 1.081000000e+04 
1.153700000e+04 1.057800000e+04 
1.086600000e+04 1.092700000e+04 
1.108800000e+04 1.070500000e+04 
1.126400000e+04 1.058800000e+04 
1.099200000e+04 1.078400000e+04 
1.089200000e+04 1.084200000e+04 
1.095300000e+04 1.082700000e+04 

1.057000000e+04 9.802000000e+03 
1.051500000e+04 9.934000000e+03 
1.066000000e+04 9.574000000e+03 
1.048600000e+04 1.011600000e+04 
1.076100000e+04 9.471000000e+03 
1.074400000e+04 9.563000000e+03 
1.112700000e+04 9.353000000e+03 
1.060700000e+04 9.761000000e+03 
1.065200000e+04 9.584000000e+03 
1.065100000e+04 9.661000000e+03 
1.058600000e+04 9.797000000e+03 
1.063500000e+04 9.721000000e+03 
1.078500000e+04 9.469000000e+03 
1.064800000e+04 9.693000000e+03 
1.065200000e+04 9.584000000e+03 
1.051200000e+04 1.004600000e+04 
1.085500000e+04 9.356000000e+03 

1.009700000e+04 1.051900000e+04 
1.040500000e+04 1.008400000e+04 
1.045800000e+04 1.000300000e+04 
1.070200000e+04 9.993000000e+03 
1.041900000e+04 1.000500000e+04 
1.071700000e+04 9.990000000e+03 
1.040500000e+04 1.008400000e+04 
1.009900000e+04 1.034400000e+04 
1.013600000e+04 1.009600000e+04 

1.096400000e+04 1.027100000e+04 
1.056700000e+04 1.040900000e+04 
1.043300000e+04 1.065600000e+04 
1.081300000e+04 1.033000000e+04 
1.081300000e+04 1.033000000e+04 
1.016700000e+04 1.144900000e+04 
1.042100000e+04 1.072700000e+04 
1.030300000e+04 1.119800000e+04 
1.089400000e+04 1.032200000e+04 
1.093900000e+04 1.027900000e+04 
1.056700000e+04 1.040900000e+04 
1.019000000e+04 1.138500000e+04 
1.046500000e+04 1.057600000e+04 
1.047900000e+04 1.041500000e+04 
1.020500000e+04 1.136500000e+04 
1.033100000e+04 1.085200000e+04 
1.025400000e+04 1.135900000e+04 

1.064100000e+04 1.063400000e+04 
1.028100000e+04 1.090300000e+04 
1.050000000e+04 1.063500000e+04 
1.073900000e+04 1.055300000e+04 
1.030600000e+04 1.087800000e+04 
1.070600000e+04 1.056400000e+04 
1.026400000e+04 1.098700000e+04 
1.038800000e+04 1.068200000e+04 
1.037400000e+04 1.080100000e+04 
1.043900000e+04 1.063600000e+04 
1.077400000e+04 1.050000000e+04 
1.005300000e+04 1.128100000e+04 
1.013500000e+04 1.098800000e+04 
1.066400000e+04 1.057200000e+04 

1.056300000e+04 1.082800000e+04 
1.115600000e+04 1.012700000e+04 
1.060300000e+04 1.059800000e+04 
1.063400000e+04 1.051000000e+04 
1.087000000e+04 1.034400000e+04 
1.087500000e+04 1.026700000e+04 
1.086300000e+04 1.034700000e+04 
1.064300000e+04 1.046400000e+04 
1.082500000e+04 1.042600000e+04 
1.053000000e+04 1.083300000e+04 

1.043000000e+04 1.017700000e+04 
1.015800000e+04 1.038300000e+04 
1.055700000e+04 1.013900000e+04 
1.028400000e+04 1.020800000e+04 
1.068900000e+04 1.001800000e+04 
1.057700000e+04 1.011300000e+04 
1.090100000e+04 9.959000000e+03 
1.055500000e+04 1.016200000e+04 
1.050500000e+04 1.016500000e+04 
1.028100000e+04 1.024400000e+04 

1.066200000e+04 1.114600000e+04 
1.085900000e+04 1.088200000e+04 
1.071800000e+04 1.110100000e+04 
1.121500000e+04 1.040300000e+04 
1.191400000e+04 1.035500000e+04 
1.090500000e+04 1.074600000e+04 
1.067600000e+04 1.112600000e+04 
1.104200000e+04 1.065000000e+04 
1.165400000e+04 1.037800000e+04 
1.076400000e+04 1.099000000e+04 
1.100200000e+04 1.070300000e+04 
1.119600000e+04 1.056600000e+04 
1.105100000e+04 1.062500000e+04 
1.113800000e+04 1.058500000e+04 
1.073100000e+04 1.099900000e+04 

1.003900000e+04 1.082700000e+04 
1.003800000e+04 1.095500000e+04 
1.001000000e+04 1.096500000e+04 
1.004800000e+04 1.078000000e+04 
1.037100000e+04 1.050200000e+04 
1.014700000e+04 1.065700000e+04 
1.027400000e+04 1.061900000e+04 
1.000300000e+04 1.100600000e+04 
1.001300000e+04 1.095800000e+04 
9.801000000e+03 1.126800000e+04 
9.892000000e+03 1.117200000e+04 
1.034300000e+04 1.061800000e+04 
1.006100000e+04 1.077000000e+04 
1.003900000e+04 1.082700000e+04 
1.059100000e+04 1.029900000e+04 
9.914000000e+03 1.103600000e+04 
1.006100000e+04 1.077000000e+04 
1.027400000e+04 1.061900000e+04 
1.047100000e+04 1.037700000e+04 
1.012000000e+04 1.072800000e+04 
1.052200000e+04 1.035600000e+04 
1.014600000e+04 1.069700000e+04 

1.025900000e+04 1.040300000e+04 
1.047800000e+04 1.024900000e+04 
1.042900000e+04 1.029100000e+04 
1.071900000e+04 1.012900000e+04 
1.035800000e+04 1.033300000e+04 
1.058700000e+04 1.017600000e+04 
1.052500000e+04 1.023400000e+04 

9.963000000e+03 1.089500000e+04 
1.018900000e+04 1.083900000e+04 
9.439000000e+03 1.168000000e+04 
9.811000000e+03 1.100300000e+04 
9.438000000e+03 1.194000000e+04 
9.684000000e+03 1.121100000e+04 
1.045400000e+04 1.065700000e+04 
9.718000000e+03 1.105200000e+04 
1.042400000e+04 1.071900000e+04 
1.045100000e+04 1.066500000e+04 
1.043800000e+04 1.068400000e+04 
9.603000000e+03 1.145000000e+04 
9.463000000e+03 1.165700000e+04 
9.610000000e+03 1.132800000e+04 
1.011600000e+04 1.089100000e+04 
1.019500000e+04 1.073200000e+04 
1.018900000e+04 1.083900000e+04 

1.066200000e+04 1.029000000e+04 
1.065200000e+04 1.031700000e+04 
1.086900000e+04 1.027300000e+04 
1.097800000e+04 1.025200000e+04 
1.103600000e+04 1.012200000e+04 
1.058200000e+04 1.033200000e+04 
1.013700000e+04 1.046000000e+04 

1.141400000e+04 1.055900000e+04 
1.086500000e+04 1.082500000e+04 
1.081600000e+04 1.095800000e+04 
1.098900000e+04 1.064500000e+04 
1.103900000e+04 1.062800000e+04 
1.093700000e+04 1.080400000e+04 

1.047200000e+04 1.088700000e+04 
1.067200000e+04 1.082100000e+04 
1.071000000e+04 1.071900000e+04 
1.042700000e+04 1.089900000e+04 
1.050600000e+04 1.087500000e+04 
1.037800000e+04 1.090000000e+04 
1.056500000e+04 1.085500000e+04 
1.025200000e+04 1.090100000e+04 
1.015400000e+04 1.118600000e+04 
1.055100000e+04 1.086800000e+04 
1.050600000e+04 1.087500000e+04 
1.021400000e+04 1.090300000e+04 
1.051600000e+04 1.087200000e+04 

1.010100000e+04 1.049800000e+04 
1.034800000e+04 9.864000000e+03 
1.020500000e+04 1.003400000e+04 
1.008300000e+04 1.059200000e+04 
1.020200000e+04 1.011700000e+04 
1.042700000e+04 9.837000000e+03 
1.009800000e+04 1.054900000e+04 
1.028700000e+04 9.946000000e+03 
1.009700000e+04 1.055800000e+04 
1.010500000e+04 1.022900000e+04 
1.017300000e+04 1.016700000e+04 
1.021700000e+04 9.996000000e+03 
1.019900000e+04 1.014500000e+04 
1.054100000e+04 9.723000000e+03 
1.028700000e+04 9.946000000e+03 
1.005200000e+04 1.059700000e+04 
1.034200000e+04 9.911000000e+03 

1.045600000e+04 1.125200000e+04 
1.144700000e+04 1.102200000e+04 
1.040200000e+04 1.129200000e+04 
1.029000000e+04 1.143600000e+04 
1.103700000e+04 1.109300000e+04 
1.048700000e+04 1.124800000e+04 
1.124500000e+04 1.108900000e+04 
1.052500000e+04 1.116000000e+04 

1.021800000e+04 1.140400000e+04 
1.045700000e+04 1.103800000e+04 
1.018700000e+04 1.143900000e+04 
1.046500000e+04 1.098600000e+04 
1.018500000e+04 1.226900000e+04 
1.034000000e+04 1.108700000e+04 
1.033800000e+04 1.120700000e+04 
1.058000000e+04 1.089700000e+04 
1.040300000e+04 1.106300000e+04 
1.049800000e+04 1.092400000e+04 
1.033200000e+04 1.135400000e+04 
1.039000000e+04 1.108200000e+04 
1.061400000e+04 1.087400000e+04 
1.029800000e+04 1.135500000e+04 
1.047800000e+04 1.098300000e+04 
1.077300000e+04 1.079500000e+04 
1.039000000e+04 1.108200000e+04 
1.045700000e+04 1.103800000e+04 

1.152200000e+04 1.021000000e+04 
1.172300000e+04 1.005200000e+04 
1.139800000e+04 1.031200000e+04 
1.123700000e+04 1.084300000e+04 
1.172200000e+04 1.020400000e+04 
1.133500000e+04 1.040600000e+04 
1.141100000e+04 1.029100000e+04 
1.131300000e+04 1.060900000e+04 
1.128600000e+04 1.075400000e+04 
1.132700000e+04 1.060700000e+04 
1.125300000e+04 1.084200000e+04 
1.126200000e+04 1.083100000e+04 
1.128300000e+04 1.079400000e+04 
1.115300000e+04 1.088500000e+04 
1.143400000e+04 1.026000000e+04 
1.141100000e+04 1.029100000e+04 
1.129500000e+04 1.068200000e+04 

1.092800000e+04 9.956000000e+03 
1.048900000e+04 1.141900000e+04 
1.071300000e+04 1.011100000e+04 
1.057600000e+04 1.091000000e+04 
1.072600000e+04 9.962000000e+03 
1.053300000e+04 1.095100000e+04 
1.063200000e+04 1.026900000e+04 

1.069100000e+04 9.990000000e+03 
1.095800000e+04 9.860000000e+03 
1.081000000e+04 9.929000000e+03 
1.067900000e+04 1.011200000e+04 
1.090100000e+04 9.908000000e+03 
1.066700000e+04 1.020400000e+04 
1.080800000e+04 9.972000000e+03 
1.047500000e+04 1.023600000e+04 
1.036400000e+04 1.042200000e+04 

1.115100000e+04 1.041000000e+04 
9.928000000e+03 1.154900000e+04 
1.056800000e+04 1.050300000e+04 
1.026200000e+04 1.078600000e+04 
1.015700000e+04 1.086600000e+04 
1.027100000e+04 1.075600000e+04 
1.033700000e+04 1.056900000e+04 
9.989000000e+03 1.123200000e+04 
1.046200000e+04 1.051400000e+04 
1.004200000e+04 1.108600000e+04 
1.010200000e+04 1.092900000e+04 
1.027400000e+04 1.071800000e+04 
1.038800000e+04 1.055100000e+04 
1.100400000e+04 1.049800000e+04 

1.124500000e+04 1.038500000e+04 
1.090500000e+04 1.054500000e+04 
1.100000000e+04 1.042900000e+04 
1.093100000e+04 1.049100000e+04 
1.132700000e+04 1.034000000e+04 

1.033800000e+04 1.097700000e+04 
1.020700000e+04 1.117200000e+04 
1.017100000e+04 1.136500000e+04 
1.020100000e+04 1.125800000e+04 
1.026600000e+04 1.107500000e+04 
1.042700000e+04 1.071600000e+04 
1.051100000e+04 1.065800000e+04 
1.041000000e+04 1.089300000e+04 

1.068000000e+04 1.054300000e+04 
1.090700000e+04 1.049400000e+04 
1.101200000e+04 1.047300000e+04 
1.065000000e+04 1.060000000e+04 
1.094100000e+04 1.048500000e+04 
1.063300000e+04 1.062900000e+04 
1.041700000e+04 1.068700000e+04 
1.074700000e+04 1.052400000e+04 
1.072100000e+04 1.052500000e+04 
1.062100000e+04 1.064400000e+04 

1.093900000e+04 1.007200000e+04 
1.053700000e+04 1.021000000e+04 
1.047200000e+04 1.033700000e+04 
1.036300000e+04 1.040900000e+04 
1.036300000e+04 1.040900000e+04 
1.023800000e+04 1.060800000e+04 
1.018700000e+04 1.097000000e+04 
1.061900000e+04 1.010100000e+04 
1.030400000e+04 1.054100000e+04 
1.031100000e+04 1.047500000e+04 
1.044900000e+04 1.038200000e+04 
1.023200000e+04 1.083700000e+04 
1.058900000e+04 1.019600000e+04 
1.049500000e+04 1.031400000e+04 
1.051300000e+04 1.023200000e+04 
1.094600000e+04 1.004500000e+04 

1.085600000e+04 1.028100000e+04 
1.100000000e+04 1.010700000e+04 
1.098300000e+04 1.018600000e+04 
1.074800000e+04 1.041300000e+04 
1.063100000e+04 1.091500000e+04 
1.066000000e+04 1.054000000e+04 
1.098200000e+04 1.019600000e+04 
1.068900000e+04 1.042300000e+04 
1.078100000e+04 1.041200000e+04 
1.080500000e+04 1.031600000e+04 

1.060400000e+04 1.021800000e+04 
1.054300000e+04 1.044600000e+04 
1.059100000e+04 1.042900000e+04 
1.059400000e+04 1.042100000e+04 
1.048200000e+04 1.046400000e+04 
1.070600000e+04 1.003000000e+04 
1.070200000e+04 1.018700000e+04 
1.064800000e+04 1.019000000e+04 

