1.053900000e+04 9.863000000e+03 
1.000700000e+04 9.972000000e+03 
9.900000000e+03 1.043500000e+04 
1.046900000e+04 9.901000000e+03 
9.918000000e+03 1.036000000e+04 
1.021200000e+04 9.965000000e+03 
1.030800000e+04 9.944000000e+03 
1.085200000e+04 9.744000000e+03 
1.050200000e+04 9.892000000e+03 
1.057600000e+04 9.786000000e+03 
9.901000000e+03 1.042700000e+04 
1.019800000e+04 9.966000000e+03 
9.919000000e+03 1.010600000e+04 
1.030800000e+04 9.944000000e+03 
1.038700000e+04 9.911000000e+03 

1.003800000e+04 1.054000000e+04 
1.053400000e+04 1.022600000e+04 
9.986000000e+03 1.055100000e+04 
1.010600000e+04 1.046000000e+04 
1.014700000e+04 1.029000000e+04 
1.004400000e+04 1.053900000e+04 
9.935000000e+03 1.057200000e+04 
1.064000000e+04 1.020700000e+04 
1.069400000e+04 1.018600000e+04 
9.880000000e+03 1.058000000e+04 
1.012100000e+04 1.041700000e+04 
1.069400000e+04 1.018600000e+04 
9.667000000e+03 1.059000000e+04 
1.007200000e+04 1.052600000e+04 

1.040000000e+04 1.044900000e+04 
1.034000000e+04 1.064700000e+04 
1.024200000e+04 1.073600000e+04 
1.064700000e+04 1.036800000e+04 
1.035800000e+04 1.048600000e+04 
1.061400000e+04 1.042900000e+04 
1.114100000e+04 1.030300000e+04 
1.015600000e+04 1.089500000e+04 

1.122700000e+04 1.029900000e+04 
1.050500000e+04 1.094000000e+04 
1.067700000e+04 1.051600000e+04 
1.064200000e+04 1.058200000e+04 
1.064200000e+04 1.058200000e+04 
1.072700000e+04 1.049500000e+04 
1.111000000e+04 1.039200000e+04 
1.055700000e+04 1.088500000e+04 

1.047400000e+04 9.378000000e+03 
1.040200000e+04 9.433000000e+03 
1.037300000e+04 9.436000000e+03 
1.064600000e+04 9.201000000e+03 
1.041400000e+04 9.432000000e+03 
1.035000000e+04 9.477000000e+03 
1.032400000e+04 9.562000000e+03 
1.069500000e+04 9.091000000e+03 
1.059200000e+04 9.220000000e+03 
1.049300000e+04 9.343000000e+03 
1.055900000e+04 9.282000000e+03 
1.052900000e+04 9.327000000e+03 
1.089300000e+04 9.088000000e+03 

9.809000000e+03 1.028300000e+04 
9.812000000e+03 1.024200000e+04 
9.779000000e+03 1.041100000e+04 
9.973000000e+03 9.834000000e+03 
9.831000000e+03 1.003300000e+04 
1.003900000e+04 9.780000000e+03 
1.005400000e+04 9.653000000e+03 
9.936000000e+03 9.915000000e+03 

1.008100000e+04 1.090600000e+04 
1.008900000e+04 1.077400000e+04 
1.009200000e+04 1.072300000e+04 
1.004900000e+04 1.091400000e+04 
1.084400000e+04 1.008100000e+04 
1.033500000e+04 1.037400000e+04 
1.046500000e+04 1.011600000e+04 
1.013100000e+04 1.065400000e+04 
1.002200000e+04 1.110900000e+04 
1.063700000e+04 1.009900000e+04 
1.014200000e+04 1.044100000e+04 
1.033500000e+04 1.037400000e+04 
1.002500000e+04 1.095100000e+04 
1.043000000e+04 1.033400000e+04 
1.038900000e+04 1.034000000e+04 
1.044000000e+04 1.023200000e+04 

1.040400000e+04 1.039600000e+04 
1.063600000e+04 1.021700000e+04 
9.993000000e+03 1.062500000e+04 
1.051400000e+04 1.032100000e+04 
1.051200000e+04 1.039200000e+04 
1.054800000e+04 1.026700000e+04 
9.966000000e+03 1.076500000e+04 
1.043700000e+04 1.039400000e+04 
1.052600000e+04 1.028900000e+04 
9.834000000e+03 1.125600000e+04 
9.877000000e+03 1.105200000e+04 
9.877000000e+03 1.105200000e+04 
1.040000000e+04 1.039800000e+04 
9.924000000e+03 1.087800000e+04 
1.022100000e+04 1.046800000e+04 
1.011400000e+04 1.060400000e+04 
9.911000000e+03 1.097000000e+04 

1.075000000e+04 1.004300000e+04 
1.072700000e+04 1.008300000e+04 
1.076400000e+04 9.982000000e+03 
1.030900000e+04 1.035800000e+04 
1.032800000e+04 1.034100000e+04 
1.071200000e+04 1.008600000e+04 
1.053300000e+04 1.012400000e+04 
1.033300000e+04 1.018700000e+04 

9.974000000e+03 1.028700000e+04 
1.019200000e+04 1.002000000e+04 
1.033500000e+04 9.953000000e+03 
1.019500000e+04 9.997000000e+03 
1.006600000e+04 1.019100000e+04 
1.012500000e+04 1.005100000e+04 
1.036300000e+04 9.937000000e+03 
1.056000000e+04 9.823000000e+03 
1.061900000e+04 9.651000000e+03 
1.040000000e+04 9.836000000e+03 
1.008200000e+04 1.017300000e+04 

1.053300000e+04 1.097800000e+04 
1.064200000e+04 1.053800000e+04 
1.080300000e+04 1.045400000e+04 
1.062800000e+04 1.055600000e+04 
1.052900000e+04 1.098300000e+04 
1.113600000e+04 1.011600000e+04 
1.056600000e+04 1.087000000e+04 
1.048600000e+04 1.105400000e+04 
1.085100000e+04 1.043700000e+04 
1.076400000e+04 1.053600000e+04 
1.086500000e+04 1.035400000e+04 
1.058000000e+04 1.067200000e+04 
1.102300000e+04 1.017800000e+04 
1.055900000e+04 1.093700000e+04 

9.653000000e+03 1.090900000e+04 
9.859000000e+03 1.065600000e+04 
1.005400000e+04 1.044400000e+04 
9.950000000e+03 1.051300000e+04 
9.932000000e+03 1.064600000e+04 
9.940000000e+03 1.058900000e+04 
9.940000000e+03 1.058900000e+04 
1.011800000e+04 1.018700000e+04 
9.716000000e+03 1.068700000e+04 

1.028300000e+04 9.955000000e+03 
1.016600000e+04 1.001500000e+04 
1.025100000e+04 9.987000000e+03 
1.003500000e+04 1.046900000e+04 
1.055800000e+04 9.817000000e+03 
1.004100000e+04 1.023200000e+04 
1.022200000e+04 1.000800000e+04 
1.014600000e+04 1.009800000e+04 
1.009900000e+04 1.010600000e+04 

9.868000000e+03 1.059100000e+04 
9.592000000e+03 1.078400000e+04 
9.364000000e+03 1.089500000e+04 
9.333000000e+03 1.158000000e+04 
1.007700000e+04 1.049500000e+04 
9.632000000e+03 1.068500000e+04 
1.041900000e+04 1.042900000e+04 
9.943000000e+03 1.052700000e+04 

9.968000000e+03 1.047000000e+04 
1.020300000e+04 1.027200000e+04 
1.032300000e+04 1.010000000e+04 
1.067500000e+04 9.884000000e+03 
1.066900000e+04 1.003100000e+04 
1.015400000e+04 1.030600000e+04 
1.030500000e+04 1.022100000e+04 
1.078600000e+04 9.878000000e+03 
1.026400000e+04 1.025700000e+04 
1.056200000e+04 1.005600000e+04 
1.020300000e+04 1.027200000e+04 
9.972000000e+03 1.032300000e+04 

1.065800000e+04 1.103300000e+04 
1.066600000e+04 1.095600000e+04 
1.069700000e+04 1.045500000e+04 
1.075500000e+04 1.041900000e+04 
1.093300000e+04 1.023300000e+04 
1.086100000e+04 1.035100000e+04 
1.067900000e+04 1.084700000e+04 

1.061500000e+04 1.050000000e+04 
1.010900000e+04 1.080100000e+04 
1.004400000e+04 1.084800000e+04 
1.000300000e+04 1.091900000e+04 
9.950000000e+03 1.095200000e+04 
1.061500000e+04 1.050000000e+04 
1.006600000e+04 1.083200000e+04 
1.023800000e+04 1.068400000e+04 
1.014300000e+04 1.078300000e+04 
1.031600000e+04 1.057100000e+04 
9.852000000e+03 1.097600000e+04 
1.019700000e+04 1.071000000e+04 
1.017500000e+04 1.075700000e+04 

1.009800000e+04 9.833000000e+03 
9.918000000e+03 9.899000000e+03 
1.020200000e+04 9.733000000e+03 
9.941000000e+03 9.876000000e+03 
1.048900000e+04 9.634000000e+03 
1.023500000e+04 9.676000000e+03 
9.900000000e+03 1.054800000e+04 
1.018000000e+04 9.740000000e+03 
1.010400000e+04 9.807000000e+03 
9.914000000e+03 9.931000000e+03 
1.013700000e+04 9.799000000e+03 
1.030600000e+04 9.651000000e+03 
1.001400000e+04 9.875000000e+03 

1.013000000e+04 1.139300000e+04 
1.016200000e+04 1.102300000e+04 
1.017400000e+04 1.098200000e+04 
1.028900000e+04 1.073800000e+04 
1.023200000e+04 1.092300000e+04 

1.026300000e+04 1.081400000e+04 
1.010400000e+04 1.106600000e+04 
9.933000000e+03 1.127400000e+04 
1.060000000e+04 1.059600000e+04 
1.022900000e+04 1.092600000e+04 
1.041700000e+04 1.074900000e+04 
1.016800000e+04 1.102000000e+04 
1.045000000e+04 1.074700000e+04 
1.054300000e+04 1.062400000e+04 
1.005400000e+04 1.107000000e+04 
1.019300000e+04 1.101400000e+04 
1.015900000e+04 1.103000000e+04 
1.001100000e+04 1.122500000e+04 
1.045000000e+04 1.074700000e+04 
1.021100000e+04 1.096100000e+04 
1.038200000e+04 1.079000000e+04 
1.001400000e+04 1.116700000e+04 
1.005000000e+04 1.112100000e+04 
1.026000000e+04 1.091400000e+04 
1.045700000e+04 1.065200000e+04 
1.037000000e+04 1.079200000e+04 

1.169200000e+04 9.896000000e+03 
1.162200000e+04 9.923000000e+03 
1.091000000e+04 1.058400000e+04 
1.107700000e+04 1.036200000e+04 
1.177500000e+04 9.837000000e+03 
1.119300000e+04 9.984000000e+03 
1.162200000e+04 9.923000000e+03 
1.139300000e+04 9.955000000e+03 
1.104100000e+04 1.045300000e+04 
1.144100000e+04 9.926000000e+03 
1.102800000e+04 1.050800000e+04 
1.109400000e+04 1.013300000e+04 

1.018500000e+04 1.115900000e+04 
1.034700000e+04 1.049900000e+04 
1.048800000e+04 9.866000000e+03 
1.086300000e+04 9.825000000e+03 
1.077900000e+04 9.838000000e+03 
1.048800000e+04 9.866000000e+03 
1.022700000e+04 1.114200000e+04 
1.044100000e+04 1.016700000e+04 
1.057800000e+04 9.839000000e+03 
1.024900000e+04 1.079500000e+04 
1.028700000e+04 1.064300000e+04 
1.045200000e+04 9.952000000e+03 
1.047500000e+04 9.879000000e+03 

1.047400000e+04 9.768000000e+03 
1.064000000e+04 9.618000000e+03 
1.016500000e+04 9.909000000e+03 

9.822000000e+03 1.112800000e+04 
1.016300000e+04 1.044500000e+04 
9.832000000e+03 1.101000000e+04 
9.857000000e+03 1.094000000e+04 
1.050300000e+04 1.028000000e+04 
1.010000000e+04 1.057100000e+04 
1.045700000e+04 1.029400000e+04 
9.866000000e+03 1.082900000e+04 
1.034600000e+04 1.029500000e+04 
1.048400000e+04 1.028300000e+04 
1.091200000e+04 1.022200000e+04 
1.024600000e+04 1.037400000e+04 
9.988000000e+03 1.070000000e+04 

1.047500000e+04 1.040000000e+04 
1.053100000e+04 1.027300000e+04 
1.075700000e+04 1.015000000e+04 
1.093700000e+04 1.012200000e+04 
1.077200000e+04 1.013700000e+04 
1.073000000e+04 1.023800000e+04 

1.018900000e+04 1.080900000e+04 
1.021300000e+04 1.064700000e+04 
9.930000000e+03 1.084400000e+04 
1.019000000e+04 1.069300000e+04 
1.040300000e+04 1.050600000e+04 
1.059300000e+04 1.046100000e+04 
1.032600000e+04 1.053400000e+04 
1.023600000e+04 1.053600000e+04 

1.061100000e+04 1.029400000e+04 
1.056300000e+04 1.032200000e+04 
1.075300000e+04 1.023000000e+04 
1.035400000e+04 1.039800000e+04 
1.075300000e+04 1.023000000e+04 
1.028500000e+04 1.061000000e+04 
1.047100000e+04 1.038700000e+04 
1.034500000e+04 1.048200000e+04 
1.078800000e+04 1.018900000e+04 

9.934000000e+03 1.031300000e+04 
1.003500000e+04 1.010600000e+04 
9.939000000e+03 1.017100000e+04 
1.021500000e+04 9.850000000e+03 
1.099200000e+04 9.812000000e+03 
1.092700000e+04 9.844000000e+03 
1.099200000e+04 9.812000000e+03 
1.003500000e+04 1.010600000e+04 
1.006400000e+04 9.985000000e+03 

1.079100000e+04 9.842000000e+03 
1.059300000e+04 1.008200000e+04 
1.077500000e+04 9.960000000e+03 
1.050900000e+04 1.018500000e+04 
1.040300000e+04 1.028000000e+04 
1.079100000e+04 9.842000000e+03 
1.088100000e+04 9.834000000e+03 
1.050400000e+04 1.026700000e+04 
1.062300000e+04 1.006400000e+04 

1.043000000e+04 9.964000000e+03 
1.041400000e+04 1.004000000e+04 
1.041400000e+04 1.004000000e+04 
1.062100000e+04 9.873000000e+03 
1.041400000e+04 1.004000000e+04 
1.047500000e+04 9.883000000e+03 
1.041400000e+04 1.004000000e+04 
1.026500000e+04 1.017400000e+04 
1.027100000e+04 1.008700000e+04 

