1.098400000e+04 9.827000000e+03 
1.078700000e+04 9.837000000e+03 
1.038500000e+04 1.003600000e+04 
1.016400000e+04 1.009500000e+04 
9.918000000e+03 1.036000000e+04 
1.067700000e+04 9.935000000e+03 
1.067000000e+04 9.972000000e+03 
1.004000000e+04 1.027100000e+04 
1.071700000e+04 9.850000000e+03 
1.067600000e+04 9.968000000e+03 
1.010800000e+04 1.024200000e+04 

1.044300000e+04 1.043800000e+04 
9.949000000e+03 1.068000000e+04 
1.016600000e+04 1.052000000e+04 
1.044300000e+04 1.043800000e+04 
1.009800000e+04 1.063100000e+04 
1.067100000e+04 1.040200000e+04 
1.012300000e+04 1.060000000e+04 
1.020900000e+04 1.045000000e+04 
1.070100000e+04 1.032200000e+04 

1.094800000e+04 1.053700000e+04 
1.053800000e+04 1.089200000e+04 
1.068900000e+04 1.058700000e+04 
1.063000000e+04 1.083000000e+04 
1.035800000e+04 1.098200000e+04 
1.064600000e+04 1.077800000e+04 

1.105000000e+04 1.067400000e+04 
1.086000000e+04 1.085200000e+04 
1.138200000e+04 1.053200000e+04 
1.114800000e+04 1.062800000e+04 
1.100500000e+04 1.074900000e+04 
1.078800000e+04 1.129600000e+04 
1.081300000e+04 1.098900000e+04 
1.153800000e+04 1.046200000e+04 
1.126400000e+04 1.058800000e+04 
1.099200000e+04 1.078400000e+04 
1.089200000e+04 1.084200000e+04 
1.093800000e+04 1.079300000e+04 
1.110100000e+04 1.066500000e+04 
1.080900000e+04 1.121300000e+04 
1.111900000e+04 1.065500000e+04 
1.114400000e+04 1.064800000e+04 
1.085500000e+04 1.089100000e+04 

1.054000000e+04 9.727000000e+03 
1.051500000e+04 9.934000000e+03 
1.065100000e+04 9.438000000e+03 
1.043900000e+04 1.015500000e+04 
1.051000000e+04 9.961000000e+03 
1.040000000e+04 1.025600000e+04 
1.057800000e+04 9.652000000e+03 
1.063700000e+04 9.571000000e+03 
1.080000000e+04 9.237000000e+03 
1.044700000e+04 1.007200000e+04 
1.068700000e+04 9.376000000e+03 
1.059900000e+04 9.624000000e+03 

1.012500000e+04 1.013600000e+04 
9.975000000e+03 1.049700000e+04 
1.013600000e+04 1.009600000e+04 
1.025800000e+04 9.916000000e+03 
1.037300000e+04 9.876000000e+03 
9.970000000e+03 1.052500000e+04 
1.037300000e+04 9.876000000e+03 
1.011400000e+04 1.029900000e+04 
1.009400000e+04 1.032500000e+04 
1.016500000e+04 1.007800000e+04 
1.022000000e+04 1.006500000e+04 

1.046500000e+04 1.057600000e+04 
1.056700000e+04 1.040900000e+04 
1.047900000e+04 1.041500000e+04 
1.047900000e+04 1.041500000e+04 
1.020500000e+04 1.136500000e+04 
1.016700000e+04 1.144900000e+04 
1.031800000e+04 1.099400000e+04 
1.038100000e+04 1.063800000e+04 
1.095900000e+04 1.021800000e+04 
1.033100000e+04 1.085200000e+04 
1.056700000e+04 1.040900000e+04 
1.019000000e+04 1.138500000e+04 
1.056900000e+04 1.023700000e+04 
1.032100000e+04 1.095300000e+04 
1.011800000e+04 1.150800000e+04 
1.025200000e+04 1.105100000e+04 
1.021700000e+04 1.121600000e+04 
1.035900000e+04 1.069500000e+04 

1.013500000e+04 1.098800000e+04 
1.028100000e+04 1.090300000e+04 
1.035600000e+04 1.066300000e+04 
1.031700000e+04 1.085600000e+04 
1.030600000e+04 1.087800000e+04 
1.043800000e+04 1.056900000e+04 
1.042700000e+04 1.058400000e+04 
1.040700000e+04 1.064200000e+04 
1.000000000e+04 1.126000000e+04 
9.997000000e+03 1.138200000e+04 
1.004500000e+04 1.112200000e+04 
1.070200000e+04 1.048800000e+04 
1.021100000e+04 1.093100000e+04 
1.025000000e+04 1.092200000e+04 

1.089600000e+04 1.018000000e+04 
1.115600000e+04 1.012700000e+04 
1.072000000e+04 1.029600000e+04 
1.040900000e+04 1.057100000e+04 
1.070900000e+04 1.036400000e+04 
1.087500000e+04 1.026700000e+04 
1.058800000e+04 1.044400000e+04 

1.015800000e+04 1.038300000e+04 
1.015800000e+04 1.038300000e+04 
1.018200000e+04 1.029100000e+04 
1.028400000e+04 1.020800000e+04 
1.041500000e+04 1.015700000e+04 
1.028100000e+04 1.024400000e+04 
1.095600000e+04 9.876000000e+03 
1.051700000e+04 9.947000000e+03 
1.034400000e+04 1.018600000e+04 
1.016900000e+04 1.030100000e+04 
1.042800000e+04 1.015300000e+04 
1.087500000e+04 9.922000000e+03 

1.066200000e+04 1.114600000e+04 
1.094000000e+04 1.073200000e+04 
1.071400000e+04 1.106000000e+04 
1.121500000e+04 1.040300000e+04 
1.094100000e+04 1.071000000e+04 
1.072900000e+04 1.097300000e+04 
1.135000000e+04 1.033300000e+04 
1.131800000e+04 1.039600000e+04 
1.106500000e+04 1.058500000e+04 
1.086800000e+04 1.074400000e+04 
1.086400000e+04 1.078600000e+04 
1.077200000e+04 1.087500000e+04 
1.180000000e+04 1.028700000e+04 
1.116400000e+04 1.050600000e+04 
1.095600000e+04 1.061300000e+04 
1.063600000e+04 1.117300000e+04 
1.067200000e+04 1.109400000e+04 
1.080900000e+04 1.086800000e+04 
1.112400000e+04 1.053900000e+04 

9.952000000e+03 1.076100000e+04 
9.777000000e+03 1.135500000e+04 
1.052900000e+04 1.031200000e+04 
1.017700000e+04 1.050600000e+04 
1.037100000e+04 1.050200000e+04 
9.801000000e+03 1.126800000e+04 
9.863000000e+03 1.099200000e+04 
1.040000000e+04 1.034100000e+04 
1.003400000e+04 1.075900000e+04 
9.801000000e+03 1.126800000e+04 
1.011000000e+04 1.067400000e+04 
9.917000000e+03 1.081900000e+04 
1.037300000e+04 1.037100000e+04 
1.006200000e+04 1.074200000e+04 
1.059100000e+04 1.029900000e+04 
1.009700000e+04 1.068000000e+04 
9.892000000e+03 1.082800000e+04 
1.012600000e+04 1.064200000e+04 

1.017100000e+04 1.045400000e+04 
1.071600000e+04 1.007900000e+04 
1.028300000e+04 1.016300000e+04 
1.017300000e+04 1.039400000e+04 
1.045000000e+04 1.011400000e+04 
1.087600000e+04 1.003800000e+04 

9.644000000e+03 1.117400000e+04 
9.463000000e+03 1.165700000e+04 
9.439000000e+03 1.168000000e+04 
1.024400000e+04 1.068200000e+04 
9.683000000e+03 1.103900000e+04 
1.042600000e+04 1.068100000e+04 
1.045400000e+04 1.065700000e+04 
1.003700000e+04 1.071400000e+04 
9.683000000e+03 1.103900000e+04 
1.045100000e+04 1.066500000e+04 
9.388000000e+03 1.174200000e+04 
9.575000000e+03 1.127600000e+04 
9.899000000e+03 1.074400000e+04 
9.892000000e+03 1.084000000e+04 
9.527000000e+03 1.163100000e+04 
9.653000000e+03 1.115000000e+04 
9.780000000e+03 1.094000000e+04 
1.053100000e+04 1.062200000e+04 
9.613000000e+03 1.126800000e+04 

1.013700000e+04 1.046000000e+04 
1.103600000e+04 1.012200000e+04 
1.056200000e+04 1.019500000e+04 
1.051400000e+04 1.032000000e+04 
1.043300000e+04 1.034500000e+04 
1.087500000e+04 1.017900000e+04 
1.042300000e+04 1.040100000e+04 
1.022500000e+04 1.044500000e+04 

1.078200000e+04 1.124700000e+04 
1.092000000e+04 1.063500000e+04 
1.081600000e+04 1.095800000e+04 
1.085900000e+04 1.073300000e+04 
1.130700000e+04 1.051800000e+04 
1.093300000e+04 1.054100000e+04 
1.078400000e+04 1.102300000e+04 
1.151900000e+04 1.048300000e+04 

1.055800000e+04 1.065100000e+04 
9.998000000e+03 1.109200000e+04 
1.049600000e+04 1.078500000e+04 
1.016700000e+04 1.084800000e+04 
1.034000000e+04 1.081500000e+04 
1.011000000e+04 1.105900000e+04 
1.052300000e+04 1.075700000e+04 

1.010900000e+04 9.929000000e+03 
1.034800000e+04 9.864000000e+03 
1.054100000e+04 9.723000000e+03 
1.010500000e+04 1.022900000e+04 
1.003300000e+04 1.044400000e+04 
9.914000000e+03 1.048500000e+04 
1.006500000e+04 1.040600000e+04 
1.034800000e+04 9.864000000e+03 
1.035700000e+04 9.832000000e+03 
1.023300000e+04 9.907000000e+03 
1.029700000e+04 9.886000000e+03 

1.077600000e+04 1.104700000e+04 
1.040600000e+04 1.118400000e+04 
1.138100000e+04 1.100000000e+04 
1.028700000e+04 1.127000000e+04 
1.092000000e+04 1.100100000e+04 
1.045200000e+04 1.110000000e+04 
1.043500000e+04 1.111200000e+04 

1.028800000e+04 1.111000000e+04 
1.045800000e+04 1.087300000e+04 
1.006400000e+04 1.128700000e+04 
1.067400000e+04 1.069400000e+04 
1.060800000e+04 1.082100000e+04 
1.033400000e+04 1.087500000e+04 

1.152200000e+04 1.021000000e+04 
1.172300000e+04 1.005200000e+04 
1.128900000e+04 1.021600000e+04 
1.109400000e+04 1.054300000e+04 
1.165800000e+04 1.008300000e+04 
1.209600000e+04 1.003700000e+04 
1.164200000e+04 1.008900000e+04 

1.053900000e+04 1.083100000e+04 
1.056900000e+04 1.045200000e+04 
1.057000000e+04 1.040200000e+04 
1.039900000e+04 1.153400000e+04 
1.072600000e+04 9.962000000e+03 
1.042200000e+04 1.128800000e+04 
1.050900000e+04 1.084700000e+04 
1.067200000e+04 1.014000000e+04 
1.076000000e+04 9.955000000e+03 
1.057400000e+04 1.023100000e+04 
1.081700000e+04 9.882000000e+03 
1.053900000e+04 1.083100000e+04 
1.070300000e+04 1.009600000e+04 

1.069100000e+04 9.990000000e+03 
1.063500000e+04 1.001400000e+04 
1.081000000e+04 9.929000000e+03 
1.049800000e+04 1.017500000e+04 
1.087200000e+04 9.843000000e+03 
1.072600000e+04 9.980000000e+03 
1.080800000e+04 9.972000000e+03 
1.047500000e+04 1.023600000e+04 
1.036400000e+04 1.042200000e+04 
1.087900000e+04 9.785000000e+03 
1.047500000e+04 1.023600000e+04 
1.059100000e+04 1.009400000e+04 

1.029900000e+04 1.069200000e+04 
9.928000000e+03 1.154900000e+04 
9.984000000e+03 1.105900000e+04 
1.030200000e+04 1.059300000e+04 
1.075800000e+04 1.040600000e+04 
1.113400000e+04 1.036400000e+04 
1.033700000e+04 1.056900000e+04 
1.071800000e+04 1.042800000e+04 
1.046200000e+04 1.051400000e+04 
1.013500000e+04 1.082300000e+04 
1.010200000e+04 1.092900000e+04 
1.027400000e+04 1.071800000e+04 
1.038800000e+04 1.055100000e+04 
1.012900000e+04 1.088100000e+04 
1.020700000e+04 1.075000000e+04 
1.027300000e+04 1.072100000e+04 
1.016900000e+04 1.076900000e+04 
1.022000000e+04 1.073100000e+04 
1.019400000e+04 1.075200000e+04 
1.040500000e+04 1.054200000e+04 
1.055300000e+04 1.046400000e+04 

1.073900000e+04 1.060400000e+04 
1.077400000e+04 1.041500000e+04 
1.087800000e+04 1.039000000e+04 
1.096800000e+04 1.028900000e+04 

1.051200000e+04 1.052600000e+04 
1.009100000e+04 1.157600000e+04 
1.051100000e+04 1.065800000e+04 
1.026600000e+04 1.080000000e+04 
1.013500000e+04 1.111500000e+04 
1.038800000e+04 1.070700000e+04 
1.025400000e+04 1.090800000e+04 
1.028600000e+04 1.075400000e+04 

1.041700000e+04 1.068700000e+04 
1.058000000e+04 1.055800000e+04 
1.049300000e+04 1.059700000e+04 
1.095300000e+04 1.029200000e+04 
1.056300000e+04 1.056300000e+04 
1.070000000e+04 1.048900000e+04 
1.071900000e+04 1.047600000e+04 
1.066700000e+04 1.049000000e+04 

1.093900000e+04 1.007200000e+04 
1.116500000e+04 1.003100000e+04 
1.094600000e+04 1.004500000e+04 
1.061900000e+04 1.010100000e+04 
1.010000000e+04 1.054000000e+04 
1.023900000e+04 1.019600000e+04 
1.054200000e+04 1.015400000e+04 
1.014500000e+04 1.019700000e+04 
1.010900000e+04 1.030100000e+04 

1.067400000e+04 1.040200000e+04 
1.100000000e+04 1.010700000e+04 
1.060700000e+04 1.059300000e+04 
1.091200000e+04 1.016100000e+04 
1.116400000e+04 1.007700000e+04 
1.066000000e+04 1.054000000e+04 
1.055800000e+04 1.065000000e+04 
1.070300000e+04 1.023500000e+04 

1.070600000e+04 1.003000000e+04 
1.070600000e+04 1.003000000e+04 
1.045700000e+04 1.014400000e+04 
1.060100000e+04 1.010300000e+04 
1.039100000e+04 1.045700000e+04 
1.070600000e+04 1.003000000e+04 

