9.765000000e+03 9.797000000e+03 
9.709000000e+03 9.976000000e+03 
9.765000000e+03 9.797000000e+03 
1.008800000e+04 9.551000000e+03 
9.877000000e+03 9.694000000e+03 
9.666000000e+03 1.013900000e+04 
9.824000000e+03 9.778000000e+03 
1.008900000e+04 9.523000000e+03 
1.008800000e+04 9.551000000e+03 
1.000900000e+04 9.594000000e+03 
1.003700000e+04 9.557000000e+03 
9.719000000e+03 9.957000000e+03 
9.985000000e+03 9.642000000e+03 
1.010100000e+04 9.491000000e+03 
9.563000000e+03 1.014000000e+04 

9.782000000e+03 1.027000000e+04 
9.816000000e+03 1.022900000e+04 
9.569000000e+03 1.059300000e+04 
1.014700000e+04 1.012300000e+04 
9.844000000e+03 1.016100000e+04 
9.556000000e+03 1.076100000e+04 
9.776000000e+03 1.039900000e+04 
1.028900000e+04 1.004500000e+04 
1.034700000e+04 1.001500000e+04 
9.579000000e+03 1.042200000e+04 
1.044000000e+04 9.948000000e+03 
1.028300000e+04 1.006800000e+04 
1.023800000e+04 1.012200000e+04 
1.054700000e+04 9.932000000e+03 

1.065000000e+04 1.021500000e+04 
1.063000000e+04 1.026100000e+04 
1.020700000e+04 1.040600000e+04 
1.005100000e+04 1.087200000e+04 
1.062100000e+04 1.028800000e+04 
1.032900000e+04 1.030000000e+04 
1.057800000e+04 1.029100000e+04 
1.009900000e+04 1.042900000e+04 
1.062100000e+04 1.028800000e+04 
1.064500000e+04 1.024700000e+04 
1.083400000e+04 1.011700000e+04 
1.026400000e+04 1.032700000e+04 
1.007800000e+04 1.053700000e+04 
1.006100000e+04 1.072600000e+04 

1.060800000e+04 1.042000000e+04 
1.096900000e+04 1.017600000e+04 
1.049000000e+04 1.063700000e+04 
1.028600000e+04 1.080500000e+04 
1.056800000e+04 1.043100000e+04 
1.033100000e+04 1.076400000e+04 
1.074700000e+04 1.038700000e+04 
1.116600000e+04 1.011200000e+04 
1.049900000e+04 1.063100000e+04 
1.077800000e+04 1.019600000e+04 
1.044400000e+04 1.066500000e+04 
1.126400000e+04 1.010600000e+04 
1.052000000e+04 1.056200000e+04 
1.050400000e+04 1.059200000e+04 
1.052500000e+04 1.054400000e+04 

1.059900000e+04 8.988000000e+03 
1.042000000e+04 9.247000000e+03 
1.053300000e+04 9.097000000e+03 
1.042000000e+04 9.247000000e+03 
1.077000000e+04 8.943000000e+03 
1.018600000e+04 9.418000000e+03 
1.043900000e+04 9.199000000e+03 
1.018600000e+04 9.418000000e+03 
1.049000000e+04 9.106000000e+03 
1.037500000e+04 9.252000000e+03 
1.042100000e+04 9.219000000e+03 
1.048300000e+04 9.172000000e+03 
1.019300000e+04 9.302000000e+03 
1.033100000e+04 9.293000000e+03 
1.054800000e+04 9.030000000e+03 

9.951000000e+03 9.606000000e+03 
9.731000000e+03 9.857000000e+03 
9.569000000e+03 1.003100000e+04 
9.479000000e+03 1.023400000e+04 
1.014500000e+04 9.593000000e+03 
9.648000000e+03 9.968000000e+03 
9.496000000e+03 1.022100000e+04 
9.755000000e+03 9.826000000e+03 
9.717000000e+03 9.878000000e+03 
9.648000000e+03 9.968000000e+03 
1.018900000e+04 9.529000000e+03 
9.503000000e+03 1.005200000e+04 
9.799000000e+03 9.621000000e+03 

9.897000000e+03 1.054900000e+04 
1.039900000e+04 1.006700000e+04 
9.930000000e+03 1.048300000e+04 
1.009800000e+04 1.036300000e+04 
1.011200000e+04 1.029200000e+04 
1.003200000e+04 1.036500000e+04 
1.035500000e+04 1.012200000e+04 
9.919000000e+03 1.054600000e+04 
1.056300000e+04 9.851000000e+03 
1.003200000e+04 1.036500000e+04 
1.037700000e+04 1.011500000e+04 
9.981000000e+03 1.042700000e+04 
9.853000000e+03 1.063700000e+04 
1.009800000e+04 1.036300000e+04 
1.049700000e+04 1.006300000e+04 
1.014700000e+04 1.012700000e+04 

1.001300000e+04 1.015800000e+04 
1.042400000e+04 1.005100000e+04 
9.667000000e+03 1.087700000e+04 
1.034800000e+04 1.006900000e+04 
9.920000000e+03 1.030500000e+04 
1.023700000e+04 1.010000000e+04 
9.916000000e+03 1.047200000e+04 
9.775000000e+03 1.058500000e+04 
9.639000000e+03 1.089500000e+04 
1.016600000e+04 1.010600000e+04 
9.966000000e+03 1.026500000e+04 
1.001000000e+04 1.021500000e+04 
9.806000000e+03 1.051600000e+04 

1.089500000e+04 9.837000000e+03 
1.058900000e+04 9.871000000e+03 
1.053200000e+04 9.927000000e+03 
1.040800000e+04 9.973000000e+03 
1.051800000e+04 9.961000000e+03 
1.083100000e+04 9.857000000e+03 
1.038500000e+04 1.001600000e+04 
1.042200000e+04 9.968000000e+03 
1.089500000e+04 9.837000000e+03 
1.032500000e+04 1.004200000e+04 
1.019500000e+04 1.005300000e+04 
1.015600000e+04 1.036100000e+04 
1.058000000e+04 9.876000000e+03 
1.056500000e+04 9.892000000e+03 

1.004900000e+04 9.796000000e+03 
1.024300000e+04 9.684000000e+03 
1.025900000e+04 9.450000000e+03 
9.975000000e+03 9.968000000e+03 
1.017300000e+04 9.768000000e+03 
1.024200000e+04 9.723000000e+03 
1.069000000e+04 9.336000000e+03 
9.746000000e+03 1.021400000e+04 
1.015200000e+04 9.788000000e+03 
1.060600000e+04 9.381000000e+03 
1.017600000e+04 9.724000000e+03 
9.766000000e+03 1.010700000e+04 

1.045500000e+04 1.055000000e+04 
1.057800000e+04 1.029600000e+04 
1.080400000e+04 1.015400000e+04 
1.096000000e+04 1.009500000e+04 
1.040400000e+04 1.055200000e+04 
1.115300000e+04 1.002400000e+04 
1.115300000e+04 1.002400000e+04 
1.127000000e+04 1.000400000e+04 
1.046200000e+04 1.042800000e+04 
1.077400000e+04 1.027400000e+04 
1.094500000e+04 1.013900000e+04 
1.097200000e+04 1.007500000e+04 

9.793000000e+03 1.043900000e+04 
9.847000000e+03 1.030600000e+04 
9.953000000e+03 1.019700000e+04 
1.020800000e+04 1.009100000e+04 
9.808000000e+03 1.031000000e+04 
9.595000000e+03 1.070100000e+04 
9.945000000e+03 1.030400000e+04 
9.742000000e+03 1.053800000e+04 
9.694000000e+03 1.069100000e+04 
9.807000000e+03 1.039600000e+04 
9.708000000e+03 1.055300000e+04 
9.556000000e+03 1.070400000e+04 
9.474000000e+03 1.090200000e+04 
1.006000000e+04 1.017900000e+04 
1.009800000e+04 1.011700000e+04 
1.006000000e+04 1.017900000e+04 
9.603000000e+03 1.070000000e+04 
1.016200000e+04 1.010200000e+04 
9.462000000e+03 1.112900000e+04 

9.832000000e+03 1.023400000e+04 
1.000200000e+04 9.782000000e+03 
9.826000000e+03 1.033900000e+04 
9.976000000e+03 9.925000000e+03 
9.981000000e+03 9.825000000e+03 
9.808000000e+03 1.044800000e+04 
9.911000000e+03 1.002900000e+04 
9.960000000e+03 1.002000000e+04 
1.022400000e+04 9.760000000e+03 
9.884000000e+03 1.009100000e+04 

1.022600000e+04 1.026700000e+04 
9.522000000e+03 1.058100000e+04 
9.404000000e+03 1.060100000e+04 
9.236000000e+03 1.077900000e+04 
1.006900000e+04 1.040800000e+04 
1.019500000e+04 1.031400000e+04 
9.257000000e+03 1.064100000e+04 
9.155000000e+03 1.079500000e+04 
9.892000000e+03 1.041800000e+04 
9.526000000e+03 1.047000000e+04 
9.683000000e+03 1.046900000e+04 
1.008800000e+04 1.040700000e+04 
9.239000000e+03 1.075800000e+04 
9.859000000e+03 1.044800000e+04 

1.036400000e+04 9.624000000e+03 
9.917000000e+03 1.005700000e+04 
9.855000000e+03 1.025300000e+04 
1.006400000e+04 9.973000000e+03 
1.034600000e+04 9.671000000e+03 
1.015800000e+04 9.923000000e+03 
1.020200000e+04 9.869000000e+03 
9.906000000e+03 1.019200000e+04 
9.844000000e+03 1.028100000e+04 
1.035500000e+04 9.668000000e+03 
1.029000000e+04 9.842000000e+03 

1.067000000e+04 1.025800000e+04 
1.059100000e+04 1.034200000e+04 
1.075100000e+04 1.022800000e+04 
1.075200000e+04 9.973000000e+03 
1.050100000e+04 1.037700000e+04 
1.058600000e+04 1.035100000e+04 
1.050100000e+04 1.037700000e+04 
1.075100000e+04 1.022800000e+04 

1.008000000e+04 1.057800000e+04 
1.042800000e+04 1.040600000e+04 
9.596000000e+03 1.082500000e+04 
1.011300000e+04 1.056300000e+04 
9.648000000e+03 1.069100000e+04 
1.044200000e+04 1.032200000e+04 
1.008800000e+04 1.057000000e+04 
1.040600000e+04 1.043800000e+04 
9.846000000e+03 1.058800000e+04 
1.041800000e+04 1.042300000e+04 
1.025500000e+04 1.044200000e+04 
1.015200000e+04 1.049200000e+04 

9.608000000e+03 9.728000000e+03 
9.923000000e+03 9.495000000e+03 
9.763000000e+03 9.636000000e+03 
9.773000000e+03 9.617000000e+03 
9.715000000e+03 9.668000000e+03 
9.608000000e+03 9.728000000e+03 
1.003400000e+04 9.438000000e+03 
9.784000000e+03 9.590000000e+03 

1.000000000e+04 1.092400000e+04 
1.019200000e+04 1.065000000e+04 
1.025100000e+04 1.055100000e+04 
1.023200000e+04 1.064200000e+04 
1.004600000e+04 1.087800000e+04 
9.925000000e+03 1.102600000e+04 
9.982000000e+03 1.098900000e+04 
1.017500000e+04 1.070000000e+04 
1.005100000e+04 1.071400000e+04 
1.014600000e+04 1.070300000e+04 

9.864000000e+03 1.101500000e+04 
9.988000000e+03 1.089700000e+04 
1.016900000e+04 1.059700000e+04 
9.828000000e+03 1.109700000e+04 
1.026000000e+04 1.047200000e+04 
1.015300000e+04 1.061800000e+04 
1.014400000e+04 1.063600000e+04 
9.708000000e+03 1.114200000e+04 
1.016900000e+04 1.059700000e+04 
1.000300000e+04 1.064800000e+04 
9.863000000e+03 1.103300000e+04 
9.952000000e+03 1.094700000e+04 
1.022600000e+04 1.059500000e+04 
1.022800000e+04 1.054500000e+04 
9.968000000e+03 1.094400000e+04 
1.036700000e+04 1.040600000e+04 

1.095800000e+04 9.926000000e+03 
1.148200000e+04 9.701000000e+03 
1.113900000e+04 9.913000000e+03 
1.117700000e+04 9.877000000e+03 
1.126700000e+04 9.721000000e+03 
1.123800000e+04 9.765000000e+03 
1.067700000e+04 9.961000000e+03 
1.120200000e+04 9.825000000e+03 

1.068200000e+04 9.697000000e+03 
1.031000000e+04 9.773000000e+03 
1.017600000e+04 9.929000000e+03 
1.017600000e+04 9.929000000e+03 
1.004700000e+04 1.107500000e+04 
1.042200000e+04 9.766000000e+03 
1.006300000e+04 1.100500000e+04 
1.007000000e+04 1.003800000e+04 
1.012600000e+04 9.999000000e+03 
1.057200000e+04 9.717000000e+03 

1.001300000e+04 1.001500000e+04 
1.029700000e+04 9.676000000e+03 
1.041600000e+04 9.539000000e+03 
1.069500000e+04 9.455000000e+03 
1.011500000e+04 9.812000000e+03 
1.002400000e+04 9.975000000e+03 
1.035000000e+04 9.616000000e+03 
1.027900000e+04 9.719000000e+03 
1.007200000e+04 9.882000000e+03 
1.014900000e+04 9.764000000e+03 

9.894000000e+03 1.033300000e+04 
1.043700000e+04 1.019000000e+04 
1.009800000e+04 1.029700000e+04 
1.007400000e+04 1.031700000e+04 
1.028500000e+04 1.019700000e+04 
1.011900000e+04 1.026500000e+04 
1.013800000e+04 1.023800000e+04 
9.697000000e+03 1.038300000e+04 
9.591000000e+03 1.060000000e+04 
9.643000000e+03 1.057500000e+04 
1.019300000e+04 1.023200000e+04 
1.001800000e+04 1.032600000e+04 

1.046100000e+04 1.011300000e+04 
1.055400000e+04 1.003100000e+04 
1.036200000e+04 1.018000000e+04 
1.033700000e+04 1.021500000e+04 
1.063200000e+04 9.946000000e+03 
1.030900000e+04 1.046400000e+04 
1.056000000e+04 1.001300000e+04 
1.052600000e+04 1.005200000e+04 
1.048100000e+04 1.008800000e+04 

9.801000000e+03 1.065800000e+04 
1.018500000e+04 1.043300000e+04 
1.042500000e+04 1.041300000e+04 
1.002500000e+04 1.048600000e+04 
9.918000000e+03 1.058500000e+04 
1.045200000e+04 1.037700000e+04 
9.963000000e+03 1.056700000e+04 
1.013100000e+04 1.047900000e+04 

1.022200000e+04 1.046200000e+04 
1.017700000e+04 1.046600000e+04 
1.008800000e+04 1.051500000e+04 
1.063300000e+04 1.009000000e+04 
1.015200000e+04 1.051200000e+04 
1.017700000e+04 1.046600000e+04 
1.022600000e+04 1.038400000e+04 
1.041600000e+04 1.018800000e+04 
1.044100000e+04 1.015300000e+04 
1.070900000e+04 1.008500000e+04 
1.041600000e+04 1.018800000e+04 
1.036600000e+04 1.028600000e+04 
1.024300000e+04 1.030100000e+04 
1.048700000e+04 1.013900000e+04 

9.671000000e+03 9.932000000e+03 
1.000500000e+04 9.707000000e+03 
9.733000000e+03 9.903000000e+03 
9.781000000e+03 9.853000000e+03 
9.825000000e+03 9.788000000e+03 
9.942000000e+03 9.758000000e+03 
1.003700000e+04 9.669000000e+03 
9.968000000e+03 9.739000000e+03 
9.892000000e+03 9.767000000e+03 

1.016400000e+04 9.930000000e+03 
1.035800000e+04 9.788000000e+03 
1.033400000e+04 9.840000000e+03 
1.055400000e+04 9.730000000e+03 
1.062000000e+04 9.594000000e+03 
1.032500000e+04 9.891000000e+03 
1.069900000e+04 9.572000000e+03 
1.025700000e+04 9.904000000e+03 

1.017000000e+04 9.819000000e+03 
1.039400000e+04 9.568000000e+03 
1.011100000e+04 1.003800000e+04 
1.010100000e+04 1.016800000e+04 
1.035400000e+04 9.694000000e+03 

