1.098400000e+04 9.827000000e+03 
1.078700000e+04 9.837000000e+03 
1.038500000e+04 1.003600000e+04 
1.016400000e+04 1.009500000e+04 
9.918000000e+03 1.036000000e+04 
1.067700000e+04 9.935000000e+03 
1.067000000e+04 9.972000000e+03 
1.004000000e+04 1.027100000e+04 
1.071700000e+04 9.850000000e+03 
1.067600000e+04 9.968000000e+03 
1.003000000e+04 1.033800000e+04 
1.051800000e+04 1.002200000e+04 
1.061900000e+04 9.994000000e+03 
1.067600000e+04 9.968000000e+03 
1.066500000e+04 9.986000000e+03 
1.008700000e+04 1.015200000e+04 
1.038500000e+04 1.003600000e+04 

1.044300000e+04 1.043800000e+04 
9.949000000e+03 1.068000000e+04 
1.016600000e+04 1.052000000e+04 
1.044300000e+04 1.043800000e+04 
1.009800000e+04 1.063100000e+04 
1.067100000e+04 1.040200000e+04 
1.065800000e+04 1.043500000e+04 
1.020900000e+04 1.045000000e+04 
1.070100000e+04 1.032200000e+04 
1.011100000e+04 1.057900000e+04 
1.056500000e+04 1.043600000e+04 

1.130300000e+04 1.040600000e+04 
1.053800000e+04 1.089200000e+04 
1.068900000e+04 1.058700000e+04 
1.035800000e+04 1.098200000e+04 
1.058300000e+04 1.073500000e+04 
1.043600000e+04 1.095900000e+04 
1.083500000e+04 1.053200000e+04 

1.105000000e+04 1.067400000e+04 
1.086000000e+04 1.085200000e+04 
1.090800000e+04 1.083900000e+04 
1.114800000e+04 1.062800000e+04 
1.100500000e+04 1.074900000e+04 
1.114400000e+04 1.064800000e+04 
1.108900000e+04 1.065400000e+04 
1.099600000e+04 1.075900000e+04 
1.089200000e+04 1.084200000e+04 
1.099200000e+04 1.078400000e+04 
1.089200000e+04 1.084200000e+04 
1.093800000e+04 1.079300000e+04 
1.075000000e+04 1.087400000e+04 
1.119500000e+04 1.044000000e+04 

1.040400000e+04 1.023600000e+04 
1.080000000e+04 9.237000000e+03 
1.080000000e+04 9.237000000e+03 
1.054700000e+04 9.446000000e+03 
1.073800000e+04 9.242000000e+03 
1.040000000e+04 1.025600000e+04 
1.064700000e+04 9.355000000e+03 
1.041600000e+04 9.590000000e+03 

1.036300000e+04 9.892000000e+03 
9.975000000e+03 1.049700000e+04 
1.000000000e+04 1.016500000e+04 
1.025800000e+04 9.916000000e+03 
1.037300000e+04 9.876000000e+03 
9.970000000e+03 1.052500000e+04 
1.037300000e+04 9.876000000e+03 
1.010000000e+04 1.001600000e+04 
1.029900000e+04 9.894000000e+03 
9.996000000e+03 1.021100000e+04 

1.046500000e+04 1.057600000e+04 
1.021700000e+04 1.121600000e+04 
1.047900000e+04 1.041500000e+04 
1.047900000e+04 1.041500000e+04 
1.020500000e+04 1.136500000e+04 
1.022600000e+04 1.062500000e+04 
1.011800000e+04 1.150800000e+04 
1.042700000e+04 1.060200000e+04 
1.095900000e+04 1.021800000e+04 
1.042300000e+04 1.062300000e+04 
1.046400000e+04 1.057900000e+04 
1.019000000e+04 1.138500000e+04 
1.056900000e+04 1.023700000e+04 
1.054400000e+04 1.035400000e+04 
1.014400000e+04 1.142400000e+04 
1.052900000e+04 1.036500000e+04 
1.047200000e+04 1.042500000e+04 

1.004500000e+04 1.112200000e+04 
1.005700000e+04 1.107500000e+04 
1.035600000e+04 1.066300000e+04 
1.031700000e+04 1.085600000e+04 
1.030600000e+04 1.087800000e+04 
1.043800000e+04 1.056900000e+04 
1.042700000e+04 1.058400000e+04 
1.040700000e+04 1.064200000e+04 
1.000000000e+04 1.126000000e+04 
9.997000000e+03 1.138200000e+04 
1.008300000e+04 1.088500000e+04 
1.061300000e+04 1.039600000e+04 
1.008200000e+04 1.102900000e+04 
1.027000000e+04 1.087900000e+04 
1.033600000e+04 1.082600000e+04 

1.089600000e+04 1.018000000e+04 
1.115600000e+04 1.012700000e+04 
1.072000000e+04 1.029600000e+04 
1.040900000e+04 1.057100000e+04 
1.084800000e+04 1.025400000e+04 
1.112500000e+04 1.013400000e+04 
1.058800000e+04 1.044400000e+04 
1.056600000e+04 1.045100000e+04 
1.062400000e+04 1.036100000e+04 
1.089600000e+04 1.018000000e+04 
1.056200000e+04 1.047500000e+04 
1.088000000e+04 1.022900000e+04 
1.055000000e+04 1.049800000e+04 

1.015800000e+04 1.038300000e+04 
1.015800000e+04 1.038300000e+04 
1.018200000e+04 1.029100000e+04 
1.028400000e+04 1.020800000e+04 
1.087500000e+04 9.922000000e+03 
1.028100000e+04 1.024400000e+04 
1.066500000e+04 9.925000000e+03 
1.051700000e+04 9.947000000e+03 
1.034400000e+04 1.018600000e+04 
1.016900000e+04 1.030100000e+04 
1.051100000e+04 1.011400000e+04 
1.039600000e+04 1.014500000e+04 
1.028300000e+04 1.021600000e+04 
1.015100000e+04 1.043300000e+04 
1.035600000e+04 1.017600000e+04 
1.102600000e+04 9.849000000e+03 
1.091900000e+04 9.864000000e+03 

1.185500000e+04 1.028200000e+04 
1.065900000e+04 1.094900000e+04 
1.080900000e+04 1.086800000e+04 
1.108700000e+04 1.045800000e+04 
1.108400000e+04 1.056900000e+04 
1.083200000e+04 1.082400000e+04 
1.135000000e+04 1.033300000e+04 
1.065100000e+04 1.109600000e+04 
1.106500000e+04 1.058500000e+04 
1.177000000e+04 1.030900000e+04 
1.132700000e+04 1.035100000e+04 
1.077200000e+04 1.087500000e+04 
1.180000000e+04 1.028700000e+04 
1.073100000e+04 1.094000000e+04 
1.095600000e+04 1.061300000e+04 
1.063600000e+04 1.117300000e+04 
1.119800000e+04 1.039000000e+04 
1.083500000e+04 1.064400000e+04 

1.059100000e+04 1.029900000e+04 
9.777000000e+03 1.135500000e+04 
1.052900000e+04 1.031200000e+04 
1.017700000e+04 1.050600000e+04 
1.031200000e+04 1.044500000e+04 
9.801000000e+03 1.126800000e+04 
1.010500000e+04 1.060300000e+04 
1.040000000e+04 1.034100000e+04 
1.009700000e+04 1.068000000e+04 
9.801000000e+03 1.126800000e+04 
9.880000000e+03 1.072200000e+04 
1.008400000e+04 1.071800000e+04 
1.037300000e+04 1.037100000e+04 
9.802000000e+03 1.088200000e+04 
1.034100000e+04 1.044200000e+04 

1.017100000e+04 1.045400000e+04 
1.085900000e+04 1.002700000e+04 
1.028300000e+04 1.016300000e+04 
1.017300000e+04 1.039400000e+04 
1.045000000e+04 1.011400000e+04 
1.048900000e+04 1.004200000e+04 
1.027000000e+04 1.029600000e+04 

9.892000000e+03 1.084000000e+04 
1.023500000e+04 1.058600000e+04 
9.439000000e+03 1.168000000e+04 
9.800000000e+03 1.092500000e+04 
1.027900000e+04 1.056000000e+04 
9.780000000e+03 1.094000000e+04 
9.450000000e+03 1.156700000e+04 
1.003700000e+04 1.071400000e+04 
9.877000000e+03 1.089600000e+04 
9.647000000e+03 1.096600000e+04 
9.388000000e+03 1.174200000e+04 
9.575000000e+03 1.127600000e+04 
9.899000000e+03 1.074400000e+04 
9.602000000e+03 1.116200000e+04 

1.013700000e+04 1.046000000e+04 
1.103600000e+04 1.012200000e+04 
1.056200000e+04 1.019500000e+04 
1.043300000e+04 1.034500000e+04 
1.043300000e+04 1.034500000e+04 
1.087500000e+04 1.017900000e+04 
1.042300000e+04 1.040100000e+04 
1.022500000e+04 1.044500000e+04 
1.056100000e+04 1.021300000e+04 
1.046800000e+04 1.027400000e+04 
1.114100000e+04 1.010800000e+04 

1.075500000e+04 1.102800000e+04 
1.110900000e+04 1.048300000e+04 
1.082100000e+04 1.091700000e+04 
1.093300000e+04 1.054100000e+04 
1.085200000e+04 1.057200000e+04 
1.076000000e+04 1.092400000e+04 
1.112600000e+04 1.041400000e+04 

1.011000000e+04 1.105900000e+04 
9.998000000e+03 1.109200000e+04 
1.049600000e+04 1.078500000e+04 
1.016700000e+04 1.084800000e+04 
1.050200000e+04 1.063900000e+04 
1.024200000e+04 1.079200000e+04 
1.027800000e+04 1.078900000e+04 
1.102900000e+04 1.063600000e+04 
1.050000000e+04 1.068400000e+04 

1.003800000e+04 1.036300000e+04 
1.005700000e+04 9.922000000e+03 
1.054100000e+04 9.723000000e+03 
1.019900000e+04 9.880000000e+03 
1.003300000e+04 1.044400000e+04 
9.914000000e+03 1.048500000e+04 
1.018000000e+04 9.890000000e+03 
1.011900000e+04 9.894000000e+03 
1.035700000e+04 9.832000000e+03 
1.023800000e+04 9.847000000e+03 

1.077600000e+04 1.104700000e+04 
1.035800000e+04 1.110000000e+04 
1.138100000e+04 1.100000000e+04 
1.062500000e+04 1.104900000e+04 
1.092000000e+04 1.100100000e+04 
1.040900000e+04 1.106600000e+04 
1.027600000e+04 1.113900000e+04 
1.017200000e+04 1.135700000e+04 

1.028800000e+04 1.111000000e+04 
1.006300000e+04 1.133000000e+04 
1.006400000e+04 1.128700000e+04 
1.067400000e+04 1.069400000e+04 
1.060800000e+04 1.082100000e+04 
1.033400000e+04 1.087500000e+04 
1.043500000e+04 1.084200000e+04 
1.063600000e+04 1.079300000e+04 
1.024600000e+04 1.122300000e+04 
1.013000000e+04 1.124500000e+04 
1.032300000e+04 1.106900000e+04 

1.189400000e+04 9.987000000e+03 
1.123200000e+04 1.031900000e+04 
1.128900000e+04 1.021600000e+04 
1.109400000e+04 1.054300000e+04 
1.133100000e+04 1.010400000e+04 
1.160200000e+04 1.004700000e+04 
1.186000000e+04 1.002300000e+04 

1.066300000e+04 1.000500000e+04 
1.081700000e+04 9.882000000e+03 
1.076000000e+04 9.955000000e+03 
1.039900000e+04 1.153400000e+04 
1.072600000e+04 9.962000000e+03 
1.042200000e+04 1.128800000e+04 
1.049400000e+04 1.021800000e+04 
1.048200000e+04 1.046000000e+04 

1.085300000e+04 9.867000000e+03 
1.054300000e+04 1.010800000e+04 
1.087900000e+04 9.785000000e+03 
1.049800000e+04 1.017500000e+04 
1.087200000e+04 9.843000000e+03 
1.049800000e+04 1.017500000e+04 
1.033700000e+04 1.035200000e+04 
1.057200000e+04 1.002000000e+04 
1.059500000e+04 9.886000000e+03 
1.034800000e+04 1.018400000e+04 

1.002300000e+04 1.100400000e+04 
1.026200000e+04 1.061600000e+04 
9.984000000e+03 1.105900000e+04 
1.030200000e+04 1.059300000e+04 
1.019400000e+04 1.075200000e+04 
1.113400000e+04 1.036400000e+04 
1.005100000e+04 1.099000000e+04 
1.012900000e+04 1.079600000e+04 
1.047100000e+04 1.037400000e+04 
1.040500000e+04 1.054200000e+04 
1.010200000e+04 1.092900000e+04 
1.011900000e+04 1.091400000e+04 
1.038800000e+04 1.055100000e+04 
1.113400000e+04 1.036400000e+04 
1.020700000e+04 1.075000000e+04 
1.016900000e+04 1.076900000e+04 
1.016900000e+04 1.076900000e+04 
1.022000000e+04 1.073100000e+04 
1.043500000e+04 1.049500000e+04 
1.016800000e+04 1.079000000e+04 
1.022000000e+04 1.073100000e+04 
1.030900000e+04 1.055500000e+04 
1.018500000e+04 1.076200000e+04 
9.862000000e+03 1.116500000e+04 

1.092900000e+04 1.031600000e+04 
1.077400000e+04 1.041500000e+04 
1.095500000e+04 1.030400000e+04 
1.096800000e+04 1.028900000e+04 
1.085900000e+04 1.036500000e+04 
1.073000000e+04 1.043100000e+04 
1.098700000e+04 1.027900000e+04 

1.051200000e+04 1.052600000e+04 
1.028600000e+04 1.075400000e+04 
1.006600000e+04 1.118600000e+04 
1.026600000e+04 1.080000000e+04 
1.013500000e+04 1.111500000e+04 
1.038800000e+04 1.070700000e+04 
1.025400000e+04 1.090800000e+04 
1.045600000e+04 1.059400000e+04 

1.041700000e+04 1.068700000e+04 
1.058000000e+04 1.055800000e+04 
1.072200000e+04 1.042200000e+04 
1.095300000e+04 1.029200000e+04 
1.056300000e+04 1.056300000e+04 
1.041200000e+04 1.077000000e+04 
1.045700000e+04 1.058600000e+04 
1.070300000e+04 1.045800000e+04 
1.058200000e+04 1.046800000e+04 

1.014500000e+04 1.019700000e+04 
1.010900000e+04 1.030100000e+04 
1.085300000e+04 1.009300000e+04 
1.061900000e+04 1.010100000e+04 
1.010000000e+04 1.054000000e+04 
1.092800000e+04 1.002400000e+04 
1.023200000e+04 1.014700000e+04 

1.070200000e+04 1.024400000e+04 
1.100000000e+04 1.010700000e+04 
1.087800000e+04 1.012700000e+04 
1.065200000e+04 1.039200000e+04 
1.116400000e+04 1.007700000e+04 
1.070300000e+04 1.023500000e+04 
1.065000000e+04 1.040200000e+04 
1.054100000e+04 1.053000000e+04 
1.116000000e+04 1.010200000e+04 

1.045700000e+04 1.014400000e+04 
1.039100000e+04 1.045700000e+04 
1.051300000e+04 9.972000000e+03 

