1.006300000e+04 9.589000000e+03 
1.012400000e+04 9.528000000e+03 
9.765000000e+03 9.797000000e+03 
1.008800000e+04 9.551000000e+03 

1.060300000e+04 1.012000000e+04 
9.974000000e+03 1.025400000e+04 
9.667000000e+03 1.059000000e+04 
1.010600000e+04 1.020600000e+04 
1.036000000e+04 1.014000000e+04 
1.007100000e+04 1.024200000e+04 
9.629000000e+03 1.060400000e+04 
1.067300000e+04 1.003700000e+04 
9.684000000e+03 1.046100000e+04 
9.782000000e+03 1.027000000e+04 

1.033500000e+04 1.046200000e+04 
1.063000000e+04 1.026100000e+04 
1.018800000e+04 1.055300000e+04 
1.036100000e+04 1.044500000e+04 
1.018900000e+04 1.054500000e+04 
1.050100000e+04 1.032600000e+04 
1.018200000e+04 1.061300000e+04 
1.071100000e+04 1.025900000e+04 
1.009700000e+04 1.078700000e+04 
1.015100000e+04 1.074000000e+04 
1.040300000e+04 1.038200000e+04 

1.083300000e+04 1.046200000e+04 
1.057700000e+04 1.055900000e+04 
1.099100000e+04 1.035600000e+04 
1.028600000e+04 1.080500000e+04 
1.056700000e+04 1.061100000e+04 
1.084200000e+04 1.039000000e+04 
1.055400000e+04 1.063400000e+04 
1.063100000e+04 1.048900000e+04 
1.128400000e+04 1.019900000e+04 
1.100800000e+04 1.033200000e+04 
1.107800000e+04 1.031700000e+04 
1.117700000e+04 1.024200000e+04 

1.028300000e+04 9.821000000e+03 
1.034600000e+04 9.484000000e+03 
1.034600000e+04 9.484000000e+03 
1.042000000e+04 9.247000000e+03 
1.029400000e+04 9.664000000e+03 
1.035000000e+04 9.477000000e+03 
1.032400000e+04 9.562000000e+03 
1.036700000e+04 9.421000000e+03 
1.032400000e+04 9.562000000e+03 
1.021500000e+04 1.012500000e+04 
1.029400000e+04 9.664000000e+03 
1.058900000e+04 9.131000000e+03 
1.062600000e+04 9.070000000e+03 
1.081900000e+04 9.001000000e+03 
1.039300000e+04 9.274000000e+03 
1.042000000e+04 9.247000000e+03 
1.037900000e+04 9.393000000e+03 
1.027900000e+04 1.005000000e+04 

9.731000000e+03 9.984000000e+03 
9.951000000e+03 9.643000000e+03 
9.917000000e+03 9.656000000e+03 
9.779000000e+03 9.867000000e+03 
9.482000000e+03 1.029000000e+04 
1.002200000e+04 9.631000000e+03 
9.496000000e+03 1.022100000e+04 
9.781000000e+03 9.857000000e+03 
9.700000000e+03 1.018000000e+04 

1.078500000e+04 1.002100000e+04 
1.029700000e+04 1.018000000e+04 
9.930000000e+03 1.048300000e+04 
1.063500000e+04 1.008700000e+04 
1.011200000e+04 1.029200000e+04 
9.903000000e+03 1.096900000e+04 
1.046500000e+04 1.011600000e+04 
1.026400000e+04 1.023300000e+04 
1.014800000e+04 1.024000000e+04 
1.072000000e+04 1.002900000e+04 

9.785000000e+03 1.087600000e+04 
1.008000000e+04 1.036200000e+04 
1.041900000e+04 1.013200000e+04 
1.016400000e+04 1.016900000e+04 
9.746000000e+03 1.091700000e+04 
9.785000000e+03 1.087600000e+04 
9.746000000e+03 1.091700000e+04 
1.038400000e+04 1.013900000e+04 
1.000900000e+04 1.049400000e+04 
9.834000000e+03 1.055700000e+04 
1.003100000e+04 1.044700000e+04 

1.108300000e+04 9.872000000e+03 
1.108000000e+04 9.910000000e+03 
1.085500000e+04 9.924000000e+03 
1.021000000e+04 1.011600000e+04 
1.030100000e+04 1.010700000e+04 
1.056400000e+04 1.000300000e+04 
1.036700000e+04 1.007700000e+04 
1.060800000e+04 9.936000000e+03 
1.045500000e+04 1.006800000e+04 
1.018900000e+04 1.047200000e+04 

1.063000000e+04 9.557000000e+03 
9.843000000e+03 1.027500000e+04 
1.061600000e+04 9.726000000e+03 
1.057000000e+04 9.735000000e+03 
1.008500000e+04 1.004900000e+04 
1.062100000e+04 9.612000000e+03 
1.069000000e+04 9.336000000e+03 
1.024400000e+04 9.748000000e+03 
1.061900000e+04 9.651000000e+03 
9.914000000e+03 1.011000000e+04 
9.901000000e+03 1.021800000e+04 
1.013100000e+04 9.954000000e+03 
1.022700000e+04 9.763000000e+03 
1.064200000e+04 9.502000000e+03 

1.127500000e+04 1.005900000e+04 
1.108300000e+04 1.009200000e+04 
1.046900000e+04 1.049600000e+04 
1.090100000e+04 1.015400000e+04 
1.115300000e+04 1.008100000e+04 
1.061600000e+04 1.034700000e+04 
1.130100000e+04 1.005300000e+04 
1.083300000e+04 1.027900000e+04 
1.058600000e+04 1.043900000e+04 
1.075200000e+04 1.033300000e+04 

9.793000000e+03 1.043900000e+04 
1.009900000e+04 1.019600000e+04 
9.608000000e+03 1.082900000e+04 
9.565000000e+03 1.100900000e+04 
9.716000000e+03 1.068700000e+04 
1.020100000e+04 1.016600000e+04 
1.011800000e+04 1.018700000e+04 
1.011800000e+04 1.018700000e+04 
9.850000000e+03 1.038200000e+04 
1.005000000e+04 1.026800000e+04 
9.523000000e+03 1.108500000e+04 
9.722000000e+03 1.065400000e+04 
9.608000000e+03 1.082900000e+04 

9.857000000e+03 1.031700000e+04 
1.037500000e+04 9.807000000e+03 
1.018500000e+04 9.881000000e+03 
1.016100000e+04 9.889000000e+03 
1.005400000e+04 9.942000000e+03 
9.975000000e+03 1.029100000e+04 
1.003100000e+04 9.992000000e+03 
1.014200000e+04 9.901000000e+03 
9.980000000e+03 1.001500000e+04 
9.864000000e+03 1.031000000e+04 
1.022500000e+04 9.868000000e+03 

9.943000000e+03 1.052700000e+04 
9.490000000e+03 1.076300000e+04 
1.002100000e+04 1.045600000e+04 
9.496000000e+03 1.066500000e+04 
9.623000000e+03 1.066100000e+04 
9.658000000e+03 1.062700000e+04 
9.658000000e+03 1.062700000e+04 
9.943000000e+03 1.052700000e+04 
9.990000000e+03 1.052600000e+04 
9.990000000e+03 1.052600000e+04 
9.246000000e+03 1.077400000e+04 
1.022600000e+04 1.026700000e+04 
9.824000000e+03 1.053700000e+04 
9.792000000e+03 1.058500000e+04 
1.002100000e+04 1.045600000e+04 

1.008600000e+04 1.016100000e+04 
1.057700000e+04 9.850000000e+03 
9.869000000e+03 1.045400000e+04 
1.008300000e+04 1.016700000e+04 
1.013500000e+04 1.009000000e+04 
1.043500000e+04 9.924000000e+03 
1.062600000e+04 9.758000000e+03 
9.954000000e+03 1.023500000e+04 
1.016400000e+04 1.002200000e+04 
9.905000000e+03 1.032500000e+04 
1.002900000e+04 1.017100000e+04 
1.071800000e+04 9.735000000e+03 
1.026800000e+04 9.973000000e+03 
1.005800000e+04 1.016900000e+04 

1.073200000e+04 1.041600000e+04 
1.068300000e+04 1.045600000e+04 
1.063200000e+04 1.048000000e+04 
1.075000000e+04 1.034400000e+04 
1.074300000e+04 1.037800000e+04 
1.098500000e+04 1.015200000e+04 
1.079300000e+04 1.023700000e+04 
1.069700000e+04 1.042100000e+04 
1.052800000e+04 1.057700000e+04 
1.075200000e+04 1.032600000e+04 
1.093900000e+04 1.019800000e+04 
1.093000000e+04 1.020100000e+04 

9.755000000e+03 1.090900000e+04 
9.892000000e+03 1.079900000e+04 
9.995000000e+03 1.072800000e+04 
1.020400000e+04 1.058100000e+04 
1.009400000e+04 1.066100000e+04 
1.020400000e+04 1.058100000e+04 
1.011800000e+04 1.065600000e+04 
9.885000000e+03 1.089600000e+04 
1.036000000e+04 1.049700000e+04 
1.007400000e+04 1.070800000e+04 
1.047800000e+04 1.041800000e+04 
1.026300000e+04 1.055900000e+04 
1.015700000e+04 1.058800000e+04 
1.047800000e+04 1.041800000e+04 
1.012800000e+04 1.060500000e+04 

9.728000000e+03 1.018200000e+04 
9.729000000e+03 1.012900000e+04 
9.885000000e+03 9.837000000e+03 
9.934000000e+03 9.773000000e+03 
9.924000000e+03 9.797000000e+03 
9.998000000e+03 9.655000000e+03 
9.946000000e+03 9.761000000e+03 
9.871000000e+03 9.957000000e+03 
9.769000000e+03 1.004100000e+04 
1.002600000e+04 9.616000000e+03 
1.021000000e+04 9.482000000e+03 
9.859000000e+03 9.993000000e+03 
9.988000000e+03 9.736000000e+03 
9.910000000e+03 9.818000000e+03 

1.005100000e+04 1.103000000e+04 
1.000800000e+04 1.109000000e+04 
1.031200000e+04 1.069900000e+04 
1.015900000e+04 1.082700000e+04 
1.011800000e+04 1.094500000e+04 
1.014200000e+04 1.086800000e+04 
1.033100000e+04 1.067800000e+04 
1.024200000e+04 1.073500000e+04 
1.025100000e+04 1.073300000e+04 
1.009400000e+04 1.101000000e+04 
1.023700000e+04 1.078100000e+04 

1.003400000e+04 1.104800000e+04 
1.033500000e+04 1.059100000e+04 
1.005900000e+04 1.096000000e+04 
9.951000000e+03 1.110100000e+04 
1.036800000e+04 1.058900000e+04 
1.006500000e+04 1.090900000e+04 
1.042100000e+04 1.048400000e+04 
1.055200000e+04 1.047700000e+04 
1.001300000e+04 1.108900000e+04 
1.013800000e+04 1.065900000e+04 
1.005800000e+04 1.104500000e+04 
1.009600000e+04 1.082100000e+04 
1.038900000e+04 1.055400000e+04 
1.012600000e+04 1.071500000e+04 
9.807000000e+03 1.115800000e+04 
9.801000000e+03 1.127300000e+04 

1.116200000e+04 9.999000000e+03 
1.124600000e+04 9.968000000e+03 
1.086200000e+04 1.010500000e+04 
1.137200000e+04 9.818000000e+03 
1.128800000e+04 9.918000000e+03 
1.119300000e+04 9.984000000e+03 
1.133600000e+04 9.855000000e+03 
1.109700000e+04 1.000100000e+04 
1.160000000e+04 9.799000000e+03 
1.085300000e+04 1.029800000e+04 

1.018500000e+04 1.115900000e+04 
1.020100000e+04 1.094500000e+04 
1.075100000e+04 9.745000000e+03 
1.022200000e+04 1.028900000e+04 
1.018600000e+04 1.096100000e+04 
1.031000000e+04 9.773000000e+03 
1.025500000e+04 1.013100000e+04 

1.047400000e+04 9.768000000e+03 
1.064000000e+04 9.618000000e+03 
1.016500000e+04 9.909000000e+03 
1.046200000e+04 9.801000000e+03 
1.024800000e+04 9.861000000e+03 
1.036500000e+04 9.815000000e+03 
1.072400000e+04 9.612000000e+03 
1.066900000e+04 9.616000000e+03 
1.011400000e+04 1.012700000e+04 
1.035100000e+04 9.852000000e+03 
1.047400000e+04 9.768000000e+03 
1.051900000e+04 9.646000000e+03 
1.044700000e+04 9.807000000e+03 
1.057100000e+04 9.642000000e+03 
1.072900000e+04 9.532000000e+03 

1.025200000e+04 1.032500000e+04 
1.006300000e+04 1.038800000e+04 
1.022800000e+04 1.032800000e+04 
1.040200000e+04 1.019800000e+04 
1.034600000e+04 1.029500000e+04 
9.972000000e+03 1.050700000e+04 
1.029000000e+04 1.031100000e+04 
9.951000000e+03 1.053900000e+04 
1.034600000e+04 1.029500000e+04 
9.701000000e+03 1.082900000e+04 
1.034600000e+04 1.029500000e+04 
1.038300000e+04 1.023300000e+04 
1.012400000e+04 1.035700000e+04 
9.792000000e+03 1.064600000e+04 
1.036600000e+04 1.023900000e+04 
9.813000000e+03 1.059900000e+04 
1.001400000e+04 1.049100000e+04 

1.050400000e+04 1.019600000e+04 
1.038100000e+04 1.036700000e+04 
1.050000000e+04 1.036100000e+04 
1.055500000e+04 1.009600000e+04 
1.064600000e+04 1.005300000e+04 
1.067600000e+04 1.002200000e+04 
1.050200000e+04 1.033400000e+04 

1.029100000e+04 1.044700000e+04 
1.017100000e+04 1.065300000e+04 
9.871000000e+03 1.132100000e+04 
9.883000000e+03 1.128400000e+04 
9.906000000e+03 1.113800000e+04 
1.009400000e+04 1.066700000e+04 
1.023100000e+04 1.051100000e+04 
1.023100000e+04 1.051100000e+04 
9.911000000e+03 1.071200000e+04 
1.017200000e+04 1.061300000e+04 
1.028700000e+04 1.046800000e+04 

1.061000000e+04 1.015900000e+04 
1.017700000e+04 1.046600000e+04 
1.057400000e+04 1.026800000e+04 
1.035400000e+04 1.039800000e+04 
1.048100000e+04 1.031700000e+04 
1.035300000e+04 1.041600000e+04 
1.047100000e+04 1.038700000e+04 
1.056500000e+04 1.028200000e+04 
1.059300000e+04 1.017300000e+04 
1.063300000e+04 1.009000000e+04 
1.052000000e+04 1.031500000e+04 
1.047200000e+04 1.035200000e+04 

1.023500000e+04 9.745000000e+03 
9.980000000e+03 9.856000000e+03 
1.023500000e+04 9.745000000e+03 
1.021500000e+04 9.850000000e+03 
9.733000000e+03 9.903000000e+03 
1.039300000e+04 9.722000000e+03 

1.103300000e+04 9.794000000e+03 
1.030800000e+04 1.044200000e+04 
1.040900000e+04 9.819000000e+03 
1.075000000e+04 9.796000000e+03 
1.039600000e+04 1.003400000e+04 
1.031700000e+04 1.012800000e+04 
1.040600000e+04 9.834000000e+03 

1.038900000e+04 9.889000000e+03 
1.032400000e+04 9.908000000e+03 
1.029700000e+04 9.951000000e+03 
1.016400000e+04 1.016100000e+04 
1.032400000e+04 9.908000000e+03 
1.018100000e+04 1.003400000e+04 
1.049800000e+04 9.734000000e+03 
1.039500000e+04 9.845000000e+03 
1.032400000e+04 9.908000000e+03 
1.025400000e+04 1.003000000e+04 
1.028900000e+04 9.967000000e+03 

