9.849000000e+03 9.383000000e+03 
9.316000000e+03 1.014500000e+04 
9.459000000e+03 9.670000000e+03 
9.328000000e+03 1.006700000e+04 
9.761000000e+03 9.399000000e+03 
9.761000000e+03 9.399000000e+03 
9.359000000e+03 9.800000000e+03 
9.541000000e+03 9.504000000e+03 
9.737000000e+03 9.411000000e+03 
9.718000000e+03 9.437000000e+03 
9.873000000e+03 9.353000000e+03 
9.306000000e+03 1.015900000e+04 
9.463000000e+03 9.586000000e+03 

9.498000000e+03 1.028700000e+04 
1.024700000e+04 9.787000000e+03 
9.512000000e+03 1.017000000e+04 
9.666000000e+03 9.943000000e+03 
9.648000000e+03 9.945000000e+03 
9.408000000e+03 1.032000000e+04 
9.520000000e+03 1.003100000e+04 
1.032900000e+04 9.777000000e+03 
1.024700000e+04 9.787000000e+03 
9.683000000e+03 9.923000000e+03 
9.508000000e+03 1.023300000e+04 
9.749000000e+03 9.794000000e+03 
9.443000000e+03 1.029000000e+04 
9.712000000e+03 9.876000000e+03 
1.033500000e+04 9.756000000e+03 
9.690000000e+03 9.914000000e+03 
9.508000000e+03 1.023300000e+04 
9.630000000e+03 9.946000000e+03 
9.548000000e+03 9.968000000e+03 

9.857000000e+03 1.026700000e+04 
9.841000000e+03 1.037200000e+04 
9.853000000e+03 1.033100000e+04 
9.809000000e+03 1.063500000e+04 
9.858000000e+03 1.000100000e+04 
1.001600000e+04 9.924000000e+03 
1.023700000e+04 9.920000000e+03 

1.124100000e+04 9.895000000e+03 
1.092700000e+04 9.994000000e+03 
1.068600000e+04 1.005300000e+04 
1.063800000e+04 1.008300000e+04 
1.101500000e+04 9.956000000e+03 
1.044100000e+04 1.009500000e+04 
1.013300000e+04 1.039300000e+04 
1.068600000e+04 1.005300000e+04 
1.117600000e+04 9.925000000e+03 
1.035100000e+04 1.034600000e+04 
1.068600000e+04 1.005300000e+04 
1.087900000e+04 9.998000000e+03 
1.034600000e+04 1.035900000e+04 
1.085200000e+04 1.001300000e+04 

1.008100000e+04 8.998000000e+03 
1.011900000e+04 8.941000000e+03 
1.012600000e+04 8.936000000e+03 
1.009100000e+04 8.947000000e+03 
9.998000000e+03 9.517000000e+03 
1.032900000e+04 8.760000000e+03 
9.972000000e+03 9.625000000e+03 
1.009100000e+04 8.947000000e+03 
1.019700000e+04 8.884000000e+03 
1.009100000e+04 8.947000000e+03 
1.004600000e+04 9.006000000e+03 
1.004600000e+04 9.006000000e+03 
1.001900000e+04 9.080000000e+03 
9.937000000e+03 9.626000000e+03 
9.972000000e+03 9.625000000e+03 
9.932000000e+03 9.697000000e+03 
1.036000000e+04 8.721000000e+03 
1.002900000e+04 9.068000000e+03 
1.016000000e+04 8.922000000e+03 
1.019800000e+04 8.768000000e+03 
1.053500000e+04 8.692000000e+03 
1.032900000e+04 8.760000000e+03 
9.908000000e+03 9.771000000e+03 
1.000800000e+04 9.496000000e+03 
1.019400000e+04 8.912000000e+03 
1.032900000e+04 8.760000000e+03 
1.052300000e+04 8.705000000e+03 
9.975000000e+03 9.614000000e+03 

9.273000000e+03 9.923000000e+03 
9.378000000e+03 9.561000000e+03 
9.791000000e+03 9.403000000e+03 
9.238000000e+03 9.937000000e+03 
9.287000000e+03 9.885000000e+03 
9.661000000e+03 9.412000000e+03 
9.290000000e+03 9.625000000e+03 
9.459000000e+03 9.428000000e+03 
9.643000000e+03 9.423000000e+03 

1.014700000e+04 9.794000000e+03 
1.041000000e+04 9.701000000e+03 
9.911000000e+03 9.964000000e+03 
1.033700000e+04 9.741000000e+03 
9.665000000e+03 1.009500000e+04 
9.807000000e+03 1.006300000e+04 
9.756000000e+03 1.008700000e+04 
9.535000000e+03 1.039200000e+04 
9.629000000e+03 1.019300000e+04 
9.847000000e+03 1.005800000e+04 
9.551000000e+03 1.035400000e+04 
1.016600000e+04 9.746000000e+03 
9.772000000e+03 1.008000000e+04 
9.903000000e+03 1.004200000e+04 
1.049600000e+04 9.683000000e+03 
9.886000000e+03 1.004400000e+04 
1.000200000e+04 9.929000000e+03 
9.665000000e+03 1.009500000e+04 
1.000200000e+04 9.929000000e+03 
1.000200000e+04 9.929000000e+03 
9.481000000e+03 1.045800000e+04 
9.567000000e+03 1.026300000e+04 
1.001000000e+04 9.886000000e+03 
1.004900000e+04 9.850000000e+03 
9.772000000e+03 1.008000000e+04 
9.927000000e+03 9.945000000e+03 

9.267000000e+03 1.063900000e+04 
9.397000000e+03 1.013900000e+04 
9.575000000e+03 1.011500000e+04 
9.802000000e+03 9.819000000e+03 
9.666000000e+03 9.963000000e+03 
9.733000000e+03 9.875000000e+03 
9.952000000e+03 9.807000000e+03 
1.008500000e+04 9.769000000e+03 
9.674000000e+03 9.941000000e+03 
9.647000000e+03 1.000800000e+04 
9.955000000e+03 9.785000000e+03 

9.841000000e+03 1.005800000e+04 
1.003200000e+04 9.766000000e+03 
1.006300000e+04 9.730000000e+03 
9.839000000e+03 1.012600000e+04 
9.716000000e+03 1.016600000e+04 
9.882000000e+03 9.935000000e+03 
9.912000000e+03 9.813000000e+03 
1.008600000e+04 9.602000000e+03 
9.763000000e+03 1.014500000e+04 
9.909000000e+03 9.846000000e+03 
1.009200000e+04 9.550000000e+03 

1.002500000e+04 9.311000000e+03 
9.523000000e+03 1.001000000e+04 
1.002700000e+04 9.286000000e+03 
9.516000000e+03 1.008800000e+04 
1.045900000e+04 9.261000000e+03 
9.612000000e+03 9.709000000e+03 
1.051500000e+04 9.156000000e+03 
9.915000000e+03 9.324000000e+03 
9.573000000e+03 9.903000000e+03 
9.597000000e+03 9.879000000e+03 
1.040400000e+04 9.265000000e+03 
9.747000000e+03 9.403000000e+03 
1.047500000e+04 9.249000000e+03 
9.680000000e+03 9.689000000e+03 

1.042100000e+04 1.000600000e+04 
1.046800000e+04 9.972000000e+03 
1.047900000e+04 9.946000000e+03 
1.016100000e+04 1.034300000e+04 
1.066100000e+04 9.824000000e+03 
1.041900000e+04 1.000900000e+04 
1.080600000e+04 9.787000000e+03 
1.016700000e+04 1.033900000e+04 
1.014900000e+04 1.037800000e+04 
1.109900000e+04 9.782000000e+03 
1.040300000e+04 1.001900000e+04 
1.018400000e+04 1.002000000e+04 
1.042100000e+04 1.000600000e+04 
1.079700000e+04 9.805000000e+03 

9.475000000e+03 1.026900000e+04 
9.379000000e+03 1.033700000e+04 
9.556000000e+03 1.011600000e+04 
9.836000000e+03 9.883000000e+03 
9.980000000e+03 9.853000000e+03 
9.651000000e+03 1.003800000e+04 
9.352000000e+03 1.048000000e+04 
9.453000000e+03 1.028600000e+04 
9.583000000e+03 1.008400000e+04 
9.296000000e+03 1.052900000e+04 
9.756000000e+03 1.000900000e+04 
9.761000000e+03 9.945000000e+03 
9.252000000e+03 1.066200000e+04 
9.513000000e+03 1.012300000e+04 
9.584000000e+03 1.005200000e+04 
9.467000000e+03 1.028300000e+04 
9.222000000e+03 1.073800000e+04 
9.753000000e+03 1.001700000e+04 

1.020700000e+04 9.486000000e+03 
9.732000000e+03 9.693000000e+03 
9.742000000e+03 9.688000000e+03 
9.814000000e+03 9.668000000e+03 
9.559000000e+03 9.791000000e+03 
1.019300000e+04 9.524000000e+03 
1.020700000e+04 9.486000000e+03 
1.037300000e+04 9.475000000e+03 
9.823000000e+03 9.666000000e+03 
9.853000000e+03 9.609000000e+03 
9.836000000e+03 9.637000000e+03 
1.015100000e+04 9.547000000e+03 
9.883000000e+03 9.555000000e+03 
9.493000000e+03 9.828000000e+03 
9.660000000e+03 9.707000000e+03 
9.853000000e+03 9.609000000e+03 

9.322000000e+03 1.027100000e+04 
9.117000000e+03 1.046800000e+04 
9.017000000e+03 1.052300000e+04 
9.089000000e+03 1.052000000e+04 
9.495000000e+03 1.018700000e+04 
9.097000000e+03 1.046900000e+04 
9.245000000e+03 1.037500000e+04 
9.129000000e+03 1.042000000e+04 
9.162000000e+03 1.041000000e+04 
9.229000000e+03 1.037800000e+04 
9.117000000e+03 1.046800000e+04 
9.015000000e+03 1.079800000e+04 
9.276000000e+03 1.031700000e+04 
9.414000000e+03 1.020400000e+04 
9.521000000e+03 1.012800000e+04 
9.726000000e+03 1.006100000e+04 

9.714000000e+03 1.006800000e+04 
9.864000000e+03 9.705000000e+03 
9.714000000e+03 1.006800000e+04 
9.739000000e+03 1.003200000e+04 
9.791000000e+03 9.787000000e+03 
9.839000000e+03 9.766000000e+03 
1.003500000e+04 9.505000000e+03 
9.941000000e+03 9.699000000e+03 
9.748000000e+03 9.801000000e+03 
9.956000000e+03 9.598000000e+03 
1.013600000e+04 9.476000000e+03 

1.039400000e+04 1.004700000e+04 
1.036300000e+04 1.004800000e+04 
1.024100000e+04 1.021100000e+04 
1.052400000e+04 9.949000000e+03 
1.050500000e+04 9.998000000e+03 
1.023400000e+04 1.029900000e+04 
1.061600000e+04 9.845000000e+03 
1.030700000e+04 1.013400000e+04 
1.055100000e+04 9.922000000e+03 
1.046400000e+04 1.004200000e+04 
1.045400000e+04 1.004500000e+04 
1.055800000e+04 9.887000000e+03 
1.030100000e+04 1.015300000e+04 
1.068800000e+04 9.812000000e+03 

9.464000000e+03 1.062900000e+04 
9.465000000e+03 1.059600000e+04 
9.644000000e+03 1.033900000e+04 
1.007800000e+04 1.017700000e+04 
9.762000000e+03 1.023600000e+04 
9.445000000e+03 1.068400000e+04 
9.531000000e+03 1.044900000e+04 
9.449000000e+03 1.066300000e+04 
1.025200000e+04 1.016100000e+04 
1.000000000e+04 1.021500000e+04 
9.518000000e+03 1.053000000e+04 
9.527000000e+03 1.052400000e+04 
1.000600000e+04 1.019700000e+04 
9.653000000e+03 1.030500000e+04 
1.000600000e+04 1.019700000e+04 
1.027800000e+04 1.014500000e+04 
9.347000000e+03 1.069800000e+04 

9.395000000e+03 9.315000000e+03 
9.717000000e+03 9.103000000e+03 
9.629000000e+03 9.168000000e+03 
9.330000000e+03 9.439000000e+03 
9.395000000e+03 9.315000000e+03 
9.509000000e+03 9.306000000e+03 
9.567000000e+03 9.207000000e+03 

1.003300000e+04 1.020400000e+04 
9.872000000e+03 1.035800000e+04 
9.865000000e+03 1.036900000e+04 
9.723000000e+03 1.048900000e+04 
9.968000000e+03 1.034200000e+04 
9.616000000e+03 1.050500000e+04 
9.991000000e+03 1.032600000e+04 
9.787000000e+03 1.039500000e+04 
9.743000000e+03 1.041000000e+04 
9.613000000e+03 1.067500000e+04 

9.727000000e+03 1.055600000e+04 
9.854000000e+03 1.029600000e+04 
1.006800000e+04 1.018800000e+04 
9.840000000e+03 1.031400000e+04 
9.890000000e+03 1.029400000e+04 
9.817000000e+03 1.044600000e+04 
9.626000000e+03 1.066300000e+04 
9.902000000e+03 1.021500000e+04 
9.834000000e+03 1.032800000e+04 
9.821000000e+03 1.042200000e+04 
9.719000000e+03 1.058300000e+04 
1.009400000e+04 1.012900000e+04 
9.739000000e+03 1.046500000e+04 
9.656000000e+03 1.061200000e+04 
9.514000000e+03 1.067400000e+04 
9.832000000e+03 1.039200000e+04 

1.037600000e+04 9.887000000e+03 
1.060600000e+04 9.569000000e+03 
1.041700000e+04 9.722000000e+03 
1.052600000e+04 9.644000000e+03 
1.077600000e+04 9.500000000e+03 
1.048100000e+04 9.663000000e+03 

1.072000000e+04 9.487000000e+03 
1.085700000e+04 9.438000000e+03 
1.080700000e+04 9.471000000e+03 
9.993000000e+03 9.815000000e+03 
1.058700000e+04 9.516000000e+03 
1.005400000e+04 9.783000000e+03 
1.072000000e+04 9.487000000e+03 
1.051500000e+04 9.520000000e+03 
1.084300000e+04 9.443000000e+03 
1.079300000e+04 9.486000000e+03 
9.787000000e+03 1.005600000e+04 
1.081400000e+04 9.462000000e+03 
1.085700000e+04 9.438000000e+03 
1.008100000e+04 9.762000000e+03 
9.774000000e+03 1.023200000e+04 
9.931000000e+03 9.832000000e+03 
1.079300000e+04 9.486000000e+03 
1.009200000e+04 9.602000000e+03 
1.082500000e+04 9.456000000e+03 
9.840000000e+03 1.001500000e+04 
1.085700000e+04 9.438000000e+03 
1.013500000e+04 9.553000000e+03 
1.085700000e+04 9.438000000e+03 
9.917000000e+03 9.863000000e+03 
1.043100000e+04 9.532000000e+03 
9.857000000e+03 9.968000000e+03 

1.004900000e+04 9.378000000e+03 
9.769000000e+03 9.628000000e+03 
9.739000000e+03 1.009500000e+04 
9.852000000e+03 9.594000000e+03 
9.755000000e+03 9.976000000e+03 
9.863000000e+03 9.449000000e+03 
9.856000000e+03 9.483000000e+03 
9.934000000e+03 9.436000000e+03 
1.007300000e+04 9.248000000e+03 

9.469000000e+03 1.046700000e+04 
9.494000000e+03 1.013500000e+04 
1.014200000e+04 9.737000000e+03 
9.723000000e+03 1.005100000e+04 
1.004500000e+04 9.808000000e+03 
9.589000000e+03 1.007700000e+04 
9.469000000e+03 1.046700000e+04 
9.889000000e+03 9.864000000e+03 
9.743000000e+03 1.001400000e+04 
9.490000000e+03 1.018500000e+04 
9.863000000e+03 9.941000000e+03 
9.814000000e+03 1.001000000e+04 
9.588000000e+03 1.012000000e+04 
9.817000000e+03 9.971000000e+03 

1.032600000e+04 9.670000000e+03 
1.017100000e+04 9.727000000e+03 
1.029100000e+04 9.708000000e+03 
1.019400000e+04 9.719000000e+03 
1.006700000e+04 9.799000000e+03 
1.031600000e+04 9.683000000e+03 
1.029100000e+04 9.708000000e+03 
1.001700000e+04 9.903000000e+03 
1.031600000e+04 9.683000000e+03 
1.029100000e+04 9.708000000e+03 
1.032600000e+04 9.670000000e+03 
1.008800000e+04 9.775000000e+03 
1.018100000e+04 9.724000000e+03 
1.016800000e+04 9.757000000e+03 

9.756000000e+03 1.018400000e+04 
1.000300000e+04 1.015800000e+04 
1.005200000e+04 1.014600000e+04 
1.012400000e+04 1.002800000e+04 
9.910000000e+03 1.016300000e+04 
9.556000000e+03 1.049700000e+04 
9.517000000e+03 1.053700000e+04 
9.571000000e+03 1.029400000e+04 
9.466000000e+03 1.056500000e+04 
1.004200000e+04 1.015100000e+04 
9.696000000e+03 1.024300000e+04 
9.849000000e+03 1.018300000e+04 

9.975000000e+03 9.999000000e+03 
9.988000000e+03 9.928000000e+03 
9.906000000e+03 1.000700000e+04 
9.926000000e+03 1.000000000e+04 
9.848000000e+03 1.009000000e+04 
9.988000000e+03 9.928000000e+03 
1.007300000e+04 9.828000000e+03 
9.815000000e+03 1.024100000e+04 
1.027200000e+04 9.764000000e+03 

9.972000000e+03 9.390000000e+03 
9.521000000e+03 9.631000000e+03 
9.705000000e+03 9.470000000e+03 
9.543000000e+03 9.604000000e+03 
9.638000000e+03 9.488000000e+03 
9.575000000e+03 9.530000000e+03 
9.437000000e+03 9.779000000e+03 
9.590000000e+03 9.508000000e+03 
9.553000000e+03 9.580000000e+03 
9.506000000e+03 9.658000000e+03 
9.639000000e+03 9.478000000e+03 
9.709000000e+03 9.409000000e+03 
9.590000000e+03 9.508000000e+03 
9.678000000e+03 9.476000000e+03 
9.801000000e+03 9.405000000e+03 
9.451000000e+03 9.736000000e+03 
9.332000000e+03 9.824000000e+03 

1.043000000e+04 9.223000000e+03 
1.023400000e+04 9.483000000e+03 
9.934000000e+03 9.653000000e+03 
1.040200000e+04 9.287000000e+03 
1.038700000e+04 9.290000000e+03 
1.010400000e+04 9.561000000e+03 
1.031600000e+04 9.337000000e+03 
1.026300000e+04 9.477000000e+03 
1.043100000e+04 9.180000000e+03 
1.027700000e+04 9.451000000e+03 
9.987000000e+03 9.604000000e+03 
9.914000000e+03 9.821000000e+03 
1.038700000e+04 9.290000000e+03 
9.929000000e+03 9.806000000e+03 

1.012800000e+04 9.446000000e+03 
9.854000000e+03 9.544000000e+03 
1.001700000e+04 9.522000000e+03 
9.998000000e+03 9.532000000e+03 
1.038100000e+04 9.397000000e+03 
1.017100000e+04 9.412000000e+03 
1.005600000e+04 9.479000000e+03 
1.003100000e+04 9.485000000e+03 

