1.159000000e+04 1.051900000e+04 
1.043700000e+04 1.082200000e+04 
1.148900000e+04 1.060300000e+04 
1.135400000e+04 1.065200000e+04 
1.128200000e+04 1.066700000e+04 

1.113600000e+04 1.110800000e+04 
1.097400000e+04 1.134600000e+04 
1.115000000e+04 1.103200000e+04 
1.082000000e+04 1.143900000e+04 
1.074100000e+04 1.167000000e+04 
1.103800000e+04 1.118900000e+04 
1.080700000e+04 1.157200000e+04 
1.092400000e+04 1.141200000e+04 

1.124100000e+04 1.242200000e+04 
1.144900000e+04 1.182100000e+04 
1.237500000e+04 1.143600000e+04 
1.176400000e+04 1.169700000e+04 
1.139500000e+04 1.189400000e+04 
1.122800000e+04 1.273300000e+04 
1.135600000e+04 1.208700000e+04 
1.129400000e+04 1.210800000e+04 
1.176300000e+04 1.181000000e+04 
1.202500000e+04 1.147600000e+04 
1.163300000e+04 1.181400000e+04 

1.229000000e+04 1.136700000e+04 
1.144400000e+04 1.175800000e+04 
1.161200000e+04 1.149300000e+04 
1.221800000e+04 1.139700000e+04 
1.191400000e+04 1.145900000e+04 
1.211700000e+04 1.142100000e+04 
1.150600000e+04 1.161200000e+04 

1.113700000e+04 1.155000000e+04 
1.143300000e+04 1.036300000e+04 
1.139400000e+04 1.061900000e+04 
1.136700000e+04 1.065800000e+04 
1.142700000e+04 1.047700000e+04 
1.148200000e+04 1.021500000e+04 
1.117700000e+04 1.072600000e+04 

1.209500000e+04 1.092900000e+04 
1.104300000e+04 1.123200000e+04 
1.161500000e+04 1.100400000e+04 
1.115200000e+04 1.105500000e+04 

1.124100000e+04 1.133600000e+04 
1.096700000e+04 1.161400000e+04 
1.110300000e+04 1.140000000e+04 
1.100900000e+04 1.147800000e+04 
1.105900000e+04 1.143200000e+04 
1.092400000e+04 1.215000000e+04 
1.093400000e+04 1.214300000e+04 
1.081200000e+04 1.222800000e+04 
1.170600000e+04 1.100600000e+04 
1.157600000e+04 1.104300000e+04 
1.143800000e+04 1.110900000e+04 
1.139300000e+04 1.120000000e+04 

1.104900000e+04 1.212100000e+04 
1.105400000e+04 1.188100000e+04 
1.102400000e+04 1.230900000e+04 
1.155500000e+04 1.141400000e+04 
1.121300000e+04 1.147800000e+04 

1.147000000e+04 1.144900000e+04 
1.175000000e+04 1.103200000e+04 
1.151400000e+04 1.130800000e+04 
1.170100000e+04 1.103300000e+04 

1.139800000e+04 1.068600000e+04 
1.175400000e+04 1.062100000e+04 
1.096900000e+04 1.123100000e+04 
1.207100000e+04 1.061500000e+04 
1.108900000e+04 1.094700000e+04 
1.126100000e+04 1.085700000e+04 

1.120500000e+04 1.179200000e+04 
1.135600000e+04 1.172900000e+04 
1.174000000e+04 1.135900000e+04 
1.120500000e+04 1.179200000e+04 
1.175400000e+04 1.133200000e+04 
1.161900000e+04 1.155600000e+04 
1.197600000e+04 1.108300000e+04 
1.163100000e+04 1.146600000e+04 
1.177900000e+04 1.110700000e+04 
1.155700000e+04 1.159900000e+04 

1.106500000e+04 1.120000000e+04 
1.091000000e+04 1.134300000e+04 
1.158100000e+04 1.105100000e+04 
1.084400000e+04 1.207000000e+04 
1.138000000e+04 1.110500000e+04 
1.100900000e+04 1.131000000e+04 
1.088100000e+04 1.184900000e+04 
1.104900000e+04 1.130400000e+04 
1.089900000e+04 1.155700000e+04 
1.089800000e+04 1.167500000e+04 
1.130600000e+04 1.110700000e+04 
1.084400000e+04 1.207000000e+04 
1.177500000e+04 1.102100000e+04 

1.115500000e+04 1.169600000e+04 
1.117700000e+04 1.166100000e+04 
1.141500000e+04 1.073100000e+04 
1.123600000e+04 1.115300000e+04 
1.116500000e+04 1.167300000e+04 

1.039700000e+04 1.230500000e+04 
1.114600000e+04 1.165000000e+04 
1.095000000e+04 1.166300000e+04 
1.077400000e+04 1.184000000e+04 
1.069200000e+04 1.185100000e+04 
1.065600000e+04 1.211900000e+04 
1.068400000e+04 1.202500000e+04 
1.061600000e+04 1.217800000e+04 
1.131900000e+04 1.158900000e+04 
1.091100000e+04 1.168200000e+04 
1.068100000e+04 1.203500000e+04 
1.147000000e+04 1.157300000e+04 

1.204700000e+04 1.101300000e+04 
1.141000000e+04 1.126400000e+04 
1.144400000e+04 1.114500000e+04 
1.130300000e+04 1.137000000e+04 
1.173000000e+04 1.110000000e+04 
1.173700000e+04 1.108800000e+04 
1.109300000e+04 1.144700000e+04 
1.199700000e+04 1.101900000e+04 
1.158700000e+04 1.111500000e+04 
1.176600000e+04 1.103000000e+04 

1.169600000e+04 1.155200000e+04 
1.184800000e+04 1.121200000e+04 
1.181900000e+04 1.144000000e+04 
1.188400000e+04 1.120500000e+04 
1.177700000e+04 1.151600000e+04 
1.145500000e+04 1.182100000e+04 
1.157000000e+04 1.163300000e+04 
1.157100000e+04 1.158200000e+04 

1.088700000e+04 1.207300000e+04 
1.154100000e+04 1.157600000e+04 
1.176300000e+04 1.149100000e+04 
1.110900000e+04 1.172100000e+04 
1.174400000e+04 1.151900000e+04 
1.146800000e+04 1.166000000e+04 
1.157300000e+04 1.154700000e+04 
1.152700000e+04 1.158900000e+04 

1.109300000e+04 1.060500000e+04 
1.102800000e+04 1.070900000e+04 
1.084100000e+04 1.072700000e+04 

1.140500000e+04 1.207700000e+04 
1.132000000e+04 1.242900000e+04 
1.196000000e+04 1.154900000e+04 
1.163000000e+04 1.169000000e+04 
1.147400000e+04 1.194500000e+04 
1.140500000e+04 1.207700000e+04 
1.128400000e+04 1.281200000e+04 

1.224800000e+04 1.166900000e+04 
1.105800000e+04 1.230000000e+04 
1.109100000e+04 1.225900000e+04 
1.070400000e+04 1.260000000e+04 
1.109500000e+04 1.201500000e+04 
1.094500000e+04 1.231200000e+04 
1.114000000e+04 1.196100000e+04 
1.133500000e+04 1.181000000e+04 
1.140600000e+04 1.169900000e+04 

1.210200000e+04 1.162300000e+04 
1.220100000e+04 1.119900000e+04 
1.201600000e+04 1.167000000e+04 
1.215600000e+04 1.128500000e+04 
1.261800000e+04 1.094400000e+04 
1.215400000e+04 1.133900000e+04 
1.219100000e+04 1.120600000e+04 
1.250000000e+04 1.111900000e+04 

1.133400000e+04 1.184000000e+04 
1.129300000e+04 1.188800000e+04 
1.208400000e+04 1.079900000e+04 
1.136600000e+04 1.115900000e+04 
1.186300000e+04 1.086200000e+04 
1.128200000e+04 1.199000000e+04 
1.134300000e+04 1.177000000e+04 
1.144800000e+04 1.106600000e+04 
1.163100000e+04 1.103700000e+04 

1.187300000e+04 1.088400000e+04 
1.148800000e+04 1.109400000e+04 
1.185800000e+04 1.092000000e+04 
1.200400000e+04 1.074200000e+04 
1.191600000e+04 1.081500000e+04 
1.167500000e+04 1.093800000e+04 
1.162000000e+04 1.096900000e+04 
1.134400000e+04 1.111500000e+04 
1.147000000e+04 1.111300000e+04 

1.078400000e+04 1.165900000e+04 
1.086400000e+04 1.117800000e+04 
1.105300000e+04 1.116900000e+04 
1.061700000e+04 1.188400000e+04 

1.220500000e+04 1.134500000e+04 
1.225100000e+04 1.132900000e+04 
1.174500000e+04 1.166000000e+04 
1.235200000e+04 1.103400000e+04 
1.199000000e+04 1.152100000e+04 
1.209800000e+04 1.137400000e+04 
1.195800000e+04 1.153800000e+04 
1.227300000e+04 1.114500000e+04 

1.147300000e+04 1.158700000e+04 
1.098700000e+04 1.178300000e+04 
1.189500000e+04 1.142600000e+04 
1.112600000e+04 1.168800000e+04 
1.138900000e+04 1.164900000e+04 

1.143500000e+04 1.166900000e+04 
1.189000000e+04 1.125600000e+04 
1.146000000e+04 1.164200000e+04 
1.141300000e+04 1.177500000e+04 
1.166600000e+04 1.137900000e+04 
1.155300000e+04 1.158600000e+04 
1.173500000e+04 1.136700000e+04 
1.187400000e+04 1.127200000e+04 
1.142200000e+04 1.177400000e+04 
1.137400000e+04 1.191500000e+04 
1.148200000e+04 1.163300000e+04 
1.159000000e+04 1.142600000e+04 
1.155500000e+04 1.143300000e+04 

1.110600000e+04 1.178400000e+04 
1.113600000e+04 1.069600000e+04 
1.113000000e+04 1.130000000e+04 

1.177700000e+04 1.084800000e+04 
1.178100000e+04 1.083500000e+04 
1.122800000e+04 1.174900000e+04 
1.156700000e+04 1.105400000e+04 
1.142000000e+04 1.126500000e+04 
1.138500000e+04 1.172600000e+04 
1.187800000e+04 1.080600000e+04 
1.121600000e+04 1.204000000e+04 

1.126800000e+04 1.142700000e+04 
1.153800000e+04 1.097900000e+04 
1.132500000e+04 1.138700000e+04 
1.120200000e+04 1.170300000e+04 
1.153500000e+04 1.114700000e+04 
1.133700000e+04 1.138600000e+04 
1.147400000e+04 1.135300000e+04 

