1.006300000e+04 9.589000000e+03 
1.012400000e+04 9.528000000e+03 
9.765000000e+03 9.797000000e+03 
1.008800000e+04 9.551000000e+03 
9.877000000e+03 9.694000000e+03 
9.666000000e+03 1.013900000e+04 
9.759000000e+03 1.006500000e+04 

9.782000000e+03 1.027000000e+04 
9.974000000e+03 1.025400000e+04 
9.667000000e+03 1.059000000e+04 
1.010600000e+04 1.020600000e+04 
1.027400000e+04 1.019200000e+04 
1.007100000e+04 1.024200000e+04 
9.629000000e+03 1.060400000e+04 
1.067300000e+04 1.003700000e+04 
9.684000000e+03 1.046100000e+04 
1.034800000e+04 1.008800000e+04 
1.067500000e+04 1.000800000e+04 
1.062000000e+04 1.008300000e+04 

1.040300000e+04 1.038200000e+04 
1.063000000e+04 1.026100000e+04 
1.018800000e+04 1.055300000e+04 
1.026300000e+04 1.045500000e+04 
1.018900000e+04 1.054500000e+04 
1.050100000e+04 1.032600000e+04 
1.018200000e+04 1.061300000e+04 
1.071100000e+04 1.025900000e+04 
1.023500000e+04 1.054000000e+04 
1.015100000e+04 1.074000000e+04 
1.033100000e+04 1.041500000e+04 
1.058600000e+04 1.030000000e+04 
1.072100000e+04 1.025800000e+04 
1.006500000e+04 1.077000000e+04 

1.117700000e+04 1.024200000e+04 
1.057700000e+04 1.055900000e+04 
1.049000000e+04 1.063700000e+04 
1.028600000e+04 1.080500000e+04 
1.056700000e+04 1.061100000e+04 
1.084200000e+04 1.039000000e+04 
1.055400000e+04 1.063400000e+04 
1.063100000e+04 1.048900000e+04 
1.128400000e+04 1.019900000e+04 
1.080200000e+04 1.039600000e+04 
1.094500000e+04 1.030500000e+04 
1.060200000e+04 1.053700000e+04 
1.103800000e+04 1.030400000e+04 
1.064700000e+04 1.043600000e+04 

1.051500000e+04 9.227000000e+03 
1.034700000e+04 9.370000000e+03 
1.032100000e+04 9.421000000e+03 
1.042000000e+04 9.247000000e+03 
1.029400000e+04 9.664000000e+03 
1.058400000e+04 9.190000000e+03 
1.038700000e+04 9.357000000e+03 
1.024800000e+04 9.962000000e+03 
1.039200000e+04 9.307000000e+03 
1.021500000e+04 1.012500000e+04 
1.029400000e+04 9.664000000e+03 
1.058900000e+04 9.131000000e+03 
1.028200000e+04 9.753000000e+03 
1.081900000e+04 9.001000000e+03 
1.039300000e+04 9.274000000e+03 
1.042000000e+04 9.247000000e+03 
1.061000000e+04 9.047000000e+03 
1.026100000e+04 9.876000000e+03 
1.029500000e+04 9.524000000e+03 

1.020000000e+04 9.602000000e+03 
9.731000000e+03 9.857000000e+03 
9.917000000e+03 9.656000000e+03 
9.872000000e+03 9.762000000e+03 
9.482000000e+03 1.029000000e+04 
1.005400000e+04 9.612000000e+03 
9.496000000e+03 1.022100000e+04 
9.905000000e+03 9.740000000e+03 
9.922000000e+03 9.625000000e+03 
9.852000000e+03 9.851000000e+03 
9.569000000e+03 1.003100000e+04 

1.078500000e+04 1.002100000e+04 
1.029700000e+04 1.018000000e+04 
9.930000000e+03 1.048300000e+04 
1.009800000e+04 1.036300000e+04 
1.011200000e+04 1.029200000e+04 
9.903000000e+03 1.096900000e+04 
1.046500000e+04 1.011600000e+04 
1.026400000e+04 1.023300000e+04 
1.014800000e+04 1.024000000e+04 
1.072000000e+04 1.002900000e+04 
1.061100000e+04 1.007100000e+04 
9.981000000e+03 1.042700000e+04 
1.051200000e+04 1.007700000e+04 
9.908000000e+03 1.085800000e+04 

9.785000000e+03 1.087600000e+04 
1.036600000e+04 1.015600000e+04 
1.041900000e+04 1.013200000e+04 
1.016400000e+04 1.016900000e+04 
9.746000000e+03 1.091700000e+04 
9.785000000e+03 1.087600000e+04 
9.746000000e+03 1.091700000e+04 
1.038400000e+04 1.013900000e+04 
1.000900000e+04 1.049400000e+04 
9.834000000e+03 1.055700000e+04 
1.003100000e+04 1.044700000e+04 
1.033600000e+04 1.016700000e+04 
1.037400000e+04 1.015400000e+04 
1.004600000e+04 1.027800000e+04 

1.084400000e+04 9.875000000e+03 
1.020800000e+04 1.018200000e+04 
1.018900000e+04 1.047200000e+04 
1.021000000e+04 1.011600000e+04 
1.030100000e+04 1.010700000e+04 
1.056400000e+04 1.000300000e+04 
1.036700000e+04 1.007700000e+04 
1.060800000e+04 9.936000000e+03 
1.089500000e+04 9.837000000e+03 
1.038500000e+04 1.001600000e+04 

1.037300000e+04 9.703000000e+03 
9.843000000e+03 1.027500000e+04 
1.006600000e+04 9.941000000e+03 
1.064200000e+04 9.502000000e+03 
1.059900000e+04 9.544000000e+03 
9.855000000e+03 1.025100000e+04 
1.069000000e+04 9.336000000e+03 
1.024400000e+04 9.748000000e+03 
1.002500000e+04 1.004100000e+04 
9.914000000e+03 1.011000000e+04 
9.901000000e+03 1.021800000e+04 
1.005400000e+04 1.002900000e+04 
1.020300000e+04 9.750000000e+03 

1.075200000e+04 1.033300000e+04 
1.108300000e+04 1.009200000e+04 
1.046900000e+04 1.049600000e+04 
1.090100000e+04 1.015400000e+04 
1.115300000e+04 1.008100000e+04 
1.061600000e+04 1.034700000e+04 
1.046200000e+04 1.091400000e+04 
1.127000000e+04 1.000400000e+04 
1.058600000e+04 1.043900000e+04 
1.082200000e+04 1.027300000e+04 

9.793000000e+03 1.043900000e+04 
9.588000000e+03 1.098200000e+04 
9.608000000e+03 1.082900000e+04 
9.657000000e+03 1.076400000e+04 
9.716000000e+03 1.068700000e+04 
1.020100000e+04 1.016600000e+04 
1.011800000e+04 1.018700000e+04 
1.011800000e+04 1.018700000e+04 
9.850000000e+03 1.038200000e+04 
1.005000000e+04 1.026800000e+04 
9.523000000e+03 1.108500000e+04 
9.722000000e+03 1.065400000e+04 
9.608000000e+03 1.082900000e+04 
9.558000000e+03 1.100900000e+04 
1.007000000e+04 1.023300000e+04 
9.757000000e+03 1.054000000e+04 
9.508000000e+03 1.109900000e+04 
1.020800000e+04 1.009100000e+04 
1.009200000e+04 1.018900000e+04 

9.857000000e+03 1.031700000e+04 
9.975000000e+03 1.029100000e+04 
9.864000000e+03 1.031000000e+04 
9.990000000e+03 9.999000000e+03 
9.980000000e+03 1.001500000e+04 
1.000200000e+04 9.782000000e+03 

1.022600000e+04 1.026700000e+04 
9.490000000e+03 1.076300000e+04 
1.002100000e+04 1.045600000e+04 
9.496000000e+03 1.066500000e+04 
1.002100000e+04 1.045600000e+04 
9.746000000e+03 1.048600000e+04 
9.246000000e+03 1.077400000e+04 
9.869000000e+03 1.045900000e+04 
9.598000000e+03 1.059200000e+04 
9.246000000e+03 1.077400000e+04 
1.006900000e+04 1.040800000e+04 

1.026800000e+04 9.973000000e+03 
1.057700000e+04 9.850000000e+03 
9.869000000e+03 1.045400000e+04 
1.005800000e+04 1.016900000e+04 
1.007700000e+04 1.009200000e+04 
1.043500000e+04 9.924000000e+03 
1.005800000e+04 1.016900000e+04 
9.954000000e+03 1.023500000e+04 
1.061000000e+04 9.727000000e+03 
9.905000000e+03 1.032500000e+04 
1.002900000e+04 1.017100000e+04 
1.049400000e+04 9.902000000e+03 
1.010800000e+04 9.987000000e+03 
1.045000000e+04 9.920000000e+03 
9.927000000e+03 1.028400000e+04 
9.905000000e+03 1.032500000e+04 

1.071100000e+04 1.029400000e+04 
1.067500000e+04 1.041900000e+04 
1.077000000e+04 1.026600000e+04 
1.052000000e+04 1.061700000e+04 
1.061900000e+04 1.047600000e+04 
1.056100000e+04 1.050200000e+04 
1.079300000e+04 1.023700000e+04 
1.095000000e+04 1.007600000e+04 
1.052800000e+04 1.057700000e+04 
1.079300000e+04 1.023700000e+04 
1.093900000e+04 1.019800000e+04 
1.089100000e+04 1.020100000e+04 

1.049000000e+04 1.040800000e+04 
9.892000000e+03 1.079900000e+04 
9.995000000e+03 1.072800000e+04 
1.047800000e+04 1.041800000e+04 
9.892000000e+03 1.079900000e+04 
1.047800000e+04 1.041800000e+04 
1.024000000e+04 1.054900000e+04 
1.034300000e+04 1.053600000e+04 
1.036000000e+04 1.049700000e+04 
1.007400000e+04 1.070800000e+04 
1.011300000e+04 1.056300000e+04 
9.861000000e+03 1.083600000e+04 
1.008000000e+04 1.057800000e+04 
9.962000000e+03 1.079100000e+04 
9.620000000e+03 1.084600000e+04 

9.728000000e+03 1.018200000e+04 
9.729000000e+03 1.012900000e+04 
9.979000000e+03 9.671000000e+03 
9.961000000e+03 9.728000000e+03 
1.015900000e+04 9.463000000e+03 
9.998000000e+03 9.655000000e+03 
9.946000000e+03 9.761000000e+03 
9.768000000e+03 9.770000000e+03 
1.002000000e+04 9.582000000e+03 
1.004200000e+04 9.575000000e+03 
9.723000000e+03 1.029000000e+04 

1.005100000e+04 1.103000000e+04 
1.009400000e+04 1.101000000e+04 
1.031200000e+04 1.069900000e+04 
1.015900000e+04 1.082700000e+04 
1.011800000e+04 1.094500000e+04 
1.014200000e+04 1.086800000e+04 
1.033100000e+04 1.067800000e+04 
1.000500000e+04 1.106900000e+04 
1.009700000e+04 1.099100000e+04 
1.016600000e+04 1.072600000e+04 
1.005100000e+04 1.103000000e+04 

1.038900000e+04 1.055400000e+04 
1.033500000e+04 1.059100000e+04 
1.012600000e+04 1.071500000e+04 
9.951000000e+03 1.110100000e+04 
1.036800000e+04 1.058900000e+04 
1.006500000e+04 1.090900000e+04 
1.042100000e+04 1.048400000e+04 
1.006500000e+04 1.090900000e+04 
9.807000000e+03 1.115800000e+04 
1.013800000e+04 1.065900000e+04 
9.801000000e+03 1.127300000e+04 
1.009600000e+04 1.082100000e+04 
9.998000000e+03 1.093200000e+04 
1.048100000e+04 1.043700000e+04 
1.030800000e+04 1.060900000e+04 
9.885000000e+03 1.113000000e+04 

1.085300000e+04 1.029800000e+04 
1.084800000e+04 1.033700000e+04 
1.086200000e+04 1.010500000e+04 
1.117500000e+04 9.952000000e+03 
1.126700000e+04 9.721000000e+03 
1.104600000e+04 9.961000000e+03 
1.120400000e+04 9.891000000e+03 
1.096300000e+04 1.008200000e+04 

1.068200000e+04 9.697000000e+03 
1.031000000e+04 9.773000000e+03 
1.017600000e+04 9.929000000e+03 

1.008100000e+04 1.003600000e+04 
1.047800000e+04 9.659000000e+03 
1.044900000e+04 9.696000000e+03 
1.069500000e+04 9.455000000e+03 
1.024800000e+04 9.861000000e+03 
1.048200000e+04 9.625000000e+03 
1.009200000e+04 9.898000000e+03 
1.065200000e+04 9.573000000e+03 
1.040400000e+04 9.717000000e+03 
1.026300000e+04 9.773000000e+03 
1.056200000e+04 9.603000000e+03 

9.792000000e+03 1.064600000e+04 
1.006300000e+04 1.038800000e+04 
9.800000000e+03 1.058000000e+04 
1.040200000e+04 1.019800000e+04 
9.875000000e+03 1.046600000e+04 
1.036600000e+04 1.023900000e+04 
1.018700000e+04 1.029100000e+04 
1.033400000e+04 1.027000000e+04 
9.864000000e+03 1.048600000e+04 
9.701000000e+03 1.082900000e+04 
9.779000000e+03 1.072100000e+04 
1.038300000e+04 1.023300000e+04 
1.012400000e+04 1.035700000e+04 
9.989000000e+03 1.046000000e+04 

1.050400000e+04 1.019600000e+04 
1.064600000e+04 1.005300000e+04 
1.067600000e+04 1.002200000e+04 
1.055500000e+04 1.009600000e+04 
1.035400000e+04 1.026100000e+04 
1.049500000e+04 1.020200000e+04 
1.046200000e+04 1.023000000e+04 
1.061100000e+04 1.006600000e+04 

1.029100000e+04 1.044700000e+04 
9.911000000e+03 1.071200000e+04 
9.900000000e+03 1.088800000e+04 
1.004700000e+04 1.066200000e+04 
9.859000000e+03 1.123400000e+04 
1.028700000e+04 1.046800000e+04 
1.023100000e+04 1.051100000e+04 
1.023100000e+04 1.051100000e+04 
9.911000000e+03 1.071200000e+04 
9.911000000e+03 1.071200000e+04 
9.873000000e+03 1.107300000e+04 
1.051300000e+04 1.042400000e+04 
1.012400000e+04 1.055800000e+04 

1.061000000e+04 1.015900000e+04 
1.017700000e+04 1.046600000e+04 
1.059300000e+04 1.017300000e+04 
1.063300000e+04 1.009000000e+04 
1.033400000e+04 1.038400000e+04 
1.037300000e+04 1.037600000e+04 
1.031600000e+04 1.042700000e+04 
1.030600000e+04 1.045300000e+04 
1.043300000e+04 1.024100000e+04 
1.015200000e+04 1.054900000e+04 
1.030400000e+04 1.046200000e+04 
1.051800000e+04 1.021700000e+04 

1.023500000e+04 9.745000000e+03 
9.980000000e+03 9.856000000e+03 
1.023500000e+04 9.745000000e+03 
1.039300000e+04 9.722000000e+03 
9.733000000e+03 9.903000000e+03 
1.016600000e+04 9.746000000e+03 
1.065600000e+04 9.717000000e+03 
9.727000000e+03 9.937000000e+03 
1.009200000e+04 9.854000000e+03 
1.014400000e+04 9.842000000e+03 

1.072300000e+04 9.697000000e+03 
1.030800000e+04 1.044200000e+04 
1.040900000e+04 9.819000000e+03 
1.040600000e+04 9.834000000e+03 
1.040900000e+04 9.819000000e+03 
1.066700000e+04 9.773000000e+03 
1.030800000e+04 1.044200000e+04 
1.031500000e+04 1.010400000e+04 
1.036000000e+04 9.851000000e+03 

1.049800000e+04 9.734000000e+03 
1.017900000e+04 1.001900000e+04 
1.030200000e+04 9.838000000e+03 
1.016400000e+04 1.016100000e+04 
1.045800000e+04 9.782000000e+03 
1.027000000e+04 9.944000000e+03 
1.016400000e+04 1.016100000e+04 

