9.182000000e+03 9.392000000e+03 
9.156000000e+03 9.544000000e+03 
9.318000000e+03 9.278000000e+03 
9.158000000e+03 9.449000000e+03 
9.344000000e+03 9.173000000e+03 
9.315000000e+03 9.337000000e+03 
9.158000000e+03 9.449000000e+03 
9.315000000e+03 9.337000000e+03 
9.221000000e+03 9.345000000e+03 
9.177000000e+03 9.404000000e+03 
9.147000000e+03 9.683000000e+03 
9.156000000e+03 9.544000000e+03 
9.368000000e+03 9.137000000e+03 
9.668000000e+03 9.120000000e+03 
9.315000000e+03 9.337000000e+03 
9.673000000e+03 9.088000000e+03 

9.363000000e+03 9.612000000e+03 
9.209000000e+03 9.805000000e+03 
9.192000000e+03 9.899000000e+03 
9.430000000e+03 9.513000000e+03 
9.348000000e+03 9.638000000e+03 
9.265000000e+03 9.791000000e+03 
9.159000000e+03 9.994000000e+03 
9.300000000e+03 9.752000000e+03 
9.705000000e+03 9.373000000e+03 
9.155000000e+03 1.003900000e+04 
9.397000000e+03 9.554000000e+03 
9.254000000e+03 9.803000000e+03 
9.535000000e+03 9.468000000e+03 
9.859000000e+03 9.353000000e+03 
9.178000000e+03 9.935000000e+03 
9.484000000e+03 9.510000000e+03 
9.296000000e+03 9.781000000e+03 
9.362000000e+03 9.636000000e+03 
9.324000000e+03 9.725000000e+03 

9.591000000e+03 9.689000000e+03 
9.587000000e+03 9.848000000e+03 
9.508000000e+03 9.900000000e+03 
1.009500000e+04 9.671000000e+03 
9.454000000e+03 9.913000000e+03 
9.508000000e+03 9.900000000e+03 
9.545000000e+03 9.893000000e+03 
9.861000000e+03 9.680000000e+03 
9.556000000e+03 9.852000000e+03 

9.970000000e+03 1.033400000e+04 
1.008100000e+04 1.012600000e+04 
1.078100000e+04 9.723000000e+03 
1.008100000e+04 1.012600000e+04 
1.014900000e+04 1.000800000e+04 
9.958000000e+03 1.055200000e+04 
1.078100000e+04 9.723000000e+03 
9.943000000e+03 1.063400000e+04 
1.008100000e+04 1.012600000e+04 
1.021600000e+04 9.936000000e+03 
1.027300000e+04 9.883000000e+03 
1.039100000e+04 9.808000000e+03 
1.013900000e+04 1.004500000e+04 
1.008100000e+04 1.012600000e+04 
1.008100000e+04 1.012600000e+04 
1.006900000e+04 1.019000000e+04 
1.008100000e+04 1.012600000e+04 
9.882000000e+03 1.067400000e+04 
1.010400000e+04 1.010500000e+04 
1.069500000e+04 9.799000000e+03 
1.072900000e+04 9.745000000e+03 

9.907000000e+03 8.818000000e+03 
9.769000000e+03 9.028000000e+03 
9.887000000e+03 8.912000000e+03 
1.011300000e+04 8.579000000e+03 
9.943000000e+03 8.790000000e+03 
1.000600000e+04 8.688000000e+03 
9.691000000e+03 9.734000000e+03 
9.963000000e+03 8.704000000e+03 
1.003400000e+04 8.652000000e+03 
9.835000000e+03 8.969000000e+03 
9.692000000e+03 9.630000000e+03 
9.945000000e+03 8.737000000e+03 
9.630000000e+03 9.745000000e+03 
9.876000000e+03 8.916000000e+03 
1.007400000e+04 8.641000000e+03 
9.856000000e+03 8.928000000e+03 
9.866000000e+03 8.924000000e+03 
9.694000000e+03 9.383000000e+03 
9.887000000e+03 8.912000000e+03 
9.889000000e+03 8.874000000e+03 
9.762000000e+03 9.354000000e+03 
1.027700000e+04 8.556000000e+03 
1.015900000e+04 8.570000000e+03 

8.932000000e+03 9.363000000e+03 
9.328000000e+03 9.139000000e+03 
8.950000000e+03 9.302000000e+03 
9.070000000e+03 9.268000000e+03 
8.915000000e+03 9.426000000e+03 
9.118000000e+03 9.180000000e+03 

9.253000000e+03 1.008300000e+04 
9.243000000e+03 1.009700000e+04 
9.374000000e+03 9.891000000e+03 
9.219000000e+03 1.011400000e+04 
9.144000000e+03 1.014300000e+04 
1.024000000e+04 9.418000000e+03 
9.661000000e+03 9.613000000e+03 
9.854000000e+03 9.498000000e+03 
9.262000000e+03 9.909000000e+03 
9.216000000e+03 1.014000000e+04 
9.262000000e+03 9.909000000e+03 
1.033300000e+04 9.361000000e+03 
9.262000000e+03 9.909000000e+03 
1.005900000e+04 9.457000000e+03 
9.448000000e+03 9.796000000e+03 
9.260000000e+03 1.007600000e+04 
9.253000000e+03 1.008300000e+04 
9.460000000e+03 9.791000000e+03 
9.714000000e+03 9.611000000e+03 
9.507000000e+03 9.622000000e+03 
9.741000000e+03 9.554000000e+03 
1.010400000e+04 9.434000000e+03 

9.233000000e+03 9.648000000e+03 
9.416000000e+03 9.499000000e+03 
9.219000000e+03 9.649000000e+03 
9.164000000e+03 9.740000000e+03 
8.951000000e+03 1.020900000e+04 
9.207000000e+03 9.698000000e+03 
9.285000000e+03 9.588000000e+03 
9.769000000e+03 9.482000000e+03 
9.932000000e+03 9.469000000e+03 
9.299000000e+03 9.569000000e+03 
9.219000000e+03 9.649000000e+03 
9.929000000e+03 9.477000000e+03 
9.353000000e+03 9.539000000e+03 
9.251000000e+03 9.593000000e+03 
8.966000000e+03 9.943000000e+03 
9.324000000e+03 9.561000000e+03 

1.007600000e+04 9.300000000e+03 
9.637000000e+03 9.481000000e+03 
9.408000000e+03 9.929000000e+03 
9.665000000e+03 9.440000000e+03 
9.642000000e+03 9.478000000e+03 
9.642000000e+03 9.478000000e+03 
9.686000000e+03 9.425000000e+03 
9.572000000e+03 9.488000000e+03 
9.987000000e+03 9.344000000e+03 
9.454000000e+03 9.666000000e+03 
9.486000000e+03 9.612000000e+03 
9.804000000e+03 9.394000000e+03 
9.893000000e+03 9.372000000e+03 
9.569000000e+03 9.552000000e+03 
9.523000000e+03 9.601000000e+03 
9.454000000e+03 9.666000000e+03 
9.708000000e+03 9.424000000e+03 
1.012000000e+04 9.245000000e+03 
9.436000000e+03 9.744000000e+03 

9.372000000e+03 9.312000000e+03 
9.461000000e+03 9.168000000e+03 
9.614000000e+03 9.080000000e+03 
1.007200000e+04 8.866000000e+03 
9.171000000e+03 9.525000000e+03 
9.668000000e+03 9.003000000e+03 
9.738000000e+03 8.913000000e+03 
9.261000000e+03 9.432000000e+03 
9.431000000e+03 9.209000000e+03 
9.330000000e+03 9.406000000e+03 
9.700000000e+03 8.989000000e+03 
9.413000000e+03 9.235000000e+03 
9.255000000e+03 9.510000000e+03 
9.513000000e+03 9.094000000e+03 
9.081000000e+03 9.632000000e+03 

1.016300000e+04 9.759000000e+03 
1.077900000e+04 9.570000000e+03 
9.959000000e+03 9.940000000e+03 
1.020100000e+04 9.702000000e+03 
1.010000000e+04 9.777000000e+03 
1.085200000e+04 9.551000000e+03 
9.848000000e+03 1.015200000e+04 
1.000200000e+04 9.885000000e+03 
1.025500000e+04 9.610000000e+03 
1.008300000e+04 9.811000000e+03 
1.036700000e+04 9.571000000e+03 
9.848000000e+03 1.015200000e+04 
1.082800000e+04 9.566000000e+03 
9.857000000e+03 9.945000000e+03 
1.019100000e+04 9.718000000e+03 
1.006200000e+04 9.829000000e+03 
9.963000000e+03 9.911000000e+03 
1.021200000e+04 9.643000000e+03 
1.012800000e+04 9.761000000e+03 
9.883000000e+03 9.941000000e+03 
1.004200000e+04 9.866000000e+03 
9.856000000e+03 1.013900000e+04 
1.085000000e+04 9.553000000e+03 

9.128000000e+03 9.931000000e+03 
9.136000000e+03 9.875000000e+03 
9.150000000e+03 9.859000000e+03 
8.970000000e+03 1.040400000e+04 
9.350000000e+03 9.593000000e+03 
9.002000000e+03 1.030900000e+04 
9.318000000e+03 9.621000000e+03 
9.073000000e+03 1.010800000e+04 
9.587000000e+03 9.552000000e+03 
9.587000000e+03 9.552000000e+03 
9.161000000e+03 9.855000000e+03 
9.094000000e+03 9.978000000e+03 
9.315000000e+03 9.674000000e+03 
9.209000000e+03 9.736000000e+03 
9.121000000e+03 9.966000000e+03 

9.333000000e+03 9.736000000e+03 
9.810000000e+03 9.265000000e+03 
9.316000000e+03 9.758000000e+03 
9.786000000e+03 9.276000000e+03 
9.595000000e+03 9.310000000e+03 
9.742000000e+03 9.299000000e+03 
9.838000000e+03 9.236000000e+03 
9.340000000e+03 9.701000000e+03 
9.343000000e+03 9.661000000e+03 
9.502000000e+03 9.484000000e+03 
9.553000000e+03 9.381000000e+03 
9.379000000e+03 9.511000000e+03 
9.286000000e+03 9.827000000e+03 
9.816000000e+03 9.257000000e+03 
9.548000000e+03 9.407000000e+03 
9.919000000e+03 9.189000000e+03 
9.832000000e+03 9.251000000e+03 

9.476000000e+03 9.795000000e+03 
8.842000000e+03 1.018300000e+04 
8.968000000e+03 1.003200000e+04 
9.034000000e+03 9.911000000e+03 
9.311000000e+03 9.844000000e+03 
8.997000000e+03 1.001200000e+04 
9.270000000e+03 9.888000000e+03 
8.977000000e+03 1.002800000e+04 
8.948000000e+03 1.004000000e+04 
9.006000000e+03 9.978000000e+03 
8.968000000e+03 1.003200000e+04 
8.683000000e+03 1.028500000e+04 
9.474000000e+03 9.817000000e+03 
9.034000000e+03 9.911000000e+03 
8.968000000e+03 1.003200000e+04 
8.910000000e+03 1.016200000e+04 
9.476000000e+03 9.795000000e+03 
8.998000000e+03 9.987000000e+03 
8.797000000e+03 1.024600000e+04 
8.943000000e+03 1.008600000e+04 
9.034000000e+03 9.911000000e+03 
8.865000000e+03 1.016400000e+04 

9.627000000e+03 9.342000000e+03 
9.711000000e+03 9.280000000e+03 
9.482000000e+03 9.540000000e+03 
9.656000000e+03 9.331000000e+03 
9.450000000e+03 9.702000000e+03 
1.011300000e+04 9.213000000e+03 
9.501000000e+03 9.365000000e+03 
9.778000000e+03 9.265000000e+03 
1.017900000e+04 9.173000000e+03 
9.789000000e+03 9.216000000e+03 
9.402000000e+03 9.739000000e+03 

9.930000000e+03 1.013800000e+04 
1.036800000e+04 9.585000000e+03 
1.036800000e+04 9.585000000e+03 
1.046600000e+04 9.522000000e+03 
1.052200000e+04 9.476000000e+03 
1.003500000e+04 9.921000000e+03 
1.046600000e+04 9.522000000e+03 
1.028800000e+04 9.625000000e+03 
1.046600000e+04 9.522000000e+03 
1.049000000e+04 9.499000000e+03 
1.003100000e+04 1.002900000e+04 
9.930000000e+03 1.013800000e+04 
1.015700000e+04 9.764000000e+03 
1.023400000e+04 9.730000000e+03 
1.012900000e+04 9.775000000e+03 
1.041800000e+04 9.568000000e+03 
1.010600000e+04 9.819000000e+03 
9.930000000e+03 1.013800000e+04 

9.928000000e+03 9.800000000e+03 
9.468000000e+03 1.005600000e+04 
9.858000000e+03 9.915000000e+03 
9.644000000e+03 9.978000000e+03 
9.139000000e+03 1.036600000e+04 
9.055000000e+03 1.038500000e+04 
9.813000000e+03 9.920000000e+03 
9.472000000e+03 1.002100000e+04 
9.373000000e+03 1.018900000e+04 
9.472000000e+03 1.002100000e+04 
9.019000000e+03 1.076300000e+04 
9.172000000e+03 1.022300000e+04 
9.319000000e+03 1.019400000e+04 
9.258000000e+03 1.021800000e+04 
9.645000000e+03 9.945000000e+03 
9.423000000e+03 1.010400000e+04 
9.692000000e+03 9.926000000e+03 
9.485000000e+03 9.986000000e+03 
9.399000000e+03 1.012600000e+04 

9.216000000e+03 8.936000000e+03 
9.159000000e+03 8.961000000e+03 
9.119000000e+03 9.108000000e+03 
9.581000000e+03 8.855000000e+03 
8.987000000e+03 9.152000000e+03 
9.507000000e+03 8.885000000e+03 
9.537000000e+03 8.860000000e+03 
9.661000000e+03 8.780000000e+03 
9.743000000e+03 8.777000000e+03 
8.941000000e+03 9.261000000e+03 
9.009000000e+03 9.122000000e+03 
9.120000000e+03 9.080000000e+03 
8.933000000e+03 9.302000000e+03 
9.611000000e+03 8.823000000e+03 
9.218000000e+03 8.889000000e+03 
9.149000000e+03 9.020000000e+03 
9.146000000e+03 9.021000000e+03 

9.254000000e+03 1.035800000e+04 
9.337000000e+03 1.012700000e+04 
9.498000000e+03 9.980000000e+03 
9.347000000e+03 1.007100000e+04 
9.278000000e+03 1.023200000e+04 
9.579000000e+03 9.934000000e+03 

9.382000000e+03 1.024800000e+04 
9.299000000e+03 1.054300000e+04 
9.828000000e+03 9.736000000e+03 
9.470000000e+03 1.022800000e+04 
9.695000000e+03 9.885000000e+03 
9.471000000e+03 1.008600000e+04 
9.360000000e+03 1.028100000e+04 
9.382000000e+03 1.024800000e+04 
9.324000000e+03 1.041900000e+04 
9.734000000e+03 9.834000000e+03 
9.397000000e+03 1.024400000e+04 
9.441000000e+03 1.024200000e+04 
9.382000000e+03 1.024800000e+04 
9.691000000e+03 9.934000000e+03 
9.582000000e+03 9.963000000e+03 
9.871000000e+03 9.676000000e+03 
9.469000000e+03 1.023900000e+04 

1.044800000e+04 9.342000000e+03 
1.024800000e+04 9.477000000e+03 
1.044800000e+04 9.342000000e+03 
1.026700000e+04 9.459000000e+03 
1.017000000e+04 9.592000000e+03 
1.069000000e+04 9.186000000e+03 
1.063500000e+04 9.211000000e+03 
1.048500000e+04 9.301000000e+03 
1.013300000e+04 9.605000000e+03 
1.031400000e+04 9.391000000e+03 
1.020200000e+04 9.555000000e+03 
1.020200000e+04 9.555000000e+03 
1.022200000e+04 9.500000000e+03 
1.030200000e+04 9.409000000e+03 
1.059900000e+04 9.272000000e+03 
1.027600000e+04 9.426000000e+03 
1.026500000e+04 9.470000000e+03 
1.085500000e+04 9.103000000e+03 

9.622000000e+03 1.010200000e+04 
9.693000000e+03 9.716000000e+03 
9.713000000e+03 9.500000000e+03 
9.675000000e+03 9.807000000e+03 
9.661000000e+03 9.873000000e+03 
9.633000000e+03 9.993000000e+03 
9.651000000e+03 9.976000000e+03 
9.806000000e+03 9.337000000e+03 
1.016400000e+04 9.188000000e+03 
1.005300000e+04 9.191000000e+03 
9.748000000e+03 9.375000000e+03 
9.631000000e+03 9.995000000e+03 
9.736000000e+03 9.383000000e+03 
9.735000000e+03 9.497000000e+03 
1.000500000e+04 9.196000000e+03 

9.289000000e+03 9.560000000e+03 
9.772000000e+03 9.056000000e+03 
9.864000000e+03 9.018000000e+03 
9.310000000e+03 9.399000000e+03 
9.356000000e+03 9.229000000e+03 
9.543000000e+03 9.174000000e+03 
9.631000000e+03 9.133000000e+03 
9.794000000e+03 9.033000000e+03 
9.808000000e+03 9.028000000e+03 
9.699000000e+03 9.057000000e+03 
9.797000000e+03 9.031000000e+03 
9.631000000e+03 9.133000000e+03 
9.319000000e+03 9.308000000e+03 
9.246000000e+03 9.619000000e+03 
9.660000000e+03 9.105000000e+03 
9.925000000e+03 8.982000000e+03 
9.290000000e+03 9.465000000e+03 
1.000400000e+04 8.942000000e+03 
9.310000000e+03 9.399000000e+03 
9.794000000e+03 9.033000000e+03 

9.812000000e+03 9.543000000e+03 
9.324000000e+03 9.778000000e+03 
9.561000000e+03 9.552000000e+03 
9.481000000e+03 9.597000000e+03 
9.404000000e+03 9.739000000e+03 
9.306000000e+03 9.902000000e+03 
9.841000000e+03 9.525000000e+03 
9.996000000e+03 9.486000000e+03 
9.389000000e+03 9.775000000e+03 
1.007900000e+04 9.462000000e+03 

9.928000000e+03 9.493000000e+03 
9.941000000e+03 9.484000000e+03 
9.941000000e+03 9.484000000e+03 
9.787000000e+03 9.589000000e+03 
9.725000000e+03 9.677000000e+03 
1.007000000e+04 9.366000000e+03 
9.996000000e+03 9.470000000e+03 
9.836000000e+03 9.515000000e+03 
1.004500000e+04 9.467000000e+03 

9.762000000e+03 9.709000000e+03 
9.443000000e+03 1.000500000e+04 
9.522000000e+03 9.983000000e+03 
9.519000000e+03 9.990000000e+03 
9.522000000e+03 9.983000000e+03 
9.522000000e+03 9.983000000e+03 
9.522000000e+03 9.983000000e+03 
9.307000000e+03 1.016300000e+04 
9.665000000e+03 9.771000000e+03 
9.522000000e+03 9.983000000e+03 
9.533000000e+03 9.945000000e+03 
9.695000000e+03 9.754000000e+03 
9.503000000e+03 9.997000000e+03 
9.541000000e+03 9.841000000e+03 
9.277000000e+03 1.028900000e+04 
9.519000000e+03 9.990000000e+03 
9.294000000e+03 1.027700000e+04 
9.653000000e+03 9.821000000e+03 
9.714000000e+03 9.735000000e+03 
9.327000000e+03 1.005500000e+04 

9.633000000e+03 9.783000000e+03 
9.703000000e+03 9.693000000e+03 
9.575000000e+03 9.964000000e+03 
9.580000000e+03 9.925000000e+03 
9.985000000e+03 9.516000000e+03 
9.845000000e+03 9.589000000e+03 
9.777000000e+03 9.612000000e+03 
9.709000000e+03 9.666000000e+03 

9.317000000e+03 9.320000000e+03 
9.440000000e+03 9.149000000e+03 
9.557000000e+03 9.141000000e+03 
9.582000000e+03 9.104000000e+03 
9.285000000e+03 9.328000000e+03 
9.582000000e+03 9.104000000e+03 
9.353000000e+03 9.208000000e+03 
9.138000000e+03 9.566000000e+03 
9.317000000e+03 9.320000000e+03 
9.345000000e+03 9.265000000e+03 
9.206000000e+03 9.453000000e+03 
9.615000000e+03 9.002000000e+03 
9.107000000e+03 9.599000000e+03 
9.210000000e+03 9.379000000e+03 
9.142000000e+03 9.501000000e+03 
9.393000000e+03 9.176000000e+03 

1.023200000e+04 8.948000000e+03 
9.729000000e+03 9.368000000e+03 
9.662000000e+03 9.550000000e+03 
1.018500000e+04 8.973000000e+03 
1.012900000e+04 9.002000000e+03 
1.018500000e+04 8.973000000e+03 
9.652000000e+03 9.779000000e+03 
9.783000000e+03 9.140000000e+03 
9.691000000e+03 9.447000000e+03 
1.014200000e+04 8.993000000e+03 
9.662000000e+03 9.550000000e+03 
9.743000000e+03 9.367000000e+03 
9.744000000e+03 9.343000000e+03 
9.776000000e+03 9.303000000e+03 
9.713000000e+03 9.411000000e+03 
9.789000000e+03 9.068000000e+03 
9.982000000e+03 9.006000000e+03 
9.666000000e+03 9.529000000e+03 
9.652000000e+03 9.779000000e+03 
9.655000000e+03 9.655000000e+03 

9.661000000e+03 9.204000000e+03 
9.538000000e+03 9.691000000e+03 
9.749000000e+03 9.104000000e+03 
9.565000000e+03 9.427000000e+03 
9.690000000e+03 9.192000000e+03 
9.571000000e+03 9.320000000e+03 
9.722000000e+03 9.141000000e+03 
9.526000000e+03 9.703000000e+03 
9.626000000e+03 9.240000000e+03 
9.756000000e+03 9.029000000e+03 
9.655000000e+03 9.206000000e+03 
9.889000000e+03 9.006000000e+03 

