9.248000000e+03 9.638000000e+03 
9.365000000e+03 9.438000000e+03 
9.462000000e+03 9.394000000e+03 
9.288000000e+03 9.595000000e+03 
9.639000000e+03 9.358000000e+03 
9.654000000e+03 9.349000000e+03 
9.927000000e+03 9.206000000e+03 
9.656000000e+03 9.228000000e+03 
9.211000000e+03 9.662000000e+03 
9.311000000e+03 9.477000000e+03 
9.285000000e+03 9.630000000e+03 
9.554000000e+03 9.363000000e+03 

9.675000000e+03 9.609000000e+03 
9.856000000e+03 9.471000000e+03 
9.242000000e+03 1.025300000e+04 
9.596000000e+03 9.636000000e+03 
9.596000000e+03 9.636000000e+03 
9.615000000e+03 9.627000000e+03 
9.675000000e+03 9.609000000e+03 
9.856000000e+03 9.471000000e+03 
9.242000000e+03 1.025300000e+04 
9.543000000e+03 9.640000000e+03 
9.425000000e+03 9.869000000e+03 
9.277000000e+03 9.985000000e+03 
9.460000000e+03 9.811000000e+03 
9.391000000e+03 9.883000000e+03 
9.426000000e+03 9.859000000e+03 
9.823000000e+03 9.534000000e+03 
9.856000000e+03 9.471000000e+03 
9.465000000e+03 9.780000000e+03 
9.861000000e+03 9.467000000e+03 
9.449000000e+03 9.852000000e+03 
9.513000000e+03 9.673000000e+03 
9.542000000e+03 9.643000000e+03 
9.488000000e+03 9.693000000e+03 
9.270000000e+03 1.020700000e+04 
9.456000000e+03 9.844000000e+03 

9.786000000e+03 9.863000000e+03 
9.687000000e+03 1.000800000e+04 
9.773000000e+03 9.889000000e+03 
9.641000000e+03 1.014100000e+04 
9.855000000e+03 9.850000000e+03 
9.883000000e+03 9.846000000e+03 
9.917000000e+03 9.832000000e+03 
9.855000000e+03 9.850000000e+03 
9.712000000e+03 9.899000000e+03 
9.975000000e+03 9.831000000e+03 
9.985000000e+03 9.779000000e+03 

1.020000000e+04 1.014200000e+04 
1.088100000e+04 9.880000000e+03 
1.078100000e+04 9.897000000e+03 
1.031700000e+04 1.005600000e+04 
1.091000000e+04 9.876000000e+03 
1.025800000e+04 1.010100000e+04 
1.009600000e+04 1.057900000e+04 
1.071300000e+04 9.899000000e+03 
1.071300000e+04 9.899000000e+03 
1.031700000e+04 1.005600000e+04 
1.041600000e+04 9.945000000e+03 
1.010300000e+04 1.028900000e+04 
1.013700000e+04 1.019500000e+04 
1.044900000e+04 9.925000000e+03 
1.084800000e+04 9.884000000e+03 
1.037200000e+04 1.001200000e+04 

1.016100000e+04 8.748000000e+03 
1.022900000e+04 8.695000000e+03 
1.001600000e+04 8.840000000e+03 
1.017200000e+04 8.736000000e+03 
1.006800000e+04 8.837000000e+03 
1.016100000e+04 8.748000000e+03 
9.865000000e+03 9.108000000e+03 
9.999000000e+03 8.846000000e+03 
1.009000000e+04 8.808000000e+03 
9.927000000e+03 8.885000000e+03 
1.028500000e+04 8.694000000e+03 
1.022100000e+04 8.718000000e+03 
1.022700000e+04 8.702000000e+03 
9.794000000e+03 9.452000000e+03 
1.018100000e+04 8.724000000e+03 
1.008300000e+04 8.835000000e+03 
9.831000000e+03 9.390000000e+03 
9.776000000e+03 9.650000000e+03 
1.029400000e+04 8.655000000e+03 
9.890000000e+03 8.993000000e+03 

9.080000000e+03 9.398000000e+03 
9.079000000e+03 9.555000000e+03 
9.325000000e+03 9.282000000e+03 
9.325000000e+03 9.282000000e+03 
9.070000000e+03 9.601000000e+03 
9.208000000e+03 9.347000000e+03 
9.069000000e+03 9.619000000e+03 

1.016500000e+04 9.552000000e+03 
1.022500000e+04 9.505000000e+03 
9.360000000e+03 1.026200000e+04 
9.347000000e+03 1.032100000e+04 
9.943000000e+03 9.657000000e+03 
9.603000000e+03 9.874000000e+03 
9.546000000e+03 1.001000000e+04 
9.715000000e+03 9.733000000e+03 
9.682000000e+03 9.802000000e+03 
1.011200000e+04 9.620000000e+03 
9.372000000e+03 1.018700000e+04 
9.412000000e+03 1.008400000e+04 
1.014300000e+04 9.602000000e+03 
1.016500000e+04 9.552000000e+03 
9.575000000e+03 9.967000000e+03 
1.025700000e+04 9.494000000e+03 
1.021600000e+04 9.507000000e+03 
1.002500000e+04 9.643000000e+03 
9.514000000e+03 1.004600000e+04 
9.275000000e+03 1.043300000e+04 

9.339000000e+03 9.805000000e+03 
9.323000000e+03 9.817000000e+03 
9.118000000e+03 1.006200000e+04 
9.643000000e+03 9.671000000e+03 
9.849000000e+03 9.660000000e+03 
9.339000000e+03 9.805000000e+03 
9.354000000e+03 9.759000000e+03 
9.292000000e+03 9.892000000e+03 
9.974000000e+03 9.523000000e+03 
9.376000000e+03 9.697000000e+03 

9.996000000e+03 9.435000000e+03 
9.493000000e+03 9.840000000e+03 
9.539000000e+03 9.792000000e+03 
1.007000000e+04 9.409000000e+03 
1.006500000e+04 9.431000000e+03 
9.557000000e+03 9.745000000e+03 
9.629000000e+03 9.536000000e+03 
9.962000000e+03 9.451000000e+03 
9.600000000e+03 9.716000000e+03 

9.420000000e+03 9.529000000e+03 
1.007600000e+04 9.004000000e+03 
9.434000000e+03 9.414000000e+03 
9.641000000e+03 9.254000000e+03 
9.768000000e+03 9.164000000e+03 
1.024800000e+04 8.985000000e+03 
9.293000000e+03 9.729000000e+03 
9.355000000e+03 9.666000000e+03 
9.584000000e+03 9.262000000e+03 
9.487000000e+03 9.403000000e+03 
9.309000000e+03 9.713000000e+03 
9.923000000e+03 9.021000000e+03 
9.504000000e+03 9.373000000e+03 
9.668000000e+03 9.214000000e+03 
9.399000000e+03 9.538000000e+03 
9.880000000e+03 9.110000000e+03 
9.501000000e+03 9.402000000e+03 

1.005300000e+04 1.009600000e+04 
1.019100000e+04 9.883000000e+03 
1.023500000e+04 9.840000000e+03 
1.010900000e+04 9.888000000e+03 
1.006100000e+04 1.003200000e+04 
1.006700000e+04 9.981000000e+03 
1.005300000e+04 1.009600000e+04 
9.960000000e+03 1.012700000e+04 
1.037400000e+04 9.788000000e+03 
1.022800000e+04 9.878000000e+03 
1.083800000e+04 9.645000000e+03 
1.027500000e+04 9.812000000e+03 
1.037500000e+04 9.755000000e+03 
1.033100000e+04 9.803000000e+03 
9.960000000e+03 1.012700000e+04 
1.041900000e+04 9.752000000e+03 
1.051600000e+04 9.666000000e+03 
1.027500000e+04 9.812000000e+03 

9.400000000e+03 9.878000000e+03 
9.296000000e+03 9.905000000e+03 
9.336000000e+03 9.893000000e+03 
9.980000000e+03 9.769000000e+03 
9.126000000e+03 1.050600000e+04 
9.112000000e+03 1.063500000e+04 
9.408000000e+03 9.876000000e+03 
9.260000000e+03 1.002400000e+04 
9.152000000e+03 1.050200000e+04 
9.242000000e+03 1.011300000e+04 
9.471000000e+03 9.812000000e+03 
9.793000000e+03 9.785000000e+03 
9.174000000e+03 1.029100000e+04 
9.243000000e+03 1.010900000e+04 
9.112000000e+03 1.063500000e+04 
9.112000000e+03 1.063500000e+04 
9.166000000e+03 1.037300000e+04 
9.729000000e+03 9.811000000e+03 
9.408000000e+03 9.876000000e+03 

9.344000000e+03 9.890000000e+03 
9.638000000e+03 9.567000000e+03 
9.838000000e+03 9.432000000e+03 
9.649000000e+03 9.551000000e+03 
9.638000000e+03 9.567000000e+03 
9.551000000e+03 9.623000000e+03 
9.452000000e+03 9.681000000e+03 
9.879000000e+03 9.419000000e+03 
9.577000000e+03 9.569000000e+03 
9.694000000e+03 9.545000000e+03 
9.560000000e+03 9.617000000e+03 
9.738000000e+03 9.523000000e+03 
1.028200000e+04 9.340000000e+03 
9.350000000e+03 9.851000000e+03 
9.744000000e+03 9.494000000e+03 
9.408000000e+03 9.772000000e+03 
9.829000000e+03 9.445000000e+03 
9.380000000e+03 9.828000000e+03 
9.413000000e+03 9.751000000e+03 
1.014400000e+04 9.341000000e+03 
9.959000000e+03 9.358000000e+03 
9.786000000e+03 9.477000000e+03 

9.059000000e+03 1.011600000e+04 
9.616000000e+03 9.976000000e+03 
8.792000000e+03 1.048000000e+04 
9.671000000e+03 9.967000000e+03 
9.026000000e+03 1.029400000e+04 
8.792000000e+03 1.048000000e+04 
9.275000000e+03 1.004500000e+04 
8.893000000e+03 1.031400000e+04 
9.033000000e+03 1.029100000e+04 
9.467000000e+03 9.981000000e+03 
8.846000000e+03 1.046000000e+04 
9.131000000e+03 1.005400000e+04 
9.616000000e+03 9.976000000e+03 
9.131000000e+03 1.005400000e+04 
9.467000000e+03 9.981000000e+03 
9.109000000e+03 1.010000000e+04 
9.722000000e+03 9.924000000e+03 
9.322000000e+03 1.000600000e+04 
9.009000000e+03 1.030800000e+04 

9.756000000e+03 9.392000000e+03 
9.940000000e+03 9.297000000e+03 
9.729000000e+03 9.465000000e+03 
9.676000000e+03 9.578000000e+03 
9.716000000e+03 9.530000000e+03 
9.714000000e+03 9.549000000e+03 
9.514000000e+03 9.885000000e+03 
9.573000000e+03 9.872000000e+03 
1.006100000e+04 9.250000000e+03 
9.578000000e+03 9.725000000e+03 
9.737000000e+03 9.446000000e+03 
9.620000000e+03 9.592000000e+03 
9.720000000e+03 9.498000000e+03 

1.039200000e+04 9.796000000e+03 
1.051300000e+04 9.654000000e+03 
1.045200000e+04 9.698000000e+03 
1.030100000e+04 9.870000000e+03 
1.043500000e+04 9.778000000e+03 
1.009100000e+04 1.015100000e+04 
1.051300000e+04 9.654000000e+03 
1.051300000e+04 9.654000000e+03 
1.028100000e+04 9.896000000e+03 
1.020400000e+04 1.004000000e+04 
1.045200000e+04 9.698000000e+03 
1.038200000e+04 9.810000000e+03 
1.012300000e+04 1.012700000e+04 
1.014800000e+04 1.011400000e+04 
1.028100000e+04 9.896000000e+03 
1.018000000e+04 1.007200000e+04 
1.036200000e+04 9.850000000e+03 
1.050100000e+04 9.696000000e+03 
1.051300000e+04 9.654000000e+03 
1.051700000e+04 9.612000000e+03 
1.020700000e+04 9.930000000e+03 
1.035200000e+04 9.857000000e+03 
1.039200000e+04 9.796000000e+03 
1.036700000e+04 9.843000000e+03 
1.044200000e+04 9.753000000e+03 

9.894000000e+03 9.974000000e+03 
9.087000000e+03 1.072100000e+04 
9.069000000e+03 1.072300000e+04 
9.869000000e+03 1.001000000e+04 
9.894000000e+03 9.974000000e+03 
9.974000000e+03 9.958000000e+03 
9.827000000e+03 1.002200000e+04 
9.236000000e+03 1.041800000e+04 
9.900000000e+03 9.961000000e+03 
1.000300000e+04 9.934000000e+03 
9.756000000e+03 1.007500000e+04 
9.274000000e+03 1.038800000e+04 
9.319000000e+03 1.019400000e+04 
9.161000000e+03 1.049200000e+04 
9.144000000e+03 1.069700000e+04 
9.733000000e+03 1.011900000e+04 
9.815000000e+03 1.004500000e+04 
9.307000000e+03 1.035900000e+04 
9.161000000e+03 1.049200000e+04 
9.298000000e+03 1.038500000e+04 
9.509000000e+03 1.013100000e+04 
9.742000000e+03 1.009900000e+04 

9.745000000e+03 8.946000000e+03 
9.266000000e+03 9.191000000e+03 
9.191000000e+03 9.261000000e+03 
9.772000000e+03 8.892000000e+03 
9.289000000e+03 9.161000000e+03 
9.213000000e+03 9.227000000e+03 
9.213000000e+03 9.227000000e+03 
9.306000000e+03 9.153000000e+03 
9.208000000e+03 9.236000000e+03 
9.313000000e+03 9.128000000e+03 
9.197000000e+03 9.252000000e+03 
9.504000000e+03 9.010000000e+03 
9.373000000e+03 9.085000000e+03 
9.116000000e+03 9.298000000e+03 
9.327000000e+03 9.101000000e+03 
9.133000000e+03 9.288000000e+03 
9.594000000e+03 8.976000000e+03 
9.116000000e+03 9.298000000e+03 

9.403000000e+03 1.036800000e+04 
9.541000000e+03 1.024800000e+04 
9.665000000e+03 1.009900000e+04 
9.383000000e+03 1.051800000e+04 
9.563000000e+03 1.012500000e+04 
9.539000000e+03 1.031200000e+04 
1.000100000e+04 1.009000000e+04 

9.449000000e+03 1.059100000e+04 
9.480000000e+03 1.047900000e+04 
9.684000000e+03 1.020100000e+04 
9.838000000e+03 9.984000000e+03 
9.982000000e+03 9.929000000e+03 
9.720000000e+03 1.020000000e+04 
9.818000000e+03 9.990000000e+03 
9.405000000e+03 1.067800000e+04 
9.585000000e+03 1.022100000e+04 
9.547000000e+03 1.035300000e+04 
9.734000000e+03 1.002700000e+04 
9.520000000e+03 1.040000000e+04 
9.406000000e+03 1.062000000e+04 
9.653000000e+03 1.020500000e+04 
9.433000000e+03 1.059200000e+04 
9.542000000e+03 1.038200000e+04 
9.812000000e+03 1.000600000e+04 

1.049100000e+04 9.485000000e+03 
1.068600000e+04 9.317000000e+03 
1.056600000e+04 9.480000000e+03 
1.098500000e+04 9.269000000e+03 
1.086300000e+04 9.297000000e+03 
1.048600000e+04 9.493000000e+03 
1.045000000e+04 9.571000000e+03 
1.063700000e+04 9.332000000e+03 
1.045800000e+04 9.558000000e+03 
1.021900000e+04 9.638000000e+03 
1.063500000e+04 9.443000000e+03 
1.086300000e+04 9.297000000e+03 
1.041300000e+04 9.631000000e+03 
1.020700000e+04 9.672000000e+03 

1.006600000e+04 9.346000000e+03 
9.702000000e+03 9.983000000e+03 
9.701000000e+03 1.011600000e+04 
1.060600000e+04 9.341000000e+03 
9.794000000e+03 9.634000000e+03 
1.002100000e+04 9.356000000e+03 
9.691000000e+03 1.014200000e+04 
9.984000000e+03 9.596000000e+03 
9.920000000e+03 9.597000000e+03 
9.987000000e+03 9.561000000e+03 
9.755000000e+03 9.764000000e+03 
9.798000000e+03 9.605000000e+03 
9.986000000e+03 9.565000000e+03 
9.998000000e+03 9.513000000e+03 
9.734000000e+03 9.876000000e+03 

9.925000000e+03 9.127000000e+03 
9.627000000e+03 9.427000000e+03 
9.811000000e+03 9.233000000e+03 
9.756000000e+03 9.269000000e+03 
9.721000000e+03 9.324000000e+03 
9.778000000e+03 9.266000000e+03 
9.891000000e+03 9.219000000e+03 
9.508000000e+03 9.559000000e+03 
9.891000000e+03 9.219000000e+03 
1.011500000e+04 9.118000000e+03 
9.541000000e+03 9.438000000e+03 
9.812000000e+03 9.223000000e+03 
9.681000000e+03 9.409000000e+03 
9.892000000e+03 9.218000000e+03 
9.474000000e+03 9.782000000e+03 

9.625000000e+03 9.836000000e+03 
9.421000000e+03 1.003100000e+04 
9.336000000e+03 1.035100000e+04 
9.641000000e+03 9.732000000e+03 
9.434000000e+03 9.972000000e+03 
9.503000000e+03 9.856000000e+03 
9.991000000e+03 9.667000000e+03 
9.628000000e+03 9.816000000e+03 
9.466000000e+03 9.894000000e+03 
9.355000000e+03 1.026100000e+04 
9.960000000e+03 9.720000000e+03 
1.005000000e+04 9.629000000e+03 
9.527000000e+03 9.847000000e+03 
1.017300000e+04 9.573000000e+03 
1.013000000e+04 9.583000000e+03 

1.000300000e+04 9.601000000e+03 
9.879000000e+03 1.000800000e+04 
9.936000000e+03 9.705000000e+03 
1.023500000e+04 9.453000000e+03 
9.956000000e+03 9.636000000e+03 
1.001100000e+04 9.581000000e+03 
1.000000000e+04 9.610000000e+03 
9.888000000e+03 9.771000000e+03 
9.906000000e+03 9.741000000e+03 
9.944000000e+03 9.658000000e+03 
9.926000000e+03 9.719000000e+03 
9.879000000e+03 1.000800000e+04 
1.013500000e+04 9.539000000e+03 
1.018900000e+04 9.526000000e+03 

9.685000000e+03 9.871000000e+03 
9.463000000e+03 1.004100000e+04 
9.332000000e+03 1.023800000e+04 
9.368000000e+03 1.014600000e+04 
9.561000000e+03 1.001900000e+04 
9.655000000e+03 9.944000000e+03 
9.784000000e+03 9.822000000e+03 
9.627000000e+03 9.975000000e+03 
9.627000000e+03 9.975000000e+03 

9.792000000e+03 9.938000000e+03 
9.875000000e+03 9.779000000e+03 
1.043300000e+04 9.611000000e+03 
9.839000000e+03 9.936000000e+03 
9.920000000e+03 9.730000000e+03 
1.039000000e+04 9.660000000e+03 
9.849000000e+03 9.924000000e+03 
9.750000000e+03 1.001600000e+04 
9.862000000e+03 9.918000000e+03 
9.723000000e+03 1.005000000e+04 
1.006000000e+04 9.674000000e+03 
9.718000000e+03 1.029000000e+04 
9.785000000e+03 9.986000000e+03 

9.442000000e+03 9.299000000e+03 
9.357000000e+03 9.630000000e+03 
9.412000000e+03 9.450000000e+03 
9.503000000e+03 9.251000000e+03 
9.406000000e+03 9.506000000e+03 
9.291000000e+03 9.794000000e+03 
9.335000000e+03 9.719000000e+03 
9.433000000e+03 9.424000000e+03 
9.716000000e+03 9.152000000e+03 
9.305000000e+03 9.727000000e+03 
9.335000000e+03 9.719000000e+03 
9.386000000e+03 9.572000000e+03 
9.716000000e+03 9.152000000e+03 
9.713000000e+03 9.238000000e+03 
9.305000000e+03 9.727000000e+03 
9.433000000e+03 9.424000000e+03 
9.603000000e+03 9.249000000e+03 

9.801000000e+03 9.304000000e+03 
1.020200000e+04 9.097000000e+03 
9.771000000e+03 9.747000000e+03 
1.038800000e+04 9.051000000e+03 
9.794000000e+03 9.654000000e+03 
1.016800000e+04 9.168000000e+03 
1.012500000e+04 9.189000000e+03 
1.022400000e+04 9.088000000e+03 
9.978000000e+03 9.240000000e+03 
1.022400000e+04 9.088000000e+03 
1.017500000e+04 9.160000000e+03 

9.700000000e+03 9.426000000e+03 
9.933000000e+03 9.204000000e+03 
9.773000000e+03 9.388000000e+03 
1.002500000e+04 9.170000000e+03 
9.875000000e+03 9.277000000e+03 
9.810000000e+03 9.373000000e+03 
9.676000000e+03 9.493000000e+03 
9.745000000e+03 9.424000000e+03 
9.868000000e+03 9.281000000e+03 

