1.159000000e+04 1.051900000e+04 
1.107000000e+04 1.087200000e+04 
1.085100000e+04 1.090600000e+04 
1.135400000e+04 1.065200000e+04 
1.047400000e+04 1.097200000e+04 
1.117800000e+04 1.086400000e+04 
1.148900000e+04 1.060300000e+04 

1.113600000e+04 1.110800000e+04 
1.097400000e+04 1.134600000e+04 
1.079100000e+04 1.181100000e+04 
1.082000000e+04 1.143900000e+04 
1.109400000e+04 1.121700000e+04 
1.106000000e+04 1.130200000e+04 
1.115000000e+04 1.103200000e+04 

1.139200000e+04 1.229800000e+04 
1.208500000e+04 1.164000000e+04 
1.134900000e+04 1.273500000e+04 
1.226400000e+04 1.159600000e+04 
1.139500000e+04 1.189400000e+04 
1.165100000e+04 1.183200000e+04 
1.138400000e+04 1.257800000e+04 
1.237500000e+04 1.143600000e+04 
1.156200000e+04 1.186500000e+04 

1.159400000e+04 1.173900000e+04 
1.144400000e+04 1.175800000e+04 
1.161200000e+04 1.149300000e+04 
1.160300000e+04 1.166600000e+04 
1.236500000e+04 1.139900000e+04 
1.211700000e+04 1.142100000e+04 
1.272500000e+04 1.139600000e+04 

1.113700000e+04 1.155000000e+04 
1.140200000e+04 1.068600000e+04 
1.145700000e+04 1.043700000e+04 
1.147900000e+04 1.043000000e+04 
1.142700000e+04 1.047700000e+04 
1.148200000e+04 1.021500000e+04 
1.141500000e+04 1.064500000e+04 
1.121300000e+04 1.088300000e+04 

1.223700000e+04 1.100100000e+04 
1.104300000e+04 1.123200000e+04 
1.161500000e+04 1.100400000e+04 
1.129000000e+04 1.122500000e+04 

1.124100000e+04 1.133600000e+04 
1.147500000e+04 1.130000000e+04 
1.158100000e+04 1.120200000e+04 
1.100900000e+04 1.147800000e+04 
1.105900000e+04 1.143200000e+04 
1.092400000e+04 1.215000000e+04 
1.162500000e+04 1.107400000e+04 
1.081200000e+04 1.222800000e+04 
1.143400000e+04 1.133400000e+04 
1.173700000e+04 1.104000000e+04 
1.149700000e+04 1.128200000e+04 
1.096700000e+04 1.161400000e+04 

1.122700000e+04 1.202000000e+04 
1.161800000e+04 1.154500000e+04 
1.102400000e+04 1.230900000e+04 
1.169100000e+04 1.141600000e+04 
1.129700000e+04 1.165600000e+04 
1.105400000e+04 1.208800000e+04 

1.148900000e+04 1.145400000e+04 
1.175000000e+04 1.103200000e+04 
1.151400000e+04 1.130800000e+04 
1.170600000e+04 1.129000000e+04 
1.172700000e+04 1.127100000e+04 

1.136800000e+04 1.090900000e+04 
1.128200000e+04 1.117900000e+04 
1.136300000e+04 1.101000000e+04 
1.128800000e+04 1.106900000e+04 
1.167200000e+04 1.086600000e+04 
1.096900000e+04 1.123100000e+04 
1.207100000e+04 1.061500000e+04 
1.175400000e+04 1.062100000e+04 

1.164100000e+04 1.153400000e+04 
1.135600000e+04 1.172900000e+04 
1.195100000e+04 1.122200000e+04 
1.120500000e+04 1.179200000e+04 
1.190500000e+04 1.128200000e+04 
1.159100000e+04 1.160700000e+04 
1.192900000e+04 1.126300000e+04 
1.157700000e+04 1.165800000e+04 
1.174000000e+04 1.135900000e+04 
1.206000000e+04 1.110500000e+04 
1.175400000e+04 1.133200000e+04 

1.106500000e+04 1.120000000e+04 
1.091000000e+04 1.134300000e+04 
1.158100000e+04 1.105100000e+04 
1.084400000e+04 1.207000000e+04 
1.138000000e+04 1.110500000e+04 
1.100900000e+04 1.131000000e+04 
1.088100000e+04 1.184900000e+04 
1.104900000e+04 1.130400000e+04 
1.089900000e+04 1.155700000e+04 

1.132100000e+04 1.127900000e+04 
1.130800000e+04 1.142500000e+04 
1.141500000e+04 1.073100000e+04 
1.127000000e+04 1.157200000e+04 
1.115500000e+04 1.169600000e+04 

1.070000000e+04 1.223200000e+04 
1.114600000e+04 1.165000000e+04 
1.071500000e+04 1.218700000e+04 
1.077400000e+04 1.184000000e+04 
1.140600000e+04 1.162100000e+04 
1.039700000e+04 1.230500000e+04 
1.095000000e+04 1.166300000e+04 

1.204700000e+04 1.101300000e+04 
1.117200000e+04 1.189300000e+04 
1.144400000e+04 1.114500000e+04 
1.130300000e+04 1.137000000e+04 
1.173000000e+04 1.110000000e+04 
1.173700000e+04 1.108800000e+04 

1.169600000e+04 1.155200000e+04 
1.161600000e+04 1.169700000e+04 
1.146000000e+04 1.207600000e+04 
1.160500000e+04 1.183000000e+04 
1.177700000e+04 1.151600000e+04 
1.161000000e+04 1.182100000e+04 
1.188400000e+04 1.120500000e+04 
1.181900000e+04 1.144000000e+04 
1.154600000e+04 1.204400000e+04 

1.112000000e+04 1.187900000e+04 
1.121900000e+04 1.182600000e+04 
1.126600000e+04 1.178400000e+04 
1.088700000e+04 1.207300000e+04 
1.154100000e+04 1.157600000e+04 
1.176300000e+04 1.149100000e+04 

1.087700000e+04 1.098900000e+04 
1.099900000e+04 1.079000000e+04 
1.121000000e+04 1.071200000e+04 
1.103600000e+04 1.073400000e+04 

1.140500000e+04 1.207700000e+04 
1.159800000e+04 1.195300000e+04 
1.196000000e+04 1.154900000e+04 
1.132200000e+04 1.282200000e+04 
1.163200000e+04 1.175200000e+04 
1.171800000e+04 1.171400000e+04 
1.155900000e+04 1.198300000e+04 

1.224800000e+04 1.166900000e+04 
1.105800000e+04 1.230000000e+04 
1.198900000e+04 1.187400000e+04 
1.195600000e+04 1.191700000e+04 
1.147500000e+04 1.193500000e+04 
1.094500000e+04 1.231200000e+04 
1.114000000e+04 1.196100000e+04 
1.111300000e+04 1.229000000e+04 
1.070400000e+04 1.260000000e+04 

1.210200000e+04 1.162300000e+04 
1.220100000e+04 1.119900000e+04 
1.201600000e+04 1.167000000e+04 
1.257000000e+04 1.117200000e+04 
1.261800000e+04 1.094400000e+04 
1.215400000e+04 1.133900000e+04 
1.219100000e+04 1.120600000e+04 
1.215600000e+04 1.128500000e+04 

1.147200000e+04 1.111200000e+04 
1.129300000e+04 1.188800000e+04 
1.138400000e+04 1.117100000e+04 
1.136200000e+04 1.180300000e+04 
1.186300000e+04 1.086200000e+04 

1.187300000e+04 1.088400000e+04 
1.148800000e+04 1.109400000e+04 
1.174200000e+04 1.102000000e+04 
1.169200000e+04 1.103900000e+04 
1.191600000e+04 1.081500000e+04 
1.134400000e+04 1.111700000e+04 
1.185800000e+04 1.092000000e+04 

1.099600000e+04 1.151600000e+04 
1.106000000e+04 1.123100000e+04 
1.072700000e+04 1.248700000e+04 
1.084800000e+04 1.189700000e+04 
1.094600000e+04 1.178500000e+04 
1.096600000e+04 1.160900000e+04 

1.228200000e+04 1.132800000e+04 
1.225100000e+04 1.132900000e+04 
1.194600000e+04 1.170200000e+04 
1.193300000e+04 1.200200000e+04 
1.199000000e+04 1.152100000e+04 
1.283100000e+04 1.106300000e+04 
1.235300000e+04 1.116700000e+04 
1.191100000e+04 1.200300000e+04 
1.193300000e+04 1.200200000e+04 
1.194300000e+04 1.197100000e+04 
1.220500000e+04 1.134500000e+04 
1.233700000e+04 1.122700000e+04 
1.209800000e+04 1.137400000e+04 

1.140000000e+04 1.176000000e+04 
1.202500000e+04 1.155400000e+04 
1.130400000e+04 1.176100000e+04 
1.101500000e+04 1.200100000e+04 
1.127100000e+04 1.178200000e+04 
1.147300000e+04 1.158700000e+04 
1.113300000e+04 1.187400000e+04 

1.143500000e+04 1.166900000e+04 
1.177700000e+04 1.140300000e+04 
1.146000000e+04 1.164200000e+04 
1.141300000e+04 1.177500000e+04 
1.176000000e+04 1.146200000e+04 
1.155300000e+04 1.158600000e+04 
1.159100000e+04 1.146300000e+04 
1.187400000e+04 1.127200000e+04 
1.142200000e+04 1.177400000e+04 
1.177200000e+04 1.143000000e+04 
1.148200000e+04 1.163300000e+04 

1.124300000e+04 1.140800000e+04 
1.133000000e+04 1.124300000e+04 
1.110600000e+04 1.178400000e+04 
1.135300000e+04 1.090200000e+04 

1.177700000e+04 1.084800000e+04 
1.156500000e+04 1.129200000e+04 
1.122800000e+04 1.174900000e+04 
1.144200000e+04 1.151000000e+04 
1.144200000e+04 1.151000000e+04 
1.156700000e+04 1.105400000e+04 
1.145000000e+04 1.141800000e+04 
1.178100000e+04 1.083500000e+04 
1.149700000e+04 1.131100000e+04 

1.152500000e+04 1.136800000e+04 
1.153800000e+04 1.097900000e+04 
1.129600000e+04 1.167600000e+04 
1.124500000e+04 1.191000000e+04 
1.153500000e+04 1.114700000e+04 
1.133700000e+04 1.138600000e+04 

