9.872000000e+03 8.706000000e+03 
9.856000000e+03 8.720000000e+03 
9.147000000e+03 9.019000000e+03 
9.381000000e+03 8.831000000e+03 
9.106000000e+03 9.057000000e+03 
1.001100000e+04 8.691000000e+03 
9.218000000e+03 8.991000000e+03 
9.731000000e+03 8.734000000e+03 
9.177000000e+03 9.000000000e+03 
9.607000000e+03 8.745000000e+03 
9.102000000e+03 9.085000000e+03 
9.252000000e+03 8.894000000e+03 
9.396000000e+03 8.812000000e+03 
9.907000000e+03 8.699000000e+03 
9.102000000e+03 9.085000000e+03 
9.218000000e+03 8.991000000e+03 
9.218000000e+03 8.991000000e+03 
9.106000000e+03 9.057000000e+03 
9.177000000e+03 9.000000000e+03 
9.579000000e+03 8.805000000e+03 
9.080000000e+03 9.117000000e+03 
9.762000000e+03 8.721000000e+03 
9.080000000e+03 9.117000000e+03 
8.954000000e+03 9.156000000e+03 
9.177000000e+03 9.000000000e+03 
9.396000000e+03 8.812000000e+03 
9.147000000e+03 9.019000000e+03 
8.954000000e+03 9.156000000e+03 
9.231000000e+03 8.962000000e+03 
9.136000000e+03 9.052000000e+03 
9.082000000e+03 9.100000000e+03 
9.219000000e+03 8.990000000e+03 
8.970000000e+03 9.131000000e+03 
9.092000000e+03 9.086000000e+03 

9.002000000e+03 9.252000000e+03 
8.686000000e+03 9.909000000e+03 
9.770000000e+03 8.913000000e+03 
8.800000000e+03 9.673000000e+03 
9.294000000e+03 9.048000000e+03 
8.944000000e+03 9.293000000e+03 
8.879000000e+03 9.358000000e+03 
9.508000000e+03 8.977000000e+03 
9.344000000e+03 9.012000000e+03 
8.722000000e+03 9.792000000e+03 
8.738000000e+03 9.754000000e+03 
9.034000000e+03 9.209000000e+03 
8.944000000e+03 9.293000000e+03 
8.805000000e+03 9.476000000e+03 
8.688000000e+03 9.842000000e+03 
9.344000000e+03 9.012000000e+03 
8.751000000e+03 9.719000000e+03 
9.520000000e+03 8.967000000e+03 
9.146000000e+03 9.109000000e+03 
9.082000000e+03 9.169000000e+03 
9.381000000e+03 8.999000000e+03 
8.975000000e+03 9.270000000e+03 
8.887000000e+03 9.310000000e+03 
9.242000000e+03 9.072000000e+03 
8.724000000e+03 9.766000000e+03 
9.770000000e+03 8.913000000e+03 
8.806000000e+03 9.442000000e+03 
8.688000000e+03 9.842000000e+03 
8.864000000e+03 9.418000000e+03 
9.114000000e+03 9.164000000e+03 

9.184000000e+03 9.544000000e+03 
9.338000000e+03 9.422000000e+03 
9.403000000e+03 9.356000000e+03 
9.647000000e+03 9.310000000e+03 
9.128000000e+03 9.579000000e+03 
9.410000000e+03 9.336000000e+03 
9.091000000e+03 9.701000000e+03 
9.242000000e+03 9.485000000e+03 
9.192000000e+03 9.486000000e+03 
9.256000000e+03 9.443000000e+03 
9.108000000e+03 9.661000000e+03 
9.346000000e+03 9.413000000e+03 
9.172000000e+03 9.568000000e+03 
9.668000000e+03 9.266000000e+03 
9.289000000e+03 9.436000000e+03 
9.073000000e+03 9.807000000e+03 
9.108000000e+03 9.661000000e+03 

1.024100000e+04 9.597000000e+03 
9.867000000e+03 9.807000000e+03 
9.726000000e+03 1.000500000e+04 
9.890000000e+03 9.754000000e+03 
9.640000000e+03 1.029600000e+04 
1.027000000e+04 9.585000000e+03 
1.024100000e+04 9.597000000e+03 
1.024100000e+04 9.597000000e+03 
9.664000000e+03 1.024100000e+04 
9.636000000e+03 1.032600000e+04 
9.659000000e+03 1.027300000e+04 
1.024100000e+04 9.597000000e+03 
9.615000000e+03 1.052900000e+04 
1.027000000e+04 9.585000000e+03 
1.012700000e+04 9.607000000e+03 
9.964000000e+03 9.680000000e+03 
1.006200000e+04 9.638000000e+03 
1.024100000e+04 9.597000000e+03 
1.027000000e+04 9.585000000e+03 
1.027900000e+04 9.538000000e+03 
1.029500000e+04 9.518000000e+03 
9.795000000e+03 9.945000000e+03 
9.627000000e+03 1.050100000e+04 
9.700000000e+03 1.014200000e+04 
1.013800000e+04 9.605000000e+03 
9.692000000e+03 1.014600000e+04 
9.949000000e+03 9.741000000e+03 
9.715000000e+03 1.012900000e+04 
9.676000000e+03 1.016800000e+04 
1.003700000e+04 9.664000000e+03 
9.823000000e+03 9.913000000e+03 

1.004800000e+04 8.390000000e+03 
9.836000000e+03 8.498000000e+03 
9.913000000e+03 8.424000000e+03 
9.456000000e+03 8.868000000e+03 
9.985000000e+03 8.393000000e+03 
9.788000000e+03 8.530000000e+03 
9.859000000e+03 8.494000000e+03 
9.882000000e+03 8.472000000e+03 
9.830000000e+03 8.513000000e+03 
9.836000000e+03 8.498000000e+03 
9.578000000e+03 8.687000000e+03 
9.421000000e+03 8.884000000e+03 
9.489000000e+03 8.794000000e+03 
9.984000000e+03 8.419000000e+03 
9.585000000e+03 8.602000000e+03 
1.006200000e+04 8.383000000e+03 
1.006200000e+04 8.383000000e+03 
9.898000000e+03 8.465000000e+03 
9.812000000e+03 8.522000000e+03 
9.551000000e+03 8.717000000e+03 
9.397000000e+03 8.958000000e+03 
9.735000000e+03 8.547000000e+03 
1.007800000e+04 8.345000000e+03 
9.452000000e+03 8.877000000e+03 
9.340000000e+03 8.975000000e+03 
9.836000000e+03 8.498000000e+03 
9.317000000e+03 9.297000000e+03 
9.446000000e+03 8.878000000e+03 
9.330000000e+03 9.151000000e+03 
9.499000000e+03 8.749000000e+03 
9.698000000e+03 8.598000000e+03 
9.564000000e+03 8.701000000e+03 
9.528000000e+03 8.731000000e+03 
9.773000000e+03 8.544000000e+03 
9.735000000e+03 8.547000000e+03 
9.702000000e+03 8.587000000e+03 
9.913000000e+03 8.424000000e+03 
9.512000000e+03 8.742000000e+03 
9.485000000e+03 8.831000000e+03 
9.421000000e+03 8.884000000e+03 
9.497000000e+03 8.781000000e+03 
1.012300000e+04 8.320000000e+03 

8.895000000e+03 8.780000000e+03 
8.506000000e+03 9.436000000e+03 
8.574000000e+03 9.122000000e+03 
8.934000000e+03 8.736000000e+03 
8.535000000e+03 9.244000000e+03 
8.931000000e+03 8.775000000e+03 
8.766000000e+03 8.956000000e+03 
8.975000000e+03 8.703000000e+03 
8.782000000e+03 8.936000000e+03 
8.840000000e+03 8.822000000e+03 
8.609000000e+03 8.965000000e+03 
8.793000000e+03 8.885000000e+03 

8.946000000e+03 9.569000000e+03 
9.288000000e+03 9.234000000e+03 
9.242000000e+03 9.279000000e+03 
9.234000000e+03 9.324000000e+03 
9.242000000e+03 9.279000000e+03 
9.165000000e+03 9.379000000e+03 
9.554000000e+03 9.098000000e+03 
9.009000000e+03 9.433000000e+03 
9.319000000e+03 9.170000000e+03 
9.214000000e+03 9.354000000e+03 
9.599000000e+03 9.089000000e+03 
9.194000000e+03 9.376000000e+03 
9.214000000e+03 9.354000000e+03 
9.211000000e+03 9.358000000e+03 
9.376000000e+03 9.164000000e+03 
9.389000000e+03 9.152000000e+03 
9.627000000e+03 8.987000000e+03 
8.885000000e+03 9.597000000e+03 
9.211000000e+03 9.358000000e+03 
9.459000000e+03 9.124000000e+03 
8.926000000e+03 9.587000000e+03 
8.956000000e+03 9.519000000e+03 
9.194000000e+03 9.376000000e+03 
9.624000000e+03 9.050000000e+03 
9.794000000e+03 8.986000000e+03 
8.851000000e+03 9.664000000e+03 

8.691000000e+03 9.741000000e+03 
8.756000000e+03 9.419000000e+03 
8.937000000e+03 9.331000000e+03 
9.594000000e+03 9.042000000e+03 
8.864000000e+03 9.382000000e+03 
8.961000000e+03 9.253000000e+03 
9.350000000e+03 9.060000000e+03 
8.691000000e+03 9.741000000e+03 
8.755000000e+03 9.480000000e+03 
8.742000000e+03 9.512000000e+03 
8.742000000e+03 9.512000000e+03 
8.691000000e+03 9.741000000e+03 
8.732000000e+03 9.524000000e+03 
9.078000000e+03 9.188000000e+03 
8.857000000e+03 9.387000000e+03 
8.702000000e+03 9.585000000e+03 
9.078000000e+03 9.188000000e+03 
8.691000000e+03 9.741000000e+03 
8.956000000e+03 9.300000000e+03 
8.755000000e+03 9.480000000e+03 
8.691000000e+03 9.741000000e+03 
9.175000000e+03 9.136000000e+03 
8.644000000e+03 9.781000000e+03 
8.874000000e+03 9.374000000e+03 
8.742000000e+03 9.512000000e+03 
9.133000000e+03 9.150000000e+03 
9.044000000e+03 9.192000000e+03 
9.078000000e+03 9.188000000e+03 
8.864000000e+03 9.382000000e+03 
8.903000000e+03 9.358000000e+03 
8.930000000e+03 9.336000000e+03 
9.332000000e+03 9.103000000e+03 

9.228000000e+03 9.312000000e+03 
9.083000000e+03 9.484000000e+03 
9.073000000e+03 9.629000000e+03 
9.713000000e+03 9.008000000e+03 
9.074000000e+03 9.622000000e+03 
9.482000000e+03 9.056000000e+03 
9.155000000e+03 9.449000000e+03 
9.342000000e+03 9.182000000e+03 
9.083000000e+03 9.484000000e+03 
9.083000000e+03 9.484000000e+03 
9.159000000e+03 9.442000000e+03 
9.630000000e+03 9.036000000e+03 
9.228000000e+03 9.312000000e+03 
9.160000000e+03 9.349000000e+03 
9.122000000e+03 9.454000000e+03 
9.228000000e+03 9.312000000e+03 
9.160000000e+03 9.349000000e+03 
9.756000000e+03 9.007000000e+03 
9.773000000e+03 8.945000000e+03 
9.246000000e+03 9.233000000e+03 
9.243000000e+03 9.271000000e+03 
9.122000000e+03 9.454000000e+03 
9.773000000e+03 8.945000000e+03 
9.707000000e+03 9.024000000e+03 
9.054000000e+03 9.632000000e+03 
9.415000000e+03 9.073000000e+03 
9.385000000e+03 9.163000000e+03 
9.773000000e+03 8.945000000e+03 
9.410000000e+03 9.122000000e+03 
9.397000000e+03 9.129000000e+03 
9.228000000e+03 9.312000000e+03 

8.858000000e+03 9.230000000e+03 
9.040000000e+03 8.855000000e+03 
8.923000000e+03 8.899000000e+03 
9.076000000e+03 8.812000000e+03 
9.339000000e+03 8.642000000e+03 
8.796000000e+03 9.249000000e+03 
8.923000000e+03 8.899000000e+03 
9.399000000e+03 8.594000000e+03 
9.522000000e+03 8.571000000e+03 
8.833000000e+03 9.232000000e+03 
8.858000000e+03 9.230000000e+03 
8.883000000e+03 9.178000000e+03 
9.533000000e+03 8.550000000e+03 
8.858000000e+03 9.230000000e+03 
9.274000000e+03 8.713000000e+03 
8.810000000e+03 9.237000000e+03 
9.208000000e+03 8.723000000e+03 
9.196000000e+03 8.745000000e+03 
9.138000000e+03 8.754000000e+03 
8.861000000e+03 9.225000000e+03 
8.899000000e+03 9.111000000e+03 

9.660000000e+03 9.495000000e+03 
9.978000000e+03 9.215000000e+03 
9.492000000e+03 9.761000000e+03 
9.714000000e+03 9.488000000e+03 
1.023600000e+04 9.153000000e+03 
9.365000000e+03 1.006000000e+04 
9.778000000e+03 9.434000000e+03 
9.814000000e+03 9.406000000e+03 
9.612000000e+03 9.508000000e+03 
9.608000000e+03 9.629000000e+03 
9.525000000e+03 9.668000000e+03 
9.453000000e+03 9.905000000e+03 
1.023500000e+04 9.202000000e+03 
9.458000000e+03 9.897000000e+03 
9.459000000e+03 9.887000000e+03 
9.410000000e+03 1.004100000e+04 
9.460000000e+03 9.822000000e+03 
9.492000000e+03 9.761000000e+03 
9.677000000e+03 9.492000000e+03 
1.028500000e+04 9.148000000e+03 
9.814000000e+03 9.406000000e+03 
9.451000000e+03 1.001600000e+04 
9.778000000e+03 9.434000000e+03 
9.778000000e+03 9.434000000e+03 
9.801000000e+03 9.422000000e+03 
9.660000000e+03 9.495000000e+03 
9.937000000e+03 9.277000000e+03 
9.467000000e+03 9.781000000e+03 
9.492000000e+03 9.761000000e+03 
9.817000000e+03 9.301000000e+03 
9.730000000e+03 9.443000000e+03 

8.898000000e+03 9.414000000e+03 
8.744000000e+03 9.582000000e+03 
8.928000000e+03 9.380000000e+03 
8.770000000e+03 9.519000000e+03 
8.506000000e+03 1.016200000e+04 
8.650000000e+03 9.657000000e+03 
8.790000000e+03 9.495000000e+03 
8.561000000e+03 9.815000000e+03 
8.495000000e+03 1.019800000e+04 
8.512000000e+03 9.949000000e+03 
8.531000000e+03 9.941000000e+03 
8.781000000e+03 9.498000000e+03 
8.913000000e+03 9.413000000e+03 
8.638000000e+03 9.765000000e+03 
9.128000000e+03 9.339000000e+03 
9.231000000e+03 9.300000000e+03 
8.464000000e+03 1.021700000e+04 
8.506000000e+03 1.016200000e+04 
8.741000000e+03 9.596000000e+03 
8.506000000e+03 1.016200000e+04 
8.495000000e+03 1.019800000e+04 
8.791000000e+03 9.427000000e+03 
9.151000000e+03 9.333000000e+03 
8.691000000e+03 9.613000000e+03 
8.894000000e+03 9.423000000e+03 
8.985000000e+03 9.359000000e+03 

9.210000000e+03 8.908000000e+03 
9.073000000e+03 8.983000000e+03 
9.313000000e+03 8.840000000e+03 
8.995000000e+03 9.066000000e+03 
9.093000000e+03 8.973000000e+03 
9.122000000e+03 8.924000000e+03 
8.987000000e+03 9.138000000e+03 
8.969000000e+03 9.254000000e+03 
8.912000000e+03 9.325000000e+03 
9.029000000e+03 9.020000000e+03 
9.616000000e+03 8.817000000e+03 
9.135000000e+03 8.909000000e+03 
9.084000000e+03 8.981000000e+03 

8.852000000e+03 9.504000000e+03 
8.792000000e+03 9.526000000e+03 
8.792000000e+03 9.526000000e+03 
8.710000000e+03 9.609000000e+03 
8.484000000e+03 9.834000000e+03 
8.462000000e+03 9.839000000e+03 
8.905000000e+03 9.475000000e+03 
8.792000000e+03 9.526000000e+03 
8.792000000e+03 9.526000000e+03 
8.523000000e+03 9.667000000e+03 
8.364000000e+03 9.929000000e+03 
8.649000000e+03 9.610000000e+03 
8.767000000e+03 9.607000000e+03 
8.398000000e+03 9.863000000e+03 
8.586000000e+03 9.615000000e+03 
8.470000000e+03 9.835000000e+03 
8.586000000e+03 9.615000000e+03 
8.317000000e+03 1.032600000e+04 
8.374000000e+03 9.916000000e+03 
8.792000000e+03 9.526000000e+03 
8.486000000e+03 9.694000000e+03 
8.852000000e+03 9.504000000e+03 
8.838000000e+03 9.519000000e+03 
8.865000000e+03 9.486000000e+03 
8.322000000e+03 9.971000000e+03 

9.091000000e+03 9.164000000e+03 
9.258000000e+03 8.971000000e+03 
9.370000000e+03 8.886000000e+03 
9.711000000e+03 8.801000000e+03 
9.157000000e+03 9.060000000e+03 
9.327000000e+03 8.952000000e+03 
9.356000000e+03 8.922000000e+03 
9.356000000e+03 8.922000000e+03 
9.348000000e+03 8.946000000e+03 
9.099000000e+03 9.131000000e+03 
9.201000000e+03 8.984000000e+03 
9.501000000e+03 8.835000000e+03 
9.356000000e+03 8.922000000e+03 
9.356000000e+03 8.922000000e+03 
9.356000000e+03 8.922000000e+03 
9.188000000e+03 9.011000000e+03 
9.135000000e+03 9.062000000e+03 
9.348000000e+03 8.946000000e+03 
9.168000000e+03 9.025000000e+03 
9.539000000e+03 8.818000000e+03 

1.000300000e+04 9.271000000e+03 
9.488000000e+03 9.960000000e+03 
9.598000000e+03 9.460000000e+03 
1.000400000e+04 9.263000000e+03 
9.936000000e+03 9.277000000e+03 
9.598000000e+03 9.460000000e+03 
1.023900000e+04 9.061000000e+03 
1.013500000e+04 9.077000000e+03 
9.499000000e+03 9.922000000e+03 
9.873000000e+03 9.320000000e+03 
9.598000000e+03 9.460000000e+03 
9.547000000e+03 9.645000000e+03 
9.459000000e+03 1.000300000e+04 
9.447000000e+03 1.002200000e+04 
1.003100000e+04 9.169000000e+03 
9.613000000e+03 9.445000000e+03 
9.873000000e+03 9.320000000e+03 
1.013500000e+04 9.077000000e+03 
1.007900000e+04 9.152000000e+03 
9.598000000e+03 9.460000000e+03 
1.003000000e+04 9.247000000e+03 
9.894000000e+03 9.302000000e+03 
9.921000000e+03 9.300000000e+03 
1.001800000e+04 9.255000000e+03 
9.613000000e+03 9.445000000e+03 
9.706000000e+03 9.341000000e+03 

8.749000000e+03 1.023500000e+04 
9.038000000e+03 9.946000000e+03 
9.116000000e+03 9.788000000e+03 
8.935000000e+03 1.001100000e+04 
8.869000000e+03 1.002900000e+04 
8.845000000e+03 1.016100000e+04 
9.134000000e+03 9.778000000e+03 
9.380000000e+03 9.638000000e+03 
8.812000000e+03 1.019600000e+04 
8.811000000e+03 1.021400000e+04 
9.706000000e+03 9.555000000e+03 
9.104000000e+03 9.864000000e+03 
9.001000000e+03 9.985000000e+03 
8.843000000e+03 1.017000000e+04 
8.812000000e+03 1.019600000e+04 
9.261000000e+03 9.704000000e+03 
9.727000000e+03 9.512000000e+03 
9.813000000e+03 9.486000000e+03 
8.843000000e+03 1.017000000e+04 
8.966000000e+03 1.000900000e+04 
8.869000000e+03 1.002900000e+04 
9.706000000e+03 9.555000000e+03 
9.912000000e+03 9.423000000e+03 
9.101000000e+03 9.873000000e+03 
9.369000000e+03 9.676000000e+03 
9.898000000e+03 9.424000000e+03 
9.830000000e+03 9.481000000e+03 
9.072000000e+03 9.942000000e+03 
9.442000000e+03 9.625000000e+03 
9.494000000e+03 9.570000000e+03 

9.200000000e+03 8.346000000e+03 
8.595000000e+03 8.803000000e+03 
9.201000000e+03 8.341000000e+03 
9.166000000e+03 8.361000000e+03 
8.687000000e+03 8.615000000e+03 
9.194000000e+03 8.347000000e+03 
8.637000000e+03 8.695000000e+03 
9.184000000e+03 8.351000000e+03 
8.650000000e+03 8.694000000e+03 
8.829000000e+03 8.570000000e+03 
9.289000000e+03 8.318000000e+03 
8.865000000e+03 8.515000000e+03 
8.953000000e+03 8.396000000e+03 
8.515000000e+03 8.876000000e+03 
8.840000000e+03 8.558000000e+03 
8.687000000e+03 8.615000000e+03 
8.892000000e+03 8.437000000e+03 
9.281000000e+03 8.324000000e+03 
9.091000000e+03 8.366000000e+03 
8.487000000e+03 8.944000000e+03 
8.622000000e+03 8.763000000e+03 
8.585000000e+03 8.852000000e+03 
9.066000000e+03 8.385000000e+03 
8.486000000e+03 8.954000000e+03 
8.489000000e+03 8.941000000e+03 

8.953000000e+03 1.015200000e+04 
9.200000000e+03 9.645000000e+03 
9.475000000e+03 9.454000000e+03 
8.979000000e+03 9.865000000e+03 
9.223000000e+03 9.598000000e+03 
9.328000000e+03 9.572000000e+03 
9.435000000e+03 9.466000000e+03 
8.872000000e+03 1.018500000e+04 
9.547000000e+03 9.441000000e+03 
8.749000000e+03 1.025200000e+04 
9.547000000e+03 9.441000000e+03 
8.960000000e+03 9.987000000e+03 
9.086000000e+03 9.716000000e+03 
9.260000000e+03 9.586000000e+03 
8.933000000e+03 1.018300000e+04 
9.169000000e+03 9.669000000e+03 
9.148000000e+03 9.681000000e+03 
9.346000000e+03 9.500000000e+03 
8.865000000e+03 1.023300000e+04 
8.933000000e+03 1.018300000e+04 
9.022000000e+03 9.814000000e+03 

9.210000000e+03 9.602000000e+03 
9.273000000e+03 9.547000000e+03 
9.088000000e+03 9.740000000e+03 
9.392000000e+03 9.539000000e+03 
8.956000000e+03 1.019300000e+04 
9.010000000e+03 9.875000000e+03 
9.073000000e+03 9.776000000e+03 
9.265000000e+03 9.591000000e+03 
9.210000000e+03 9.602000000e+03 
9.273000000e+03 9.547000000e+03 
8.997000000e+03 9.989000000e+03 
9.210000000e+03 9.602000000e+03 
9.210000000e+03 9.602000000e+03 
9.041000000e+03 9.812000000e+03 
9.409000000e+03 9.535000000e+03 
9.091000000e+03 9.704000000e+03 
8.997000000e+03 9.989000000e+03 
9.273000000e+03 9.547000000e+03 
8.994000000e+03 1.007800000e+04 
9.124000000e+03 9.701000000e+03 
9.415000000e+03 9.447000000e+03 
8.943000000e+03 1.048900000e+04 
9.149000000e+03 9.617000000e+03 
9.210000000e+03 9.602000000e+03 

1.019000000e+04 8.876000000e+03 
9.997000000e+03 8.943000000e+03 
9.870000000e+03 9.183000000e+03 
1.035200000e+04 8.848000000e+03 
9.960000000e+03 9.069000000e+03 
9.832000000e+03 9.250000000e+03 
9.870000000e+03 9.183000000e+03 
9.908000000e+03 9.142000000e+03 
9.977000000e+03 9.001000000e+03 
9.946000000e+03 9.115000000e+03 
9.623000000e+03 9.267000000e+03 
1.031700000e+04 8.861000000e+03 

9.590000000e+03 9.033000000e+03 
9.719000000e+03 8.982000000e+03 
9.324000000e+03 9.459000000e+03 
9.327000000e+03 9.453000000e+03 
9.262000000e+03 9.547000000e+03 
9.769000000e+03 8.945000000e+03 
9.328000000e+03 9.159000000e+03 
9.810000000e+03 8.910000000e+03 
9.571000000e+03 9.069000000e+03 
9.568000000e+03 9.081000000e+03 
9.319000000e+03 9.468000000e+03 
9.244000000e+03 9.600000000e+03 
9.495000000e+03 9.116000000e+03 
9.520000000e+03 9.084000000e+03 
9.411000000e+03 9.131000000e+03 
9.608000000e+03 8.990000000e+03 

8.889000000e+03 9.150000000e+03 
8.889000000e+03 9.150000000e+03 
9.534000000e+03 8.550000000e+03 
9.578000000e+03 8.535000000e+03 
9.477000000e+03 8.566000000e+03 
8.980000000e+03 8.993000000e+03 
8.980000000e+03 8.993000000e+03 
9.403000000e+03 8.635000000e+03 
9.786000000e+03 8.480000000e+03 
8.895000000e+03 9.024000000e+03 
8.895000000e+03 9.024000000e+03 
9.108000000e+03 8.851000000e+03 
8.980000000e+03 8.993000000e+03 
9.119000000e+03 8.848000000e+03 
9.410000000e+03 8.580000000e+03 
8.993000000e+03 8.951000000e+03 
9.775000000e+03 8.485000000e+03 
9.144000000e+03 8.812000000e+03 
9.786000000e+03 8.480000000e+03 
9.040000000e+03 8.886000000e+03 
9.754000000e+03 8.492000000e+03 
9.588000000e+03 8.499000000e+03 
8.895000000e+03 9.024000000e+03 
9.237000000e+03 8.636000000e+03 
8.951000000e+03 9.002000000e+03 
9.786000000e+03 8.480000000e+03 
9.572000000e+03 8.549000000e+03 
9.175000000e+03 8.788000000e+03 
8.895000000e+03 9.024000000e+03 
9.214000000e+03 8.694000000e+03 
9.754000000e+03 8.492000000e+03 
8.988000000e+03 8.979000000e+03 
8.983000000e+03 8.992000000e+03 

8.949000000e+03 9.807000000e+03 
9.423000000e+03 9.271000000e+03 
8.949000000e+03 9.807000000e+03 
8.896000000e+03 9.854000000e+03 
9.564000000e+03 9.234000000e+03 
9.425000000e+03 9.261000000e+03 
9.362000000e+03 9.323000000e+03 
9.564000000e+03 9.234000000e+03 
8.981000000e+03 9.753000000e+03 
9.161000000e+03 9.443000000e+03 
9.046000000e+03 9.697000000e+03 
9.202000000e+03 9.410000000e+03 
8.946000000e+03 9.832000000e+03 
8.949000000e+03 9.807000000e+03 
9.043000000e+03 9.716000000e+03 
9.363000000e+03 9.309000000e+03 
9.018000000e+03 9.746000000e+03 
9.055000000e+03 9.686000000e+03 
9.055000000e+03 9.686000000e+03 
8.967000000e+03 9.770000000e+03 
9.055000000e+03 9.686000000e+03 
9.182000000e+03 9.425000000e+03 
9.839000000e+03 8.998000000e+03 
8.981000000e+03 9.753000000e+03 
9.925000000e+03 8.982000000e+03 
9.740000000e+03 9.064000000e+03 
9.572000000e+03 9.107000000e+03 
9.071000000e+03 9.471000000e+03 
9.369000000e+03 9.307000000e+03 
9.043000000e+03 9.716000000e+03 
9.022000000e+03 9.744000000e+03 
8.931000000e+03 9.852000000e+03 
9.499000000e+03 9.243000000e+03 
9.205000000e+03 9.325000000e+03 
9.741000000e+03 9.063000000e+03 

9.918000000e+03 9.029000000e+03 
9.389000000e+03 9.383000000e+03 
9.439000000e+03 9.300000000e+03 
9.918000000e+03 9.029000000e+03 
9.599000000e+03 9.126000000e+03 
9.458000000e+03 9.232000000e+03 
9.564000000e+03 9.207000000e+03 
9.776000000e+03 9.064000000e+03 
9.547000000e+03 9.210000000e+03 
9.402000000e+03 9.347000000e+03 
9.974000000e+03 9.012000000e+03 
9.402000000e+03 9.347000000e+03 
9.865000000e+03 9.050000000e+03 
9.509000000e+03 9.211000000e+03 
9.581000000e+03 9.184000000e+03 
9.776000000e+03 9.064000000e+03 
9.564000000e+03 9.207000000e+03 
9.706000000e+03 9.065000000e+03 
9.509000000e+03 9.211000000e+03 
9.620000000e+03 9.098000000e+03 
9.378000000e+03 9.471000000e+03 
9.918000000e+03 9.029000000e+03 
9.944000000e+03 9.025000000e+03 
9.472000000e+03 9.224000000e+03 
9.547000000e+03 9.210000000e+03 
9.346000000e+03 9.488000000e+03 
9.547000000e+03 9.210000000e+03 
9.415000000e+03 9.334000000e+03 
9.378000000e+03 9.471000000e+03 
9.996000000e+03 8.999000000e+03 

9.488000000e+03 9.350000000e+03 
9.091000000e+03 9.807000000e+03 
9.711000000e+03 9.263000000e+03 
9.864000000e+03 9.219000000e+03 
9.395000000e+03 9.406000000e+03 
9.021000000e+03 1.018200000e+04 
9.867000000e+03 9.187000000e+03 
9.019000000e+03 1.023200000e+04 
9.382000000e+03 9.462000000e+03 
9.278000000e+03 9.494000000e+03 
9.720000000e+03 9.224000000e+03 
9.720000000e+03 9.224000000e+03 
9.525000000e+03 9.322000000e+03 
9.648000000e+03 9.293000000e+03 
9.063000000e+03 9.822000000e+03 
9.091000000e+03 9.807000000e+03 
9.269000000e+03 9.584000000e+03 
9.063000000e+03 9.822000000e+03 
9.565000000e+03 9.295000000e+03 
9.125000000e+03 9.803000000e+03 
9.132000000e+03 9.681000000e+03 
9.205000000e+03 9.622000000e+03 
9.382000000e+03 9.462000000e+03 
9.132000000e+03 9.681000000e+03 

9.530000000e+03 9.103000000e+03 
9.071000000e+03 9.700000000e+03 
9.067000000e+03 9.798000000e+03 
9.523000000e+03 9.135000000e+03 
9.268000000e+03 9.213000000e+03 
9.119000000e+03 9.543000000e+03 
9.478000000e+03 9.184000000e+03 
9.213000000e+03 9.376000000e+03 
9.119000000e+03 9.543000000e+03 
9.202000000e+03 9.404000000e+03 
9.213000000e+03 9.376000000e+03 
9.532000000e+03 9.034000000e+03 
9.404000000e+03 9.186000000e+03 
9.485000000e+03 9.152000000e+03 
9.145000000e+03 9.407000000e+03 
9.112000000e+03 9.690000000e+03 
9.365000000e+03 9.201000000e+03 
9.495000000e+03 9.136000000e+03 
9.118000000e+03 9.615000000e+03 
9.219000000e+03 9.238000000e+03 
9.203000000e+03 9.389000000e+03 

9.074000000e+03 8.844000000e+03 
8.706000000e+03 9.266000000e+03 
8.808000000e+03 9.205000000e+03 
9.060000000e+03 8.845000000e+03 
8.891000000e+03 9.016000000e+03 
9.090000000e+03 8.799000000e+03 
8.880000000e+03 9.056000000e+03 
9.352000000e+03 8.709000000e+03 
8.911000000e+03 8.924000000e+03 
8.891000000e+03 9.016000000e+03 
8.853000000e+03 9.088000000e+03 
8.762000000e+03 9.210000000e+03 
9.241000000e+03 8.738000000e+03 
8.748000000e+03 9.234000000e+03 
9.076000000e+03 8.816000000e+03 
8.866000000e+03 9.087000000e+03 
9.283000000e+03 8.718000000e+03 
8.762000000e+03 9.210000000e+03 
8.917000000e+03 8.899000000e+03 
9.222000000e+03 8.752000000e+03 
8.808000000e+03 9.205000000e+03 
8.791000000e+03 9.208000000e+03 
9.172000000e+03 8.792000000e+03 
8.754000000e+03 9.223000000e+03 
8.957000000e+03 8.849000000e+03 

9.863000000e+03 8.722000000e+03 
9.404000000e+03 8.840000000e+03 
9.923000000e+03 8.710000000e+03 
9.371000000e+03 8.903000000e+03 
9.551000000e+03 8.804000000e+03 
9.879000000e+03 8.711000000e+03 
9.551000000e+03 8.804000000e+03 
9.759000000e+03 8.766000000e+03 
9.329000000e+03 8.945000000e+03 
9.678000000e+03 8.776000000e+03 
9.800000000e+03 8.753000000e+03 
9.249000000e+03 8.997000000e+03 
9.540000000e+03 8.825000000e+03 
9.551000000e+03 8.804000000e+03 
9.579000000e+03 8.793000000e+03 

9.706000000e+03 8.527000000e+03 
9.516000000e+03 8.585000000e+03 
9.516000000e+03 8.585000000e+03 
9.197000000e+03 8.871000000e+03 
9.252000000e+03 8.611000000e+03 
9.689000000e+03 8.563000000e+03 
9.136000000e+03 8.873000000e+03 
9.559000000e+03 8.578000000e+03 
9.516000000e+03 8.585000000e+03 
9.364000000e+03 8.593000000e+03 
9.199000000e+03 8.723000000e+03 
9.516000000e+03 8.585000000e+03 
9.051000000e+03 8.984000000e+03 
9.706000000e+03 8.527000000e+03 

