1.098600000e+04 1.020600000e+04 
1.025700000e+04 1.045500000e+04 
1.147900000e+04 1.009900000e+04 
1.096600000e+04 1.022900000e+04 
1.025500000e+04 1.099100000e+04 
1.042700000e+04 1.039500000e+04 
1.097200000e+04 1.021100000e+04 
1.106600000e+04 1.011100000e+04 
1.041000000e+04 1.042200000e+04 
1.038900000e+04 1.045100000e+04 
1.058600000e+04 1.028500000e+04 
1.088200000e+04 1.023000000e+04 
1.099500000e+04 1.016000000e+04 
1.075100000e+04 1.025800000e+04 

1.070000000e+04 1.070900000e+04 
1.105500000e+04 1.055200000e+04 
1.026100000e+04 1.130200000e+04 
1.036100000e+04 1.122100000e+04 
1.097100000e+04 1.066200000e+04 
1.100100000e+04 1.060700000e+04 
1.039800000e+04 1.105400000e+04 
1.031700000e+04 1.123400000e+04 
1.050400000e+04 1.104900000e+04 
1.056200000e+04 1.083000000e+04 
1.037700000e+04 1.109900000e+04 

1.086100000e+04 1.135100000e+04 
1.106700000e+04 1.110800000e+04 
1.103300000e+04 1.121600000e+04 
1.142500000e+04 1.089800000e+04 
1.142500000e+04 1.089800000e+04 
1.143100000e+04 1.088000000e+04 
1.147200000e+04 1.085600000e+04 
1.100500000e+04 1.121700000e+04 
1.095400000e+04 1.127700000e+04 
1.095400000e+04 1.127700000e+04 
1.069800000e+04 1.144300000e+04 
1.066700000e+04 1.150600000e+04 

1.102300000e+04 1.102300000e+04 
1.167800000e+04 1.075100000e+04 
1.109300000e+04 1.090200000e+04 
1.196400000e+04 1.072400000e+04 
1.138600000e+04 1.085300000e+04 

1.142800000e+04 9.618000000e+03 
1.099100000e+04 9.731000000e+03 
1.067200000e+04 1.007400000e+04 
1.131400000e+04 9.676000000e+03 
1.106100000e+04 9.711000000e+03 
1.097300000e+04 9.788000000e+03 
1.131500000e+04 9.652000000e+03 
1.137500000e+04 9.642000000e+03 
1.093700000e+04 9.943000000e+03 
1.077500000e+04 1.005100000e+04 

1.055800000e+04 1.037800000e+04 
1.032800000e+04 1.066600000e+04 
1.063400000e+04 1.027400000e+04 
1.074700000e+04 1.024600000e+04 

1.043300000e+04 1.163700000e+04 
1.072300000e+04 1.077000000e+04 
1.094800000e+04 1.045400000e+04 
1.087100000e+04 1.069800000e+04 
1.093400000e+04 1.052200000e+04 
1.089400000e+04 1.061600000e+04 
1.057500000e+04 1.114400000e+04 
1.124800000e+04 1.042900000e+04 
1.059700000e+04 1.111200000e+04 
1.047000000e+04 1.135700000e+04 
1.048600000e+04 1.125900000e+04 
1.118100000e+04 1.045000000e+04 
1.047100000e+04 1.132500000e+04 
1.064700000e+04 1.109800000e+04 
1.067600000e+04 1.090900000e+04 
1.091400000e+04 1.054700000e+04 

1.038900000e+04 1.146200000e+04 
1.107700000e+04 1.086300000e+04 
1.128100000e+04 1.075300000e+04 
1.046800000e+04 1.118200000e+04 
1.052600000e+04 1.106500000e+04 
1.083500000e+04 1.087300000e+04 
1.043900000e+04 1.125500000e+04 
1.044800000e+04 1.125200000e+04 
1.050600000e+04 1.113100000e+04 
1.125900000e+04 1.078600000e+04 
1.149300000e+04 1.074500000e+04 
1.075500000e+04 1.104900000e+04 
1.064800000e+04 1.105700000e+04 

1.113100000e+04 1.052100000e+04 
1.102900000e+04 1.063400000e+04 
1.151600000e+04 1.044700000e+04 
1.079900000e+04 1.092500000e+04 
1.156500000e+04 1.044300000e+04 
1.102600000e+04 1.085900000e+04 
1.147600000e+04 1.049000000e+04 
1.102800000e+04 1.081600000e+04 
1.134700000e+04 1.049800000e+04 
1.110000000e+04 1.052700000e+04 

1.100800000e+04 1.015800000e+04 
1.090600000e+04 1.024300000e+04 
1.101000000e+04 1.013600000e+04 
1.033300000e+04 1.057300000e+04 
1.047400000e+04 1.043700000e+04 
1.042900000e+04 1.055800000e+04 
1.075000000e+04 1.025600000e+04 
1.058700000e+04 1.038800000e+04 
1.070700000e+04 1.028600000e+04 

1.089000000e+04 1.126600000e+04 
1.086700000e+04 1.151200000e+04 
1.113000000e+04 1.093100000e+04 
1.150800000e+04 1.066400000e+04 
1.172500000e+04 1.065000000e+04 
1.130500000e+04 1.091500000e+04 
1.117600000e+04 1.092100000e+04 
1.144200000e+04 1.081100000e+04 
1.088700000e+04 1.134500000e+04 
1.192200000e+04 1.049500000e+04 
1.102800000e+04 1.114000000e+04 
1.107500000e+04 1.108800000e+04 
1.106900000e+04 1.112000000e+04 
1.131400000e+04 1.085100000e+04 
1.179100000e+04 1.058800000e+04 
1.098500000e+04 1.118200000e+04 

1.025200000e+04 1.081300000e+04 
1.076100000e+04 1.064000000e+04 
1.088700000e+04 1.060400000e+04 
1.067300000e+04 1.072100000e+04 
1.042900000e+04 1.073000000e+04 
1.010400000e+04 1.107100000e+04 
1.084900000e+04 1.063300000e+04 
1.088700000e+04 1.060400000e+04 

1.071000000e+04 1.046300000e+04 
1.091300000e+04 1.035900000e+04 
1.057700000e+04 1.052400000e+04 
1.080100000e+04 1.044500000e+04 

1.007000000e+04 1.120800000e+04 
1.043100000e+04 1.103300000e+04 
1.028700000e+04 1.118300000e+04 
9.833000000e+03 1.187900000e+04 
9.894000000e+03 1.166900000e+04 
1.055400000e+04 1.096300000e+04 
9.795000000e+03 1.220800000e+04 
9.937000000e+03 1.126700000e+04 

1.063300000e+04 1.063900000e+04 
1.046900000e+04 1.108200000e+04 
1.079900000e+04 1.061700000e+04 
1.129700000e+04 1.044600000e+04 
1.124900000e+04 1.051100000e+04 
1.116900000e+04 1.055200000e+04 
1.126800000e+04 1.050500000e+04 
1.049900000e+04 1.083500000e+04 

1.107800000e+04 1.112400000e+04 
1.152900000e+04 1.092900000e+04 
1.113300000e+04 1.099200000e+04 
1.161800000e+04 1.087100000e+04 
1.162300000e+04 1.086900000e+04 
1.164400000e+04 1.076800000e+04 
1.103300000e+04 1.118100000e+04 
1.101400000e+04 1.182000000e+04 
1.136000000e+04 1.097500000e+04 

1.093200000e+04 1.105900000e+04 
1.058500000e+04 1.129500000e+04 
1.039200000e+04 1.185800000e+04 
1.096000000e+04 1.104300000e+04 
1.047400000e+04 1.164600000e+04 
1.049300000e+04 1.160000000e+04 
1.075900000e+04 1.107700000e+04 
1.050200000e+04 1.149100000e+04 
1.061000000e+04 1.128400000e+04 
1.054000000e+04 1.148800000e+04 
1.069100000e+04 1.109600000e+04 
1.062100000e+04 1.114400000e+04 
1.098200000e+04 1.087800000e+04 
1.055700000e+04 1.140600000e+04 

1.017600000e+04 1.052800000e+04 
1.038200000e+04 1.030500000e+04 
1.035700000e+04 1.045400000e+04 
1.033600000e+04 1.049100000e+04 
1.030900000e+04 1.050900000e+04 
1.055100000e+04 1.009900000e+04 

1.107600000e+04 1.135900000e+04 
1.054400000e+04 1.239800000e+04 
1.086600000e+04 1.163500000e+04 
1.104000000e+04 1.139500000e+04 
1.154000000e+04 1.118500000e+04 
1.138400000e+04 1.123000000e+04 
1.154000000e+04 1.118500000e+04 
1.084200000e+04 1.163700000e+04 
1.063900000e+04 1.164600000e+04 
1.147200000e+04 1.121800000e+04 
1.091000000e+04 1.143100000e+04 
1.060400000e+04 1.172900000e+04 
1.121800000e+04 1.129000000e+04 
1.097600000e+04 1.140200000e+04 

1.063100000e+04 1.124000000e+04 
1.041900000e+04 1.199000000e+04 
1.066600000e+04 1.121000000e+04 
1.052300000e+04 1.196600000e+04 
1.047700000e+04 1.197400000e+04 
1.067900000e+04 1.106100000e+04 
1.065200000e+04 1.123900000e+04 
1.062400000e+04 1.140200000e+04 

1.189300000e+04 1.046700000e+04 
1.136300000e+04 1.109000000e+04 
1.149200000e+04 1.082200000e+04 
1.139500000e+04 1.091900000e+04 
1.206600000e+04 1.037200000e+04 
1.157100000e+04 1.060100000e+04 
1.206600000e+04 1.037200000e+04 
1.206700000e+04 1.030600000e+04 
1.135700000e+04 1.110700000e+04 
1.141600000e+04 1.089500000e+04 
1.196800000e+04 1.046100000e+04 
1.149200000e+04 1.082200000e+04 
1.157100000e+04 1.060100000e+04 
1.205100000e+04 1.042400000e+04 
1.165200000e+04 1.050600000e+04 
1.207700000e+04 1.020900000e+04 
1.137500000e+04 1.098900000e+04 
1.130600000e+04 1.132900000e+04 
1.136800000e+04 1.099800000e+04 

1.082400000e+04 1.041600000e+04 
1.119900000e+04 1.037900000e+04 
1.078900000e+04 1.153500000e+04 
1.081200000e+04 1.111400000e+04 
1.119900000e+04 1.037900000e+04 
1.126200000e+04 1.035800000e+04 
1.127000000e+04 1.018900000e+04 
1.079100000e+04 1.147200000e+04 

1.094400000e+04 9.987000000e+03 
1.073800000e+04 1.038700000e+04 
1.071500000e+04 1.096700000e+04 
1.115600000e+04 9.981000000e+03 
1.086400000e+04 1.033400000e+04 
1.092800000e+04 1.031900000e+04 
1.072100000e+04 1.074600000e+04 
1.066400000e+04 1.105500000e+04 

1.078700000e+04 1.068800000e+04 
1.046700000e+04 1.112200000e+04 
1.032700000e+04 1.121500000e+04 
1.057300000e+04 1.092400000e+04 
1.065300000e+04 1.078900000e+04 
1.076700000e+04 1.072800000e+04 
1.009600000e+04 1.152500000e+04 
1.082900000e+04 1.066700000e+04 
1.020000000e+04 1.136700000e+04 
1.051400000e+04 1.109800000e+04 
1.043600000e+04 1.113300000e+04 
1.043100000e+04 1.120700000e+04 

1.140800000e+04 1.066200000e+04 
1.128200000e+04 1.069700000e+04 
1.177600000e+04 1.062300000e+04 
1.115600000e+04 1.116700000e+04 
1.194600000e+04 1.062200000e+04 
1.118900000e+04 1.079800000e+04 

1.067100000e+04 1.113800000e+04 
1.048800000e+04 1.127300000e+04 
1.075500000e+04 1.095000000e+04 
1.067100000e+04 1.113800000e+04 
1.071100000e+04 1.100900000e+04 
1.050200000e+04 1.117100000e+04 
1.033800000e+04 1.140100000e+04 

1.066400000e+04 1.125400000e+04 
1.130700000e+04 1.071300000e+04 
1.123100000e+04 1.073300000e+04 
1.084000000e+04 1.077600000e+04 
1.151500000e+04 1.067900000e+04 
1.081900000e+04 1.107000000e+04 
1.117100000e+04 1.074700000e+04 
1.132800000e+04 1.068000000e+04 
1.092600000e+04 1.077500000e+04 

1.051800000e+04 1.097800000e+04 
1.089900000e+04 1.042800000e+04 
1.085100000e+04 1.044000000e+04 
1.056800000e+04 1.086600000e+04 
1.089200000e+04 1.043000000e+04 
1.102100000e+04 1.035100000e+04 
1.068800000e+04 1.062200000e+04 
1.055400000e+04 1.093100000e+04 
1.072800000e+04 1.048600000e+04 
1.141500000e+04 1.029500000e+04 
1.061600000e+04 1.073400000e+04 
1.141500000e+04 1.029500000e+04 
1.126900000e+04 1.030700000e+04 
1.089900000e+04 1.042800000e+04 
1.070700000e+04 1.059300000e+04 
1.066200000e+04 1.063700000e+04 

1.081700000e+04 1.143000000e+04 
1.083500000e+04 1.134600000e+04 
1.085400000e+04 1.048000000e+04 
1.083600000e+04 1.132900000e+04 
1.174300000e+04 1.024400000e+04 
1.083600000e+04 1.132900000e+04 
1.082700000e+04 1.139200000e+04 
1.122800000e+04 1.032200000e+04 
1.142800000e+04 1.029900000e+04 
1.084100000e+04 1.130400000e+04 

1.101500000e+04 1.032500000e+04 
1.076200000e+04 1.050700000e+04 
1.089500000e+04 1.049900000e+04 
1.090100000e+04 1.039200000e+04 
1.110400000e+04 1.019200000e+04 

