9.356000000e+03 9.281000000e+03 
9.448000000e+03 9.219000000e+03 
9.338000000e+03 9.367000000e+03 
9.604000000e+03 9.190000000e+03 
9.300000000e+03 9.409000000e+03 
9.191000000e+03 9.468000000e+03 
9.371000000e+03 9.238000000e+03 
9.638000000e+03 9.166000000e+03 
9.828000000e+03 9.142000000e+03 
9.344000000e+03 9.336000000e+03 
9.225000000e+03 9.410000000e+03 
9.863000000e+03 9.136000000e+03 
9.317000000e+03 9.389000000e+03 
9.213000000e+03 9.445000000e+03 

9.363000000e+03 9.612000000e+03 
9.768000000e+03 9.419000000e+03 
9.193000000e+03 9.955000000e+03 
9.762000000e+03 9.429000000e+03 
9.348000000e+03 9.638000000e+03 
9.491000000e+03 9.528000000e+03 
9.159000000e+03 9.994000000e+03 
9.664000000e+03 9.494000000e+03 
9.480000000e+03 9.568000000e+03 
9.155000000e+03 1.003900000e+04 
9.462000000e+03 9.591000000e+03 
9.804000000e+03 9.386000000e+03 
9.734000000e+03 9.448000000e+03 
9.209000000e+03 9.805000000e+03 

9.544000000e+03 1.003900000e+04 
9.562000000e+03 9.965000000e+03 
9.551000000e+03 9.967000000e+03 
9.562000000e+03 9.965000000e+03 
9.591000000e+03 9.689000000e+03 
9.587000000e+03 9.848000000e+03 
9.527000000e+03 1.005900000e+04 

1.073400000e+04 9.845000000e+03 
1.008100000e+04 1.012600000e+04 
1.001000000e+04 1.047800000e+04 
1.033500000e+04 9.917000000e+03 
1.073900000e+04 9.791000000e+03 
1.000800000e+04 1.056700000e+04 
1.078100000e+04 9.723000000e+03 
1.033500000e+04 9.917000000e+03 
9.956000000e+03 1.067100000e+04 
1.046400000e+04 9.847000000e+03 
1.027200000e+04 1.003800000e+04 
1.031600000e+04 9.998000000e+03 
1.013900000e+04 1.004500000e+04 
1.008100000e+04 1.012600000e+04 
1.038200000e+04 9.886000000e+03 
1.000800000e+04 1.056700000e+04 
1.001000000e+04 1.047800000e+04 
1.008100000e+04 1.012600000e+04 
9.926000000e+03 1.071200000e+04 
1.006900000e+04 1.042500000e+04 
1.078100000e+04 9.723000000e+03 

9.769000000e+03 9.049000000e+03 
9.889000000e+03 8.909000000e+03 
9.887000000e+03 8.912000000e+03 
9.925000000e+03 8.830000000e+03 
9.914000000e+03 8.885000000e+03 
1.022500000e+04 8.672000000e+03 
9.691000000e+03 9.734000000e+03 
1.009300000e+04 8.719000000e+03 
1.004000000e+04 8.761000000e+03 
9.848000000e+03 9.018000000e+03 
1.015400000e+04 8.701000000e+03 
9.918000000e+03 8.870000000e+03 
1.025100000e+04 8.611000000e+03 
9.732000000e+03 9.529000000e+03 
1.023200000e+04 8.626000000e+03 
9.856000000e+03 8.928000000e+03 
9.866000000e+03 8.924000000e+03 
9.723000000e+03 9.642000000e+03 
9.887000000e+03 8.912000000e+03 
9.979000000e+03 8.810000000e+03 
9.762000000e+03 9.354000000e+03 
1.022500000e+04 8.672000000e+03 
1.000100000e+04 8.783000000e+03 
9.967000000e+03 8.819000000e+03 
1.027700000e+04 8.556000000e+03 
1.015400000e+04 8.701000000e+03 

8.946000000e+03 9.409000000e+03 
9.017000000e+03 9.329000000e+03 
8.934000000e+03 9.555000000e+03 
9.163000000e+03 9.298000000e+03 
9.195000000e+03 9.289000000e+03 
9.410000000e+03 9.186000000e+03 
9.229000000e+03 9.204000000e+03 
9.020000000e+03 9.320000000e+03 
9.091000000e+03 9.311000000e+03 

9.272000000e+03 1.007800000e+04 
1.024500000e+04 9.441000000e+03 
9.374000000e+03 9.891000000e+03 
9.237000000e+03 1.013100000e+04 
9.518000000e+03 9.710000000e+03 
9.349000000e+03 9.963000000e+03 
9.661000000e+03 9.613000000e+03 
9.231000000e+03 1.025600000e+04 
1.023400000e+04 9.474000000e+03 
9.349000000e+03 9.963000000e+03 
9.289000000e+03 1.002800000e+04 
9.854000000e+03 9.498000000e+03 

9.269000000e+03 9.695000000e+03 
9.173000000e+03 1.002100000e+04 
9.734000000e+03 9.542000000e+03 
9.015000000e+03 1.015500000e+04 
9.279000000e+03 9.675000000e+03 
9.207000000e+03 9.698000000e+03 
9.269000000e+03 9.695000000e+03 
9.769000000e+03 9.482000000e+03 
9.058000000e+03 1.010100000e+04 
9.105000000e+03 1.005000000e+04 
9.359000000e+03 9.624000000e+03 
9.929000000e+03 9.477000000e+03 
9.557000000e+03 9.563000000e+03 
9.309000000e+03 9.662000000e+03 

9.868000000e+03 9.473000000e+03 
9.590000000e+03 9.598000000e+03 
9.497000000e+03 9.737000000e+03 
9.497000000e+03 9.737000000e+03 
9.902000000e+03 9.460000000e+03 
9.927000000e+03 9.387000000e+03 
9.557000000e+03 9.645000000e+03 
9.579000000e+03 9.611000000e+03 
9.987000000e+03 9.344000000e+03 
9.621000000e+03 9.529000000e+03 
9.546000000e+03 9.675000000e+03 
9.767000000e+03 9.494000000e+03 
9.556000000e+03 9.673000000e+03 
9.478000000e+03 9.746000000e+03 
9.497000000e+03 9.737000000e+03 
9.982000000e+03 9.372000000e+03 
9.634000000e+03 9.522000000e+03 
9.767000000e+03 9.494000000e+03 
9.626000000e+03 9.526000000e+03 
9.561000000e+03 9.625000000e+03 
9.772000000e+03 9.481000000e+03 

9.610000000e+03 9.215000000e+03 
9.242000000e+03 9.716000000e+03 
9.434000000e+03 9.414000000e+03 
9.592000000e+03 9.240000000e+03 
9.814000000e+03 9.027000000e+03 
9.456000000e+03 9.328000000e+03 
9.619000000e+03 9.184000000e+03 
9.695000000e+03 9.038000000e+03 
9.870000000e+03 9.021000000e+03 
1.003200000e+04 8.957000000e+03 
9.302000000e+03 9.517000000e+03 
9.340000000e+03 9.449000000e+03 
9.987000000e+03 9.013000000e+03 
9.467000000e+03 9.245000000e+03 
9.592000000e+03 9.240000000e+03 
9.453000000e+03 9.370000000e+03 
9.592000000e+03 9.240000000e+03 
9.335000000e+03 9.456000000e+03 
1.003200000e+04 8.957000000e+03 
9.610000000e+03 9.215000000e+03 
1.017800000e+04 8.884000000e+03 
1.009400000e+04 8.897000000e+03 
9.313000000e+03 9.460000000e+03 

1.016300000e+04 9.759000000e+03 
1.077900000e+04 9.570000000e+03 
1.032400000e+04 9.642000000e+03 
9.867000000e+03 1.010700000e+04 
1.010500000e+04 9.862000000e+03 
9.952000000e+03 1.003200000e+04 
9.848000000e+03 1.015200000e+04 
9.925000000e+03 1.008000000e+04 
1.001600000e+04 9.951000000e+03 
1.014700000e+04 9.779000000e+03 
1.068400000e+04 9.630000000e+03 
1.013400000e+04 9.802000000e+03 
1.071300000e+04 9.606000000e+03 
1.005200000e+04 9.928000000e+03 
9.902000000e+03 1.008900000e+04 
1.026500000e+04 9.708000000e+03 
1.007700000e+04 9.893000000e+03 

9.390000000e+03 9.715000000e+03 
9.525000000e+03 9.595000000e+03 
8.997000000e+03 1.047300000e+04 
9.097000000e+03 1.039100000e+04 
9.209000000e+03 9.784000000e+03 
9.352000000e+03 9.728000000e+03 
9.031000000e+03 1.042100000e+04 
9.525000000e+03 9.595000000e+03 
9.587000000e+03 9.552000000e+03 
9.329000000e+03 9.764000000e+03 
9.161000000e+03 9.855000000e+03 
9.099000000e+03 1.004700000e+04 
9.390000000e+03 9.715000000e+03 

9.420000000e+03 9.596000000e+03 
9.403000000e+03 9.714000000e+03 
9.316000000e+03 9.758000000e+03 
9.403000000e+03 9.714000000e+03 
9.494000000e+03 9.553000000e+03 
9.420000000e+03 9.596000000e+03 
9.838000000e+03 9.236000000e+03 
9.315000000e+03 9.918000000e+03 
9.772000000e+03 9.335000000e+03 
9.405000000e+03 9.694000000e+03 
9.350000000e+03 9.724000000e+03 
9.529000000e+03 9.542000000e+03 
9.380000000e+03 9.720000000e+03 
9.605000000e+03 9.521000000e+03 
9.652000000e+03 9.353000000e+03 

8.805000000e+03 1.032000000e+04 
9.297000000e+03 9.904000000e+03 
9.155000000e+03 9.938000000e+03 
9.246000000e+03 9.928000000e+03 
9.415000000e+03 9.897000000e+03 
9.073000000e+03 9.945000000e+03 
8.865000000e+03 1.022800000e+04 
8.784000000e+03 1.035700000e+04 
9.529000000e+03 9.885000000e+03 
8.911000000e+03 1.021100000e+04 
9.404000000e+03 9.901000000e+03 
8.968000000e+03 1.003200000e+04 
8.957000000e+03 1.017300000e+04 
8.948000000e+03 1.019000000e+04 

1.006100000e+04 9.250000000e+03 
9.450000000e+03 9.988000000e+03 
9.729000000e+03 9.331000000e+03 
9.450000000e+03 9.988000000e+03 
9.499000000e+03 9.753000000e+03 
1.011300000e+04 9.213000000e+03 
9.466000000e+03 9.800000000e+03 
9.603000000e+03 9.370000000e+03 
9.691000000e+03 9.357000000e+03 
9.518000000e+03 9.458000000e+03 
9.507000000e+03 9.702000000e+03 
9.846000000e+03 9.299000000e+03 
9.748000000e+03 9.320000000e+03 
9.862000000e+03 9.271000000e+03 
9.713000000e+03 9.336000000e+03 

1.015000000e+04 9.907000000e+03 
1.033500000e+04 9.682000000e+03 
1.030900000e+04 9.768000000e+03 
1.046600000e+04 9.522000000e+03 
1.002300000e+04 1.016100000e+04 
1.023800000e+04 9.865000000e+03 
1.036400000e+04 9.639000000e+03 
1.026800000e+04 9.779000000e+03 
1.021800000e+04 9.878000000e+03 
1.049000000e+04 9.499000000e+03 
1.031700000e+04 9.761000000e+03 
1.040800000e+04 9.599000000e+03 
1.040700000e+04 9.615000000e+03 
1.024000000e+04 9.803000000e+03 
1.003500000e+04 9.921000000e+03 

9.079000000e+03 1.070600000e+04 
9.282000000e+03 1.028400000e+04 
9.069000000e+03 1.072300000e+04 
9.748000000e+03 9.975000000e+03 
9.116000000e+03 1.062000000e+04 
9.973000000e+03 9.883000000e+03 
9.813000000e+03 9.920000000e+03 
9.472000000e+03 1.002100000e+04 
9.404000000e+03 1.013700000e+04 
9.615000000e+03 9.991000000e+03 
9.019000000e+03 1.076300000e+04 
9.291000000e+03 1.024000000e+04 
9.319000000e+03 1.019400000e+04 
9.119000000e+03 1.043200000e+04 
9.174000000e+03 1.030200000e+04 
9.423000000e+03 1.010400000e+04 

9.090000000e+03 9.201000000e+03 
9.143000000e+03 9.142000000e+03 
9.005000000e+03 9.333000000e+03 
9.125000000e+03 9.178000000e+03 
9.195000000e+03 9.034000000e+03 
9.198000000e+03 8.993000000e+03 
9.305000000e+03 8.912000000e+03 
9.661000000e+03 8.780000000e+03 
9.629000000e+03 8.879000000e+03 
9.178000000e+03 9.097000000e+03 
9.011000000e+03 9.217000000e+03 
9.305000000e+03 8.912000000e+03 
9.113000000e+03 9.191000000e+03 

9.708000000e+03 1.003500000e+04 
9.306000000e+03 1.058000000e+04 
9.366000000e+03 1.007900000e+04 
9.319000000e+03 1.052900000e+04 
9.680000000e+03 1.004300000e+04 
9.356000000e+03 1.009700000e+04 
9.715000000e+03 1.001800000e+04 
9.665000000e+03 1.007300000e+04 

9.726000000e+03 9.888000000e+03 
9.820000000e+03 9.856000000e+03 
9.549000000e+03 1.018700000e+04 
9.407000000e+03 1.053200000e+04 
9.430000000e+03 1.051900000e+04 
9.431000000e+03 1.036800000e+04 
9.622000000e+03 1.002700000e+04 
9.566000000e+03 1.013200000e+04 
9.489000000e+03 1.033600000e+04 
9.334000000e+03 1.057000000e+04 

1.024200000e+04 9.578000000e+03 
1.020500000e+04 9.642000000e+03 
1.073100000e+04 9.296000000e+03 
1.048600000e+04 9.434000000e+03 
1.042200000e+04 9.466000000e+03 
1.036100000e+04 9.478000000e+03 
1.072100000e+04 9.304000000e+03 
1.063700000e+04 9.332000000e+03 
1.054900000e+04 9.376000000e+03 
1.021900000e+04 9.638000000e+03 
1.063700000e+04 9.332000000e+03 
1.049000000e+04 9.432000000e+03 
1.032300000e+04 9.506000000e+03 
1.066500000e+04 9.305000000e+03 
1.022900000e+04 9.616000000e+03 
1.083600000e+04 9.197000000e+03 
1.063300000e+04 9.352000000e+03 
1.078300000e+04 9.204000000e+03 
1.046800000e+04 9.438000000e+03 
1.018500000e+04 9.653000000e+03 
1.058400000e+04 9.356000000e+03 
1.045900000e+04 9.443000000e+03 
1.074200000e+04 9.267000000e+03 
1.083600000e+04 9.197000000e+03 
1.054900000e+04 9.376000000e+03 
1.026300000e+04 9.524000000e+03 
1.016500000e+04 9.695000000e+03 
1.055600000e+04 9.371000000e+03 

9.775000000e+03 9.389000000e+03 
9.645000000e+03 1.000700000e+04 
9.691000000e+03 9.916000000e+03 
9.725000000e+03 9.755000000e+03 
9.633000000e+03 1.018800000e+04 
1.002100000e+04 9.356000000e+03 
9.691000000e+03 9.916000000e+03 
1.002600000e+04 9.271000000e+03 
9.725000000e+03 9.755000000e+03 
9.669000000e+03 9.962000000e+03 
9.637000000e+03 1.002900000e+04 
1.002400000e+04 9.328000000e+03 
9.726000000e+03 9.550000000e+03 
9.675000000e+03 9.938000000e+03 
1.005300000e+04 9.191000000e+03 

9.376000000e+03 9.273000000e+03 
9.605000000e+03 9.256000000e+03 
9.325000000e+03 9.477000000e+03 
9.699000000e+03 9.165000000e+03 
9.741000000e+03 9.082000000e+03 
9.710000000e+03 9.087000000e+03 
9.799000000e+03 9.064000000e+03 
9.325000000e+03 9.477000000e+03 
9.687000000e+03 9.194000000e+03 
9.646000000e+03 9.253000000e+03 
9.864000000e+03 9.018000000e+03 

9.880000000e+03 9.571000000e+03 
9.847000000e+03 9.608000000e+03 
9.614000000e+03 9.637000000e+03 
9.382000000e+03 9.843000000e+03 
1.021000000e+04 9.483000000e+03 
9.414000000e+03 9.825000000e+03 
9.909000000e+03 9.542000000e+03 
9.996000000e+03 9.486000000e+03 
9.326000000e+03 1.024100000e+04 
9.326000000e+03 1.024100000e+04 
9.346000000e+03 1.019100000e+04 
9.607000000e+03 9.658000000e+03 
9.406000000e+03 9.827000000e+03 
9.414000000e+03 9.825000000e+03 
9.368000000e+03 9.904000000e+03 
9.933000000e+03 9.534000000e+03 
9.477000000e+03 9.752000000e+03 
9.446000000e+03 9.778000000e+03 

9.883000000e+03 9.615000000e+03 
1.007100000e+04 9.493000000e+03 
9.789000000e+03 9.755000000e+03 
1.023500000e+04 9.453000000e+03 
9.783000000e+03 9.787000000e+03 
9.952000000e+03 9.498000000e+03 
9.926000000e+03 9.603000000e+03 
9.790000000e+03 9.662000000e+03 
9.880000000e+03 9.657000000e+03 
1.001300000e+04 9.496000000e+03 
1.008500000e+04 9.479000000e+03 
9.925000000e+03 9.609000000e+03 
9.929000000e+03 9.566000000e+03 
1.022700000e+04 9.468000000e+03 

9.463000000e+03 1.004100000e+04 
9.463000000e+03 1.004100000e+04 
9.984000000e+03 9.748000000e+03 
9.749000000e+03 9.845000000e+03 
9.338000000e+03 1.015900000e+04 
9.522000000e+03 9.983000000e+03 
9.784000000e+03 9.822000000e+03 
9.690000000e+03 9.846000000e+03 
9.888000000e+03 9.795000000e+03 
9.522000000e+03 9.983000000e+03 
9.345000000e+03 1.012600000e+04 
9.453000000e+03 1.005700000e+04 
9.503000000e+03 9.997000000e+03 
9.865000000e+03 9.798000000e+03 
9.555000000e+03 9.981000000e+03 
9.519000000e+03 9.990000000e+03 
9.453000000e+03 1.005700000e+04 
9.463000000e+03 1.004100000e+04 
9.624000000e+03 9.849000000e+03 
9.345000000e+03 1.012600000e+04 
9.522000000e+03 9.983000000e+03 
9.463000000e+03 1.004100000e+04 
9.463000000e+03 1.004100000e+04 
9.569000000e+03 9.898000000e+03 
9.866000000e+03 9.797000000e+03 
9.495000000e+03 1.002600000e+04 
9.519000000e+03 9.990000000e+03 
9.984000000e+03 9.748000000e+03 
9.463000000e+03 1.004100000e+04 
9.328000000e+03 1.016200000e+04 
9.910000000e+03 9.756000000e+03 
9.457000000e+03 1.005600000e+04 
9.835000000e+03 9.802000000e+03 
9.423000000e+03 1.007400000e+04 

1.037600000e+04 9.578000000e+03 
9.812000000e+03 9.713000000e+03 
9.679000000e+03 1.006400000e+04 
9.714000000e+03 9.852000000e+03 
9.744000000e+03 9.829000000e+03 
9.845000000e+03 9.589000000e+03 
1.049400000e+04 9.560000000e+03 
9.784000000e+03 9.804000000e+03 
9.630000000e+03 1.017300000e+04 
9.611000000e+03 1.023300000e+04 
9.696000000e+03 9.976000000e+03 
9.834000000e+03 9.651000000e+03 
9.702000000e+03 9.921000000e+03 
9.714000000e+03 9.852000000e+03 

9.619000000e+03 9.102000000e+03 
9.400000000e+03 9.255000000e+03 
9.231000000e+03 9.666000000e+03 
9.582000000e+03 9.104000000e+03 
9.220000000e+03 9.889000000e+03 
9.620000000e+03 9.085000000e+03 
9.231000000e+03 9.666000000e+03 
9.361000000e+03 9.316000000e+03 
9.186000000e+03 9.948000000e+03 
9.539000000e+03 9.185000000e+03 
9.224000000e+03 9.831000000e+03 
9.294000000e+03 9.407000000e+03 
9.223000000e+03 9.886000000e+03 
9.582000000e+03 9.104000000e+03 
9.248000000e+03 9.522000000e+03 
9.203000000e+03 9.906000000e+03 
9.254000000e+03 9.496000000e+03 
9.461000000e+03 9.200000000e+03 

1.023200000e+04 8.948000000e+03 
9.903000000e+03 9.128000000e+03 
1.012800000e+04 9.042000000e+03 
1.016800000e+04 9.000000000e+03 
9.854000000e+03 9.137000000e+03 
1.018500000e+04 8.973000000e+03 
9.913000000e+03 9.086000000e+03 
9.783000000e+03 9.140000000e+03 
1.002100000e+04 9.075000000e+03 
9.720000000e+03 9.465000000e+03 
9.662000000e+03 9.550000000e+03 
9.743000000e+03 9.367000000e+03 
9.744000000e+03 9.343000000e+03 

9.661000000e+03 9.204000000e+03 
9.538000000e+03 9.691000000e+03 
9.791000000e+03 9.126000000e+03 
9.724000000e+03 9.189000000e+03 
9.651000000e+03 9.404000000e+03 
9.742000000e+03 9.147000000e+03 
9.805000000e+03 9.090000000e+03 
9.640000000e+03 9.503000000e+03 

