1.099700000e+04 1.023500000e+04 
1.037400000e+04 1.062900000e+04 
1.034300000e+04 1.067900000e+04 
1.072100000e+04 1.032600000e+04 
1.069800000e+04 1.036100000e+04 
1.103700000e+04 1.018700000e+04 
1.025900000e+04 1.095800000e+04 
1.100000000e+04 1.019800000e+04 
1.075100000e+04 1.030700000e+04 
1.086100000e+04 1.026600000e+04 
1.058900000e+04 1.044900000e+04 
1.037400000e+04 1.062900000e+04 
1.052700000e+04 1.046400000e+04 
1.027700000e+04 1.077100000e+04 
1.099700000e+04 1.023500000e+04 
1.045700000e+04 1.047100000e+04 
1.066200000e+04 1.039200000e+04 
1.035400000e+04 1.067800000e+04 

1.068700000e+04 1.103500000e+04 
1.104400000e+04 1.067200000e+04 
1.026100000e+04 1.130200000e+04 
1.058000000e+04 1.110400000e+04 
1.096900000e+04 1.074600000e+04 
1.101700000e+04 1.074300000e+04 
1.083400000e+04 1.093700000e+04 
1.070000000e+04 1.101600000e+04 
1.089200000e+04 1.083700000e+04 

1.100800000e+04 1.168700000e+04 
1.091100000e+04 1.195400000e+04 
1.105900000e+04 1.125400000e+04 
1.128700000e+04 1.116800000e+04 
1.149300000e+04 1.095200000e+04 
1.101100000e+04 1.137200000e+04 
1.089000000e+04 1.236700000e+04 
1.114100000e+04 1.119900000e+04 
1.102700000e+04 1.129200000e+04 

1.117300000e+04 1.126800000e+04 
1.109900000e+04 1.164700000e+04 
1.160700000e+04 1.091100000e+04 
1.130800000e+04 1.100900000e+04 
1.115000000e+04 1.130900000e+04 
1.167800000e+04 1.075100000e+04 
1.125900000e+04 1.101600000e+04 
1.157800000e+04 1.100800000e+04 
1.125100000e+04 1.114100000e+04 
1.114900000e+04 1.156300000e+04 

1.106000000e+04 9.963000000e+03 
1.109600000e+04 9.920000000e+03 
1.137600000e+04 9.682000000e+03 
1.081300000e+04 1.052500000e+04 
1.109600000e+04 9.920000000e+03 
1.095200000e+04 1.004500000e+04 
1.082400000e+04 1.019200000e+04 
1.102500000e+04 1.000900000e+04 
1.082200000e+04 1.036900000e+04 
1.082000000e+04 1.046300000e+04 
1.094400000e+04 1.005700000e+04 
1.127100000e+04 9.828000000e+03 
1.121800000e+04 9.916000000e+03 
1.103600000e+04 9.991000000e+03 
1.090600000e+04 1.014400000e+04 

1.048800000e+04 1.095700000e+04 
1.074300000e+04 1.038500000e+04 
1.076600000e+04 1.036300000e+04 
1.051600000e+04 1.085400000e+04 
1.065000000e+04 1.048300000e+04 
1.120800000e+04 1.031700000e+04 
1.057500000e+04 1.067700000e+04 

1.052000000e+04 1.138800000e+04 
1.106400000e+04 1.052100000e+04 
1.127700000e+04 1.046400000e+04 
1.075700000e+04 1.097300000e+04 
1.087100000e+04 1.085700000e+04 
1.085100000e+04 1.088200000e+04 
1.057500000e+04 1.114400000e+04 
1.069400000e+04 1.110600000e+04 
1.059700000e+04 1.111200000e+04 
1.094700000e+04 1.063900000e+04 

1.096700000e+04 1.099900000e+04 
1.048900000e+04 1.163500000e+04 
1.159700000e+04 1.078000000e+04 
1.153900000e+04 1.079800000e+04 
1.092900000e+04 1.103300000e+04 
1.145800000e+04 1.080300000e+04 
1.127000000e+04 1.093000000e+04 
1.060100000e+04 1.113600000e+04 

1.095600000e+04 1.131100000e+04 
1.097900000e+04 1.099600000e+04 
1.098500000e+04 1.099300000e+04 
1.135900000e+04 1.060600000e+04 
1.105300000e+04 1.067700000e+04 
1.150600000e+04 1.057600000e+04 
1.120600000e+04 1.061400000e+04 

1.100300000e+04 1.028700000e+04 
1.043900000e+04 1.084200000e+04 
1.049200000e+04 1.058600000e+04 
1.114800000e+04 1.019500000e+04 
1.069200000e+04 1.052900000e+04 
1.079700000e+04 1.031900000e+04 

1.108500000e+04 1.145800000e+04 
1.132700000e+04 1.097500000e+04 
1.091200000e+04 1.177400000e+04 
1.169900000e+04 1.079000000e+04 
1.161100000e+04 1.083900000e+04 
1.147100000e+04 1.091500000e+04 
1.190100000e+04 1.059900000e+04 
1.111200000e+04 1.131700000e+04 
1.095200000e+04 1.148000000e+04 
1.119300000e+04 1.114200000e+04 
1.173300000e+04 1.077100000e+04 
1.113000000e+04 1.125500000e+04 
1.100300000e+04 1.146100000e+04 
1.125900000e+04 1.102500000e+04 
1.113400000e+04 1.123400000e+04 
1.115200000e+04 1.116000000e+04 

1.106100000e+04 1.068800000e+04 
1.085700000e+04 1.070500000e+04 
1.087500000e+04 1.069100000e+04 
1.074300000e+04 1.072200000e+04 
1.076800000e+04 1.071500000e+04 
1.050200000e+04 1.080800000e+04 
1.037900000e+04 1.115600000e+04 
1.043600000e+04 1.101800000e+04 
1.085700000e+04 1.070500000e+04 
1.042900000e+04 1.114800000e+04 
1.047800000e+04 1.099900000e+04 
1.073600000e+04 1.077400000e+04 
1.031400000e+04 1.128300000e+04 

1.085600000e+04 1.063700000e+04 
1.085100000e+04 1.080400000e+04 
1.085100000e+04 1.080400000e+04 
1.079800000e+04 1.127000000e+04 
1.111600000e+04 1.042800000e+04 
1.090100000e+04 1.063400000e+04 
1.101500000e+04 1.048100000e+04 
1.082200000e+04 1.081900000e+04 

1.021600000e+04 1.161500000e+04 
1.018900000e+04 1.166800000e+04 
1.001800000e+04 1.213100000e+04 
1.021600000e+04 1.161500000e+04 
1.029300000e+04 1.127700000e+04 
9.994000000e+03 1.218000000e+04 
1.007100000e+04 1.204500000e+04 
1.004700000e+04 1.208000000e+04 
1.015400000e+04 1.170500000e+04 
1.117900000e+04 1.107800000e+04 
1.062200000e+04 1.124500000e+04 
1.018900000e+04 1.166800000e+04 
1.079700000e+04 1.114300000e+04 
1.021800000e+04 1.132100000e+04 
1.007200000e+04 1.175800000e+04 

1.086100000e+04 1.076800000e+04 
1.071000000e+04 1.107300000e+04 
1.078800000e+04 1.083600000e+04 
1.096600000e+04 1.073800000e+04 
1.124900000e+04 1.051100000e+04 
1.063300000e+04 1.113500000e+04 
1.126800000e+04 1.050500000e+04 
1.099200000e+04 1.073700000e+04 
1.082100000e+04 1.083000000e+04 
1.082500000e+04 1.081700000e+04 

1.165100000e+04 1.090400000e+04 
1.106900000e+04 1.168600000e+04 
1.124000000e+04 1.106700000e+04 
1.113200000e+04 1.135600000e+04 
1.167900000e+04 1.083800000e+04 
1.152400000e+04 1.097700000e+04 
1.144600000e+04 1.105100000e+04 
1.140800000e+04 1.106100000e+04 

1.040800000e+04 1.206600000e+04 
1.046500000e+04 1.191400000e+04 
1.077400000e+04 1.127000000e+04 
1.058600000e+04 1.159400000e+04 
1.049000000e+04 1.191300000e+04 
1.078900000e+04 1.118200000e+04 
1.078500000e+04 1.124700000e+04 
1.049300000e+04 1.160000000e+04 
1.137600000e+04 1.103800000e+04 
1.061200000e+04 1.157700000e+04 
1.076700000e+04 1.129100000e+04 
1.062600000e+04 1.130900000e+04 
1.091000000e+04 1.108700000e+04 
1.080100000e+04 1.112700000e+04 

1.079200000e+04 1.028400000e+04 
1.079200000e+04 1.028400000e+04 
1.035700000e+04 1.045400000e+04 
1.079000000e+04 1.038200000e+04 
1.033100000e+04 1.067200000e+04 
1.064200000e+04 1.045100000e+04 
1.079200000e+04 1.028400000e+04 
1.087600000e+04 1.017400000e+04 
1.072600000e+04 1.042500000e+04 

1.123100000e+04 1.132100000e+04 
1.121600000e+04 1.146300000e+04 
1.072600000e+04 1.217700000e+04 
1.092800000e+04 1.164400000e+04 
1.103200000e+04 1.149200000e+04 
1.127000000e+04 1.130900000e+04 
1.111600000e+04 1.147800000e+04 
1.091200000e+04 1.167100000e+04 
1.159300000e+04 1.128500000e+04 
1.081100000e+04 1.216500000e+04 
1.092900000e+04 1.160300000e+04 
1.191300000e+04 1.127700000e+04 
1.084400000e+04 1.171000000e+04 

1.054900000e+04 1.226200000e+04 
1.054500000e+04 1.252700000e+04 
1.066600000e+04 1.121000000e+04 
1.094500000e+04 1.110300000e+04 
1.057300000e+04 1.219300000e+04 
1.062000000e+04 1.213700000e+04 

1.209600000e+04 1.026500000e+04 
1.136300000e+04 1.109000000e+04 
1.174400000e+04 1.077000000e+04 
1.181300000e+04 1.073800000e+04 
1.161100000e+04 1.092900000e+04 
1.154300000e+04 1.094200000e+04 
1.202100000e+04 1.065500000e+04 
1.202300000e+04 1.059000000e+04 
1.135700000e+04 1.110700000e+04 
1.173900000e+04 1.084100000e+04 
1.186700000e+04 1.067300000e+04 
1.209200000e+04 1.053100000e+04 
1.143500000e+04 1.099500000e+04 
1.204300000e+04 1.057600000e+04 

1.128100000e+04 1.036300000e+04 
1.094600000e+04 1.076200000e+04 
1.122300000e+04 1.050200000e+04 
1.110900000e+04 1.067900000e+04 
1.124500000e+04 1.048600000e+04 
1.104800000e+04 1.074300000e+04 
1.078900000e+04 1.153500000e+04 
1.088300000e+04 1.120900000e+04 
1.113600000e+04 1.058400000e+04 
1.089400000e+04 1.114600000e+04 
1.091100000e+04 1.101800000e+04 

1.078700000e+04 1.086100000e+04 
1.092600000e+04 1.075200000e+04 
1.113200000e+04 1.016000000e+04 
1.113200000e+04 1.016000000e+04 
1.113900000e+04 1.009900000e+04 
1.095800000e+04 1.021800000e+04 
1.077300000e+04 1.086900000e+04 
1.082100000e+04 1.083100000e+04 
1.092600000e+04 1.075200000e+04 
1.095200000e+04 1.059000000e+04 

1.031100000e+04 1.173900000e+04 
1.042300000e+04 1.142600000e+04 
1.045100000e+04 1.130600000e+04 
1.031100000e+04 1.173900000e+04 
1.066500000e+04 1.099100000e+04 
1.076700000e+04 1.072800000e+04 
1.068600000e+04 1.088200000e+04 
1.064000000e+04 1.112900000e+04 
1.058200000e+04 1.113400000e+04 
1.056900000e+04 1.127800000e+04 

1.138500000e+04 1.119800000e+04 
1.139300000e+04 1.075800000e+04 
1.131300000e+04 1.129200000e+04 
1.139300000e+04 1.075800000e+04 
1.131900000e+04 1.125200000e+04 
1.130600000e+04 1.139500000e+04 
1.177000000e+04 1.074800000e+04 
1.177100000e+04 1.072600000e+04 
1.177600000e+04 1.062300000e+04 

1.100800000e+04 1.108700000e+04 
1.086500000e+04 1.113000000e+04 
1.109800000e+04 1.105300000e+04 
1.055000000e+04 1.167100000e+04 
1.058500000e+04 1.122900000e+04 
1.043600000e+04 1.184000000e+04 
1.103200000e+04 1.106700000e+04 
1.067100000e+04 1.113800000e+04 
1.056700000e+04 1.134100000e+04 

1.080500000e+04 1.132500000e+04 
1.150400000e+04 1.076900000e+04 
1.087200000e+04 1.114300000e+04 
1.088400000e+04 1.088000000e+04 
1.070900000e+04 1.148400000e+04 
1.102600000e+04 1.081100000e+04 
1.121000000e+04 1.077900000e+04 

1.059400000e+04 1.098000000e+04 
1.077400000e+04 1.077900000e+04 
1.147800000e+04 1.042500000e+04 
1.065600000e+04 1.088100000e+04 
1.080900000e+04 1.070900000e+04 
1.082200000e+04 1.056900000e+04 
1.089900000e+04 1.042800000e+04 
1.068000000e+04 1.087200000e+04 
1.077400000e+04 1.077900000e+04 

1.174300000e+04 1.041700000e+04 
1.170400000e+04 1.042400000e+04 
1.175000000e+04 1.039200000e+04 
1.104300000e+04 1.095500000e+04 
1.105100000e+04 1.057100000e+04 
1.150700000e+04 1.049500000e+04 
1.095200000e+04 1.097700000e+04 
1.081700000e+04 1.143000000e+04 
1.141700000e+04 1.052900000e+04 
1.088700000e+04 1.129600000e+04 
1.152600000e+04 1.043100000e+04 

1.109900000e+04 1.052300000e+04 
1.090100000e+04 1.065900000e+04 
1.104500000e+04 1.059000000e+04 
1.089400000e+04 1.072800000e+04 
1.083300000e+04 1.113400000e+04 
1.093000000e+04 1.061800000e+04 

