1.017800000e+04 9.374000000e+03 
1.003200000e+04 9.403000000e+03 
9.807000000e+03 9.503000000e+03 
9.989000000e+03 9.405000000e+03 
9.773000000e+03 9.507000000e+03 
9.773000000e+03 9.507000000e+03 
9.496000000e+03 9.824000000e+03 
9.455000000e+03 9.853000000e+03 
9.842000000e+03 9.422000000e+03 
9.367000000e+03 1.004700000e+04 
9.769000000e+03 9.571000000e+03 
9.306000000e+03 1.015900000e+04 
9.366000000e+03 1.010000000e+04 
9.499000000e+03 9.675000000e+03 
9.600000000e+03 9.633000000e+03 
9.772000000e+03 9.517000000e+03 
1.003200000e+04 9.403000000e+03 
9.773000000e+03 9.507000000e+03 
1.017500000e+04 9.398000000e+03 

1.024100000e+04 9.864000000e+03 
1.039600000e+04 9.759000000e+03 
9.646000000e+03 9.992000000e+03 
9.743000000e+03 9.958000000e+03 
1.032900000e+04 9.815000000e+03 
9.536000000e+03 1.018700000e+04 
9.984000000e+03 9.907000000e+03 
1.003200000e+04 9.870000000e+03 
9.544000000e+03 1.004900000e+04 
9.893000000e+03 9.922000000e+03 
9.536000000e+03 1.018700000e+04 
9.434000000e+03 1.049900000e+04 
9.443000000e+03 1.029000000e+04 
9.847000000e+03 9.940000000e+03 
9.599000000e+03 1.003100000e+04 
9.722000000e+03 9.969000000e+03 
9.438000000e+03 1.035500000e+04 
9.508000000e+03 1.023300000e+04 
1.025500000e+04 9.849000000e+03 

9.977000000e+03 1.010100000e+04 
1.046700000e+04 9.978000000e+03 
9.936000000e+03 1.032800000e+04 
9.917000000e+03 1.033200000e+04 
1.033600000e+04 1.007300000e+04 
9.936000000e+03 1.032800000e+04 
1.026200000e+04 1.009900000e+04 
9.876000000e+03 1.041000000e+04 
9.940000000e+03 1.026000000e+04 
1.033600000e+04 1.007300000e+04 
1.033600000e+04 1.007300000e+04 
1.091800000e+04 9.945000000e+03 
9.960000000e+03 1.015100000e+04 
1.042000000e+04 9.983000000e+03 

1.031100000e+04 1.065900000e+04 
1.021300000e+04 1.081000000e+04 
1.120900000e+04 9.944000000e+03 
1.063800000e+04 1.008300000e+04 
1.102000000e+04 9.995000000e+03 
1.024700000e+04 1.074400000e+04 
1.025100000e+04 1.070900000e+04 
1.024700000e+04 1.074400000e+04 
1.031300000e+04 1.064600000e+04 
1.024600000e+04 1.077700000e+04 
1.039700000e+04 1.040600000e+04 
1.029200000e+04 1.067200000e+04 
1.052200000e+04 1.015100000e+04 
1.024700000e+04 1.074400000e+04 
1.068600000e+04 1.005300000e+04 
1.048100000e+04 1.028900000e+04 
1.036200000e+04 1.042900000e+04 
1.068600000e+04 1.005300000e+04 
1.086100000e+04 1.003900000e+04 
1.111100000e+04 9.959000000e+03 
1.104300000e+04 9.968000000e+03 

1.008100000e+04 8.998000000e+03 
1.082600000e+04 8.751000000e+03 
1.012600000e+04 8.936000000e+03 
1.036600000e+04 8.782000000e+03 
9.998000000e+03 9.517000000e+03 
1.028500000e+04 8.847000000e+03 
1.040000000e+04 8.765000000e+03 
1.009100000e+04 8.947000000e+03 
1.031700000e+04 8.820000000e+03 
1.009100000e+04 8.947000000e+03 
1.004600000e+04 9.006000000e+03 
1.031100000e+04 8.823000000e+03 
1.001900000e+04 9.080000000e+03 
1.022400000e+04 8.891000000e+03 
1.077800000e+04 8.756000000e+03 

9.321000000e+03 9.924000000e+03 
9.464000000e+03 9.733000000e+03 
9.361000000e+03 9.879000000e+03 
9.288000000e+03 1.002900000e+04 
9.321000000e+03 9.924000000e+03 
9.780000000e+03 9.463000000e+03 
9.301000000e+03 9.988000000e+03 
9.402000000e+03 9.797000000e+03 
9.312000000e+03 9.940000000e+03 
9.321000000e+03 9.924000000e+03 
9.790000000e+03 9.445000000e+03 
9.511000000e+03 9.507000000e+03 
9.434000000e+03 9.750000000e+03 

1.009400000e+04 9.931000000e+03 
1.026900000e+04 9.782000000e+03 
9.597000000e+03 1.047400000e+04 
9.698000000e+03 1.035100000e+04 
9.519000000e+03 1.051600000e+04 
9.704000000e+03 1.028500000e+04 
1.005800000e+04 9.964000000e+03 
1.010300000e+04 9.924000000e+03 
1.023300000e+04 9.860000000e+03 
1.007300000e+04 9.958000000e+03 
1.000900000e+04 1.001900000e+04 
9.916000000e+03 1.002000000e+04 
1.042300000e+04 9.759000000e+03 
1.024600000e+04 9.821000000e+03 
9.704000000e+03 1.028500000e+04 
9.556000000e+03 1.049400000e+04 
9.607000000e+03 1.035500000e+04 
9.587000000e+03 1.048500000e+04 
9.710000000e+03 1.011100000e+04 

9.267000000e+03 1.063900000e+04 
9.702000000e+03 1.010700000e+04 
9.675000000e+03 1.018300000e+04 
9.567000000e+03 1.024000000e+04 
9.849000000e+03 9.960000000e+03 
9.932000000e+03 9.925000000e+03 
9.670000000e+03 1.018400000e+04 
9.980000000e+03 9.810000000e+03 
9.533000000e+03 1.034700000e+04 
9.705000000e+03 1.000300000e+04 
9.478000000e+03 1.052400000e+04 

9.997000000e+03 1.016500000e+04 
1.017800000e+04 9.713000000e+03 
1.022200000e+04 9.642000000e+03 
1.030100000e+04 9.626000000e+03 
9.980000000e+03 1.023400000e+04 
1.015900000e+04 9.736000000e+03 
1.010300000e+04 9.778000000e+03 
1.000700000e+04 9.853000000e+03 
1.019700000e+04 9.682000000e+03 
1.015400000e+04 9.765000000e+03 
1.069700000e+04 9.623000000e+03 

1.044400000e+04 9.298000000e+03 
1.006500000e+04 9.319000000e+03 
9.547000000e+03 1.004100000e+04 
9.516000000e+03 1.008800000e+04 
9.861000000e+03 9.488000000e+03 
9.583000000e+03 9.918000000e+03 
9.663000000e+03 9.834000000e+03 
9.715000000e+03 9.719000000e+03 
9.561000000e+03 1.001800000e+04 
9.597000000e+03 9.879000000e+03 
9.692000000e+03 9.806000000e+03 
9.794000000e+03 9.709000000e+03 
1.034800000e+04 9.317000000e+03 
9.955000000e+03 9.357000000e+03 
9.825000000e+03 9.700000000e+03 
1.050000000e+04 9.272000000e+03 
1.038600000e+04 9.305000000e+03 

1.021100000e+04 1.029100000e+04 
1.080000000e+04 9.891000000e+03 
1.027200000e+04 1.020600000e+04 
1.062300000e+04 9.972000000e+03 
1.051600000e+04 1.003200000e+04 
1.017000000e+04 1.035100000e+04 
1.076900000e+04 9.896000000e+03 
1.071500000e+04 9.901000000e+03 
1.030200000e+04 1.003500000e+04 
1.070900000e+04 9.960000000e+03 
1.018600000e+04 1.033700000e+04 
1.086400000e+04 9.883000000e+03 
1.056200000e+04 9.998000000e+03 
1.087600000e+04 9.825000000e+03 

9.370000000e+03 1.061900000e+04 
9.610000000e+03 1.013200000e+04 
9.849000000e+03 1.002700000e+04 
9.839000000e+03 1.006300000e+04 
9.869000000e+03 1.001800000e+04 
9.622000000e+03 1.007400000e+04 
9.993000000e+03 9.950000000e+03 
9.999000000e+03 9.920000000e+03 
9.970000000e+03 9.979000000e+03 
9.357000000e+03 1.066500000e+04 
9.328000000e+03 1.092800000e+04 
9.341000000e+03 1.070700000e+04 
9.379000000e+03 1.033700000e+04 
9.588000000e+03 1.015100000e+04 
9.569000000e+03 1.017000000e+04 

9.754000000e+03 9.798000000e+03 
9.697000000e+03 9.882000000e+03 
9.884000000e+03 9.705000000e+03 
9.660000000e+03 1.000000000e+04 
9.745000000e+03 9.848000000e+03 
9.718000000e+03 9.852000000e+03 
9.700000000e+03 9.870000000e+03 
9.671000000e+03 9.933000000e+03 
9.915000000e+03 9.560000000e+03 
9.819000000e+03 9.712000000e+03 
1.020700000e+04 9.486000000e+03 
9.746000000e+03 9.799000000e+03 
9.607000000e+03 1.002800000e+04 
9.860000000e+03 9.706000000e+03 
9.571000000e+03 1.009600000e+04 
9.576000000e+03 1.006200000e+04 

9.737000000e+03 1.024700000e+04 
9.737000000e+03 1.024700000e+04 
9.305000000e+03 1.042500000e+04 
9.064000000e+03 1.087100000e+04 
9.332000000e+03 1.036600000e+04 
9.097000000e+03 1.046900000e+04 
9.482000000e+03 1.026300000e+04 
9.580000000e+03 1.025300000e+04 
9.164000000e+03 1.045300000e+04 
9.388000000e+03 1.027200000e+04 

9.767000000e+03 9.986000000e+03 
9.970000000e+03 9.782000000e+03 
9.714000000e+03 1.006800000e+04 
9.992000000e+03 9.742000000e+03 
9.771000000e+03 9.901000000e+03 
9.992000000e+03 9.742000000e+03 
9.947000000e+03 9.827000000e+03 
1.000400000e+04 9.728000000e+03 
9.908000000e+03 9.835000000e+03 
1.003500000e+04 9.505000000e+03 
9.958000000e+03 9.785000000e+03 
9.782000000e+03 9.900000000e+03 
9.800000000e+03 9.854000000e+03 
9.766000000e+03 1.005300000e+04 
9.970000000e+03 9.782000000e+03 

1.035300000e+04 1.021600000e+04 
1.067400000e+04 9.900000000e+03 
1.071000000e+04 9.884000000e+03 
1.052400000e+04 9.949000000e+03 
1.092400000e+04 9.836000000e+03 
1.092300000e+04 9.873000000e+03 
1.040000000e+04 1.017100000e+04 
1.040200000e+04 1.006000000e+04 
1.034400000e+04 1.027000000e+04 

9.696000000e+03 1.039000000e+04 
9.911000000e+03 1.036600000e+04 
9.449000000e+03 1.075400000e+04 
1.007800000e+04 1.017700000e+04 
9.562000000e+03 1.050300000e+04 
9.465000000e+03 1.070000000e+04 
9.385000000e+03 1.079400000e+04 
9.951000000e+03 1.027300000e+04 
9.460000000e+03 1.074900000e+04 
1.029800000e+04 1.015500000e+04 
9.495000000e+03 1.068800000e+04 
9.923000000e+03 1.034900000e+04 
9.653000000e+03 1.045500000e+04 
1.000800000e+04 1.025700000e+04 
9.644000000e+03 1.049500000e+04 
9.557000000e+03 1.061900000e+04 
9.811000000e+03 1.037600000e+04 

9.712000000e+03 9.277000000e+03 
9.804000000e+03 9.117000000e+03 
9.392000000e+03 9.631000000e+03 
9.395000000e+03 9.315000000e+03 
9.800000000e+03 9.253000000e+03 

9.858000000e+03 1.045900000e+04 
9.809000000e+03 1.058600000e+04 
9.900000000e+03 1.045600000e+04 
1.017800000e+04 1.028300000e+04 
9.854000000e+03 1.046200000e+04 
1.005000000e+04 1.037900000e+04 
1.004400000e+04 1.040200000e+04 
9.686000000e+03 1.059300000e+04 
9.858000000e+03 1.045900000e+04 
1.017800000e+04 1.028300000e+04 
9.919000000e+03 1.042200000e+04 
9.822000000e+03 1.054300000e+04 
1.006100000e+04 1.033200000e+04 
1.002900000e+04 1.041000000e+04 

9.616000000e+03 1.080300000e+04 
1.010800000e+04 1.014000000e+04 
9.698000000e+03 1.078400000e+04 
9.724000000e+03 1.076700000e+04 
9.783000000e+03 1.057400000e+04 
9.743000000e+03 1.074700000e+04 
9.935000000e+03 1.030300000e+04 
9.722000000e+03 1.077100000e+04 
9.783000000e+03 1.057400000e+04 
9.917000000e+03 1.033400000e+04 
9.854000000e+03 1.038600000e+04 
1.005200000e+04 1.023400000e+04 
1.010700000e+04 1.021400000e+04 
1.002100000e+04 1.027700000e+04 

1.050700000e+04 9.864000000e+03 
1.075800000e+04 9.605000000e+03 
1.059400000e+04 9.808000000e+03 
1.058500000e+04 9.814000000e+03 
1.046600000e+04 9.983000000e+03 
1.052800000e+04 9.818000000e+03 
1.064400000e+04 9.681000000e+03 
1.060800000e+04 9.794000000e+03 
1.049300000e+04 9.950000000e+03 
1.089700000e+04 9.533000000e+03 

1.024200000e+04 9.658000000e+03 
9.830000000e+03 1.014600000e+04 
1.080700000e+04 9.471000000e+03 
1.012300000e+04 9.787000000e+03 
1.062200000e+04 9.531000000e+03 
1.037300000e+04 9.602000000e+03 
9.870000000e+03 1.009100000e+04 
1.012300000e+04 9.787000000e+03 
9.870000000e+03 1.009100000e+04 
1.079300000e+04 9.486000000e+03 
9.978000000e+03 1.004000000e+04 
1.078300000e+04 9.522000000e+03 
1.003900000e+04 1.000600000e+04 
1.078300000e+04 9.522000000e+03 
1.028700000e+04 9.637000000e+03 
1.054200000e+04 9.585000000e+03 
1.056200000e+04 9.584000000e+03 
1.010300000e+04 9.828000000e+03 
1.012800000e+04 9.676000000e+03 
1.054200000e+04 9.585000000e+03 
1.004700000e+04 9.889000000e+03 

9.948000000e+03 9.474000000e+03 
1.036400000e+04 9.306000000e+03 
1.029600000e+04 9.355000000e+03 
1.017800000e+04 9.378000000e+03 
9.801000000e+03 1.007700000e+04 
1.036400000e+04 9.306000000e+03 
1.040200000e+04 9.263000000e+03 
9.821000000e+03 9.732000000e+03 
1.037900000e+04 9.302000000e+03 
9.820000000e+03 9.956000000e+03 
9.852000000e+03 9.594000000e+03 
1.015700000e+04 9.387000000e+03 

9.469000000e+03 1.046700000e+04 
9.719000000e+03 1.012000000e+04 
9.535000000e+03 1.031600000e+04 
9.850000000e+03 9.987000000e+03 
9.569000000e+03 1.017800000e+04 
9.996000000e+03 9.979000000e+03 
9.777000000e+03 1.003800000e+04 
1.014200000e+04 9.889000000e+03 
9.641000000e+03 1.015400000e+04 
1.004000000e+04 9.974000000e+03 

1.011500000e+04 1.031800000e+04 
1.013100000e+04 9.864000000e+03 
1.036800000e+04 9.679000000e+03 
1.019400000e+04 9.719000000e+03 
1.012300000e+04 9.995000000e+03 
1.012500000e+04 9.873000000e+03 

9.928000000e+03 1.026700000e+04 
1.066400000e+04 1.013200000e+04 
9.937000000e+03 1.019900000e+04 
9.805000000e+03 1.034100000e+04 
9.989000000e+03 1.016800000e+04 
9.784000000e+03 1.040200000e+04 
9.989000000e+03 1.016800000e+04 
9.989000000e+03 1.016800000e+04 
9.472000000e+03 1.057300000e+04 
9.851000000e+03 1.027300000e+04 
9.781000000e+03 1.042600000e+04 
9.673000000e+03 1.042700000e+04 

9.925000000e+03 1.009000000e+04 
1.044300000e+04 9.811000000e+03 
1.013700000e+04 9.910000000e+03 
9.925000000e+03 1.009000000e+04 
9.925000000e+03 1.009000000e+04 
9.868000000e+03 1.013400000e+04 
1.030800000e+04 9.871000000e+03 
1.011000000e+04 9.997000000e+03 
9.964000000e+03 1.005200000e+04 
1.011600000e+04 9.922000000e+03 
9.973000000e+03 1.001700000e+04 

9.929000000e+03 9.452000000e+03 
9.904000000e+03 9.472000000e+03 
9.527000000e+03 9.672000000e+03 
9.677000000e+03 9.521000000e+03 
9.647000000e+03 9.525000000e+03 
9.646000000e+03 9.579000000e+03 
9.437000000e+03 9.779000000e+03 
9.904000000e+03 9.472000000e+03 
9.572000000e+03 9.580000000e+03 
9.972000000e+03 9.390000000e+03 

1.038300000e+04 9.508000000e+03 
1.009800000e+04 9.779000000e+03 
9.990000000e+03 9.842000000e+03 
1.031200000e+04 9.580000000e+03 
1.018700000e+04 9.597000000e+03 
1.004800000e+04 9.820000000e+03 
1.049400000e+04 9.348000000e+03 
1.007100000e+04 9.795000000e+03 
1.050700000e+04 9.337000000e+03 
1.010500000e+04 9.651000000e+03 
1.041200000e+04 9.362000000e+03 
1.051400000e+04 9.209000000e+03 
1.038400000e+04 9.469000000e+03 
1.002200000e+04 9.826000000e+03 
1.017500000e+04 9.608000000e+03 
1.031200000e+04 9.580000000e+03 
1.009400000e+04 9.790000000e+03 
1.014500000e+04 9.620000000e+03 

1.011300000e+04 9.486000000e+03 
9.954000000e+03 9.873000000e+03 
9.954000000e+03 9.873000000e+03 
9.998000000e+03 9.532000000e+03 
1.012300000e+04 9.481000000e+03 

