9.064000000e+03 9.175000000e+03 
9.030000000e+03 9.475000000e+03 
9.032000000e+03 9.247000000e+03 
9.381000000e+03 8.831000000e+03 
9.016000000e+03 9.518000000e+03 
9.056000000e+03 9.243000000e+03 
9.030000000e+03 9.475000000e+03 
9.030000000e+03 9.475000000e+03 
9.177000000e+03 9.000000000e+03 
9.163000000e+03 9.038000000e+03 
9.102000000e+03 9.085000000e+03 
9.260000000e+03 8.975000000e+03 
9.622000000e+03 8.816000000e+03 
9.032000000e+03 9.247000000e+03 
9.058000000e+03 9.182000000e+03 
9.218000000e+03 8.991000000e+03 
9.239000000e+03 8.989000000e+03 
9.908000000e+03 8.705000000e+03 
9.056000000e+03 9.243000000e+03 
9.357000000e+03 8.970000000e+03 
9.080000000e+03 9.117000000e+03 
9.361000000e+03 8.946000000e+03 
9.671000000e+03 8.759000000e+03 
9.669000000e+03 8.779000000e+03 

9.204000000e+03 9.131000000e+03 
8.686000000e+03 9.909000000e+03 
8.869000000e+03 9.540000000e+03 
9.177000000e+03 9.170000000e+03 
9.052000000e+03 9.258000000e+03 
8.909000000e+03 9.339000000e+03 
8.720000000e+03 9.876000000e+03 
9.523000000e+03 9.007000000e+03 
9.168000000e+03 9.186000000e+03 
8.755000000e+03 9.873000000e+03 
9.168000000e+03 9.186000000e+03 
8.773000000e+03 9.826000000e+03 
9.821000000e+03 8.980000000e+03 
9.168000000e+03 9.186000000e+03 
8.786000000e+03 9.794000000e+03 
8.793000000e+03 9.775000000e+03 
9.119000000e+03 9.204000000e+03 
9.168000000e+03 9.186000000e+03 
8.817000000e+03 9.608000000e+03 
9.344000000e+03 9.012000000e+03 
8.808000000e+03 9.747000000e+03 
8.762000000e+03 9.858000000e+03 
8.900000000e+03 9.469000000e+03 
9.089000000e+03 9.229000000e+03 

9.194000000e+03 9.511000000e+03 
9.338000000e+03 9.422000000e+03 
9.151000000e+03 9.728000000e+03 
9.120000000e+03 9.825000000e+03 
9.134000000e+03 9.790000000e+03 
9.514000000e+03 9.362000000e+03 
9.498000000e+03 9.421000000e+03 
9.665000000e+03 9.322000000e+03 
9.136000000e+03 9.777000000e+03 
9.188000000e+03 9.677000000e+03 
9.498000000e+03 9.421000000e+03 

1.024100000e+04 9.597000000e+03 
1.049500000e+04 9.536000000e+03 
9.934000000e+03 9.950000000e+03 
9.781000000e+03 1.020500000e+04 
1.020900000e+04 9.634000000e+03 
9.852000000e+03 9.966000000e+03 
9.990000000e+03 9.699000000e+03 
9.785000000e+03 1.016500000e+04 
9.815000000e+03 1.001600000e+04 
9.990000000e+03 9.699000000e+03 
9.944000000e+03 9.942000000e+03 
9.990000000e+03 9.699000000e+03 
9.638000000e+03 1.051200000e+04 
9.852000000e+03 9.966000000e+03 
1.048800000e+04 9.581000000e+03 
1.013400000e+04 9.647000000e+03 
9.652000000e+03 1.042400000e+04 
9.631000000e+03 1.059500000e+04 
1.049400000e+04 9.569000000e+03 
1.030000000e+04 9.591000000e+03 
9.785000000e+03 1.016500000e+04 
1.048800000e+04 9.581000000e+03 
1.006100000e+04 9.696000000e+03 
9.986000000e+03 9.869000000e+03 
9.760000000e+03 1.020800000e+04 
9.631000000e+03 1.059500000e+04 
9.721000000e+03 1.022300000e+04 
1.024100000e+04 9.597000000e+03 
9.796000000e+03 1.007300000e+04 
9.721000000e+03 1.022300000e+04 
1.024100000e+04 9.597000000e+03 
9.680000000e+03 1.028700000e+04 

9.713000000e+03 8.634000000e+03 
9.595000000e+03 8.766000000e+03 
1.012500000e+04 8.349000000e+03 
9.790000000e+03 8.588000000e+03 
1.007500000e+04 8.394000000e+03 
9.661000000e+03 8.674000000e+03 
1.007500000e+04 8.394000000e+03 
9.616000000e+03 8.711000000e+03 
1.010800000e+04 8.387000000e+03 
9.631000000e+03 8.694000000e+03 
9.543000000e+03 8.817000000e+03 
9.384000000e+03 9.040000000e+03 
1.003200000e+04 8.402000000e+03 
9.951000000e+03 8.463000000e+03 
9.595000000e+03 8.766000000e+03 
9.550000000e+03 8.808000000e+03 
9.595000000e+03 8.766000000e+03 
9.768000000e+03 8.602000000e+03 
1.000600000e+04 8.434000000e+03 
9.433000000e+03 8.941000000e+03 
9.397000000e+03 8.958000000e+03 
9.878000000e+03 8.508000000e+03 
9.364000000e+03 9.094000000e+03 
9.513000000e+03 8.819000000e+03 
9.561000000e+03 8.768000000e+03 
1.007500000e+04 8.394000000e+03 
9.595000000e+03 8.766000000e+03 
9.499000000e+03 8.836000000e+03 
1.003200000e+04 8.402000000e+03 
9.824000000e+03 8.525000000e+03 
9.748000000e+03 8.621000000e+03 
9.815000000e+03 8.582000000e+03 
9.461000000e+03 8.868000000e+03 
9.337000000e+03 9.197000000e+03 

8.568000000e+03 9.477000000e+03 
8.773000000e+03 9.090000000e+03 
8.625000000e+03 9.136000000e+03 
8.910000000e+03 8.940000000e+03 
8.773000000e+03 9.090000000e+03 
8.576000000e+03 9.378000000e+03 
8.576000000e+03 9.378000000e+03 
8.862000000e+03 9.017000000e+03 
8.899000000e+03 8.974000000e+03 
8.749000000e+03 9.096000000e+03 
8.582000000e+03 9.216000000e+03 
8.865000000e+03 8.991000000e+03 
8.780000000e+03 9.053000000e+03 
8.934000000e+03 8.736000000e+03 
8.838000000e+03 9.037000000e+03 
8.751000000e+03 9.095000000e+03 

9.281000000e+03 9.372000000e+03 
9.296000000e+03 9.308000000e+03 
9.254000000e+03 9.386000000e+03 
8.926000000e+03 9.591000000e+03 
9.187000000e+03 9.401000000e+03 
9.137000000e+03 9.511000000e+03 
9.311000000e+03 9.270000000e+03 
9.391000000e+03 9.189000000e+03 
9.065000000e+03 9.522000000e+03 
9.541000000e+03 9.159000000e+03 
8.909000000e+03 9.647000000e+03 
9.290000000e+03 9.347000000e+03 
9.567000000e+03 9.098000000e+03 
9.643000000e+03 9.081000000e+03 
9.445000000e+03 9.185000000e+03 

8.793000000e+03 9.522000000e+03 
9.117000000e+03 9.229000000e+03 
8.827000000e+03 9.471000000e+03 
8.891000000e+03 9.397000000e+03 
9.356000000e+03 9.144000000e+03 
9.117000000e+03 9.229000000e+03 
9.048000000e+03 9.246000000e+03 
9.040000000e+03 9.335000000e+03 
9.345000000e+03 9.165000000e+03 
8.786000000e+03 9.555000000e+03 
8.914000000e+03 9.377000000e+03 
8.793000000e+03 9.522000000e+03 
8.936000000e+03 9.354000000e+03 
8.876000000e+03 9.436000000e+03 
8.846000000e+03 9.444000000e+03 
8.702000000e+03 9.585000000e+03 
9.197000000e+03 9.200000000e+03 
8.797000000e+03 9.475000000e+03 
9.369000000e+03 9.124000000e+03 
8.784000000e+03 9.558000000e+03 
9.048000000e+03 9.246000000e+03 
8.846000000e+03 9.444000000e+03 
8.793000000e+03 9.522000000e+03 
9.356000000e+03 9.144000000e+03 

9.487000000e+03 9.229000000e+03 
9.132000000e+03 9.475000000e+03 
9.695000000e+03 9.091000000e+03 
9.695000000e+03 9.091000000e+03 
9.339000000e+03 9.298000000e+03 
9.169000000e+03 9.453000000e+03 
9.415000000e+03 9.258000000e+03 
9.127000000e+03 9.499000000e+03 
9.265000000e+03 9.360000000e+03 
9.119000000e+03 9.500000000e+03 
9.286000000e+03 9.350000000e+03 
9.720000000e+03 9.072000000e+03 
9.198000000e+03 9.368000000e+03 
9.463000000e+03 9.232000000e+03 
9.183000000e+03 9.446000000e+03 
9.424000000e+03 9.240000000e+03 
9.180000000e+03 9.452000000e+03 
9.089000000e+03 9.527000000e+03 
9.681000000e+03 9.117000000e+03 
9.180000000e+03 9.452000000e+03 
9.076000000e+03 9.692000000e+03 
9.496000000e+03 9.202000000e+03 
9.335000000e+03 9.308000000e+03 
9.180000000e+03 9.452000000e+03 
9.501000000e+03 9.121000000e+03 
9.424000000e+03 9.240000000e+03 
9.762000000e+03 9.065000000e+03 
9.180000000e+03 9.452000000e+03 

8.858000000e+03 9.230000000e+03 
9.475000000e+03 8.646000000e+03 
9.609000000e+03 8.601000000e+03 
9.035000000e+03 9.091000000e+03 
9.258000000e+03 8.797000000e+03 
9.423000000e+03 8.705000000e+03 
8.909000000e+03 9.134000000e+03 
9.144000000e+03 8.819000000e+03 
9.035000000e+03 9.091000000e+03 
9.634000000e+03 8.597000000e+03 
9.175000000e+03 8.805000000e+03 
9.373000000e+03 8.733000000e+03 
9.035000000e+03 9.091000000e+03 
9.049000000e+03 8.911000000e+03 
8.838000000e+03 9.234000000e+03 
9.287000000e+03 8.757000000e+03 
9.284000000e+03 8.788000000e+03 
9.098000000e+03 8.868000000e+03 
9.436000000e+03 8.657000000e+03 
9.035000000e+03 9.091000000e+03 
8.985000000e+03 9.104000000e+03 
9.049000000e+03 8.911000000e+03 
8.883000000e+03 9.178000000e+03 

9.689000000e+03 9.630000000e+03 
9.573000000e+03 9.729000000e+03 
9.481000000e+03 9.954000000e+03 
9.519000000e+03 9.880000000e+03 
9.472000000e+03 1.007600000e+04 
9.664000000e+03 9.697000000e+03 
9.830000000e+03 9.453000000e+03 
9.468000000e+03 1.009600000e+04 
1.000800000e+04 9.300000000e+03 
9.502000000e+03 9.918000000e+03 
9.688000000e+03 9.674000000e+03 
9.554000000e+03 9.848000000e+03 
9.652000000e+03 9.722000000e+03 
1.033200000e+04 9.207000000e+03 
1.018500000e+04 9.227000000e+03 
9.907000000e+03 9.399000000e+03 
9.436000000e+03 1.012100000e+04 
9.660000000e+03 9.699000000e+03 
9.813000000e+03 9.454000000e+03 
9.520000000e+03 9.875000000e+03 
9.727000000e+03 9.615000000e+03 
9.934000000e+03 9.332000000e+03 
9.562000000e+03 9.789000000e+03 
9.772000000e+03 9.465000000e+03 
9.472000000e+03 1.007600000e+04 
9.769000000e+03 9.490000000e+03 
9.456000000e+03 1.009900000e+04 
9.926000000e+03 9.336000000e+03 
1.006300000e+04 9.253000000e+03 
9.878000000e+03 9.413000000e+03 
1.038100000e+04 9.206000000e+03 
9.727000000e+03 9.615000000e+03 

8.910000000e+03 9.491000000e+03 
8.686000000e+03 9.821000000e+03 
8.696000000e+03 9.818000000e+03 
8.720000000e+03 9.797000000e+03 
8.506000000e+03 1.016200000e+04 
8.731000000e+03 9.734000000e+03 
8.952000000e+03 9.437000000e+03 
9.085000000e+03 9.361000000e+03 
8.781000000e+03 9.566000000e+03 
8.586000000e+03 1.010800000e+04 
9.289000000e+03 9.317000000e+03 
8.607000000e+03 9.875000000e+03 
8.813000000e+03 9.533000000e+03 
8.739000000e+03 9.647000000e+03 
8.970000000e+03 9.431000000e+03 
9.040000000e+03 9.385000000e+03 
9.161000000e+03 9.347000000e+03 

9.241000000e+03 9.053000000e+03 
9.000000000e+03 9.609000000e+03 
9.250000000e+03 9.028000000e+03 
9.585000000e+03 8.882000000e+03 
9.107000000e+03 9.109000000e+03 
9.232000000e+03 9.065000000e+03 
9.190000000e+03 9.080000000e+03 
9.187000000e+03 9.087000000e+03 
9.190000000e+03 9.080000000e+03 
9.061000000e+03 9.314000000e+03 
9.087000000e+03 9.214000000e+03 
9.006000000e+03 9.523000000e+03 
9.187000000e+03 9.087000000e+03 
9.398000000e+03 8.942000000e+03 
9.261000000e+03 8.959000000e+03 
9.072000000e+03 9.264000000e+03 
9.014000000e+03 9.319000000e+03 

8.388000000e+03 1.056000000e+04 
8.461000000e+03 9.896000000e+03 
8.460000000e+03 9.897000000e+03 
8.461000000e+03 9.896000000e+03 
8.848000000e+03 9.552000000e+03 
8.605000000e+03 9.713000000e+03 
8.393000000e+03 1.035500000e+04 
8.461000000e+03 9.896000000e+03 
8.405000000e+03 9.971000000e+03 
8.461000000e+03 9.896000000e+03 
8.847000000e+03 9.580000000e+03 
8.461000000e+03 9.896000000e+03 
8.461000000e+03 9.896000000e+03 
8.488000000e+03 9.818000000e+03 
8.353000000e+03 1.064400000e+04 
8.375000000e+03 1.063800000e+04 
8.461000000e+03 9.896000000e+03 
8.566000000e+03 9.800000000e+03 
8.488000000e+03 9.818000000e+03 
8.461000000e+03 9.896000000e+03 
8.852000000e+03 9.504000000e+03 
8.461000000e+03 9.896000000e+03 
8.848000000e+03 9.552000000e+03 
8.710000000e+03 9.609000000e+03 
8.463000000e+03 9.889000000e+03 
8.575000000e+03 9.728000000e+03 
8.461000000e+03 9.896000000e+03 
8.634000000e+03 9.686000000e+03 
8.461000000e+03 9.896000000e+03 
8.420000000e+03 9.917000000e+03 
8.470000000e+03 9.835000000e+03 
8.461000000e+03 9.896000000e+03 

9.205000000e+03 9.070000000e+03 
9.293000000e+03 9.044000000e+03 
9.184000000e+03 9.238000000e+03 
9.179000000e+03 9.269000000e+03 
9.312000000e+03 9.006000000e+03 
9.681000000e+03 8.851000000e+03 
9.386000000e+03 8.962000000e+03 
9.166000000e+03 9.312000000e+03 
9.584000000e+03 8.872000000e+03 
9.356000000e+03 8.999000000e+03 
9.418000000e+03 8.939000000e+03 
9.164000000e+03 9.335000000e+03 
9.228000000e+03 9.048000000e+03 
9.166000000e+03 9.312000000e+03 
9.153000000e+03 9.391000000e+03 
9.360000000e+03 8.988000000e+03 
9.186000000e+03 9.224000000e+03 
9.475000000e+03 8.932000000e+03 
9.197000000e+03 9.087000000e+03 
9.568000000e+03 8.922000000e+03 

1.008200000e+04 9.336000000e+03 
1.001000000e+04 9.342000000e+03 
9.675000000e+03 9.564000000e+03 
9.791000000e+03 9.485000000e+03 
1.042100000e+04 9.209000000e+03 
9.626000000e+03 9.663000000e+03 
1.035200000e+04 9.214000000e+03 
1.027900000e+04 9.225000000e+03 
1.025300000e+04 9.241000000e+03 
9.721000000e+03 9.514000000e+03 
1.025300000e+04 9.241000000e+03 
9.835000000e+03 9.344000000e+03 
9.614000000e+03 9.714000000e+03 
1.009800000e+04 9.245000000e+03 

9.412000000e+03 9.780000000e+03 
9.827000000e+03 9.578000000e+03 
9.217000000e+03 9.820000000e+03 
9.161000000e+03 9.927000000e+03 
8.869000000e+03 1.002900000e+04 
1.001200000e+04 9.454000000e+03 
9.145000000e+03 9.933000000e+03 
9.623000000e+03 9.622000000e+03 
8.812000000e+03 1.019600000e+04 
9.313000000e+03 9.808000000e+03 
8.791000000e+03 1.032200000e+04 
9.109000000e+03 9.954000000e+03 
8.808000000e+03 1.031300000e+04 
9.313000000e+03 9.808000000e+03 
9.434000000e+03 9.732000000e+03 
9.771000000e+03 9.608000000e+03 
8.808000000e+03 1.031300000e+04 
9.851000000e+03 9.575000000e+03 
8.791000000e+03 1.032200000e+04 
9.163000000e+03 9.909000000e+03 
8.869000000e+03 1.002900000e+04 
9.444000000e+03 9.714000000e+03 
9.488000000e+03 9.637000000e+03 
9.623000000e+03 9.622000000e+03 
8.752000000e+03 1.033100000e+04 
9.884000000e+03 9.486000000e+03 
9.001000000e+03 9.985000000e+03 

8.840000000e+03 8.646000000e+03 
9.005000000e+03 8.446000000e+03 
8.939000000e+03 8.479000000e+03 
8.610000000e+03 8.916000000e+03 
8.954000000e+03 8.472000000e+03 
8.580000000e+03 9.151000000e+03 
8.921000000e+03 8.509000000e+03 
8.886000000e+03 8.598000000e+03 
8.891000000e+03 8.552000000e+03 
8.675000000e+03 8.745000000e+03 
8.889000000e+03 8.553000000e+03 
9.129000000e+03 8.436000000e+03 
8.756000000e+03 8.666000000e+03 

9.316000000e+03 9.703000000e+03 
9.165000000e+03 9.822000000e+03 
9.214000000e+03 9.748000000e+03 
9.008000000e+03 1.006200000e+04 
9.050000000e+03 9.999000000e+03 
9.212000000e+03 9.775000000e+03 
9.363000000e+03 9.550000000e+03 
9.282000000e+03 9.728000000e+03 
9.283000000e+03 9.708000000e+03 
9.058000000e+03 9.889000000e+03 
9.320000000e+03 9.587000000e+03 
9.168000000e+03 9.790000000e+03 
9.240000000e+03 9.729000000e+03 
9.042000000e+03 1.005400000e+04 
8.933000000e+03 1.018300000e+04 
9.103000000e+03 9.882000000e+03 
9.390000000e+03 9.535000000e+03 
9.168000000e+03 9.790000000e+03 
9.155000000e+03 9.831000000e+03 
9.508000000e+03 9.480000000e+03 
8.996000000e+03 1.011000000e+04 
9.397000000e+03 9.513000000e+03 

9.155000000e+03 9.728000000e+03 
9.552000000e+03 9.517000000e+03 
9.227000000e+03 9.676000000e+03 
9.061000000e+03 1.008600000e+04 
9.226000000e+03 9.680000000e+03 
9.535000000e+03 9.529000000e+03 
9.010000000e+03 1.037300000e+04 
9.203000000e+03 9.711000000e+03 
9.258000000e+03 9.634000000e+03 
9.229000000e+03 9.652000000e+03 
9.014000000e+03 1.019900000e+04 
9.097000000e+03 9.806000000e+03 
9.392000000e+03 9.539000000e+03 
9.134000000e+03 9.777000000e+03 
9.224000000e+03 9.695000000e+03 
8.980000000e+03 1.040400000e+04 
9.258000000e+03 9.634000000e+03 
9.301000000e+03 9.570000000e+03 
9.014000000e+03 1.019900000e+04 
9.068000000e+03 9.844000000e+03 
9.227000000e+03 9.676000000e+03 
9.224000000e+03 9.695000000e+03 

1.020500000e+04 9.019000000e+03 
9.855000000e+03 9.254000000e+03 
1.020900000e+04 8.986000000e+03 
9.791000000e+03 9.517000000e+03 
9.763000000e+03 9.587000000e+03 
1.051700000e+04 8.910000000e+03 
9.804000000e+03 9.500000000e+03 
9.948000000e+03 9.204000000e+03 
1.001000000e+04 9.195000000e+03 
1.040500000e+04 8.935000000e+03 
9.849000000e+03 9.284000000e+03 
1.016400000e+04 9.044000000e+03 
1.002200000e+04 9.089000000e+03 
9.822000000e+03 9.457000000e+03 
1.064900000e+04 8.881000000e+03 
9.804000000e+03 9.500000000e+03 
1.029100000e+04 8.956000000e+03 
9.822000000e+03 9.457000000e+03 
1.053100000e+04 8.893000000e+03 
9.791000000e+03 9.517000000e+03 

9.590000000e+03 9.033000000e+03 
9.362000000e+03 9.496000000e+03 
9.439000000e+03 9.246000000e+03 
9.326000000e+03 9.778000000e+03 
9.362000000e+03 9.496000000e+03 
9.681000000e+03 9.031000000e+03 
9.410000000e+03 9.399000000e+03 
9.362000000e+03 9.496000000e+03 
9.410000000e+03 9.399000000e+03 
9.369000000e+03 9.446000000e+03 
9.501000000e+03 9.128000000e+03 
9.527000000e+03 9.088000000e+03 
9.737000000e+03 8.999000000e+03 
9.814000000e+03 8.980000000e+03 
9.737000000e+03 8.999000000e+03 
9.456000000e+03 9.204000000e+03 
9.406000000e+03 9.409000000e+03 
9.412000000e+03 9.252000000e+03 

9.581000000e+03 8.564000000e+03 
8.941000000e+03 9.056000000e+03 
9.629000000e+03 8.554000000e+03 
9.149000000e+03 8.882000000e+03 
9.427000000e+03 8.703000000e+03 
8.933000000e+03 9.235000000e+03 
8.980000000e+03 8.993000000e+03 
9.000000000e+03 8.957000000e+03 
9.173000000e+03 8.870000000e+03 
9.691000000e+03 8.502000000e+03 
9.040000000e+03 8.893000000e+03 
9.214000000e+03 8.843000000e+03 
9.434000000e+03 8.664000000e+03 
9.437000000e+03 8.596000000e+03 
9.227000000e+03 8.712000000e+03 
9.477000000e+03 8.566000000e+03 

9.350000000e+03 9.345000000e+03 
9.335000000e+03 9.366000000e+03 
9.302000000e+03 9.375000000e+03 
9.772000000e+03 9.200000000e+03 
9.278000000e+03 9.468000000e+03 
9.425000000e+03 9.261000000e+03 
8.993000000e+03 9.758000000e+03 
9.821000000e+03 9.129000000e+03 
9.502000000e+03 9.254000000e+03 
9.675000000e+03 9.252000000e+03 
9.126000000e+03 9.682000000e+03 
9.126000000e+03 9.682000000e+03 
9.283000000e+03 9.448000000e+03 
1.002200000e+04 9.104000000e+03 
9.043000000e+03 9.716000000e+03 
9.237000000e+03 9.490000000e+03 
8.986000000e+03 9.816000000e+03 
9.815000000e+03 9.176000000e+03 
9.055000000e+03 9.686000000e+03 
9.335000000e+03 9.366000000e+03 
9.278000000e+03 9.468000000e+03 
9.686000000e+03 9.215000000e+03 
9.150000000e+03 9.522000000e+03 

9.918000000e+03 9.029000000e+03 
9.595000000e+03 9.218000000e+03 
9.717000000e+03 9.173000000e+03 
9.412000000e+03 9.435000000e+03 
9.595000000e+03 9.218000000e+03 
9.452000000e+03 9.350000000e+03 
9.753000000e+03 9.106000000e+03 
9.595000000e+03 9.218000000e+03 
9.717000000e+03 9.173000000e+03 
9.915000000e+03 9.101000000e+03 
9.915000000e+03 9.101000000e+03 
9.458000000e+03 9.232000000e+03 
9.637000000e+03 9.184000000e+03 
9.427000000e+03 9.354000000e+03 
9.452000000e+03 9.350000000e+03 

9.496000000e+03 9.460000000e+03 
9.095000000e+03 1.015600000e+04 
9.113000000e+03 9.917000000e+03 
9.113000000e+03 9.917000000e+03 
9.349000000e+03 9.508000000e+03 
9.520000000e+03 9.408000000e+03 
9.485000000e+03 9.488000000e+03 
9.601000000e+03 9.353000000e+03 
9.623000000e+03 9.334000000e+03 
9.134000000e+03 9.839000000e+03 
9.120000000e+03 9.877000000e+03 
9.849000000e+03 9.266000000e+03 
9.300000000e+03 9.630000000e+03 
9.571000000e+03 9.390000000e+03 
9.900000000e+03 9.225000000e+03 
9.470000000e+03 9.505000000e+03 
9.601000000e+03 9.353000000e+03 
9.520000000e+03 9.408000000e+03 
9.791000000e+03 9.297000000e+03 
9.587000000e+03 9.357000000e+03 
9.334000000e+03 9.540000000e+03 
9.713000000e+03 9.323000000e+03 
9.087000000e+03 1.024400000e+04 
9.186000000e+03 9.709000000e+03 
9.113000000e+03 9.917000000e+03 
9.500000000e+03 9.432000000e+03 
9.164000000e+03 9.712000000e+03 
9.220000000e+03 9.674000000e+03 
9.399000000e+03 9.507000000e+03 
9.229000000e+03 9.640000000e+03 
9.120000000e+03 9.877000000e+03 
9.304000000e+03 9.557000000e+03 
9.334000000e+03 9.540000000e+03 

9.503000000e+03 9.230000000e+03 
9.623000000e+03 9.136000000e+03 
9.487000000e+03 9.238000000e+03 
9.182000000e+03 9.533000000e+03 
9.605000000e+03 9.143000000e+03 
9.119000000e+03 9.543000000e+03 
9.537000000e+03 9.227000000e+03 
9.541000000e+03 9.152000000e+03 
9.270000000e+03 9.259000000e+03 
9.537000000e+03 9.227000000e+03 
9.262000000e+03 9.425000000e+03 
9.248000000e+03 9.455000000e+03 
9.664000000e+03 9.091000000e+03 

9.335000000e+03 8.768000000e+03 
8.958000000e+03 9.071000000e+03 
9.006000000e+03 9.040000000e+03 
8.978000000e+03 9.054000000e+03 
9.016000000e+03 9.035000000e+03 
9.033000000e+03 8.959000000e+03 
9.006000000e+03 9.040000000e+03 
9.023000000e+03 9.014000000e+03 
9.183000000e+03 8.837000000e+03 
9.074000000e+03 8.844000000e+03 
9.006000000e+03 9.040000000e+03 
9.319000000e+03 8.778000000e+03 
9.006000000e+03 9.040000000e+03 
9.006000000e+03 9.040000000e+03 
8.958000000e+03 9.071000000e+03 
9.243000000e+03 8.779000000e+03 
9.006000000e+03 9.040000000e+03 
9.006000000e+03 9.040000000e+03 
8.777000000e+03 9.224000000e+03 
9.450000000e+03 8.765000000e+03 
8.869000000e+03 9.120000000e+03 

9.372000000e+03 9.074000000e+03 
9.350000000e+03 9.101000000e+03 
9.923000000e+03 8.710000000e+03 
9.512000000e+03 8.882000000e+03 
9.551000000e+03 8.804000000e+03 
9.502000000e+03 8.914000000e+03 
9.493000000e+03 8.916000000e+03 
9.502000000e+03 8.914000000e+03 
9.844000000e+03 8.798000000e+03 
9.379000000e+03 9.034000000e+03 
9.376000000e+03 9.038000000e+03 
9.372000000e+03 9.074000000e+03 
9.395000000e+03 8.925000000e+03 
9.844000000e+03 8.798000000e+03 

9.225000000e+03 8.816000000e+03 
9.194000000e+03 8.971000000e+03 
9.178000000e+03 9.100000000e+03 
9.656000000e+03 8.625000000e+03 
9.193000000e+03 9.029000000e+03 
9.652000000e+03 8.693000000e+03 
9.215000000e+03 8.862000000e+03 
9.133000000e+03 9.103000000e+03 
9.291000000e+03 8.748000000e+03 
9.358000000e+03 8.707000000e+03 
9.553000000e+03 8.705000000e+03 
9.656000000e+03 8.625000000e+03 
9.656000000e+03 8.625000000e+03 

