1.128900000e+04 1.064400000e+04 
1.043700000e+04 1.082200000e+04 
1.138700000e+04 1.055300000e+04 
1.052600000e+04 1.076800000e+04 
1.085800000e+04 1.075700000e+04 
1.158800000e+04 1.048300000e+04 
1.101100000e+04 1.065900000e+04 

1.110000000e+04 1.100300000e+04 
1.062600000e+04 1.140200000e+04 
1.104100000e+04 1.115500000e+04 
1.088700000e+04 1.135600000e+04 
1.102400000e+04 1.120900000e+04 
1.103800000e+04 1.118900000e+04 
1.109400000e+04 1.109800000e+04 
1.093600000e+04 1.128600000e+04 
1.089600000e+04 1.134700000e+04 

1.157900000e+04 1.160600000e+04 
1.151000000e+04 1.172500000e+04 
1.237500000e+04 1.143600000e+04 
1.130000000e+04 1.203800000e+04 
1.202500000e+04 1.147600000e+04 
1.194700000e+04 1.156600000e+04 
1.123400000e+04 1.215900000e+04 
1.129400000e+04 1.210800000e+04 
1.127500000e+04 1.210900000e+04 
1.132600000e+04 1.174600000e+04 
1.109900000e+04 1.263600000e+04 
1.131700000e+04 1.181600000e+04 

1.228800000e+04 1.127400000e+04 
1.148600000e+04 1.144100000e+04 
1.155200000e+04 1.132700000e+04 
1.144500000e+04 1.159700000e+04 
1.128800000e+04 1.168000000e+04 
1.225300000e+04 1.130200000e+04 

1.106700000e+04 1.081800000e+04 
1.143300000e+04 1.036300000e+04 
1.148200000e+04 1.021500000e+04 
1.106500000e+04 1.085900000e+04 
1.116400000e+04 1.040000000e+04 

1.087800000e+04 1.109500000e+04 
1.206400000e+04 1.087900000e+04 
1.104700000e+04 1.103700000e+04 
1.107000000e+04 1.091500000e+04 

1.170800000e+04 1.100200000e+04 
1.160400000e+04 1.101500000e+04 
1.101000000e+04 1.136300000e+04 
1.100900000e+04 1.147800000e+04 
1.091500000e+04 1.177500000e+04 
1.141500000e+04 1.104000000e+04 
1.095400000e+04 1.159700000e+04 
1.081200000e+04 1.222800000e+04 
1.170600000e+04 1.100600000e+04 
1.147900000e+04 1.102700000e+04 
1.108700000e+04 1.115500000e+04 
1.121600000e+04 1.106700000e+04 

1.155000000e+04 1.127900000e+04 
1.180800000e+04 1.127000000e+04 
1.121300000e+04 1.147800000e+04 
1.091100000e+04 1.148700000e+04 
1.144000000e+04 1.136600000e+04 
1.121300000e+04 1.147800000e+04 

1.189500000e+04 1.100700000e+04 
1.175000000e+04 1.103200000e+04 
1.170100000e+04 1.103300000e+04 
1.140100000e+04 1.105400000e+04 
1.128500000e+04 1.161600000e+04 
1.131300000e+04 1.107700000e+04 

1.139800000e+04 1.068600000e+04 
1.175400000e+04 1.062100000e+04 
1.102900000e+04 1.089600000e+04 
1.108600000e+04 1.070300000e+04 
1.105900000e+04 1.089400000e+04 
1.185800000e+04 1.058100000e+04 
1.092900000e+04 1.093400000e+04 
1.154500000e+04 1.065900000e+04 
1.092400000e+04 1.093800000e+04 
1.150000000e+04 1.066600000e+04 
1.188000000e+04 1.052800000e+04 

1.135600000e+04 1.170300000e+04 
1.141300000e+04 1.144100000e+04 
1.197600000e+04 1.108300000e+04 
1.120300000e+04 1.170500000e+04 
1.159600000e+04 1.109500000e+04 
1.135600000e+04 1.170300000e+04 
1.213200000e+04 1.105600000e+04 

1.106500000e+04 1.120000000e+04 
1.137000000e+04 1.093400000e+04 
1.078400000e+04 1.204500000e+04 
1.101900000e+04 1.120600000e+04 
1.124600000e+04 1.101600000e+04 
1.084700000e+04 1.155700000e+04 
1.111300000e+04 1.118000000e+04 
1.086100000e+04 1.126900000e+04 
1.111900000e+04 1.116900000e+04 
1.109200000e+04 1.118100000e+04 

1.141500000e+04 1.073100000e+04 
1.105700000e+04 1.163500000e+04 
1.141100000e+04 1.076700000e+04 
1.139000000e+04 1.086400000e+04 
1.109000000e+04 1.123000000e+04 
1.133500000e+04 1.105500000e+04 
1.107900000e+04 1.156800000e+04 
1.123000000e+04 1.113800000e+04 
1.121600000e+04 1.120300000e+04 

1.080700000e+04 1.179500000e+04 
1.054600000e+04 1.199500000e+04 
1.077400000e+04 1.184000000e+04 
1.077400000e+04 1.184000000e+04 
1.069200000e+04 1.185100000e+04 
1.026400000e+04 1.237800000e+04 
1.082300000e+04 1.165100000e+04 
1.054500000e+04 1.204600000e+04 
1.082100000e+04 1.167700000e+04 
1.038100000e+04 1.216400000e+04 
1.099100000e+04 1.146800000e+04 
1.060500000e+04 1.185200000e+04 

1.148200000e+04 1.090500000e+04 
1.113500000e+04 1.109700000e+04 
1.109300000e+04 1.144700000e+04 
1.136000000e+04 1.099400000e+04 
1.140400000e+04 1.096200000e+04 

1.161200000e+04 1.149900000e+04 
1.146700000e+04 1.156200000e+04 
1.135900000e+04 1.188300000e+04 
1.175500000e+04 1.145700000e+04 
1.143700000e+04 1.179100000e+04 
1.176400000e+04 1.140200000e+04 
1.181800000e+04 1.110600000e+04 

1.088700000e+04 1.207300000e+04 
1.110300000e+04 1.142900000e+04 
1.114700000e+04 1.138400000e+04 
1.077900000e+04 1.209000000e+04 
1.096200000e+04 1.145200000e+04 

1.084100000e+04 1.072700000e+04 
1.078000000e+04 1.163700000e+04 
1.103100000e+04 1.057600000e+04 
1.090400000e+04 1.057800000e+04 
1.111500000e+04 1.041600000e+04 
1.085300000e+04 1.063900000e+04 

1.157900000e+04 1.172800000e+04 
1.149800000e+04 1.188900000e+04 
1.196000000e+04 1.154900000e+04 
1.163000000e+04 1.169000000e+04 
1.159200000e+04 1.171300000e+04 
1.153300000e+04 1.186100000e+04 
1.179100000e+04 1.159500000e+04 
1.169300000e+04 1.168600000e+04 
1.173600000e+04 1.161400000e+04 
1.116700000e+04 1.218200000e+04 
1.141700000e+04 1.192000000e+04 
1.153500000e+04 1.173900000e+04 
1.135200000e+04 1.211400000e+04 
1.135800000e+04 1.193100000e+04 

1.107200000e+04 1.204500000e+04 
1.164200000e+04 1.158900000e+04 
1.080000000e+04 1.210000000e+04 
1.070400000e+04 1.260000000e+04 
1.109500000e+04 1.201500000e+04 
1.112000000e+04 1.199900000e+04 
1.114000000e+04 1.196100000e+04 
1.133500000e+04 1.181000000e+04 
1.135600000e+04 1.160100000e+04 

1.244700000e+04 1.080200000e+04 
1.220100000e+04 1.119900000e+04 
1.229100000e+04 1.102600000e+04 
1.220100000e+04 1.119900000e+04 
1.220100000e+04 1.119900000e+04 
1.154300000e+04 1.120400000e+04 
1.224700000e+04 1.108500000e+04 

1.123000000e+04 1.201100000e+04 
1.197200000e+04 1.083700000e+04 
1.208400000e+04 1.079900000e+04 
1.134500000e+04 1.096000000e+04 
1.186300000e+04 1.086200000e+04 
1.126900000e+04 1.115400000e+04 
1.124400000e+04 1.173200000e+04 
1.124300000e+04 1.174000000e+04 
1.125000000e+04 1.163700000e+04 

1.120000000e+04 1.082700000e+04 
1.149800000e+04 1.060000000e+04 
1.174800000e+04 1.052800000e+04 

1.061700000e+04 1.188400000e+04 
1.086400000e+04 1.117800000e+04 
1.105300000e+04 1.116900000e+04 
1.071500000e+04 1.149000000e+04 
1.120500000e+04 1.111200000e+04 
1.160900000e+04 1.106800000e+04 

1.182400000e+04 1.140200000e+04 
1.234400000e+04 1.111400000e+04 
1.169500000e+04 1.151300000e+04 
1.235200000e+04 1.103400000e+04 
1.216000000e+04 1.114700000e+04 
1.224100000e+04 1.112800000e+04 
1.200100000e+04 1.129800000e+04 
1.224100000e+04 1.112800000e+04 
1.172600000e+04 1.143700000e+04 
1.201900000e+04 1.124900000e+04 
1.240300000e+04 1.097900000e+04 

1.112600000e+04 1.168800000e+04 
1.114400000e+04 1.153500000e+04 
1.095600000e+04 1.200900000e+04 
1.112600000e+04 1.168800000e+04 
1.096000000e+04 1.175200000e+04 
1.138900000e+04 1.139800000e+04 

1.150400000e+04 1.133200000e+04 
1.109900000e+04 1.148600000e+04 
1.149900000e+04 1.140900000e+04 
1.179900000e+04 1.128100000e+04 
1.186600000e+04 1.123800000e+04 

1.112300000e+04 1.096900000e+04 
1.113600000e+04 1.069600000e+04 
1.096200000e+04 1.098300000e+04 

1.136200000e+04 1.134700000e+04 
1.099800000e+04 1.163600000e+04 
1.151200000e+04 1.094100000e+04 
1.160800000e+04 1.074100000e+04 
1.142000000e+04 1.126500000e+04 
1.143300000e+04 1.110900000e+04 

1.143500000e+04 1.126200000e+04 
1.132900000e+04 1.130500000e+04 
1.116700000e+04 1.134200000e+04 
1.148600000e+04 1.087200000e+04 

