1.006300000e+04 1.033400000e+04 
1.078700000e+04 9.837000000e+03 
1.006300000e+04 1.033400000e+04 
1.006700000e+04 1.028700000e+04 
9.918000000e+03 1.036000000e+04 
1.024500000e+04 1.024000000e+04 
1.026100000e+04 1.020000000e+04 
1.025700000e+04 1.021500000e+04 
1.036400000e+04 1.015100000e+04 
1.016300000e+04 1.026700000e+04 
1.063700000e+04 1.006100000e+04 
1.067700000e+04 9.935000000e+03 
1.067000000e+04 9.972000000e+03 
1.044300000e+04 1.007900000e+04 
1.035400000e+04 1.018200000e+04 

1.044300000e+04 1.043800000e+04 
1.018300000e+04 1.059000000e+04 
1.004000000e+04 1.069800000e+04 
1.002400000e+04 1.083100000e+04 
1.009800000e+04 1.063100000e+04 
9.989000000e+03 1.095600000e+04 
1.012300000e+04 1.060000000e+04 
1.020900000e+04 1.045000000e+04 
1.099100000e+04 1.034100000e+04 
1.075400000e+04 1.035600000e+04 
1.067100000e+04 1.040200000e+04 

1.078800000e+04 1.060300000e+04 
1.107300000e+04 1.057400000e+04 
1.071500000e+04 1.090700000e+04 
1.095200000e+04 1.059700000e+04 
1.035800000e+04 1.098200000e+04 
1.124300000e+04 1.056500000e+04 
1.128600000e+04 1.054600000e+04 
1.065300000e+04 1.095900000e+04 
1.077900000e+04 1.084500000e+04 
1.066400000e+04 1.094200000e+04 

1.095300000e+04 1.082700000e+04 
1.086000000e+04 1.085200000e+04 
1.138200000e+04 1.053200000e+04 
1.114800000e+04 1.062800000e+04 
1.095500000e+04 1.081000000e+04 
1.095300000e+04 1.082700000e+04 
1.081300000e+04 1.098900000e+04 
1.153800000e+04 1.046200000e+04 
1.126400000e+04 1.058800000e+04 
1.099200000e+04 1.078400000e+04 
1.089200000e+04 1.084200000e+04 
1.105000000e+04 1.067400000e+04 
1.095300000e+04 1.082700000e+04 
1.078800000e+04 1.129600000e+04 

1.050900000e+04 1.007800000e+04 
1.051500000e+04 9.934000000e+03 
1.051200000e+04 1.004600000e+04 
1.043900000e+04 1.015500000e+04 
1.076100000e+04 9.471000000e+03 
1.078500000e+04 9.469000000e+03 
1.057800000e+04 9.652000000e+03 
1.065200000e+04 9.486000000e+03 
1.080000000e+04 9.237000000e+03 
1.054000000e+04 9.727000000e+03 
1.048100000e+04 1.010400000e+04 
1.065200000e+04 9.486000000e+03 

1.009700000e+04 1.051900000e+04 
1.009900000e+04 1.034400000e+04 
1.013600000e+04 1.009600000e+04 
1.025800000e+04 9.916000000e+03 
1.002000000e+04 1.063700000e+04 
1.037300000e+04 9.876000000e+03 

1.046500000e+04 1.057600000e+04 
1.056700000e+04 1.040900000e+04 
1.043300000e+04 1.065600000e+04 
1.047900000e+04 1.041500000e+04 
1.020500000e+04 1.136500000e+04 
1.016700000e+04 1.144900000e+04 
1.042100000e+04 1.072700000e+04 
1.030300000e+04 1.119800000e+04 
1.025400000e+04 1.135900000e+04 
1.033100000e+04 1.085200000e+04 
1.056700000e+04 1.040900000e+04 
1.019000000e+04 1.138500000e+04 
1.056900000e+04 1.023700000e+04 
1.032100000e+04 1.095300000e+04 
1.011800000e+04 1.150800000e+04 

1.064600000e+04 1.057400000e+04 
1.028100000e+04 1.090300000e+04 
1.050000000e+04 1.063500000e+04 
1.073900000e+04 1.055300000e+04 
1.030600000e+04 1.087800000e+04 
1.070600000e+04 1.056400000e+04 
1.026400000e+04 1.098700000e+04 
1.009100000e+04 1.117600000e+04 
1.000000000e+04 1.126000000e+04 
1.043900000e+04 1.063600000e+04 
1.077400000e+04 1.050000000e+04 
1.031700000e+04 1.085600000e+04 
1.013500000e+04 1.098800000e+04 
1.066400000e+04 1.057200000e+04 
1.052300000e+04 1.063400000e+04 
1.056200000e+04 1.059200000e+04 
9.997000000e+03 1.138200000e+04 
1.035600000e+04 1.066300000e+04 

1.056300000e+04 1.082800000e+04 
1.115600000e+04 1.012700000e+04 
1.060300000e+04 1.059800000e+04 
1.063400000e+04 1.051000000e+04 
1.049100000e+04 1.098300000e+04 
1.087500000e+04 1.026700000e+04 
1.089600000e+04 1.018000000e+04 
1.064300000e+04 1.046400000e+04 
1.053000000e+04 1.083300000e+04 
1.072000000e+04 1.029600000e+04 

1.106600000e+04 9.938000000e+03 
1.015800000e+04 1.038300000e+04 
1.018200000e+04 1.029100000e+04 
1.028400000e+04 1.020800000e+04 
1.041500000e+04 1.015700000e+04 
1.028100000e+04 1.024400000e+04 
1.039300000e+04 1.020400000e+04 
1.051700000e+04 9.947000000e+03 
1.015800000e+04 1.038300000e+04 

1.066200000e+04 1.114600000e+04 
1.085900000e+04 1.088200000e+04 
1.137500000e+04 1.038500000e+04 
1.121500000e+04 1.040300000e+04 
1.073100000e+04 1.099900000e+04 
1.090500000e+04 1.074600000e+04 
1.067600000e+04 1.112600000e+04 
1.104200000e+04 1.065000000e+04 
1.106500000e+04 1.058500000e+04 
1.076400000e+04 1.099000000e+04 
1.100200000e+04 1.070300000e+04 
1.119600000e+04 1.056600000e+04 
1.105100000e+04 1.062500000e+04 
1.143700000e+04 1.035300000e+04 
1.133600000e+04 1.039600000e+04 
1.063600000e+04 1.117300000e+04 
1.071400000e+04 1.106000000e+04 
1.094100000e+04 1.071000000e+04 
1.094000000e+04 1.073200000e+04 
1.102300000e+04 1.067000000e+04 
1.180000000e+04 1.028700000e+04 
1.089900000e+04 1.085500000e+04 
1.084900000e+04 1.096700000e+04 
1.104200000e+04 1.065000000e+04 

1.027400000e+04 1.061900000e+04 
1.047100000e+04 1.037700000e+04 
1.052900000e+04 1.031200000e+04 
1.012000000e+04 1.072800000e+04 
1.037100000e+04 1.050200000e+04 
1.014700000e+04 1.065700000e+04 
1.027400000e+04 1.061900000e+04 
1.052200000e+04 1.035600000e+04 
1.003400000e+04 1.075900000e+04 
9.801000000e+03 1.126800000e+04 
1.027700000e+04 1.059000000e+04 
1.036200000e+04 1.058100000e+04 
9.900000000e+03 1.098800000e+04 
1.006200000e+04 1.074200000e+04 
1.059100000e+04 1.029900000e+04 
1.014600000e+04 1.069700000e+04 
9.952000000e+03 1.076100000e+04 
9.863000000e+03 1.099200000e+04 
1.042300000e+04 1.038900000e+04 

1.025900000e+04 1.040300000e+04 
1.053000000e+04 1.012000000e+04 
1.087800000e+04 1.011900000e+04 
1.092600000e+04 1.010000000e+04 
1.028300000e+04 1.016300000e+04 
1.017100000e+04 1.045400000e+04 

9.644000000e+03 1.117400000e+04 
9.463000000e+03 1.165700000e+04 
9.439000000e+03 1.168000000e+04 
9.811000000e+03 1.100300000e+04 
9.683000000e+03 1.103900000e+04 
9.877000000e+03 1.099900000e+04 
1.045400000e+04 1.065700000e+04 
1.003700000e+04 1.071400000e+04 
1.039400000e+04 1.068200000e+04 
1.045100000e+04 1.066500000e+04 
9.388000000e+03 1.174200000e+04 
9.575000000e+03 1.127600000e+04 
9.899000000e+03 1.074400000e+04 
9.782000000e+03 1.102500000e+04 

1.013700000e+04 1.046000000e+04 
1.103600000e+04 1.012200000e+04 
1.058200000e+04 1.033200000e+04 
1.063600000e+04 1.023700000e+04 
1.048200000e+04 1.044000000e+04 
1.051600000e+04 1.042900000e+04 
1.056600000e+04 1.039200000e+04 

1.141400000e+04 1.055900000e+04 
1.096400000e+04 1.063400000e+04 
1.081600000e+04 1.095800000e+04 
1.085900000e+04 1.073300000e+04 
1.098100000e+04 1.057900000e+04 
1.092000000e+04 1.063500000e+04 
1.078200000e+04 1.124700000e+04 
1.143200000e+04 1.053400000e+04 

1.047200000e+04 1.088700000e+04 
1.051600000e+04 1.087200000e+04 
1.037800000e+04 1.090000000e+04 
1.042700000e+04 1.089900000e+04 
1.050600000e+04 1.087500000e+04 
1.037800000e+04 1.090000000e+04 
1.046600000e+04 1.089800000e+04 
1.025200000e+04 1.090100000e+04 
1.059500000e+04 1.071000000e+04 
1.048700000e+04 1.087700000e+04 
1.050600000e+04 1.087500000e+04 
1.021400000e+04 1.090300000e+04 
9.998000000e+03 1.109200000e+04 
1.052600000e+04 1.077600000e+04 
1.056100000e+04 1.072900000e+04 

1.010900000e+04 9.929000000e+03 
1.034800000e+04 9.864000000e+03 
1.054100000e+04 9.723000000e+03 
1.010500000e+04 1.022900000e+04 
1.034200000e+04 9.911000000e+03 
1.042700000e+04 9.837000000e+03 
1.005000000e+04 1.054800000e+04 
1.008900000e+04 1.047200000e+04 
1.001200000e+04 1.060000000e+04 

1.045600000e+04 1.125200000e+04 
1.052500000e+04 1.116000000e+04 
1.138100000e+04 1.100000000e+04 
1.028700000e+04 1.127000000e+04 
1.050000000e+04 1.124300000e+04 
1.048700000e+04 1.124800000e+04 
1.051300000e+04 1.119300000e+04 
1.077600000e+04 1.104700000e+04 
1.092000000e+04 1.100100000e+04 

1.077300000e+04 1.079500000e+04 
1.061400000e+04 1.087400000e+04 
1.047300000e+04 1.091100000e+04 
1.052800000e+04 1.087900000e+04 
1.047100000e+04 1.094000000e+04 
1.034000000e+04 1.108700000e+04 
1.038300000e+04 1.106000000e+04 
1.039900000e+04 1.095900000e+04 
1.062800000e+04 1.084900000e+04 
1.006400000e+04 1.128700000e+04 
1.039400000e+04 1.102500000e+04 
1.045500000e+04 1.095000000e+04 
1.028800000e+04 1.111000000e+04 

1.152200000e+04 1.021000000e+04 
1.172300000e+04 1.005200000e+04 
1.128900000e+04 1.021600000e+04 
1.109400000e+04 1.054300000e+04 
1.165800000e+04 1.008300000e+04 

1.063200000e+04 1.026900000e+04 
1.048900000e+04 1.141900000e+04 
1.071300000e+04 1.011100000e+04 
1.090700000e+04 9.929000000e+03 
1.072600000e+04 9.962000000e+03 
1.093200000e+04 9.910000000e+03 
1.050900000e+04 1.084700000e+04 
1.067200000e+04 1.014000000e+04 
1.059600000e+04 1.047400000e+04 
1.053900000e+04 1.083100000e+04 
1.076000000e+04 9.955000000e+03 

1.069100000e+04 9.990000000e+03 
1.063500000e+04 1.001400000e+04 
1.081000000e+04 9.929000000e+03 
1.093800000e+04 9.864000000e+03 
1.090100000e+04 9.908000000e+03 
1.072600000e+04 9.980000000e+03 
1.080800000e+04 9.972000000e+03 
1.047500000e+04 1.023600000e+04 
1.036400000e+04 1.042200000e+04 
1.062700000e+04 1.009900000e+04 
1.055200000e+04 1.023300000e+04 
1.095200000e+04 9.815000000e+03 

1.093900000e+04 1.045200000e+04 
9.928000000e+03 1.154900000e+04 
1.056800000e+04 1.050300000e+04 
1.030200000e+04 1.059300000e+04 
1.015700000e+04 1.086600000e+04 
1.113400000e+04 1.036400000e+04 
1.033700000e+04 1.056900000e+04 
9.989000000e+03 1.123200000e+04 
1.046200000e+04 1.051400000e+04 
1.004200000e+04 1.108600000e+04 
1.010200000e+04 1.092900000e+04 
1.027400000e+04 1.071800000e+04 
1.038800000e+04 1.055100000e+04 
1.012900000e+04 1.088100000e+04 
1.020700000e+04 1.075000000e+04 
1.027300000e+04 1.072100000e+04 
1.016900000e+04 1.076900000e+04 
1.022000000e+04 1.073100000e+04 

1.103400000e+04 1.040100000e+04 
1.077400000e+04 1.041500000e+04 
1.104700000e+04 1.038400000e+04 
1.108000000e+04 1.035900000e+04 
1.130800000e+04 1.033000000e+04 

1.051200000e+04 1.052600000e+04 
1.042700000e+04 1.071600000e+04 
1.051100000e+04 1.065800000e+04 
1.026600000e+04 1.080000000e+04 
1.013500000e+04 1.111500000e+04 

1.041700000e+04 1.068700000e+04 
1.090700000e+04 1.049400000e+04 
1.101200000e+04 1.047300000e+04 
1.067100000e+04 1.051700000e+04 
1.094100000e+04 1.048500000e+04 
1.112800000e+04 1.040400000e+04 
1.049300000e+04 1.059700000e+04 
1.101200000e+04 1.047300000e+04 

1.093900000e+04 1.007200000e+04 
1.016100000e+04 1.096800000e+04 
1.094600000e+04 1.004500000e+04 
1.061900000e+04 1.010100000e+04 
1.020300000e+04 1.035900000e+04 
1.023900000e+04 1.019600000e+04 
1.054200000e+04 1.015400000e+04 

1.056000000e+04 1.078300000e+04 
1.100000000e+04 1.010700000e+04 
1.098300000e+04 1.018600000e+04 
1.074800000e+04 1.041300000e+04 
1.077100000e+04 1.039500000e+04 
1.066000000e+04 1.054000000e+04 
1.098200000e+04 1.019600000e+04 
1.068900000e+04 1.042300000e+04 
1.079600000e+04 1.026500000e+04 
1.068900000e+04 1.042300000e+04 
1.060700000e+04 1.059300000e+04 
1.094000000e+04 1.021000000e+04 
1.078500000e+04 1.030900000e+04 
1.058300000e+04 1.070700000e+04 

1.060400000e+04 1.021800000e+04 
1.054300000e+04 1.044600000e+04 
1.064800000e+04 1.019000000e+04 
1.054000000e+04 1.045700000e+04 
1.048200000e+04 1.046400000e+04 
1.070600000e+04 1.003000000e+04 
1.043300000e+04 1.068300000e+04 
1.054500000e+04 1.041900000e+04 
1.067800000e+04 1.016900000e+04 
1.058300000e+04 1.034700000e+04 
1.062100000e+04 1.020700000e+04 

