9.274000000e+03 8.758000000e+03 
8.904000000e+03 9.221000000e+03 
8.970000000e+03 9.131000000e+03 
8.867000000e+03 9.239000000e+03 
8.906000000e+03 9.198000000e+03 
8.970000000e+03 9.131000000e+03 
8.904000000e+03 9.221000000e+03 
8.970000000e+03 9.131000000e+03 
8.868000000e+03 9.222000000e+03 
9.848000000e+03 8.568000000e+03 
9.313000000e+03 8.724000000e+03 
8.989000000e+03 9.095000000e+03 
9.492000000e+03 8.679000000e+03 
8.868000000e+03 9.222000000e+03 
8.970000000e+03 9.131000000e+03 
9.304000000e+03 8.733000000e+03 
9.239000000e+03 8.781000000e+03 
9.219000000e+03 8.794000000e+03 
8.904000000e+03 9.221000000e+03 
9.313000000e+03 8.724000000e+03 
8.904000000e+03 9.221000000e+03 
8.904000000e+03 9.221000000e+03 
8.904000000e+03 9.221000000e+03 
8.904000000e+03 9.221000000e+03 
8.990000000e+03 9.083000000e+03 
8.843000000e+03 9.251000000e+03 
9.333000000e+03 8.709000000e+03 
9.095000000e+03 8.912000000e+03 
9.806000000e+03 8.657000000e+03 
9.372000000e+03 8.685000000e+03 
8.904000000e+03 9.221000000e+03 
8.904000000e+03 9.221000000e+03 
8.995000000e+03 8.985000000e+03 
8.906000000e+03 9.198000000e+03 
8.970000000e+03 9.131000000e+03 
8.904000000e+03 9.221000000e+03 
8.919000000e+03 9.181000000e+03 
8.970000000e+03 9.131000000e+03 
8.970000000e+03 9.131000000e+03 
9.073000000e+03 8.938000000e+03 
8.947000000e+03 9.152000000e+03 
9.156000000e+03 8.874000000e+03 
9.107000000e+03 8.889000000e+03 
9.998000000e+03 8.561000000e+03 
8.904000000e+03 9.221000000e+03 
9.816000000e+03 8.607000000e+03 
9.569000000e+03 8.658000000e+03 

8.765000000e+03 9.411000000e+03 
8.652000000e+03 9.639000000e+03 
9.213000000e+03 8.945000000e+03 
8.909000000e+03 9.207000000e+03 
9.497000000e+03 8.883000000e+03 
8.561000000e+03 9.830000000e+03 
8.857000000e+03 9.232000000e+03 
8.671000000e+03 9.610000000e+03 
8.674000000e+03 9.606000000e+03 
8.697000000e+03 9.552000000e+03 
8.776000000e+03 9.407000000e+03 
8.758000000e+03 9.412000000e+03 
8.663000000e+03 9.617000000e+03 
9.537000000e+03 8.857000000e+03 
8.765000000e+03 9.411000000e+03 
8.663000000e+03 9.617000000e+03 
8.970000000e+03 9.201000000e+03 
8.663000000e+03 9.617000000e+03 
8.851000000e+03 9.260000000e+03 
9.123000000e+03 9.061000000e+03 
8.683000000e+03 9.589000000e+03 
9.305000000e+03 8.935000000e+03 
8.844000000e+03 9.382000000e+03 
8.887000000e+03 9.209000000e+03 
9.195000000e+03 8.999000000e+03 
8.596000000e+03 9.682000000e+03 
8.832000000e+03 9.389000000e+03 
9.497000000e+03 8.883000000e+03 
9.159000000e+03 9.015000000e+03 
8.663000000e+03 9.617000000e+03 
9.576000000e+03 8.849000000e+03 
8.663000000e+03 9.617000000e+03 
9.003000000e+03 9.070000000e+03 
8.692000000e+03 9.577000000e+03 
9.159000000e+03 9.015000000e+03 
8.608000000e+03 9.663000000e+03 
8.916000000e+03 9.203000000e+03 
9.159000000e+03 9.015000000e+03 
9.313000000e+03 8.900000000e+03 
8.832000000e+03 9.389000000e+03 
8.714000000e+03 9.492000000e+03 

8.936000000e+03 9.589000000e+03 
9.077000000e+03 9.462000000e+03 
8.931000000e+03 9.620000000e+03 
9.288000000e+03 9.195000000e+03 
9.558000000e+03 9.097000000e+03 
8.900000000e+03 9.697000000e+03 
9.001000000e+03 9.581000000e+03 
8.893000000e+03 9.761000000e+03 
9.009000000e+03 9.575000000e+03 
9.044000000e+03 9.529000000e+03 
9.084000000e+03 9.357000000e+03 
9.180000000e+03 9.312000000e+03 
9.048000000e+03 9.519000000e+03 
9.009000000e+03 9.575000000e+03 
9.251000000e+03 9.301000000e+03 
9.044000000e+03 9.529000000e+03 
8.925000000e+03 9.632000000e+03 
9.012000000e+03 9.533000000e+03 
9.382000000e+03 9.118000000e+03 

9.601000000e+03 9.935000000e+03 
1.004200000e+04 9.528000000e+03 
9.905000000e+03 9.545000000e+03 
9.522000000e+03 1.012200000e+04 
9.601000000e+03 9.935000000e+03 
9.618000000e+03 9.853000000e+03 
9.511000000e+03 1.012300000e+04 
1.025200000e+04 9.474000000e+03 
9.524000000e+03 1.001300000e+04 
1.007100000e+04 9.486000000e+03 
9.702000000e+03 9.847000000e+03 
9.601000000e+03 9.935000000e+03 
9.870000000e+03 9.593000000e+03 
1.003900000e+04 9.542000000e+03 
1.056200000e+04 9.443000000e+03 
9.829000000e+03 9.641000000e+03 
1.022300000e+04 9.480000000e+03 
9.576000000e+03 9.953000000e+03 
1.006900000e+04 9.520000000e+03 
9.742000000e+03 9.804000000e+03 

9.318000000e+03 8.959000000e+03 
9.967000000e+03 8.299000000e+03 
9.266000000e+03 9.145000000e+03 
9.443000000e+03 8.705000000e+03 
1.007200000e+04 8.291000000e+03 
9.348000000e+03 8.816000000e+03 
9.256000000e+03 9.198000000e+03 
9.270000000e+03 9.117000000e+03 
9.956000000e+03 8.305000000e+03 
9.481000000e+03 8.604000000e+03 
9.367000000e+03 8.713000000e+03 
9.270000000e+03 9.117000000e+03 
9.637000000e+03 8.517000000e+03 
9.182000000e+03 9.243000000e+03 
9.256000000e+03 9.198000000e+03 
9.967000000e+03 8.299000000e+03 
9.256000000e+03 9.198000000e+03 
1.019500000e+04 8.277000000e+03 
9.322000000e+03 8.897000000e+03 
1.007200000e+04 8.291000000e+03 
9.317000000e+03 8.982000000e+03 
9.471000000e+03 8.659000000e+03 
9.967000000e+03 8.299000000e+03 
9.702000000e+03 8.501000000e+03 
9.284000000e+03 9.008000000e+03 
9.317000000e+03 8.982000000e+03 
9.306000000e+03 8.995000000e+03 
9.270000000e+03 9.117000000e+03 
9.564000000e+03 8.519000000e+03 
1.019500000e+04 8.277000000e+03 
9.284000000e+03 9.008000000e+03 
9.481000000e+03 8.604000000e+03 
9.305000000e+03 9.000000000e+03 
9.988000000e+03 8.294000000e+03 
9.830000000e+03 8.339000000e+03 
9.504000000e+03 8.556000000e+03 
9.707000000e+03 8.373000000e+03 

8.979000000e+03 8.610000000e+03 
8.948000000e+03 8.670000000e+03 
8.273000000e+03 9.244000000e+03 
8.693000000e+03 8.806000000e+03 
8.781000000e+03 8.770000000e+03 
8.781000000e+03 8.770000000e+03 
8.427000000e+03 9.151000000e+03 
8.366000000e+03 9.184000000e+03 
8.357000000e+03 9.218000000e+03 
8.366000000e+03 9.184000000e+03 
8.915000000e+03 8.688000000e+03 
9.049000000e+03 8.569000000e+03 
8.273000000e+03 9.244000000e+03 
8.951000000e+03 8.668000000e+03 
8.406000000e+03 9.160000000e+03 
8.740000000e+03 8.793000000e+03 
8.777000000e+03 8.789000000e+03 
8.632000000e+03 8.812000000e+03 
8.257000000e+03 9.288000000e+03 
8.503000000e+03 8.967000000e+03 
8.630000000e+03 8.930000000e+03 
8.858000000e+03 8.731000000e+03 
8.273000000e+03 9.244000000e+03 
8.969000000e+03 8.657000000e+03 
8.880000000e+03 8.723000000e+03 
8.576000000e+03 8.956000000e+03 
8.838000000e+03 8.736000000e+03 
8.434000000e+03 9.114000000e+03 
8.471000000e+03 9.109000000e+03 

9.501000000e+03 8.879000000e+03 
8.753000000e+03 9.514000000e+03 
9.415000000e+03 8.972000000e+03 
9.395000000e+03 8.981000000e+03 
9.001000000e+03 9.308000000e+03 
8.963000000e+03 9.330000000e+03 
8.805000000e+03 9.481000000e+03 
9.350000000e+03 9.015000000e+03 
8.821000000e+03 9.473000000e+03 
8.910000000e+03 9.429000000e+03 
9.410000000e+03 8.978000000e+03 
8.841000000e+03 9.435000000e+03 
9.001000000e+03 9.308000000e+03 
9.418000000e+03 8.943000000e+03 
8.800000000e+03 9.508000000e+03 
8.841000000e+03 9.435000000e+03 
9.034000000e+03 9.129000000e+03 
9.345000000e+03 9.017000000e+03 
9.501000000e+03 8.879000000e+03 
9.418000000e+03 8.943000000e+03 
9.011000000e+03 9.211000000e+03 
9.210000000e+03 9.033000000e+03 
9.092000000e+03 9.101000000e+03 
9.415000000e+03 8.972000000e+03 
9.485000000e+03 8.912000000e+03 
9.122000000e+03 9.083000000e+03 
8.964000000e+03 9.318000000e+03 
9.570000000e+03 8.877000000e+03 
9.321000000e+03 9.028000000e+03 
8.917000000e+03 9.334000000e+03 
9.209000000e+03 9.072000000e+03 
9.426000000e+03 8.924000000e+03 

9.340000000e+03 8.910000000e+03 
8.614000000e+03 9.445000000e+03 
8.839000000e+03 9.126000000e+03 
8.750000000e+03 9.284000000e+03 
8.822000000e+03 9.154000000e+03 
9.449000000e+03 8.901000000e+03 
8.684000000e+03 9.425000000e+03 
9.499000000e+03 8.900000000e+03 
9.141000000e+03 9.021000000e+03 
8.888000000e+03 9.095000000e+03 
9.124000000e+03 9.024000000e+03 
9.164000000e+03 9.000000000e+03 
9.115000000e+03 9.036000000e+03 
9.291000000e+03 8.954000000e+03 
9.533000000e+03 8.896000000e+03 
8.731000000e+03 9.307000000e+03 
8.836000000e+03 9.140000000e+03 
8.731000000e+03 9.307000000e+03 
8.794000000e+03 9.281000000e+03 
8.731000000e+03 9.307000000e+03 
8.686000000e+03 9.386000000e+03 
8.808000000e+03 9.278000000e+03 
9.577000000e+03 8.843000000e+03 
9.005000000e+03 9.046000000e+03 
9.542000000e+03 8.854000000e+03 
8.655000000e+03 9.438000000e+03 
8.956000000e+03 9.087000000e+03 
9.167000000e+03 8.987000000e+03 

9.041000000e+03 9.441000000e+03 
9.291000000e+03 9.013000000e+03 
9.128000000e+03 9.356000000e+03 
9.158000000e+03 9.162000000e+03 
9.291000000e+03 9.013000000e+03 
9.305000000e+03 8.995000000e+03 
9.675000000e+03 8.921000000e+03 
9.675000000e+03 8.921000000e+03 
9.001000000e+03 9.532000000e+03 
9.139000000e+03 9.295000000e+03 
9.073000000e+03 9.366000000e+03 
8.951000000e+03 9.641000000e+03 
9.158000000e+03 9.162000000e+03 
9.709000000e+03 8.868000000e+03 
9.552000000e+03 8.923000000e+03 
9.181000000e+03 9.112000000e+03 
8.971000000e+03 9.633000000e+03 
9.776000000e+03 8.846000000e+03 
9.313000000e+03 8.965000000e+03 
9.552000000e+03 8.923000000e+03 
9.266000000e+03 9.040000000e+03 
9.709000000e+03 8.868000000e+03 
9.134000000e+03 9.301000000e+03 
9.204000000e+03 9.092000000e+03 
9.470000000e+03 8.950000000e+03 
9.243000000e+03 9.091000000e+03 
9.073000000e+03 9.366000000e+03 
9.326000000e+03 8.963000000e+03 

9.128000000e+03 8.698000000e+03 
8.923000000e+03 8.899000000e+03 
8.923000000e+03 8.899000000e+03 
8.795000000e+03 8.992000000e+03 
8.923000000e+03 8.899000000e+03 
9.177000000e+03 8.589000000e+03 
8.923000000e+03 8.899000000e+03 
8.923000000e+03 8.899000000e+03 
8.795000000e+03 8.992000000e+03 
8.777000000e+03 9.073000000e+03 
8.923000000e+03 8.899000000e+03 
8.978000000e+03 8.805000000e+03 
8.923000000e+03 8.899000000e+03 
9.128000000e+03 8.698000000e+03 
8.746000000e+03 9.107000000e+03 
8.907000000e+03 8.935000000e+03 
8.757000000e+03 9.080000000e+03 
8.923000000e+03 8.899000000e+03 
8.923000000e+03 8.899000000e+03 
9.128000000e+03 8.698000000e+03 
8.923000000e+03 8.899000000e+03 
9.128000000e+03 8.698000000e+03 
9.027000000e+03 8.779000000e+03 
8.757000000e+03 9.080000000e+03 
8.923000000e+03 8.899000000e+03 
9.043000000e+03 8.766000000e+03 
8.923000000e+03 8.899000000e+03 
8.923000000e+03 8.899000000e+03 
8.923000000e+03 8.899000000e+03 
8.746000000e+03 9.107000000e+03 
8.923000000e+03 8.899000000e+03 
8.923000000e+03 8.899000000e+03 
9.028000000e+03 8.773000000e+03 
9.475000000e+03 8.459000000e+03 
8.923000000e+03 8.899000000e+03 
8.923000000e+03 8.899000000e+03 
8.923000000e+03 8.899000000e+03 
8.923000000e+03 8.899000000e+03 
9.111000000e+03 8.715000000e+03 
8.718000000e+03 9.153000000e+03 
8.923000000e+03 8.899000000e+03 
9.319000000e+03 8.532000000e+03 
9.068000000e+03 8.716000000e+03 
8.978000000e+03 8.805000000e+03 
8.733000000e+03 9.114000000e+03 
8.923000000e+03 8.899000000e+03 
9.145000000e+03 8.691000000e+03 
8.796000000e+03 8.969000000e+03 
9.068000000e+03 8.716000000e+03 
9.032000000e+03 8.772000000e+03 
8.907000000e+03 8.935000000e+03 
8.777000000e+03 9.073000000e+03 
8.923000000e+03 8.899000000e+03 
9.475000000e+03 8.459000000e+03 
9.294000000e+03 8.563000000e+03 
8.977000000e+03 8.871000000e+03 
8.966000000e+03 8.879000000e+03 
8.923000000e+03 8.899000000e+03 
8.746000000e+03 9.107000000e+03 
8.916000000e+03 8.922000000e+03 
8.733000000e+03 9.114000000e+03 
8.777000000e+03 9.073000000e+03 
9.357000000e+03 8.491000000e+03 

9.672000000e+03 9.210000000e+03 
9.485000000e+03 9.442000000e+03 
1.013800000e+04 9.093000000e+03 
9.803000000e+03 9.174000000e+03 
9.212000000e+03 1.021800000e+04 
9.354000000e+03 9.647000000e+03 
9.276000000e+03 9.916000000e+03 
9.410000000e+03 9.525000000e+03 
1.019100000e+04 9.061000000e+03 
9.490000000e+03 9.437000000e+03 
9.333000000e+03 9.682000000e+03 
9.354000000e+03 9.647000000e+03 
9.333000000e+03 9.682000000e+03 
9.937000000e+03 9.101000000e+03 
1.019100000e+04 9.061000000e+03 
9.333000000e+03 9.682000000e+03 
1.014300000e+04 9.077000000e+03 
1.019100000e+04 9.061000000e+03 
9.646000000e+03 9.352000000e+03 
9.375000000e+03 9.584000000e+03 
1.005700000e+04 9.096000000e+03 
9.895000000e+03 9.140000000e+03 
9.380000000e+03 9.568000000e+03 
9.420000000e+03 9.448000000e+03 
9.333000000e+03 9.682000000e+03 
9.560000000e+03 9.358000000e+03 
9.895000000e+03 9.140000000e+03 
9.354000000e+03 9.647000000e+03 
9.406000000e+03 9.541000000e+03 
9.239000000e+03 1.003900000e+04 
9.556000000e+03 9.399000000e+03 
9.652000000e+03 9.232000000e+03 
9.828000000e+03 9.167000000e+03 
9.308000000e+03 9.695000000e+03 
9.526000000e+03 9.412000000e+03 

8.743000000e+03 9.434000000e+03 
8.549000000e+03 9.502000000e+03 
8.387000000e+03 9.837000000e+03 
8.683000000e+03 9.439000000e+03 
8.633000000e+03 9.501000000e+03 
8.752000000e+03 9.427000000e+03 
8.964000000e+03 9.278000000e+03 
8.953000000e+03 9.312000000e+03 
8.664000000e+03 9.479000000e+03 
9.252000000e+03 9.266000000e+03 
8.953000000e+03 9.312000000e+03 
9.252000000e+03 9.266000000e+03 
8.872000000e+03 9.314000000e+03 
8.836000000e+03 9.329000000e+03 
8.762000000e+03 9.339000000e+03 
9.252000000e+03 9.266000000e+03 
8.454000000e+03 9.648000000e+03 
8.762000000e+03 9.339000000e+03 
8.401000000e+03 9.765000000e+03 
8.664000000e+03 9.479000000e+03 
8.526000000e+03 9.610000000e+03 
8.664000000e+03 9.479000000e+03 

9.291000000e+03 8.720000000e+03 
9.329000000e+03 8.697000000e+03 
8.894000000e+03 8.933000000e+03 
9.009000000e+03 8.862000000e+03 
8.790000000e+03 9.014000000e+03 
8.750000000e+03 9.137000000e+03 
9.319000000e+03 8.718000000e+03 
9.158000000e+03 8.730000000e+03 
9.329000000e+03 8.697000000e+03 
8.872000000e+03 8.958000000e+03 
8.872000000e+03 8.958000000e+03 
8.849000000e+03 8.964000000e+03 
8.963000000e+03 8.904000000e+03 
8.891000000e+03 8.956000000e+03 
9.538000000e+03 8.678000000e+03 
9.534000000e+03 8.679000000e+03 
8.790000000e+03 9.014000000e+03 
8.891000000e+03 8.956000000e+03 
8.916000000e+03 8.921000000e+03 
8.686000000e+03 9.175000000e+03 
8.973000000e+03 8.891000000e+03 
9.016000000e+03 8.738000000e+03 

8.326000000e+03 9.695000000e+03 
8.234000000e+03 9.932000000e+03 
8.863000000e+03 9.410000000e+03 
8.598000000e+03 9.512000000e+03 
8.767000000e+03 9.445000000e+03 
8.263000000e+03 9.846000000e+03 
8.301000000e+03 9.737000000e+03 
8.822000000e+03 9.439000000e+03 
8.678000000e+03 9.487000000e+03 
8.904000000e+03 9.382000000e+03 
9.008000000e+03 9.372000000e+03 
8.462000000e+03 9.562000000e+03 
9.008000000e+03 9.372000000e+03 
8.521000000e+03 9.519000000e+03 
8.228000000e+03 1.037500000e+04 
8.275000000e+03 9.743000000e+03 
8.627000000e+03 9.510000000e+03 
8.431000000e+03 9.602000000e+03 
8.333000000e+03 9.628000000e+03 

9.066000000e+03 8.851000000e+03 
9.351000000e+03 8.676000000e+03 
8.924000000e+03 9.114000000e+03 
9.066000000e+03 8.851000000e+03 
9.200000000e+03 8.745000000e+03 
9.084000000e+03 8.758000000e+03 
9.207000000e+03 8.719000000e+03 
9.083000000e+03 8.821000000e+03 
9.039000000e+03 8.861000000e+03 
9.039000000e+03 8.861000000e+03 
9.279000000e+03 8.714000000e+03 
9.485000000e+03 8.644000000e+03 
9.351000000e+03 8.676000000e+03 
8.924000000e+03 9.114000000e+03 
9.322000000e+03 8.685000000e+03 
9.039000000e+03 8.861000000e+03 
8.929000000e+03 8.865000000e+03 
9.207000000e+03 8.719000000e+03 
9.070000000e+03 8.850000000e+03 
9.200000000e+03 8.745000000e+03 

9.795000000e+03 9.237000000e+03 
9.869000000e+03 9.174000000e+03 
9.526000000e+03 9.446000000e+03 
9.388000000e+03 9.912000000e+03 
9.388000000e+03 9.912000000e+03 
9.861000000e+03 9.186000000e+03 
9.526000000e+03 9.446000000e+03 
9.691000000e+03 9.259000000e+03 
1.006400000e+04 9.031000000e+03 
9.420000000e+03 9.757000000e+03 
9.493000000e+03 9.458000000e+03 
9.388000000e+03 9.912000000e+03 
9.558000000e+03 9.393000000e+03 
9.387000000e+03 1.001100000e+04 
9.795000000e+03 9.237000000e+03 
9.543000000e+03 9.415000000e+03 
9.796000000e+03 9.226000000e+03 
9.930000000e+03 9.160000000e+03 
1.007000000e+04 9.017000000e+03 
9.390000000e+03 9.797000000e+03 
9.564000000e+03 9.313000000e+03 
9.664000000e+03 9.275000000e+03 
9.812000000e+03 9.224000000e+03 
9.531000000e+03 9.436000000e+03 
9.795000000e+03 9.237000000e+03 
9.526000000e+03 9.446000000e+03 
9.397000000e+03 9.790000000e+03 
1.011000000e+04 8.995000000e+03 
9.658000000e+03 9.299000000e+03 
9.691000000e+03 9.259000000e+03 
9.927000000e+03 9.162000000e+03 
1.003100000e+04 9.053000000e+03 
9.935000000e+03 9.065000000e+03 
9.388000000e+03 9.912000000e+03 
9.827000000e+03 9.190000000e+03 
9.450000000e+03 9.570000000e+03 
9.476000000e+03 9.479000000e+03 

8.970000000e+03 9.919000000e+03 
9.605000000e+03 9.448000000e+03 
8.869000000e+03 1.002900000e+04 
8.881000000e+03 9.950000000e+03 
8.869000000e+03 1.002900000e+04 
9.127000000e+03 9.739000000e+03 
8.869000000e+03 1.002900000e+04 
8.869000000e+03 1.002900000e+04 
8.869000000e+03 1.002900000e+04 
9.627000000e+03 9.403000000e+03 
9.307000000e+03 9.594000000e+03 
9.719000000e+03 9.399000000e+03 
8.869000000e+03 1.002900000e+04 
9.887000000e+03 9.372000000e+03 
8.738000000e+03 1.012000000e+04 
8.773000000e+03 1.006000000e+04 
9.139000000e+03 9.724000000e+03 
9.037000000e+03 9.760000000e+03 
8.983000000e+03 9.910000000e+03 
9.467000000e+03 9.480000000e+03 
8.869000000e+03 1.002900000e+04 
8.924000000e+03 9.923000000e+03 
8.970000000e+03 9.919000000e+03 
9.021000000e+03 9.814000000e+03 
8.869000000e+03 1.002900000e+04 
8.869000000e+03 1.002900000e+04 
9.127000000e+03 9.739000000e+03 
8.808000000e+03 1.004800000e+04 
8.702000000e+03 1.015500000e+04 
8.826000000e+03 1.004700000e+04 
8.970000000e+03 9.919000000e+03 
8.869000000e+03 1.002900000e+04 
9.191000000e+03 9.607000000e+03 
8.669000000e+03 1.020200000e+04 
8.771000000e+03 1.009300000e+04 
8.715000000e+03 1.012900000e+04 
8.988000000e+03 9.863000000e+03 
9.037000000e+03 9.760000000e+03 
9.092000000e+03 9.740000000e+03 
9.997000000e+03 9.364000000e+03 
9.092000000e+03 9.740000000e+03 
8.987000000e+03 9.894000000e+03 
9.565000000e+03 9.465000000e+03 
9.322000000e+03 9.532000000e+03 
8.988000000e+03 9.863000000e+03 
9.002000000e+03 9.815000000e+03 
9.154000000e+03 9.691000000e+03 
8.808000000e+03 1.004800000e+04 

8.487000000e+03 8.655000000e+03 
8.409000000e+03 8.816000000e+03 
8.550000000e+03 8.616000000e+03 
8.952000000e+03 8.234000000e+03 
8.942000000e+03 8.280000000e+03 
8.431000000e+03 8.663000000e+03 
8.917000000e+03 8.283000000e+03 
8.603000000e+03 8.484000000e+03 
8.697000000e+03 8.444000000e+03 
9.110000000e+03 8.113000000e+03 
8.799000000e+03 8.307000000e+03 
8.521000000e+03 8.635000000e+03 
9.018000000e+03 8.132000000e+03 
8.733000000e+03 8.360000000e+03 
8.568000000e+03 8.580000000e+03 
8.888000000e+03 8.299000000e+03 
8.589000000e+03 8.542000000e+03 

9.556000000e+03 9.346000000e+03 
9.047000000e+03 9.627000000e+03 
8.996000000e+03 9.659000000e+03 
9.089000000e+03 9.513000000e+03 
8.737000000e+03 1.005800000e+04 
8.676000000e+03 1.021000000e+04 
9.299000000e+03 9.408000000e+03 
8.996000000e+03 9.659000000e+03 
9.576000000e+03 9.296000000e+03 
8.817000000e+03 9.844000000e+03 
9.492000000e+03 9.352000000e+03 
9.439000000e+03 9.361000000e+03 
8.996000000e+03 9.659000000e+03 
9.576000000e+03 9.296000000e+03 
8.744000000e+03 1.004900000e+04 
8.758000000e+03 9.884000000e+03 
8.866000000e+03 9.833000000e+03 
8.714000000e+03 1.006200000e+04 
9.035000000e+03 9.642000000e+03 
9.158000000e+03 9.469000000e+03 
8.691000000e+03 1.017400000e+04 
9.067000000e+03 9.604000000e+03 
9.158000000e+03 9.469000000e+03 
8.707000000e+03 1.012700000e+04 
8.737000000e+03 1.005800000e+04 
8.914000000e+03 9.676000000e+03 
9.086000000e+03 9.581000000e+03 
8.898000000e+03 9.815000000e+03 

8.853000000e+03 1.019800000e+04 
8.883000000e+03 1.003000000e+04 
8.931000000e+03 9.972000000e+03 
9.108000000e+03 9.619000000e+03 
9.383000000e+03 9.429000000e+03 
8.853000000e+03 1.019800000e+04 
9.049000000e+03 9.686000000e+03 
8.883000000e+03 1.003000000e+04 
9.355000000e+03 9.441000000e+03 
8.853000000e+03 1.019800000e+04 
9.056000000e+03 9.644000000e+03 
8.853000000e+03 1.019800000e+04 
9.210000000e+03 9.467000000e+03 
8.942000000e+03 9.928000000e+03 
8.919000000e+03 1.000000000e+04 
8.960000000e+03 9.897000000e+03 
8.942000000e+03 9.928000000e+03 
9.195000000e+03 9.534000000e+03 
8.967000000e+03 9.707000000e+03 
9.346000000e+03 9.461000000e+03 
9.110000000e+03 9.562000000e+03 
8.951000000e+03 9.927000000e+03 
9.096000000e+03 9.643000000e+03 
9.425000000e+03 9.416000000e+03 
9.355000000e+03 9.441000000e+03 
9.425000000e+03 9.416000000e+03 
9.355000000e+03 9.441000000e+03 
9.442000000e+03 9.350000000e+03 
8.853000000e+03 1.019800000e+04 
8.883000000e+03 1.003000000e+04 

9.989000000e+03 8.852000000e+03 
9.546000000e+03 9.207000000e+03 
9.623000000e+03 9.153000000e+03 
9.642000000e+03 9.152000000e+03 
1.002400000e+04 8.814000000e+03 
9.536000000e+03 9.268000000e+03 
9.504000000e+03 9.277000000e+03 
9.814000000e+03 8.962000000e+03 
9.675000000e+03 9.058000000e+03 
1.016700000e+04 8.705000000e+03 
9.623000000e+03 9.153000000e+03 
9.501000000e+03 9.287000000e+03 
1.009500000e+04 8.753000000e+03 
9.544000000e+03 9.227000000e+03 
9.623000000e+03 9.153000000e+03 
9.888000000e+03 8.870000000e+03 
1.007700000e+04 8.791000000e+03 
9.832000000e+03 8.897000000e+03 
9.605000000e+03 9.189000000e+03 
9.766000000e+03 9.026000000e+03 

9.144000000e+03 9.187000000e+03 
9.139000000e+03 9.282000000e+03 
9.405000000e+03 8.930000000e+03 
9.678000000e+03 8.904000000e+03 
9.135000000e+03 9.301000000e+03 
9.045000000e+03 9.413000000e+03 
9.678000000e+03 8.904000000e+03 
9.330000000e+03 9.025000000e+03 
9.642000000e+03 8.907000000e+03 
9.335000000e+03 8.995000000e+03 
9.135000000e+03 9.301000000e+03 
9.374000000e+03 8.956000000e+03 
9.303000000e+03 9.110000000e+03 
9.255000000e+03 9.116000000e+03 
9.730000000e+03 8.882000000e+03 
9.143000000e+03 9.249000000e+03 
9.374000000e+03 8.956000000e+03 
9.324000000e+03 9.097000000e+03 
9.613000000e+03 8.911000000e+03 
9.560000000e+03 8.924000000e+03 
9.071000000e+03 9.361000000e+03 
9.706000000e+03 8.887000000e+03 
9.254000000e+03 9.117000000e+03 

9.635000000e+03 8.447000000e+03 
8.930000000e+03 8.796000000e+03 
8.930000000e+03 8.796000000e+03 
8.774000000e+03 9.097000000e+03 
9.736000000e+03 8.440000000e+03 
9.250000000e+03 8.606000000e+03 
9.185000000e+03 8.608000000e+03 
9.442000000e+03 8.473000000e+03 
9.299000000e+03 8.574000000e+03 
8.813000000e+03 8.964000000e+03 
8.908000000e+03 8.827000000e+03 
9.736000000e+03 8.440000000e+03 
9.539000000e+03 8.462000000e+03 
9.252000000e+03 8.578000000e+03 
8.930000000e+03 8.796000000e+03 
9.813000000e+03 8.415000000e+03 
9.813000000e+03 8.415000000e+03 
9.299000000e+03 8.574000000e+03 
9.302000000e+03 8.546000000e+03 
8.754000000e+03 9.101000000e+03 
8.930000000e+03 8.796000000e+03 
9.085000000e+03 8.625000000e+03 
9.571000000e+03 8.452000000e+03 
8.936000000e+03 8.669000000e+03 
8.746000000e+03 9.218000000e+03 
8.908000000e+03 8.827000000e+03 
8.922000000e+03 8.814000000e+03 
9.344000000e+03 8.487000000e+03 
9.635000000e+03 8.447000000e+03 
8.971000000e+03 8.668000000e+03 
9.736000000e+03 8.440000000e+03 
8.881000000e+03 8.879000000e+03 
9.054000000e+03 8.648000000e+03 

8.811000000e+03 9.818000000e+03 
9.407000000e+03 9.140000000e+03 
9.222000000e+03 9.243000000e+03 
8.828000000e+03 9.757000000e+03 
9.106000000e+03 9.331000000e+03 
9.096000000e+03 9.362000000e+03 
9.772000000e+03 8.889000000e+03 
9.522000000e+03 8.972000000e+03 
9.407000000e+03 9.140000000e+03 
8.818000000e+03 9.789000000e+03 
8.904000000e+03 9.723000000e+03 
9.690000000e+03 8.904000000e+03 
8.913000000e+03 9.623000000e+03 
9.193000000e+03 9.268000000e+03 
9.612000000e+03 8.926000000e+03 
9.121000000e+03 9.302000000e+03 
9.200000000e+03 9.263000000e+03 
9.022000000e+03 9.409000000e+03 
9.434000000e+03 9.070000000e+03 
9.324000000e+03 9.205000000e+03 
8.935000000e+03 9.608000000e+03 
8.849000000e+03 9.724000000e+03 
8.970000000e+03 9.529000000e+03 
9.336000000e+03 9.148000000e+03 
8.940000000e+03 9.560000000e+03 
9.332000000e+03 9.187000000e+03 
9.407000000e+03 9.140000000e+03 
8.828000000e+03 9.757000000e+03 
9.247000000e+03 9.220000000e+03 
8.905000000e+03 9.675000000e+03 
8.828000000e+03 9.757000000e+03 
9.407000000e+03 9.140000000e+03 
8.904000000e+03 9.723000000e+03 
8.984000000e+03 9.423000000e+03 
9.571000000e+03 8.938000000e+03 

1.001600000e+04 8.958000000e+03 
9.226000000e+03 9.377000000e+03 
9.451000000e+03 9.083000000e+03 
1.003300000e+04 8.930000000e+03 
1.002400000e+04 8.943000000e+03 
9.210000000e+03 9.528000000e+03 
1.003300000e+04 8.930000000e+03 
9.248000000e+03 9.209000000e+03 
9.236000000e+03 9.363000000e+03 
9.604000000e+03 9.065000000e+03 
9.576000000e+03 9.068000000e+03 
1.003300000e+04 8.930000000e+03 
9.674000000e+03 8.967000000e+03 
1.003300000e+04 8.930000000e+03 
1.003300000e+04 8.930000000e+03 
9.637000000e+03 8.969000000e+03 
9.398000000e+03 9.126000000e+03 
1.002400000e+04 8.943000000e+03 
9.210000000e+03 9.528000000e+03 
9.605000000e+03 8.984000000e+03 
9.298000000e+03 9.190000000e+03 
9.451000000e+03 9.083000000e+03 
9.398000000e+03 9.126000000e+03 

9.037000000e+03 9.604000000e+03 
8.965000000e+03 9.810000000e+03 
9.037000000e+03 9.604000000e+03 
9.224000000e+03 9.309000000e+03 
9.080000000e+03 9.585000000e+03 
9.616000000e+03 9.142000000e+03 
9.204000000e+03 9.428000000e+03 
9.312000000e+03 9.278000000e+03 
9.031000000e+03 9.692000000e+03 
9.214000000e+03 9.426000000e+03 
9.173000000e+03 9.436000000e+03 
9.390000000e+03 9.268000000e+03 
9.444000000e+03 9.258000000e+03 
9.031000000e+03 9.692000000e+03 
9.642000000e+03 9.140000000e+03 
9.699000000e+03 9.070000000e+03 
9.262000000e+03 9.299000000e+03 
9.323000000e+03 9.275000000e+03 
9.699000000e+03 9.070000000e+03 
9.390000000e+03 9.268000000e+03 
9.146000000e+03 9.509000000e+03 
9.101000000e+03 9.516000000e+03 
9.501000000e+03 9.147000000e+03 
9.472000000e+03 9.224000000e+03 

9.452000000e+03 8.969000000e+03 
9.585000000e+03 8.908000000e+03 
9.123000000e+03 9.283000000e+03 
9.137000000e+03 9.274000000e+03 
9.103000000e+03 9.285000000e+03 
8.945000000e+03 9.478000000e+03 
9.346000000e+03 9.020000000e+03 
9.388000000e+03 8.973000000e+03 
8.945000000e+03 9.478000000e+03 
9.346000000e+03 9.020000000e+03 
9.010000000e+03 9.353000000e+03 
8.908000000e+03 9.631000000e+03 
9.213000000e+03 9.026000000e+03 
8.965000000e+03 9.436000000e+03 
8.945000000e+03 9.478000000e+03 
9.575000000e+03 8.943000000e+03 
8.889000000e+03 9.673000000e+03 
9.346000000e+03 9.020000000e+03 
9.708000000e+03 8.839000000e+03 
9.042000000e+03 9.341000000e+03 
9.538000000e+03 8.954000000e+03 
9.103000000e+03 9.285000000e+03 
9.346000000e+03 9.020000000e+03 
8.948000000e+03 9.472000000e+03 
8.889000000e+03 9.673000000e+03 
9.163000000e+03 9.179000000e+03 
9.161000000e+03 9.231000000e+03 
9.042000000e+03 9.341000000e+03 
9.708000000e+03 8.839000000e+03 
9.087000000e+03 9.306000000e+03 
9.175000000e+03 9.122000000e+03 
9.609000000e+03 8.899000000e+03 
9.077000000e+03 9.336000000e+03 
9.103000000e+03 9.285000000e+03 
9.213000000e+03 9.026000000e+03 
9.452000000e+03 8.969000000e+03 
9.373000000e+03 9.015000000e+03 
8.979000000e+03 9.391000000e+03 
8.889000000e+03 9.673000000e+03 

8.960000000e+03 8.776000000e+03 
8.635000000e+03 9.155000000e+03 
8.594000000e+03 9.255000000e+03 
8.753000000e+03 8.966000000e+03 
8.673000000e+03 9.045000000e+03 
8.673000000e+03 9.045000000e+03 
9.018000000e+03 8.758000000e+03 
9.004000000e+03 8.761000000e+03 
8.804000000e+03 8.828000000e+03 
8.794000000e+03 8.948000000e+03 
9.018000000e+03 8.758000000e+03 
8.673000000e+03 9.045000000e+03 
9.248000000e+03 8.565000000e+03 
8.897000000e+03 8.802000000e+03 
8.804000000e+03 8.828000000e+03 
9.140000000e+03 8.651000000e+03 
8.940000000e+03 8.794000000e+03 
9.018000000e+03 8.758000000e+03 
8.606000000e+03 9.209000000e+03 
8.794000000e+03 8.948000000e+03 
8.582000000e+03 9.270000000e+03 
9.020000000e+03 8.686000000e+03 
8.641000000e+03 9.072000000e+03 
9.031000000e+03 8.676000000e+03 
8.575000000e+03 9.300000000e+03 
8.659000000e+03 9.055000000e+03 

9.314000000e+03 8.911000000e+03 
9.237000000e+03 9.027000000e+03 
9.253000000e+03 8.946000000e+03 
9.195000000e+03 9.075000000e+03 
9.366000000e+03 8.826000000e+03 
9.249000000e+03 8.997000000e+03 
9.249000000e+03 8.997000000e+03 
9.509000000e+03 8.687000000e+03 
9.253000000e+03 8.946000000e+03 
9.253000000e+03 8.946000000e+03 
9.195000000e+03 9.075000000e+03 
9.393000000e+03 8.752000000e+03 
9.317000000e+03 8.866000000e+03 
9.249000000e+03 8.997000000e+03 
9.243000000e+03 9.009000000e+03 
9.195000000e+03 9.075000000e+03 
9.188000000e+03 9.083000000e+03 
9.188000000e+03 9.083000000e+03 
9.188000000e+03 9.083000000e+03 
9.253000000e+03 8.946000000e+03 
9.331000000e+03 8.836000000e+03 
9.376000000e+03 8.809000000e+03 
9.317000000e+03 8.866000000e+03 
9.366000000e+03 8.826000000e+03 
9.495000000e+03 8.697000000e+03 
9.229000000e+03 9.063000000e+03 
9.317000000e+03 8.866000000e+03 
9.586000000e+03 8.644000000e+03 
9.313000000e+03 8.915000000e+03 
9.253000000e+03 8.946000000e+03 
1.003500000e+04 8.631000000e+03 
9.253000000e+03 8.946000000e+03 
9.195000000e+03 9.075000000e+03 
9.195000000e+03 9.075000000e+03 
9.453000000e+03 8.703000000e+03 
9.393000000e+03 8.752000000e+03 
9.253000000e+03 8.946000000e+03 
9.317000000e+03 8.866000000e+03 
9.317000000e+03 8.866000000e+03 
9.554000000e+03 8.654000000e+03 

9.102000000e+03 8.657000000e+03 
8.900000000e+03 8.824000000e+03 
9.215000000e+03 8.554000000e+03 
9.015000000e+03 8.700000000e+03 
9.164000000e+03 8.609000000e+03 
9.241000000e+03 8.511000000e+03 
9.403000000e+03 8.433000000e+03 
9.102000000e+03 8.657000000e+03 
9.102000000e+03 8.657000000e+03 
9.164000000e+03 8.609000000e+03 
8.973000000e+03 8.782000000e+03 
9.189000000e+03 8.583000000e+03 
9.312000000e+03 8.500000000e+03 
9.086000000e+03 8.689000000e+03 
9.097000000e+03 8.674000000e+03 
9.092000000e+03 8.682000000e+03 
9.106000000e+03 8.631000000e+03 
8.989000000e+03 8.765000000e+03 
9.102000000e+03 8.657000000e+03 
9.246000000e+03 8.510000000e+03 
9.309000000e+03 8.506000000e+03 
9.194000000e+03 8.575000000e+03 
9.332000000e+03 8.498000000e+03 
9.097000000e+03 8.674000000e+03 
9.200000000e+03 8.562000000e+03 
8.931000000e+03 8.821000000e+03 
9.691000000e+03 8.373000000e+03 
8.892000000e+03 8.841000000e+03 

