1.077800000e+04 9.974000000e+03 
1.044700000e+04 1.012800000e+04 
1.006300000e+04 1.033400000e+04 
1.033000000e+04 1.021500000e+04 
1.014800000e+04 1.032900000e+04 
1.067300000e+04 1.001900000e+04 
1.087200000e+04 9.970000000e+03 
1.020200000e+04 1.032200000e+04 
1.036400000e+04 1.015100000e+04 
1.031800000e+04 1.029200000e+04 
1.069200000e+04 1.000600000e+04 
9.974000000e+03 1.046900000e+04 
1.059300000e+04 1.011900000e+04 

1.038500000e+04 1.046800000e+04 
1.077900000e+04 1.042600000e+04 
1.009700000e+04 1.097900000e+04 
1.038000000e+04 1.058700000e+04 
1.009800000e+04 1.063100000e+04 
1.068100000e+04 1.046100000e+04 
1.008400000e+04 1.116900000e+04 
1.080600000e+04 1.037500000e+04 
1.000500000e+04 1.117300000e+04 

1.079300000e+04 1.089600000e+04 
1.107300000e+04 1.057400000e+04 
1.073500000e+04 1.095300000e+04 
1.091400000e+04 1.065900000e+04 
1.067300000e+04 1.095900000e+04 
1.077700000e+04 1.093800000e+04 
1.090400000e+04 1.084100000e+04 
1.054100000e+04 1.108100000e+04 
1.044800000e+04 1.137000000e+04 

1.095300000e+04 1.082700000e+04 
1.093900000e+04 1.086000000e+04 
1.085300000e+04 1.111100000e+04 
1.092300000e+04 1.086900000e+04 
1.095500000e+04 1.081000000e+04 
1.081700000e+04 1.131000000e+04 
1.086600000e+04 1.092700000e+04 
1.108800000e+04 1.070500000e+04 
1.126400000e+04 1.058800000e+04 
1.099200000e+04 1.078400000e+04 

1.084000000e+04 9.529000000e+03 
1.051500000e+04 9.934000000e+03 
1.104000000e+04 9.382000000e+03 
1.048600000e+04 1.011600000e+04 
1.085500000e+04 9.390000000e+03 
1.074400000e+04 9.563000000e+03 
1.112700000e+04 9.353000000e+03 
1.060700000e+04 9.761000000e+03 
1.057500000e+04 9.883000000e+03 
1.065100000e+04 9.661000000e+03 
1.078100000e+04 9.536000000e+03 
1.063500000e+04 9.721000000e+03 
1.071700000e+04 9.581000000e+03 
1.064800000e+04 9.693000000e+03 
1.065200000e+04 9.584000000e+03 
1.051200000e+04 1.004600000e+04 

1.034900000e+04 1.012200000e+04 
1.040500000e+04 1.008400000e+04 
1.011900000e+04 1.046300000e+04 
1.070200000e+04 9.993000000e+03 
1.041900000e+04 1.000500000e+04 
1.029000000e+04 1.017600000e+04 
1.040500000e+04 1.008400000e+04 
1.016800000e+04 1.030600000e+04 
1.026100000e+04 1.019800000e+04 
1.045800000e+04 1.000300000e+04 

1.096400000e+04 1.027100000e+04 
1.055100000e+04 1.057200000e+04 
1.019800000e+04 1.139600000e+04 
1.081300000e+04 1.033000000e+04 
1.081300000e+04 1.033000000e+04 
1.016700000e+04 1.144900000e+04 
1.042100000e+04 1.072700000e+04 
1.025100000e+04 1.138700000e+04 
1.089400000e+04 1.032200000e+04 
1.093900000e+04 1.027900000e+04 
1.056700000e+04 1.040900000e+04 
1.033200000e+04 1.133200000e+04 
1.046500000e+04 1.057600000e+04 
1.035300000e+04 1.086100000e+04 
1.056700000e+04 1.040900000e+04 

1.064100000e+04 1.063400000e+04 
1.022300000e+04 1.122600000e+04 
1.050000000e+04 1.063500000e+04 
1.073900000e+04 1.055300000e+04 
1.017700000e+04 1.133100000e+04 
1.070600000e+04 1.056400000e+04 
1.022500000e+04 1.103500000e+04 
1.038800000e+04 1.068200000e+04 
1.037400000e+04 1.080100000e+04 
1.043900000e+04 1.063600000e+04 
1.077400000e+04 1.050000000e+04 
1.028100000e+04 1.090300000e+04 

1.151400000e+04 1.020500000e+04 
1.094700000e+04 1.028100000e+04 
1.060300000e+04 1.059800000e+04 
1.086900000e+04 1.039900000e+04 
1.116700000e+04 1.025000000e+04 
1.067700000e+04 1.048700000e+04 
1.094400000e+04 1.030600000e+04 
1.056300000e+04 1.082800000e+04 
1.141500000e+04 1.020600000e+04 
1.087000000e+04 1.034400000e+04 

1.095800000e+04 9.988000000e+03 
1.023700000e+04 1.040000000e+04 
1.055700000e+04 1.013900000e+04 
1.028400000e+04 1.020800000e+04 
1.068900000e+04 1.001800000e+04 
1.093700000e+04 1.001300000e+04 
1.025500000e+04 1.039500000e+04 
1.055500000e+04 1.016200000e+04 
1.053000000e+04 1.016700000e+04 
1.099300000e+04 9.972000000e+03 
1.095700000e+04 1.001200000e+04 
1.057700000e+04 1.011300000e+04 
1.022900000e+04 1.048000000e+04 

1.137200000e+04 1.047000000e+04 
1.085900000e+04 1.088200000e+04 
1.138600000e+04 1.040900000e+04 
1.101400000e+04 1.073500000e+04 
1.133500000e+04 1.050100000e+04 
1.090500000e+04 1.074600000e+04 
1.067600000e+04 1.112600000e+04 
1.104200000e+04 1.065000000e+04 
1.165400000e+04 1.037800000e+04 
1.076400000e+04 1.099000000e+04 
1.066200000e+04 1.114600000e+04 
1.108700000e+04 1.064500000e+04 
1.125000000e+04 1.053200000e+04 

1.003900000e+04 1.082700000e+04 
1.003800000e+04 1.095500000e+04 
1.001000000e+04 1.096500000e+04 
9.876000000e+03 1.134400000e+04 
1.025400000e+04 1.070300000e+04 
1.039100000e+04 1.059300000e+04 
9.911000000e+03 1.127600000e+04 
1.000300000e+04 1.100600000e+04 
1.001300000e+04 1.095800000e+04 
1.048000000e+04 1.042000000e+04 
1.019800000e+04 1.071600000e+04 
1.034300000e+04 1.061800000e+04 
1.006100000e+04 1.077000000e+04 
1.003900000e+04 1.082700000e+04 
1.059100000e+04 1.029900000e+04 
9.914000000e+03 1.103600000e+04 
1.006100000e+04 1.077000000e+04 
1.027400000e+04 1.061900000e+04 

1.073800000e+04 1.025800000e+04 
1.040800000e+04 1.038000000e+04 
1.074400000e+04 1.016600000e+04 
1.048800000e+04 1.027800000e+04 
1.057600000e+04 1.026700000e+04 
1.025900000e+04 1.040300000e+04 
1.042900000e+04 1.029100000e+04 

9.675000000e+03 1.143100000e+04 
1.018900000e+04 1.083900000e+04 
9.439000000e+03 1.168000000e+04 
9.811000000e+03 1.100300000e+04 
9.438000000e+03 1.194000000e+04 
9.684000000e+03 1.121100000e+04 
1.045400000e+04 1.065700000e+04 
1.010000000e+04 1.092100000e+04 
1.042400000e+04 1.071900000e+04 

1.093900000e+04 1.028300000e+04 
1.058000000e+04 1.047200000e+04 
1.108300000e+04 1.017800000e+04 
1.097800000e+04 1.025200000e+04 
1.028400000e+04 1.049400000e+04 
1.017200000e+04 1.094400000e+04 
1.065200000e+04 1.031700000e+04 
1.024300000e+04 1.059600000e+04 
1.087300000e+04 1.029200000e+04 
1.058200000e+04 1.033200000e+04 

1.100500000e+04 1.072200000e+04 
1.086500000e+04 1.082500000e+04 
1.107300000e+04 1.069700000e+04 
1.141400000e+04 1.055900000e+04 
1.100500000e+04 1.072200000e+04 
1.138400000e+04 1.069000000e+04 
1.081600000e+04 1.095800000e+04 

1.047200000e+04 1.088700000e+04 
1.067200000e+04 1.082100000e+04 
1.018900000e+04 1.129900000e+04 
1.042700000e+04 1.089900000e+04 
1.050600000e+04 1.087500000e+04 
1.037800000e+04 1.090000000e+04 
1.056500000e+04 1.085500000e+04 
1.025200000e+04 1.090100000e+04 
1.071000000e+04 1.071900000e+04 
1.023100000e+04 1.129200000e+04 

1.010100000e+04 1.049800000e+04 
1.034800000e+04 9.864000000e+03 
1.020500000e+04 1.003400000e+04 
1.008300000e+04 1.059200000e+04 
1.020200000e+04 1.011700000e+04 
1.042700000e+04 9.837000000e+03 
1.009800000e+04 1.054900000e+04 
1.028700000e+04 9.946000000e+03 
1.009700000e+04 1.055800000e+04 
1.010500000e+04 1.022900000e+04 
1.017300000e+04 1.016700000e+04 

1.038800000e+04 1.152800000e+04 
1.128700000e+04 1.112100000e+04 
1.029600000e+04 1.182100000e+04 
1.038600000e+04 1.163400000e+04 
1.112400000e+04 1.114000000e+04 
1.157300000e+04 1.109500000e+04 
1.040100000e+04 1.146600000e+04 
1.039600000e+04 1.152700000e+04 
1.141600000e+04 1.111900000e+04 
1.061800000e+04 1.117300000e+04 
1.036600000e+04 1.166200000e+04 
1.032700000e+04 1.179600000e+04 
1.045600000e+04 1.125200000e+04 
1.164300000e+04 1.106300000e+04 

1.021800000e+04 1.140400000e+04 
1.045700000e+04 1.103800000e+04 
1.018700000e+04 1.143900000e+04 
1.046500000e+04 1.098600000e+04 
1.018500000e+04 1.226900000e+04 
1.053900000e+04 1.092900000e+04 
1.037300000e+04 1.116200000e+04 
1.058000000e+04 1.089700000e+04 
1.037900000e+04 1.112400000e+04 
1.053900000e+04 1.092900000e+04 
1.033200000e+04 1.135400000e+04 
1.039000000e+04 1.108200000e+04 
1.050800000e+04 1.096400000e+04 
1.084900000e+04 1.083000000e+04 
1.064000000e+04 1.088100000e+04 

1.152200000e+04 1.021000000e+04 
1.140900000e+04 1.042600000e+04 
1.122400000e+04 1.105900000e+04 
1.123700000e+04 1.084300000e+04 
1.172200000e+04 1.020400000e+04 
1.128000000e+04 1.083100000e+04 
1.141100000e+04 1.029100000e+04 
1.128000000e+04 1.083100000e+04 
1.148400000e+04 1.027300000e+04 
1.132700000e+04 1.060700000e+04 
1.125300000e+04 1.084200000e+04 
1.139600000e+04 1.048500000e+04 
1.136600000e+04 1.055800000e+04 
1.150800000e+04 1.027000000e+04 
1.130400000e+04 1.075300000e+04 
1.128600000e+04 1.075400000e+04 
1.145800000e+04 1.028000000e+04 
1.172300000e+04 1.005200000e+04 

1.092800000e+04 9.956000000e+03 
1.066900000e+04 1.053800000e+04 
1.068100000e+04 1.034100000e+04 
1.057600000e+04 1.091000000e+04 
1.053900000e+04 1.095100000e+04 
1.072600000e+04 9.962000000e+03 

1.069100000e+04 9.990000000e+03 
1.095800000e+04 9.860000000e+03 
1.081000000e+04 9.929000000e+03 
1.067100000e+04 1.024100000e+04 
1.049500000e+04 1.042400000e+04 
1.060800000e+04 1.034600000e+04 
1.080800000e+04 9.972000000e+03 
1.061600000e+04 1.029800000e+04 
1.047400000e+04 1.064700000e+04 

1.115100000e+04 1.041000000e+04 
9.928000000e+03 1.154900000e+04 
1.056800000e+04 1.050300000e+04 
1.030300000e+04 1.074400000e+04 
1.015700000e+04 1.086600000e+04 
1.027100000e+04 1.075600000e+04 
1.033700000e+04 1.056900000e+04 
9.989000000e+03 1.123200000e+04 
1.015100000e+04 1.118700000e+04 
1.013700000e+04 1.119700000e+04 

1.124500000e+04 1.038500000e+04 
1.090500000e+04 1.054500000e+04 
1.100000000e+04 1.042900000e+04 

1.033800000e+04 1.097700000e+04 
1.050400000e+04 1.073400000e+04 
1.049200000e+04 1.076300000e+04 
1.020100000e+04 1.125800000e+04 
1.048500000e+04 1.077300000e+04 
1.020700000e+04 1.117200000e+04 
1.046300000e+04 1.088000000e+04 
1.026600000e+04 1.107500000e+04 
1.075100000e+04 1.072200000e+04 
1.017100000e+04 1.136500000e+04 

1.068000000e+04 1.054300000e+04 
1.058100000e+04 1.071300000e+04 
1.047700000e+04 1.073600000e+04 
1.065000000e+04 1.060000000e+04 
1.094100000e+04 1.048500000e+04 
1.063300000e+04 1.062900000e+04 

1.093900000e+04 1.007200000e+04 
1.053700000e+04 1.021000000e+04 
1.047200000e+04 1.033700000e+04 
1.036300000e+04 1.040900000e+04 
1.036300000e+04 1.040900000e+04 
1.023800000e+04 1.060800000e+04 
1.018700000e+04 1.097000000e+04 
1.061900000e+04 1.010100000e+04 
1.030400000e+04 1.054100000e+04 
1.110900000e+04 1.006500000e+04 

1.085600000e+04 1.028100000e+04 
1.067000000e+04 1.093000000e+04 
1.064900000e+04 1.125900000e+04 
1.100700000e+04 1.024000000e+04 
1.071600000e+04 1.079900000e+04 
1.065900000e+04 1.109100000e+04 
1.110000000e+04 1.017900000e+04 
1.074800000e+04 1.041300000e+04 
1.114500000e+04 1.015700000e+04 
1.072100000e+04 1.055700000e+04 

1.055000000e+04 1.055500000e+04 
1.072900000e+04 1.007100000e+04 
1.059100000e+04 1.042900000e+04 
1.059400000e+04 1.042100000e+04 
1.056500000e+04 1.055200000e+04 
1.060400000e+04 1.021800000e+04 

