9.235000000e+03 9.218000000e+03 
9.365000000e+03 9.088000000e+03 
9.160000000e+03 9.258000000e+03 
9.273000000e+03 9.162000000e+03 
9.172000000e+03 9.230000000e+03 
9.331000000e+03 9.113000000e+03 
9.162000000e+03 9.235000000e+03 
9.532000000e+03 9.061000000e+03 
9.566000000e+03 9.051000000e+03 
9.162000000e+03 9.235000000e+03 
9.301000000e+03 9.140000000e+03 
9.802000000e+03 9.025000000e+03 
9.206000000e+03 9.219000000e+03 
9.508000000e+03 9.078000000e+03 
1.001500000e+04 8.924000000e+03 
9.049000000e+03 9.364000000e+03 
9.049000000e+03 9.364000000e+03 
9.508000000e+03 9.078000000e+03 
9.263000000e+03 9.210000000e+03 
9.369000000e+03 9.082000000e+03 
9.297000000e+03 9.141000000e+03 
9.331000000e+03 9.113000000e+03 
9.596000000e+03 9.038000000e+03 
9.235000000e+03 9.218000000e+03 
9.612000000e+03 9.031000000e+03 
9.829000000e+03 8.936000000e+03 
9.064000000e+03 9.263000000e+03 
9.235000000e+03 9.218000000e+03 

9.093000000e+03 9.769000000e+03 
8.975000000e+03 9.897000000e+03 
9.848000000e+03 9.216000000e+03 
9.132000000e+03 9.735000000e+03 
9.739000000e+03 9.266000000e+03 
9.624000000e+03 9.270000000e+03 
9.002000000e+03 9.836000000e+03 
9.133000000e+03 9.703000000e+03 
9.132000000e+03 9.735000000e+03 
8.975000000e+03 9.897000000e+03 
9.370000000e+03 9.362000000e+03 
9.184000000e+03 9.633000000e+03 
9.038000000e+03 9.816000000e+03 
9.047000000e+03 9.788000000e+03 
9.167000000e+03 9.657000000e+03 
9.304000000e+03 9.491000000e+03 
9.248000000e+03 9.540000000e+03 
9.220000000e+03 9.566000000e+03 
9.793000000e+03 9.219000000e+03 
9.130000000e+03 9.750000000e+03 
9.300000000e+03 9.530000000e+03 
9.349000000e+03 9.433000000e+03 
9.793000000e+03 9.219000000e+03 
9.449000000e+03 9.342000000e+03 

9.591000000e+03 9.689000000e+03 
9.403000000e+03 9.863000000e+03 
1.004400000e+04 9.534000000e+03 
9.340000000e+03 1.007900000e+04 
9.850000000e+03 9.559000000e+03 
1.006200000e+04 9.515000000e+03 
9.460000000e+03 9.777000000e+03 
9.640000000e+03 9.669000000e+03 
9.348000000e+03 9.902000000e+03 
9.537000000e+03 9.706000000e+03 
9.591000000e+03 9.689000000e+03 
9.440000000e+03 9.827000000e+03 
9.470000000e+03 9.755000000e+03 
9.698000000e+03 9.574000000e+03 
9.565000000e+03 9.693000000e+03 
9.470000000e+03 9.755000000e+03 
9.344000000e+03 1.003200000e+04 
9.672000000e+03 9.665000000e+03 

9.929000000e+03 1.033300000e+04 
1.014000000e+04 9.883000000e+03 
1.011500000e+04 9.932000000e+03 
1.005300000e+04 1.009600000e+04 
1.008000000e+04 1.000500000e+04 
9.785000000e+03 1.071300000e+04 
9.808000000e+03 1.059500000e+04 
1.006400000e+04 1.007100000e+04 
9.808000000e+03 1.059500000e+04 
9.994000000e+03 1.014600000e+04 
1.007300000e+04 1.004000000e+04 
1.047400000e+04 9.637000000e+03 
1.041400000e+04 9.646000000e+03 
9.841000000e+03 1.057800000e+04 
1.041300000e+04 9.706000000e+03 
1.039000000e+04 9.726000000e+03 
1.005300000e+04 1.009600000e+04 
9.942000000e+03 1.026300000e+04 
9.841000000e+03 1.057800000e+04 
9.962000000e+03 1.021500000e+04 
9.847000000e+03 1.044900000e+04 
9.962000000e+03 1.021500000e+04 
1.026100000e+04 9.747000000e+03 
1.031700000e+04 9.738000000e+03 
1.010000000e+04 9.934000000e+03 
1.004500000e+04 1.011300000e+04 
9.962000000e+03 1.021500000e+04 
1.022200000e+04 9.811000000e+03 

9.822000000e+03 8.851000000e+03 
9.713000000e+03 8.882000000e+03 
1.005100000e+04 8.589000000e+03 
1.011300000e+04 8.579000000e+03 
1.012400000e+04 8.523000000e+03 
9.602000000e+03 9.261000000e+03 
9.615000000e+03 9.213000000e+03 
9.800000000e+03 8.857000000e+03 
1.011300000e+04 8.579000000e+03 
9.832000000e+03 8.806000000e+03 
9.868000000e+03 8.721000000e+03 
1.011300000e+04 8.579000000e+03 
9.618000000e+03 8.925000000e+03 
9.749000000e+03 8.871000000e+03 
9.868000000e+03 8.721000000e+03 
9.921000000e+03 8.643000000e+03 
1.010300000e+04 8.585000000e+03 
9.798000000e+03 8.866000000e+03 
9.907000000e+03 8.671000000e+03 
9.481000000e+03 9.389000000e+03 
9.998000000e+03 8.609000000e+03 

8.787000000e+03 9.376000000e+03 
8.909000000e+03 9.199000000e+03 
8.957000000e+03 9.111000000e+03 
8.819000000e+03 9.326000000e+03 
8.932000000e+03 9.189000000e+03 
8.899000000e+03 9.224000000e+03 
8.820000000e+03 9.293000000e+03 
9.059000000e+03 9.017000000e+03 
8.788000000e+03 9.364000000e+03 
8.912000000e+03 9.197000000e+03 
8.912000000e+03 9.197000000e+03 
8.895000000e+03 9.243000000e+03 
8.757000000e+03 9.439000000e+03 
8.912000000e+03 9.197000000e+03 
8.770000000e+03 9.404000000e+03 
8.855000000e+03 9.285000000e+03 
8.806000000e+03 9.328000000e+03 
9.271000000e+03 8.958000000e+03 
8.871000000e+03 9.266000000e+03 
8.956000000e+03 9.186000000e+03 

9.891000000e+03 9.358000000e+03 
9.201000000e+03 9.757000000e+03 
9.304000000e+03 9.726000000e+03 
1.011000000e+04 9.285000000e+03 
9.491000000e+03 9.569000000e+03 
9.773000000e+03 9.413000000e+03 
9.680000000e+03 9.490000000e+03 
9.760000000e+03 9.471000000e+03 
9.191000000e+03 9.794000000e+03 
9.894000000e+03 9.348000000e+03 
9.839000000e+03 9.406000000e+03 
9.080000000e+03 9.935000000e+03 
9.358000000e+03 9.710000000e+03 
1.025900000e+04 9.253000000e+03 
9.046000000e+03 1.003200000e+04 
9.074000000e+03 9.981000000e+03 
1.025900000e+04 9.253000000e+03 
9.268000000e+03 9.742000000e+03 
9.488000000e+03 9.649000000e+03 
9.561000000e+03 9.519000000e+03 
9.434000000e+03 9.702000000e+03 

9.989000000e+03 9.296000000e+03 
9.122000000e+03 9.616000000e+03 
9.784000000e+03 9.329000000e+03 
9.160000000e+03 9.500000000e+03 
9.216000000e+03 9.489000000e+03 
8.847000000e+03 9.845000000e+03 
9.539000000e+03 9.364000000e+03 
9.124000000e+03 9.612000000e+03 
9.248000000e+03 9.444000000e+03 
9.153000000e+03 9.556000000e+03 
9.989000000e+03 9.296000000e+03 
9.124000000e+03 9.612000000e+03 
8.945000000e+03 9.751000000e+03 
8.962000000e+03 9.619000000e+03 
9.146000000e+03 9.581000000e+03 
8.906000000e+03 9.783000000e+03 
9.254000000e+03 9.382000000e+03 
8.873000000e+03 9.787000000e+03 
9.242000000e+03 9.457000000e+03 
9.153000000e+03 9.556000000e+03 

9.586000000e+03 9.360000000e+03 
9.628000000e+03 9.325000000e+03 
9.711000000e+03 9.259000000e+03 
9.558000000e+03 9.433000000e+03 
9.562000000e+03 9.377000000e+03 
9.512000000e+03 9.441000000e+03 
9.439000000e+03 9.447000000e+03 
9.371000000e+03 9.526000000e+03 
1.004600000e+04 9.176000000e+03 
9.941000000e+03 9.245000000e+03 
9.586000000e+03 9.360000000e+03 
1.006600000e+04 9.175000000e+03 
1.004600000e+04 9.176000000e+03 
9.249000000e+03 9.683000000e+03 
9.941000000e+03 9.245000000e+03 
9.634000000e+03 9.312000000e+03 
9.884000000e+03 9.250000000e+03 
9.295000000e+03 9.544000000e+03 
9.428000000e+03 9.512000000e+03 
1.002300000e+04 9.210000000e+03 
9.439000000e+03 9.447000000e+03 
9.586000000e+03 9.360000000e+03 

9.451000000e+03 9.006000000e+03 
9.393000000e+03 9.022000000e+03 
9.456000000e+03 9.005000000e+03 
9.508000000e+03 8.938000000e+03 
9.764000000e+03 8.792000000e+03 
9.275000000e+03 9.100000000e+03 
9.646000000e+03 8.843000000e+03 
9.639000000e+03 8.897000000e+03 
9.003000000e+03 9.608000000e+03 
9.456000000e+03 9.005000000e+03 
9.062000000e+03 9.278000000e+03 
9.248000000e+03 9.168000000e+03 
9.474000000e+03 8.976000000e+03 
9.308000000e+03 9.040000000e+03 
9.584000000e+03 8.922000000e+03 
9.003000000e+03 9.608000000e+03 
9.339000000e+03 9.036000000e+03 
9.613000000e+03 8.913000000e+03 
9.429000000e+03 9.009000000e+03 

9.982000000e+03 9.698000000e+03 
9.989000000e+03 9.694000000e+03 
9.702000000e+03 1.022000000e+04 
9.773000000e+03 1.005200000e+04 
9.758000000e+03 1.008600000e+04 
1.024800000e+04 9.550000000e+03 
1.003000000e+04 9.668000000e+03 
9.773000000e+03 1.005200000e+04 
9.879000000e+03 9.805000000e+03 
1.011900000e+04 9.654000000e+03 
9.927000000e+03 9.785000000e+03 
9.982000000e+03 9.698000000e+03 
9.758000000e+03 1.008600000e+04 
9.873000000e+03 9.843000000e+03 
9.803000000e+03 9.942000000e+03 
9.785000000e+03 1.005100000e+04 
1.030700000e+04 9.540000000e+03 
1.019600000e+04 9.565000000e+03 
9.791000000e+03 9.949000000e+03 
1.015700000e+04 9.638000000e+03 
1.019400000e+04 9.632000000e+03 
1.037100000e+04 9.502000000e+03 
9.831000000e+03 9.865000000e+03 
1.038900000e+04 9.409000000e+03 
1.032600000e+04 9.515000000e+03 
1.015700000e+04 9.638000000e+03 
9.710000000e+03 1.008800000e+04 
9.995000000e+03 9.690000000e+03 

9.118000000e+03 9.670000000e+03 
8.923000000e+03 1.027900000e+04 
9.271000000e+03 9.546000000e+03 
8.895000000e+03 1.031400000e+04 
8.741000000e+03 1.032900000e+04 
8.970000000e+03 9.998000000e+03 
9.177000000e+03 9.589000000e+03 
8.965000000e+03 1.017500000e+04 
9.089000000e+03 9.696000000e+03 
9.267000000e+03 9.564000000e+03 
8.936000000e+03 1.026800000e+04 
8.986000000e+03 9.837000000e+03 
9.288000000e+03 9.535000000e+03 
9.177000000e+03 9.589000000e+03 
9.329000000e+03 9.514000000e+03 
9.440000000e+03 9.488000000e+03 
8.936000000e+03 1.026800000e+04 
9.324000000e+03 9.522000000e+03 
9.320000000e+03 9.534000000e+03 
9.169000000e+03 9.620000000e+03 
9.035000000e+03 9.770000000e+03 
9.116000000e+03 9.685000000e+03 
9.062000000e+03 9.707000000e+03 
9.024000000e+03 9.819000000e+03 
9.250000000e+03 9.586000000e+03 

9.581000000e+03 9.180000000e+03 
9.588000000e+03 9.133000000e+03 
9.296000000e+03 9.493000000e+03 
9.227000000e+03 9.556000000e+03 
9.152000000e+03 9.658000000e+03 
9.376000000e+03 9.389000000e+03 
9.387000000e+03 9.339000000e+03 
9.861000000e+03 9.085000000e+03 
9.290000000e+03 9.554000000e+03 
9.360000000e+03 9.417000000e+03 
9.448000000e+03 9.249000000e+03 
9.832000000e+03 9.110000000e+03 

8.692000000e+03 1.010400000e+04 
9.083000000e+03 9.754000000e+03 
8.984000000e+03 9.783000000e+03 
8.874000000e+03 9.906000000e+03 
8.758000000e+03 9.999000000e+03 
8.679000000e+03 1.019400000e+04 
8.874000000e+03 9.906000000e+03 
8.781000000e+03 9.977000000e+03 
8.679000000e+03 1.019400000e+04 
8.943000000e+03 9.857000000e+03 
8.926000000e+03 9.889000000e+03 
8.867000000e+03 9.948000000e+03 
8.581000000e+03 1.045400000e+04 
8.592000000e+03 1.035700000e+04 
8.874000000e+03 9.906000000e+03 
9.506000000e+03 9.727000000e+03 
8.793000000e+03 9.970000000e+03 
8.678000000e+03 1.030700000e+04 
8.886000000e+03 9.895000000e+03 

9.645000000e+03 9.134000000e+03 
9.822000000e+03 9.055000000e+03 
9.481000000e+03 9.293000000e+03 
9.426000000e+03 9.355000000e+03 
9.493000000e+03 9.144000000e+03 
9.342000000e+03 9.445000000e+03 
9.372000000e+03 9.387000000e+03 

1.013500000e+04 9.586000000e+03 
1.023900000e+04 9.504000000e+03 
1.045100000e+04 9.318000000e+03 
1.006800000e+04 9.598000000e+03 
9.835000000e+03 9.877000000e+03 
1.019400000e+04 9.538000000e+03 
9.950000000e+03 9.799000000e+03 
1.041400000e+04 9.420000000e+03 
1.016000000e+04 9.566000000e+03 
1.035300000e+04 9.437000000e+03 
9.996000000e+03 9.784000000e+03 
1.000100000e+04 9.677000000e+03 

9.022000000e+03 1.027000000e+04 
9.349000000e+03 9.982000000e+03 
8.936000000e+03 1.074800000e+04 
9.521000000e+03 9.895000000e+03 
9.128000000e+03 1.021900000e+04 
9.337000000e+03 1.006600000e+04 
9.763000000e+03 9.847000000e+03 
9.158000000e+03 1.021300000e+04 
9.840000000e+03 9.781000000e+03 
9.406000000e+03 9.958000000e+03 
9.036000000e+03 1.022500000e+04 
9.075000000e+03 1.022400000e+04 
9.170000000e+03 1.009500000e+04 
9.002000000e+03 1.029600000e+04 
9.888000000e+03 9.749000000e+03 
9.518000000e+03 9.942000000e+03 
9.782000000e+03 9.827000000e+03 
8.949000000e+03 1.034600000e+04 
9.162000000e+03 1.018200000e+04 

8.920000000e+03 9.113000000e+03 
9.411000000e+03 8.621000000e+03 
8.893000000e+03 9.142000000e+03 
8.855000000e+03 9.203000000e+03 
8.921000000e+03 9.087000000e+03 
9.210000000e+03 8.709000000e+03 
8.900000000e+03 9.135000000e+03 
9.073000000e+03 8.816000000e+03 
9.070000000e+03 8.840000000e+03 
9.075000000e+03 8.737000000e+03 
8.884000000e+03 9.173000000e+03 
8.998000000e+03 8.957000000e+03 
9.061000000e+03 8.885000000e+03 
8.943000000e+03 9.008000000e+03 
8.974000000e+03 8.979000000e+03 
8.987000000e+03 8.975000000e+03 
8.844000000e+03 9.332000000e+03 

9.247000000e+03 1.012600000e+04 
9.233000000e+03 1.015500000e+04 
9.161000000e+03 1.050600000e+04 
9.603000000e+03 9.795000000e+03 
9.295000000e+03 9.988000000e+03 
9.195000000e+03 1.044200000e+04 
9.209000000e+03 1.020900000e+04 
9.369000000e+03 9.823000000e+03 
9.309000000e+03 9.955000000e+03 
9.108000000e+03 1.056300000e+04 
9.256000000e+03 1.002800000e+04 

9.379000000e+03 9.963000000e+03 
9.591000000e+03 9.801000000e+03 
9.543000000e+03 9.809000000e+03 
9.788000000e+03 9.691000000e+03 
9.453000000e+03 9.903000000e+03 
9.318000000e+03 9.983000000e+03 
9.461000000e+03 9.899000000e+03 
9.379000000e+03 9.963000000e+03 
9.871000000e+03 9.676000000e+03 
9.677000000e+03 9.714000000e+03 
9.639000000e+03 9.776000000e+03 
9.871000000e+03 9.676000000e+03 
9.249000000e+03 1.005300000e+04 
9.871000000e+03 9.676000000e+03 
9.379000000e+03 9.963000000e+03 
9.443000000e+03 9.914000000e+03 
9.249000000e+03 1.005300000e+04 
9.871000000e+03 9.676000000e+03 
9.137000000e+03 1.014600000e+04 
9.360000000e+03 9.971000000e+03 
9.219000000e+03 1.009200000e+04 
9.443000000e+03 9.914000000e+03 
9.399000000e+03 9.956000000e+03 
9.508000000e+03 9.868000000e+03 
9.591000000e+03 9.801000000e+03 
9.604000000e+03 9.788000000e+03 

1.021200000e+04 9.365000000e+03 
1.043000000e+04 9.192000000e+03 
1.058300000e+04 9.133000000e+03 
1.011800000e+04 9.411000000e+03 
1.043000000e+04 9.192000000e+03 
1.021000000e+04 9.397000000e+03 
1.064900000e+04 9.107000000e+03 
1.004400000e+04 9.499000000e+03 
1.001700000e+04 9.502000000e+03 
1.021100000e+04 9.379000000e+03 
1.036200000e+04 9.211000000e+03 
9.997000000e+03 9.599000000e+03 
1.059700000e+04 9.118000000e+03 
1.043200000e+04 9.148000000e+03 
1.027100000e+04 9.221000000e+03 
1.008400000e+04 9.475000000e+03 
1.064900000e+04 9.107000000e+03 
1.021700000e+04 9.317000000e+03 
1.000300000e+04 9.508000000e+03 
9.990000000e+03 9.703000000e+03 
1.058300000e+04 9.133000000e+03 
1.067700000e+04 9.035000000e+03 

9.684000000e+03 9.290000000e+03 
9.518000000e+03 9.934000000e+03 
9.680000000e+03 9.305000000e+03 
9.680000000e+03 9.305000000e+03 
9.804000000e+03 9.200000000e+03 
9.549000000e+03 9.884000000e+03 
9.602000000e+03 9.818000000e+03 
9.621000000e+03 9.796000000e+03 
9.743000000e+03 9.258000000e+03 
1.015100000e+04 9.098000000e+03 
9.671000000e+03 9.371000000e+03 
9.668000000e+03 9.378000000e+03 
9.778000000e+03 9.250000000e+03 
1.001400000e+04 9.147000000e+03 
9.623000000e+03 9.546000000e+03 
9.503000000e+03 9.935000000e+03 
9.503000000e+03 9.935000000e+03 
9.602000000e+03 9.818000000e+03 
9.809000000e+03 9.187000000e+03 
1.006900000e+04 9.103000000e+03 
9.602000000e+03 9.818000000e+03 
9.639000000e+03 9.383000000e+03 
9.881000000e+03 9.157000000e+03 
9.778000000e+03 9.250000000e+03 
9.956000000e+03 9.149000000e+03 
9.680000000e+03 9.305000000e+03 
1.014400000e+04 9.102000000e+03 

9.451000000e+03 8.927000000e+03 
9.032000000e+03 9.366000000e+03 
9.642000000e+03 8.828000000e+03 
9.155000000e+03 9.174000000e+03 
9.816000000e+03 8.819000000e+03 
9.376000000e+03 9.067000000e+03 
9.453000000e+03 8.876000000e+03 
9.995000000e+03 8.801000000e+03 
9.314000000e+03 9.163000000e+03 
9.096000000e+03 9.227000000e+03 
9.400000000e+03 9.034000000e+03 

9.460000000e+03 9.531000000e+03 
9.387000000e+03 9.676000000e+03 
9.285000000e+03 9.727000000e+03 
9.702000000e+03 9.450000000e+03 
9.342000000e+03 9.725000000e+03 
9.507000000e+03 9.498000000e+03 
1.014000000e+04 9.343000000e+03 
9.432000000e+03 9.604000000e+03 
9.421000000e+03 9.615000000e+03 
9.657000000e+03 9.478000000e+03 
9.704000000e+03 9.440000000e+03 
9.850000000e+03 9.356000000e+03 
9.432000000e+03 9.604000000e+03 
9.354000000e+03 9.690000000e+03 
9.437000000e+03 9.578000000e+03 
9.403000000e+03 9.672000000e+03 
9.408000000e+03 9.663000000e+03 
9.228000000e+03 9.776000000e+03 
9.411000000e+03 9.656000000e+03 

9.657000000e+03 9.639000000e+03 
9.640000000e+03 9.687000000e+03 
9.636000000e+03 9.688000000e+03 
9.890000000e+03 9.345000000e+03 
9.738000000e+03 9.376000000e+03 
9.720000000e+03 9.509000000e+03 
9.679000000e+03 9.515000000e+03 
9.912000000e+03 9.306000000e+03 
9.849000000e+03 9.359000000e+03 

9.173000000e+03 1.007300000e+04 
9.699000000e+03 9.641000000e+03 
9.619000000e+03 9.676000000e+03 
9.264000000e+03 9.986000000e+03 
9.408000000e+03 9.808000000e+03 
9.431000000e+03 9.786000000e+03 
9.510000000e+03 9.731000000e+03 
9.560000000e+03 9.715000000e+03 
9.583000000e+03 9.707000000e+03 
9.168000000e+03 1.009000000e+04 
9.459000000e+03 9.757000000e+03 
9.212000000e+03 1.003000000e+04 
9.732000000e+03 9.597000000e+03 
9.337000000e+03 9.861000000e+03 
9.395000000e+03 9.848000000e+03 
9.790000000e+03 9.555000000e+03 
9.253000000e+03 1.001900000e+04 
9.270000000e+03 9.927000000e+03 
9.639000000e+03 9.667000000e+03 

9.581000000e+03 9.638000000e+03 
9.790000000e+03 9.456000000e+03 
9.780000000e+03 9.478000000e+03 
9.796000000e+03 9.438000000e+03 
9.581000000e+03 9.638000000e+03 
9.574000000e+03 9.691000000e+03 
9.461000000e+03 9.694000000e+03 
9.855000000e+03 9.411000000e+03 
9.420000000e+03 9.717000000e+03 
9.396000000e+03 9.830000000e+03 
9.626000000e+03 9.552000000e+03 

9.424000000e+03 8.999000000e+03 
9.042000000e+03 9.535000000e+03 
9.478000000e+03 8.986000000e+03 
9.568000000e+03 8.962000000e+03 
9.025000000e+03 9.546000000e+03 
8.996000000e+03 9.548000000e+03 
9.091000000e+03 9.355000000e+03 
9.124000000e+03 9.263000000e+03 
9.091000000e+03 9.355000000e+03 
9.308000000e+03 9.071000000e+03 
9.102000000e+03 9.332000000e+03 
9.308000000e+03 9.071000000e+03 
9.273000000e+03 9.091000000e+03 
9.149000000e+03 9.122000000e+03 
9.402000000e+03 9.032000000e+03 
9.065000000e+03 9.420000000e+03 
8.992000000e+03 9.679000000e+03 
9.122000000e+03 9.310000000e+03 

1.020800000e+04 8.880000000e+03 
1.011200000e+04 8.963000000e+03 
9.607000000e+03 9.213000000e+03 
9.579000000e+03 9.276000000e+03 
9.656000000e+03 9.071000000e+03 
1.020800000e+04 8.880000000e+03 
9.562000000e+03 9.290000000e+03 
9.678000000e+03 9.028000000e+03 
1.015000000e+04 8.952000000e+03 
1.016400000e+04 8.941000000e+03 
1.011200000e+04 8.963000000e+03 
1.016400000e+04 8.941000000e+03 
1.017100000e+04 8.904000000e+03 
9.697000000e+03 9.009000000e+03 
9.635000000e+03 9.136000000e+03 
1.016400000e+04 8.941000000e+03 
9.635000000e+03 9.136000000e+03 
1.005300000e+04 8.967000000e+03 
9.612000000e+03 9.144000000e+03 
1.020800000e+04 8.880000000e+03 
9.688000000e+03 9.023000000e+03 
1.016400000e+04 8.941000000e+03 
1.016400000e+04 8.941000000e+03 
9.612000000e+03 9.144000000e+03 
9.729000000e+03 8.972000000e+03 

9.469000000e+03 9.125000000e+03 
9.546000000e+03 8.967000000e+03 
9.472000000e+03 9.056000000e+03 
9.813000000e+03 8.918000000e+03 
9.783000000e+03 8.961000000e+03 
9.448000000e+03 9.149000000e+03 
9.323000000e+03 9.158000000e+03 
9.462000000e+03 9.143000000e+03 

