1.080100000e+04 1.164300000e+04 
1.092300000e+04 1.138300000e+04 
1.115800000e+04 1.130100000e+04 
1.087600000e+04 1.144600000e+04 
1.109500000e+04 1.133500000e+04 
1.115800000e+04 1.130100000e+04 
1.120300000e+04 1.118000000e+04 
1.084600000e+04 1.163000000e+04 
1.157800000e+04 1.100100000e+04 
1.174000000e+04 1.068700000e+04 
1.153400000e+04 1.107300000e+04 
1.141400000e+04 1.114400000e+04 
1.102400000e+04 1.138000000e+04 
1.145900000e+04 1.113100000e+04 

1.117200000e+04 1.108800000e+04 
1.085100000e+04 1.223400000e+04 
1.107000000e+04 1.189300000e+04 

1.172400000e+04 1.207300000e+04 
1.143600000e+04 1.280100000e+04 
1.247900000e+04 1.196900000e+04 
1.159700000e+04 1.215100000e+04 
1.252000000e+04 1.194100000e+04 
1.187400000e+04 1.204900000e+04 
1.151900000e+04 1.250700000e+04 
1.252100000e+04 1.173100000e+04 

1.214200000e+04 1.164500000e+04 
1.213000000e+04 1.166000000e+04 
1.163100000e+04 1.211300000e+04 
1.218400000e+04 1.160900000e+04 
1.179600000e+04 1.177700000e+04 
1.186500000e+04 1.171700000e+04 
1.259600000e+04 1.154300000e+04 
1.183500000e+04 1.172800000e+04 

1.168300000e+04 1.100800000e+04 
1.166900000e+04 1.101500000e+04 
1.184300000e+04 1.062200000e+04 
1.143600000e+04 1.105100000e+04 
1.169600000e+04 1.081200000e+04 

1.190100000e+04 1.143900000e+04 
1.144600000e+04 1.186900000e+04 
1.156300000e+04 1.175400000e+04 
1.178900000e+04 1.160000000e+04 
1.164900000e+04 1.165900000e+04 
1.184200000e+04 1.155200000e+04 

1.093000000e+04 1.234700000e+04 
1.152800000e+04 1.156900000e+04 
1.154800000e+04 1.139800000e+04 
1.114400000e+04 1.231600000e+04 
1.122000000e+04 1.172800000e+04 
1.132000000e+04 1.167800000e+04 
1.184800000e+04 1.112000000e+04 
1.137000000e+04 1.166600000e+04 
1.170700000e+04 1.115500000e+04 
1.120400000e+04 1.227900000e+04 

1.113700000e+04 1.251300000e+04 
1.187900000e+04 1.187500000e+04 
1.200400000e+04 1.173500000e+04 
1.197600000e+04 1.174800000e+04 
1.161200000e+04 1.196700000e+04 
1.202900000e+04 1.165100000e+04 
1.160800000e+04 1.226400000e+04 
1.188600000e+04 1.181400000e+04 
1.155500000e+04 1.238000000e+04 

1.192500000e+04 1.150700000e+04 
1.172100000e+04 1.154900000e+04 
1.242600000e+04 1.148000000e+04 

1.195900000e+04 1.106800000e+04 
1.222100000e+04 1.090700000e+04 
1.150000000e+04 1.116700000e+04 
1.140400000e+04 1.142700000e+04 
1.216600000e+04 1.098000000e+04 
1.187300000e+04 1.109400000e+04 
1.143800000e+04 1.135000000e+04 
1.145100000e+04 1.131500000e+04 
1.129300000e+04 1.142800000e+04 

1.179000000e+04 1.152800000e+04 
1.160600000e+04 1.192600000e+04 
1.219100000e+04 1.133600000e+04 
1.165800000e+04 1.178400000e+04 
1.169700000e+04 1.170000000e+04 
1.151800000e+04 1.236200000e+04 
1.200400000e+04 1.151200000e+04 
1.160100000e+04 1.196000000e+04 
1.155000000e+04 1.213100000e+04 

1.110100000e+04 1.166700000e+04 
1.104800000e+04 1.238500000e+04 
1.124800000e+04 1.145500000e+04 
1.142000000e+04 1.137000000e+04 
1.156600000e+04 1.114000000e+04 

1.158500000e+04 1.143300000e+04 
1.160100000e+04 1.103100000e+04 
1.143000000e+04 1.157200000e+04 
1.139500000e+04 1.193300000e+04 

1.086100000e+04 1.250800000e+04 
1.106400000e+04 1.221300000e+04 
1.130700000e+04 1.204600000e+04 
1.106700000e+04 1.217000000e+04 
1.090500000e+04 1.235100000e+04 
1.152200000e+04 1.172500000e+04 

1.185600000e+04 1.156200000e+04 
1.160500000e+04 1.189100000e+04 

1.219000000e+04 1.152300000e+04 
1.161600000e+04 1.169700000e+04 
1.159100000e+04 1.219400000e+04 
1.200900000e+04 1.158000000e+04 
1.158300000e+04 1.239000000e+04 
1.199600000e+04 1.165700000e+04 
1.224100000e+04 1.149100000e+04 

1.153000000e+04 1.182500000e+04 
1.142000000e+04 1.200400000e+04 
1.217800000e+04 1.178000000e+04 
1.117700000e+04 1.205400000e+04 
1.142000000e+04 1.200400000e+04 

1.154000000e+04 1.103300000e+04 
1.153600000e+04 1.105800000e+04 
1.102400000e+04 1.252300000e+04 
1.144000000e+04 1.108300000e+04 
1.104000000e+04 1.120900000e+04 

1.227800000e+04 1.190400000e+04 
1.159900000e+04 1.227100000e+04 
1.269300000e+04 1.184200000e+04 
1.146500000e+04 1.257300000e+04 
1.247800000e+04 1.185200000e+04 
1.189800000e+04 1.191300000e+04 
1.168300000e+04 1.224000000e+04 

1.136000000e+04 1.254600000e+04 
1.093800000e+04 1.295200000e+04 
1.137200000e+04 1.250000000e+04 
1.168700000e+04 1.205600000e+04 
1.166100000e+04 1.239100000e+04 
1.200600000e+04 1.204000000e+04 
1.165600000e+04 1.239700000e+04 
1.103500000e+04 1.290500000e+04 
1.101000000e+04 1.292800000e+04 
1.118500000e+04 1.273000000e+04 

1.246900000e+04 1.156900000e+04 
1.226600000e+04 1.161000000e+04 
1.270700000e+04 1.133000000e+04 
1.220600000e+04 1.183500000e+04 
1.252900000e+04 1.154400000e+04 
1.259400000e+04 1.135600000e+04 
1.224700000e+04 1.171300000e+04 

1.203100000e+04 1.139800000e+04 
1.170700000e+04 1.187400000e+04 
1.248600000e+04 1.125800000e+04 
1.129300000e+04 1.188800000e+04 
1.173400000e+04 1.181300000e+04 
1.188300000e+04 1.147200000e+04 
1.222900000e+04 1.126200000e+04 
1.180100000e+04 1.171700000e+04 
1.252900000e+04 1.123600000e+04 

1.215900000e+04 1.105800000e+04 
1.222200000e+04 1.101600000e+04 
1.152800000e+04 1.123900000e+04 

1.096000000e+04 1.229300000e+04 
1.123000000e+04 1.154500000e+04 
1.098500000e+04 1.191800000e+04 
1.155900000e+04 1.146900000e+04 

1.256700000e+04 1.143500000e+04 
1.257500000e+04 1.140500000e+04 
1.247900000e+04 1.155600000e+04 
1.193300000e+04 1.200200000e+04 
1.221800000e+04 1.169300000e+04 
1.272200000e+04 1.135300000e+04 
1.283600000e+04 1.132100000e+04 
1.229800000e+04 1.157600000e+04 

1.224300000e+04 1.162700000e+04 
1.127100000e+04 1.193200000e+04 
1.139800000e+04 1.191700000e+04 
1.113100000e+04 1.218500000e+04 
1.200400000e+04 1.165900000e+04 
1.173100000e+04 1.186900000e+04 
1.187500000e+04 1.174400000e+04 

1.198700000e+04 1.156100000e+04 
1.225600000e+04 1.140300000e+04 
1.167800000e+04 1.162100000e+04 
1.266200000e+04 1.139300000e+04 
1.162900000e+04 1.213000000e+04 
1.200600000e+04 1.155300000e+04 
1.167500000e+04 1.207700000e+04 

1.171300000e+04 1.116700000e+04 
1.153000000e+04 1.191400000e+04 
1.156200000e+04 1.116900000e+04 
1.153200000e+04 1.173600000e+04 
1.146800000e+04 1.231100000e+04 

1.172100000e+04 1.123100000e+04 
1.165900000e+04 1.194800000e+04 
1.171800000e+04 1.165000000e+04 
1.171600000e+04 1.192800000e+04 
1.155400000e+04 1.202400000e+04 
1.190700000e+04 1.092000000e+04 

1.176000000e+04 1.175600000e+04 
1.218300000e+04 1.145000000e+04 
1.188500000e+04 1.160500000e+04 
1.203000000e+04 1.150400000e+04 
1.259600000e+04 1.132500000e+04 
1.163300000e+04 1.186300000e+04 

