1.098400000e+04 9.827000000e+03 
1.078700000e+04 9.837000000e+03 
1.001000000e+04 1.028000000e+04 
1.016400000e+04 1.009500000e+04 
9.918000000e+03 1.036000000e+04 
1.051800000e+04 1.002200000e+04 
1.027300000e+04 1.005600000e+04 
1.004000000e+04 1.027100000e+04 
1.071700000e+04 9.850000000e+03 
1.006200000e+04 1.021500000e+04 
1.055300000e+04 9.903000000e+03 
1.030600000e+04 1.003600000e+04 
1.007000000e+04 1.019500000e+04 
1.008500000e+04 1.014600000e+04 
9.966000000e+03 1.033200000e+04 
1.045600000e+04 1.002500000e+04 

1.009000000e+04 1.064300000e+04 
9.949000000e+03 1.068000000e+04 
1.016600000e+04 1.052000000e+04 
1.029000000e+04 1.042500000e+04 
1.009800000e+04 1.063100000e+04 
1.038900000e+04 1.036800000e+04 
1.011100000e+04 1.057900000e+04 
1.020900000e+04 1.045000000e+04 
1.070100000e+04 1.032200000e+04 
1.006000000e+04 1.064500000e+04 
1.011300000e+04 1.052900000e+04 
9.942000000e+03 1.100800000e+04 
1.069500000e+04 1.033100000e+04 

1.130300000e+04 1.040600000e+04 
1.099600000e+04 1.047600000e+04 
1.068900000e+04 1.058700000e+04 
1.083500000e+04 1.053200000e+04 
1.058300000e+04 1.073500000e+04 
1.058300000e+04 1.073500000e+04 
1.025000000e+04 1.077100000e+04 
1.114800000e+04 1.044500000e+04 

1.094500000e+04 1.059400000e+04 
1.085500000e+04 1.059700000e+04 
1.119500000e+04 1.044000000e+04 
1.071900000e+04 1.078900000e+04 

1.040400000e+04 1.023600000e+04 
1.080000000e+04 9.237000000e+03 
1.080000000e+04 9.237000000e+03 
1.054700000e+04 9.446000000e+03 
1.073800000e+04 9.242000000e+03 
1.040000000e+04 1.025600000e+04 
1.041600000e+04 9.590000000e+03 
1.062700000e+04 9.349000000e+03 
1.064400000e+04 9.277000000e+03 
1.061100000e+04 9.436000000e+03 
1.040400000e+04 1.023600000e+04 
1.061300000e+04 9.390000000e+03 

1.034600000e+04 9.875000000e+03 
1.030700000e+04 9.891000000e+03 
1.010000000e+04 1.001600000e+04 
1.016000000e+04 9.997000000e+03 
1.029900000e+04 9.894000000e+03 
9.967000000e+03 1.009700000e+04 
1.023100000e+04 9.910000000e+03 
1.019300000e+04 9.958000000e+03 
9.954000000e+03 1.040400000e+04 
1.009700000e+04 1.009400000e+04 

1.013800000e+04 1.079300000e+04 
1.009000000e+04 1.133100000e+04 
1.052900000e+04 1.036500000e+04 
1.056900000e+04 1.023700000e+04 
1.018900000e+04 1.068600000e+04 
1.042500000e+04 1.058500000e+04 
1.054400000e+04 1.035400000e+04 
1.022000000e+04 1.061000000e+04 
1.095900000e+04 1.021800000e+04 
1.046200000e+04 1.039600000e+04 

1.005600000e+04 1.085700000e+04 
1.044000000e+04 1.050400000e+04 
1.084000000e+04 1.034100000e+04 
1.061300000e+04 1.039600000e+04 
1.045500000e+04 1.042800000e+04 
1.043800000e+04 1.056900000e+04 
1.042700000e+04 1.058400000e+04 
1.025300000e+04 1.076200000e+04 
1.033600000e+04 1.063700000e+04 
9.973000000e+03 1.091900000e+04 

1.089600000e+04 1.018000000e+04 
1.080800000e+04 1.027300000e+04 
1.072000000e+04 1.029600000e+04 
1.072000000e+04 1.029600000e+04 
1.084800000e+04 1.025400000e+04 
1.084900000e+04 1.024400000e+04 
1.089600000e+04 1.018000000e+04 
1.088000000e+04 1.022900000e+04 
1.062400000e+04 1.036100000e+04 
1.038700000e+04 1.054400000e+04 
1.050000000e+04 1.040700000e+04 
1.072000000e+04 1.029600000e+04 
1.086700000e+04 1.023500000e+04 
1.062500000e+04 1.030800000e+04 
1.104800000e+04 1.009700000e+04 

1.015800000e+04 1.038300000e+04 
1.015800000e+04 1.038300000e+04 
1.018200000e+04 1.029100000e+04 
1.028400000e+04 1.020800000e+04 
1.035500000e+04 1.008700000e+04 
1.028100000e+04 1.024400000e+04 
1.066500000e+04 9.925000000e+03 
1.051700000e+04 9.947000000e+03 
1.034400000e+04 1.018600000e+04 
1.016900000e+04 1.030100000e+04 
1.067200000e+04 9.903000000e+03 
1.102600000e+04 9.849000000e+03 
1.028300000e+04 1.021600000e+04 
1.015100000e+04 1.043300000e+04 
1.076800000e+04 9.851000000e+03 
1.040300000e+04 1.003500000e+04 
1.049900000e+04 1.003400000e+04 
1.035900000e+04 1.007700000e+04 
1.016500000e+04 1.037700000e+04 
1.019800000e+04 1.025400000e+04 

1.132000000e+04 1.030500000e+04 
1.065900000e+04 1.094900000e+04 
1.080900000e+04 1.086800000e+04 
1.184600000e+04 1.026500000e+04 
1.065200000e+04 1.098000000e+04 
1.083200000e+04 1.082400000e+04 
1.104900000e+04 1.041200000e+04 
1.110800000e+04 1.038400000e+04 
1.131800000e+04 1.036300000e+04 
1.099200000e+04 1.055500000e+04 
1.083400000e+04 1.062100000e+04 
1.077200000e+04 1.087500000e+04 
1.062000000e+04 1.108500000e+04 
1.073100000e+04 1.094000000e+04 
1.095600000e+04 1.061300000e+04 
1.177800000e+04 1.026600000e+04 

9.690000000e+03 1.096100000e+04 
9.970000000e+03 1.067900000e+04 
9.843000000e+03 1.080100000e+04 
1.017700000e+04 1.050600000e+04 
1.031200000e+04 1.044500000e+04 
1.037300000e+04 1.037100000e+04 
1.010500000e+04 1.060300000e+04 
1.040000000e+04 1.034100000e+04 
9.802000000e+03 1.088200000e+04 
1.016200000e+04 1.053700000e+04 
9.880000000e+03 1.072200000e+04 
1.034100000e+04 1.044200000e+04 
1.037300000e+04 1.037100000e+04 
9.990000000e+03 1.062800000e+04 
1.008000000e+04 1.061200000e+04 
1.045800000e+04 1.027900000e+04 

1.069900000e+04 9.981000000e+03 
1.044600000e+04 1.015900000e+04 
1.028300000e+04 1.016300000e+04 
1.022500000e+04 1.034900000e+04 
1.045000000e+04 1.011400000e+04 
1.048900000e+04 1.004200000e+04 
1.006100000e+04 1.035100000e+04 
1.054000000e+04 9.997000000e+03 
1.024600000e+04 1.024300000e+04 

9.734000000e+03 1.096200000e+04 
1.023500000e+04 1.058600000e+04 
9.439000000e+03 1.168000000e+04 
9.542000000e+03 1.117700000e+04 
1.027900000e+04 1.056000000e+04 
9.788000000e+03 1.084400000e+04 
9.450000000e+03 1.156700000e+04 
1.003700000e+04 1.071400000e+04 
9.599000000e+03 1.117000000e+04 
9.647000000e+03 1.096600000e+04 
9.388000000e+03 1.174200000e+04 
9.602000000e+03 1.116200000e+04 
9.899000000e+03 1.074400000e+04 
9.750000000e+03 1.091500000e+04 
9.866000000e+03 1.076000000e+04 

1.013700000e+04 1.046000000e+04 
1.056100000e+04 1.021300000e+04 
1.056200000e+04 1.019500000e+04 
1.046800000e+04 1.027400000e+04 
1.043000000e+04 1.030400000e+04 
1.023800000e+04 1.032800000e+04 
1.086000000e+04 1.010000000e+04 
1.085800000e+04 1.013300000e+04 
1.096300000e+04 1.006000000e+04 
1.016500000e+04 1.041000000e+04 
1.048600000e+04 1.023100000e+04 
1.009600000e+04 1.076000000e+04 
1.110500000e+04 1.005700000e+04 

1.075500000e+04 1.102800000e+04 
1.112600000e+04 1.041400000e+04 
1.095900000e+04 1.043400000e+04 
1.093300000e+04 1.054100000e+04 
1.085200000e+04 1.057200000e+04 
1.076000000e+04 1.092400000e+04 
1.076400000e+04 1.083200000e+04 
1.120400000e+04 1.041100000e+04 
1.073600000e+04 1.111900000e+04 
1.112600000e+04 1.041400000e+04 

1.011000000e+04 1.105900000e+04 
9.998000000e+03 1.109200000e+04 
1.050000000e+04 1.068400000e+04 
1.016700000e+04 1.084800000e+04 
1.050200000e+04 1.063900000e+04 
1.024200000e+04 1.079200000e+04 
1.027800000e+04 1.078900000e+04 
1.031600000e+04 1.074600000e+04 
1.061500000e+04 1.050000000e+04 
1.022900000e+04 1.079800000e+04 
1.013300000e+04 1.100300000e+04 
1.018100000e+04 1.081600000e+04 

1.003800000e+04 1.036300000e+04 
1.005700000e+04 9.922000000e+03 
1.054100000e+04 9.723000000e+03 
1.019900000e+04 9.880000000e+03 
1.007600000e+04 9.906000000e+03 
9.914000000e+03 1.048500000e+04 
1.018000000e+04 9.890000000e+03 
1.011900000e+04 9.894000000e+03 
1.003100000e+04 1.037000000e+04 
1.023800000e+04 9.847000000e+03 
1.053300000e+04 9.735000000e+03 
1.033400000e+04 9.743000000e+03 
1.024400000e+04 9.791000000e+03 

1.017200000e+04 1.135700000e+04 
1.060600000e+04 1.101900000e+04 
1.027100000e+04 1.125300000e+04 
1.039600000e+04 1.105600000e+04 
1.109200000e+04 1.097200000e+04 
1.086200000e+04 1.098800000e+04 
1.027600000e+04 1.113900000e+04 
1.033100000e+04 1.108100000e+04 

1.043100000e+04 1.086500000e+04 
1.006300000e+04 1.133000000e+04 
1.006400000e+04 1.128700000e+04 
1.067400000e+04 1.069400000e+04 
1.013000000e+04 1.124500000e+04 
1.033400000e+04 1.087500000e+04 
1.043500000e+04 1.084200000e+04 
1.015600000e+04 1.115000000e+04 
1.032300000e+04 1.106900000e+04 
1.057100000e+04 1.071300000e+04 
1.032400000e+04 1.104100000e+04 
1.025700000e+04 1.111300000e+04 
1.025900000e+04 1.110200000e+04 

1.158000000e+04 1.003100000e+04 
1.106600000e+04 1.063900000e+04 
1.121600000e+04 1.009400000e+04 
1.109400000e+04 1.054300000e+04 
1.177200000e+04 9.973000000e+03 
1.109400000e+04 1.054300000e+04 

1.033900000e+04 1.102800000e+04 
1.048200000e+04 1.046000000e+04 
1.076000000e+04 9.955000000e+03 
1.049400000e+04 1.021800000e+04 
1.072600000e+04 9.962000000e+03 
1.077400000e+04 9.880000000e+03 
1.063200000e+04 9.974000000e+03 
1.077200000e+04 9.932000000e+03 

1.099000000e+04 9.780000000e+03 
1.057200000e+04 1.002000000e+04 
1.087900000e+04 9.785000000e+03 
1.059500000e+04 9.886000000e+03 
1.064400000e+04 9.836000000e+03 
1.062900000e+04 9.862000000e+03 
1.032400000e+04 1.009200000e+04 

1.002300000e+04 1.100400000e+04 
1.013200000e+04 1.078500000e+04 
9.984000000e+03 1.105900000e+04 
1.043500000e+04 1.049500000e+04 
1.035100000e+04 1.051200000e+04 
1.113400000e+04 1.036400000e+04 
1.005100000e+04 1.099000000e+04 
1.012900000e+04 1.079600000e+04 
1.047100000e+04 1.037400000e+04 
1.010200000e+04 1.092900000e+04 
1.010200000e+04 1.092900000e+04 
1.011900000e+04 1.091400000e+04 
1.076900000e+04 1.036500000e+04 
1.113400000e+04 1.036400000e+04 
1.013900000e+04 1.068800000e+04 
9.987000000e+03 1.101300000e+04 
9.862000000e+03 1.116500000e+04 
1.018500000e+04 1.055400000e+04 

1.076600000e+04 1.035800000e+04 
1.057900000e+04 1.048100000e+04 
1.077800000e+04 1.027700000e+04 
1.093700000e+04 1.012200000e+04 
1.071700000e+04 1.038300000e+04 

1.051200000e+04 1.052600000e+04 
1.028600000e+04 1.075400000e+04 
1.002300000e+04 1.117500000e+04 
1.026600000e+04 1.080000000e+04 
1.013500000e+04 1.111500000e+04 
1.038800000e+04 1.070700000e+04 
1.006700000e+04 1.114900000e+04 
1.014700000e+04 1.110100000e+04 
1.018600000e+04 1.107400000e+04 
1.019400000e+04 1.085900000e+04 
1.027700000e+04 1.076100000e+04 
1.000700000e+04 1.139000000e+04 
1.045000000e+04 1.053900000e+04 
9.985000000e+03 1.144200000e+04 

1.041700000e+04 1.068700000e+04 
1.058000000e+04 1.055800000e+04 
1.072200000e+04 1.042200000e+04 
1.095300000e+04 1.029200000e+04 
1.056300000e+04 1.056300000e+04 
1.044700000e+04 1.062600000e+04 
1.045700000e+04 1.058600000e+04 
1.070300000e+04 1.045800000e+04 
1.058200000e+04 1.046800000e+04 
1.086400000e+04 1.041700000e+04 
1.035900000e+04 1.069200000e+04 

1.014500000e+04 1.019700000e+04 
1.010900000e+04 1.030100000e+04 
1.093200000e+04 9.891000000e+03 
1.023200000e+04 1.014700000e+04 
1.010000000e+04 1.054000000e+04 
1.053400000e+04 1.009100000e+04 
1.099200000e+04 9.812000000e+03 
1.074000000e+04 9.948000000e+03 
1.056200000e+04 1.007900000e+04 
1.067400000e+04 1.003700000e+04 
1.012400000e+04 1.022200000e+04 

1.070200000e+04 1.024400000e+04 
1.060800000e+04 1.051400000e+04 
1.114000000e+04 1.001500000e+04 
1.054100000e+04 1.053000000e+04 
1.061600000e+04 1.025600000e+04 
1.070300000e+04 1.023500000e+04 
1.073900000e+04 1.018000000e+04 
1.105800000e+04 1.002000000e+04 
1.077200000e+04 1.009300000e+04 

1.045700000e+04 1.014400000e+04 
1.051300000e+04 9.972000000e+03 
1.032700000e+04 1.035200000e+04 

