9.084000000e+03 9.164000000e+03 
9.030000000e+03 9.475000000e+03 
9.032000000e+03 9.247000000e+03 
9.686000000e+03 8.830000000e+03 
9.016000000e+03 9.518000000e+03 
9.056000000e+03 9.243000000e+03 
9.030000000e+03 9.475000000e+03 
9.030000000e+03 9.475000000e+03 
9.127000000e+03 9.109000000e+03 
9.163000000e+03 9.038000000e+03 
9.764000000e+03 8.807000000e+03 
9.260000000e+03 8.975000000e+03 
9.736000000e+03 8.814000000e+03 
9.032000000e+03 9.247000000e+03 
9.058000000e+03 9.182000000e+03 
9.084000000e+03 9.164000000e+03 
9.239000000e+03 8.989000000e+03 
9.908000000e+03 8.705000000e+03 
9.056000000e+03 9.243000000e+03 
9.115000000e+03 9.142000000e+03 
9.064000000e+03 9.175000000e+03 
9.381000000e+03 8.831000000e+03 
9.865000000e+03 8.775000000e+03 
9.222000000e+03 9.014000000e+03 

9.130000000e+03 9.247000000e+03 
8.686000000e+03 9.909000000e+03 
8.869000000e+03 9.540000000e+03 
9.177000000e+03 9.170000000e+03 
9.365000000e+03 9.150000000e+03 
9.076000000e+03 9.298000000e+03 
9.676000000e+03 9.022000000e+03 
9.676000000e+03 9.022000000e+03 
9.075000000e+03 9.317000000e+03 
9.599000000e+03 9.043000000e+03 
9.168000000e+03 9.186000000e+03 
9.416000000e+03 9.112000000e+03 
9.676000000e+03 9.022000000e+03 
9.168000000e+03 9.186000000e+03 
9.483000000e+03 9.092000000e+03 
9.676000000e+03 9.022000000e+03 
9.410000000e+03 9.139000000e+03 
9.168000000e+03 9.186000000e+03 
9.338000000e+03 9.159000000e+03 
8.755000000e+03 9.873000000e+03 
8.773000000e+03 9.826000000e+03 
8.786000000e+03 9.794000000e+03 
9.050000000e+03 9.486000000e+03 
9.508000000e+03 9.062000000e+03 
9.054000000e+03 9.461000000e+03 
8.987000000e+03 9.496000000e+03 
9.068000000e+03 9.377000000e+03 
9.371000000e+03 9.140000000e+03 
8.837000000e+03 9.639000000e+03 
8.793000000e+03 9.775000000e+03 

9.244000000e+03 9.547000000e+03 
9.773000000e+03 9.343000000e+03 
9.166000000e+03 9.752000000e+03 
9.125000000e+03 9.875000000e+03 
9.134000000e+03 9.790000000e+03 
9.764000000e+03 9.349000000e+03 
9.745000000e+03 9.362000000e+03 
9.653000000e+03 9.370000000e+03 
9.125000000e+03 9.875000000e+03 
9.498000000e+03 9.421000000e+03 
9.125000000e+03 9.875000000e+03 
9.214000000e+03 9.738000000e+03 
9.160000000e+03 9.781000000e+03 
9.413000000e+03 9.469000000e+03 
9.225000000e+03 9.732000000e+03 
9.642000000e+03 9.409000000e+03 
9.653000000e+03 9.370000000e+03 
9.346000000e+03 9.517000000e+03 

1.024100000e+04 9.597000000e+03 
1.020100000e+04 9.681000000e+03 
1.020100000e+04 9.681000000e+03 
9.943000000e+03 9.959000000e+03 
9.826000000e+03 1.003700000e+04 
9.826000000e+03 1.003700000e+04 
9.990000000e+03 9.699000000e+03 
9.943000000e+03 9.959000000e+03 
9.667000000e+03 1.053800000e+04 
9.990000000e+03 9.699000000e+03 
9.803000000e+03 1.012600000e+04 
9.990000000e+03 9.699000000e+03 
9.803000000e+03 1.012600000e+04 
9.655000000e+03 1.054000000e+04 
9.803000000e+03 1.012600000e+04 
9.693000000e+03 1.034500000e+04 
9.647000000e+03 1.054800000e+04 
9.631000000e+03 1.059500000e+04 
1.049400000e+04 9.569000000e+03 
9.806000000e+03 1.010000000e+04 
9.785000000e+03 1.016500000e+04 
1.048800000e+04 9.581000000e+03 
1.006100000e+04 9.696000000e+03 
9.986000000e+03 9.869000000e+03 
9.760000000e+03 1.020800000e+04 
9.631000000e+03 1.059500000e+04 
9.721000000e+03 1.022300000e+04 
9.819000000e+03 1.009200000e+04 
9.693000000e+03 1.034500000e+04 
1.020000000e+04 9.690000000e+03 
9.852000000e+03 9.966000000e+03 
1.024100000e+04 9.597000000e+03 

9.713000000e+03 8.634000000e+03 
9.688000000e+03 8.693000000e+03 
1.012500000e+04 8.349000000e+03 
9.790000000e+03 8.588000000e+03 
1.007500000e+04 8.394000000e+03 
9.379000000e+03 9.198000000e+03 
1.007500000e+04 8.394000000e+03 
9.616000000e+03 8.711000000e+03 
9.416000000e+03 9.098000000e+03 
9.631000000e+03 8.694000000e+03 
9.455000000e+03 8.960000000e+03 
9.689000000e+03 8.679000000e+03 
9.352000000e+03 9.222000000e+03 
9.829000000e+03 8.563000000e+03 
9.595000000e+03 8.766000000e+03 
9.550000000e+03 8.808000000e+03 
9.345000000e+03 9.251000000e+03 
9.768000000e+03 8.602000000e+03 
9.545000000e+03 8.825000000e+03 
9.419000000e+03 9.005000000e+03 
9.866000000e+03 8.550000000e+03 
9.878000000e+03 8.508000000e+03 
9.754000000e+03 8.630000000e+03 
9.487000000e+03 8.903000000e+03 
9.561000000e+03 8.768000000e+03 
1.007500000e+04 8.394000000e+03 
9.595000000e+03 8.766000000e+03 
9.499000000e+03 8.836000000e+03 
1.003200000e+04 8.402000000e+03 
9.951000000e+03 8.463000000e+03 

8.568000000e+03 9.477000000e+03 
8.848000000e+03 9.058000000e+03 
8.811000000e+03 9.070000000e+03 
8.910000000e+03 8.940000000e+03 
8.796000000e+03 9.073000000e+03 
9.000000000e+03 8.885000000e+03 
8.817000000e+03 9.063000000e+03 
8.862000000e+03 9.017000000e+03 
9.065000000e+03 8.850000000e+03 
8.817000000e+03 9.063000000e+03 
8.872000000e+03 9.005000000e+03 
9.007000000e+03 8.851000000e+03 
8.979000000e+03 8.922000000e+03 
8.817000000e+03 9.063000000e+03 
8.793000000e+03 9.088000000e+03 
8.576000000e+03 9.378000000e+03 
8.944000000e+03 8.932000000e+03 
8.986000000e+03 8.899000000e+03 
8.796000000e+03 9.073000000e+03 
8.773000000e+03 9.090000000e+03 
8.749000000e+03 9.096000000e+03 
8.625000000e+03 9.136000000e+03 

9.537000000e+03 9.212000000e+03 
9.298000000e+03 9.335000000e+03 
9.064000000e+03 9.636000000e+03 
9.660000000e+03 9.094000000e+03 
8.992000000e+03 9.836000000e+03 
9.529000000e+03 9.223000000e+03 
9.311000000e+03 9.270000000e+03 
9.598000000e+03 9.174000000e+03 
9.000000000e+03 9.710000000e+03 
9.554000000e+03 9.196000000e+03 
9.391000000e+03 9.228000000e+03 
9.290000000e+03 9.347000000e+03 
9.001000000e+03 9.645000000e+03 
9.310000000e+03 9.325000000e+03 
9.187000000e+03 9.401000000e+03 
9.594000000e+03 9.191000000e+03 
8.989000000e+03 1.003800000e+04 
8.945000000e+03 1.006200000e+04 
9.537000000e+03 9.212000000e+03 
9.137000000e+03 9.511000000e+03 
9.660000000e+03 9.094000000e+03 
9.611000000e+03 9.116000000e+03 
9.065000000e+03 9.522000000e+03 

8.793000000e+03 9.522000000e+03 
9.117000000e+03 9.229000000e+03 
8.827000000e+03 9.471000000e+03 
8.891000000e+03 9.397000000e+03 
9.356000000e+03 9.144000000e+03 
8.729000000e+03 9.678000000e+03 
9.048000000e+03 9.246000000e+03 
9.224000000e+03 9.216000000e+03 
8.746000000e+03 9.617000000e+03 
8.766000000e+03 9.597000000e+03 
8.741000000e+03 9.673000000e+03 
8.793000000e+03 9.522000000e+03 
8.719000000e+03 9.969000000e+03 
8.876000000e+03 9.436000000e+03 
8.846000000e+03 9.444000000e+03 
9.609000000e+03 9.135000000e+03 
9.010000000e+03 9.380000000e+03 

9.487000000e+03 9.229000000e+03 
9.930000000e+03 9.070000000e+03 
9.873000000e+03 9.080000000e+03 
9.695000000e+03 9.091000000e+03 
9.650000000e+03 9.156000000e+03 
9.169000000e+03 9.453000000e+03 
9.800000000e+03 9.086000000e+03 
9.127000000e+03 9.499000000e+03 
9.930000000e+03 9.070000000e+03 
9.265000000e+03 9.364000000e+03 
9.286000000e+03 9.350000000e+03 
9.873000000e+03 9.080000000e+03 
9.930000000e+03 9.070000000e+03 
9.463000000e+03 9.232000000e+03 
9.183000000e+03 9.446000000e+03 
9.424000000e+03 9.240000000e+03 
9.180000000e+03 9.452000000e+03 
9.873000000e+03 9.080000000e+03 
9.681000000e+03 9.117000000e+03 
9.534000000e+03 9.199000000e+03 
9.076000000e+03 9.692000000e+03 
9.496000000e+03 9.202000000e+03 
9.335000000e+03 9.308000000e+03 
9.180000000e+03 9.452000000e+03 
9.930000000e+03 9.070000000e+03 
9.424000000e+03 9.240000000e+03 
9.581000000e+03 9.176000000e+03 
9.207000000e+03 9.401000000e+03 
9.119000000e+03 9.500000000e+03 

8.858000000e+03 9.230000000e+03 
9.344000000e+03 8.770000000e+03 
9.480000000e+03 8.703000000e+03 
9.030000000e+03 9.123000000e+03 
9.030000000e+03 9.123000000e+03 
9.423000000e+03 8.705000000e+03 
9.586000000e+03 8.667000000e+03 
9.144000000e+03 8.819000000e+03 
9.035000000e+03 9.091000000e+03 
9.586000000e+03 8.667000000e+03 
9.175000000e+03 8.805000000e+03 
9.373000000e+03 8.733000000e+03 
9.507000000e+03 8.701000000e+03 
9.049000000e+03 8.911000000e+03 
9.030000000e+03 9.123000000e+03 
9.278000000e+03 8.804000000e+03 
9.284000000e+03 8.788000000e+03 
9.020000000e+03 9.131000000e+03 
9.098000000e+03 8.887000000e+03 
8.909000000e+03 9.134000000e+03 
9.634000000e+03 8.597000000e+03 
9.035000000e+03 9.091000000e+03 

1.008900000e+04 9.291000000e+03 
9.573000000e+03 9.729000000e+03 
9.481000000e+03 9.954000000e+03 
1.021300000e+04 9.233000000e+03 
1.011000000e+04 9.282000000e+03 
9.664000000e+03 9.697000000e+03 
9.830000000e+03 9.453000000e+03 
9.891000000e+03 9.423000000e+03 
1.000800000e+04 9.300000000e+03 
1.012600000e+04 9.259000000e+03 
9.688000000e+03 9.674000000e+03 
9.554000000e+03 9.848000000e+03 
9.652000000e+03 9.722000000e+03 
1.033200000e+04 9.207000000e+03 
9.566000000e+03 9.828000000e+03 
9.907000000e+03 9.399000000e+03 
9.436000000e+03 1.012100000e+04 
9.660000000e+03 9.699000000e+03 
9.813000000e+03 9.454000000e+03 
9.520000000e+03 9.875000000e+03 
9.727000000e+03 9.615000000e+03 
9.934000000e+03 9.332000000e+03 
9.697000000e+03 9.651000000e+03 
9.772000000e+03 9.465000000e+03 
9.472000000e+03 1.007600000e+04 

8.861000000e+03 9.548000000e+03 
8.686000000e+03 9.821000000e+03 
8.696000000e+03 9.818000000e+03 
8.720000000e+03 9.797000000e+03 
9.143000000e+03 9.363000000e+03 
8.731000000e+03 9.734000000e+03 
8.952000000e+03 9.437000000e+03 
8.747000000e+03 9.719000000e+03 
9.060000000e+03 9.408000000e+03 
9.049000000e+03 9.416000000e+03 
9.069000000e+03 9.387000000e+03 
8.861000000e+03 9.548000000e+03 
8.613000000e+03 1.018200000e+04 
8.747000000e+03 9.719000000e+03 
8.643000000e+03 1.012800000e+04 
8.578000000e+03 1.030400000e+04 
9.060000000e+03 9.408000000e+03 
8.910000000e+03 9.491000000e+03 
8.800000000e+03 9.605000000e+03 
8.771000000e+03 9.670000000e+03 

9.442000000e+03 8.945000000e+03 
9.000000000e+03 9.609000000e+03 
9.027000000e+03 9.335000000e+03 
9.021000000e+03 9.444000000e+03 
9.107000000e+03 9.109000000e+03 
9.232000000e+03 9.065000000e+03 
9.190000000e+03 9.080000000e+03 
9.426000000e+03 8.957000000e+03 
9.075000000e+03 9.309000000e+03 
9.643000000e+03 8.935000000e+03 
9.298000000e+03 8.996000000e+03 

8.388000000e+03 1.056000000e+04 
8.461000000e+03 9.896000000e+03 
8.460000000e+03 9.897000000e+03 
8.461000000e+03 9.896000000e+03 
8.747000000e+03 9.677000000e+03 
8.832000000e+03 9.624000000e+03 
8.393000000e+03 1.035500000e+04 
8.739000000e+03 9.684000000e+03 
8.405000000e+03 9.971000000e+03 
8.461000000e+03 9.896000000e+03 
8.789000000e+03 9.631000000e+03 
8.461000000e+03 9.896000000e+03 
8.461000000e+03 9.896000000e+03 
8.488000000e+03 9.818000000e+03 
8.885000000e+03 9.551000000e+03 
8.638000000e+03 9.813000000e+03 
8.461000000e+03 9.896000000e+03 
8.644000000e+03 9.742000000e+03 
8.488000000e+03 9.818000000e+03 
8.675000000e+03 9.702000000e+03 
8.885000000e+03 9.551000000e+03 
8.461000000e+03 9.896000000e+03 
8.675000000e+03 9.702000000e+03 
8.644000000e+03 9.742000000e+03 
8.463000000e+03 9.889000000e+03 
8.780000000e+03 9.675000000e+03 
8.480000000e+03 9.856000000e+03 
8.848000000e+03 9.552000000e+03 
8.739000000e+03 9.684000000e+03 
8.461000000e+03 9.896000000e+03 

9.205000000e+03 9.070000000e+03 
9.293000000e+03 9.044000000e+03 
9.627000000e+03 8.874000000e+03 
9.179000000e+03 9.269000000e+03 
9.575000000e+03 8.933000000e+03 
9.681000000e+03 8.851000000e+03 
9.585000000e+03 8.918000000e+03 
9.166000000e+03 9.312000000e+03 
9.334000000e+03 9.015000000e+03 
9.490000000e+03 8.935000000e+03 
9.331000000e+03 9.024000000e+03 
9.478000000e+03 8.959000000e+03 
9.396000000e+03 8.983000000e+03 
9.166000000e+03 9.312000000e+03 
9.153000000e+03 9.391000000e+03 
9.360000000e+03 8.988000000e+03 

9.857000000e+03 9.479000000e+03 
1.001000000e+04 9.342000000e+03 
9.675000000e+03 9.564000000e+03 
9.872000000e+03 9.462000000e+03 
1.042100000e+04 9.209000000e+03 
9.872000000e+03 9.462000000e+03 
9.948000000e+03 9.348000000e+03 
9.640000000e+03 9.697000000e+03 
9.640000000e+03 9.697000000e+03 
9.764000000e+03 9.563000000e+03 
1.025300000e+04 9.241000000e+03 
9.775000000e+03 9.518000000e+03 
1.027900000e+04 9.225000000e+03 
1.040700000e+04 9.224000000e+03 
1.008200000e+04 9.336000000e+03 
9.791000000e+03 9.485000000e+03 
9.919000000e+03 9.439000000e+03 
9.946000000e+03 9.432000000e+03 
1.010000000e+04 9.255000000e+03 

9.412000000e+03 9.780000000e+03 
9.250000000e+03 9.907000000e+03 
9.999000000e+03 9.513000000e+03 
9.161000000e+03 9.927000000e+03 
9.312000000e+03 9.829000000e+03 
9.852000000e+03 9.585000000e+03 
9.299000000e+03 9.836000000e+03 
9.825000000e+03 9.616000000e+03 
8.812000000e+03 1.019600000e+04 
9.313000000e+03 9.808000000e+03 
9.278000000e+03 9.905000000e+03 
9.109000000e+03 9.954000000e+03 
8.808000000e+03 1.031300000e+04 
9.313000000e+03 9.808000000e+03 
9.187000000e+03 9.917000000e+03 
9.481000000e+03 9.748000000e+03 
8.808000000e+03 1.031300000e+04 
9.831000000e+03 9.600000000e+03 
8.791000000e+03 1.032200000e+04 
9.483000000e+03 9.747000000e+03 
8.869000000e+03 1.002900000e+04 
9.092000000e+03 9.987000000e+03 
9.488000000e+03 9.637000000e+03 
9.935000000e+03 9.536000000e+03 
8.752000000e+03 1.033100000e+04 
9.948000000e+03 9.517000000e+03 
9.623000000e+03 9.622000000e+03 
9.027000000e+03 1.001200000e+04 

9.088000000e+03 8.465000000e+03 
8.851000000e+03 8.662000000e+03 
8.901000000e+03 8.568000000e+03 
9.088000000e+03 8.465000000e+03 
8.712000000e+03 8.801000000e+03 
8.677000000e+03 8.821000000e+03 
8.921000000e+03 8.509000000e+03 
9.040000000e+03 8.471000000e+03 
8.851000000e+03 8.662000000e+03 
8.901000000e+03 8.568000000e+03 
8.613000000e+03 9.091000000e+03 
9.129000000e+03 8.436000000e+03 
8.816000000e+03 8.709000000e+03 
8.766000000e+03 8.753000000e+03 
8.939000000e+03 8.479000000e+03 

9.316000000e+03 9.703000000e+03 
9.341000000e+03 9.691000000e+03 
9.396000000e+03 9.575000000e+03 
8.988000000e+03 1.022700000e+04 
9.030000000e+03 1.021900000e+04 
8.988000000e+03 1.022700000e+04 
9.341000000e+03 9.691000000e+03 
9.373000000e+03 9.660000000e+03 
9.283000000e+03 9.708000000e+03 
9.030000000e+03 1.021900000e+04 
9.046000000e+03 1.012300000e+04 
9.168000000e+03 9.790000000e+03 
9.240000000e+03 9.729000000e+03 
9.379000000e+03 9.613000000e+03 
9.396000000e+03 9.575000000e+03 
9.030000000e+03 1.021900000e+04 
8.972000000e+03 1.039700000e+04 
9.168000000e+03 9.790000000e+03 
9.155000000e+03 9.831000000e+03 
9.165000000e+03 9.822000000e+03 
9.214000000e+03 9.748000000e+03 
9.582000000e+03 9.529000000e+03 
9.373000000e+03 9.660000000e+03 
9.450000000e+03 9.545000000e+03 
9.032000000e+03 1.019500000e+04 
9.030000000e+03 1.021900000e+04 
9.048000000e+03 1.006300000e+04 
9.046000000e+03 1.012300000e+04 
9.212000000e+03 9.775000000e+03 
9.050000000e+03 9.999000000e+03 
9.058000000e+03 9.889000000e+03 
9.111000000e+03 9.882000000e+03 
9.396000000e+03 9.575000000e+03 

9.310000000e+03 9.633000000e+03 
9.552000000e+03 9.517000000e+03 
9.193000000e+03 9.742000000e+03 
9.061000000e+03 1.008600000e+04 
9.079000000e+03 9.944000000e+03 
9.409000000e+03 9.569000000e+03 
9.010000000e+03 1.037300000e+04 
9.203000000e+03 9.711000000e+03 
9.404000000e+03 9.580000000e+03 
9.095000000e+03 9.908000000e+03 
9.014000000e+03 1.019900000e+04 
9.097000000e+03 9.806000000e+03 
9.166000000e+03 9.781000000e+03 
9.409000000e+03 9.569000000e+03 
9.166000000e+03 9.781000000e+03 
9.252000000e+03 9.652000000e+03 
9.258000000e+03 9.634000000e+03 
9.094000000e+03 9.936000000e+03 
9.014000000e+03 1.019900000e+04 
9.327000000e+03 9.624000000e+03 
9.231000000e+03 9.668000000e+03 
9.517000000e+03 9.561000000e+03 

1.056100000e+04 8.918000000e+03 
9.855000000e+03 9.254000000e+03 
1.017100000e+04 9.132000000e+03 
9.791000000e+03 9.517000000e+03 
9.763000000e+03 9.587000000e+03 
1.007800000e+04 9.133000000e+03 
9.804000000e+03 9.500000000e+03 
1.005300000e+04 9.185000000e+03 
1.039600000e+04 8.960000000e+03 
1.029400000e+04 8.963000000e+03 
1.002800000e+04 9.188000000e+03 
1.045800000e+04 8.945000000e+03 
1.018000000e+04 9.078000000e+03 
9.822000000e+03 9.457000000e+03 
1.064900000e+04 8.881000000e+03 
9.804000000e+03 9.500000000e+03 
1.001000000e+04 9.195000000e+03 
9.978000000e+03 9.207000000e+03 
1.006400000e+04 9.183000000e+03 
1.062100000e+04 8.908000000e+03 
1.020500000e+04 9.019000000e+03 

9.957000000e+03 8.990000000e+03 
9.362000000e+03 9.496000000e+03 
9.439000000e+03 9.246000000e+03 
9.465000000e+03 9.204000000e+03 
9.362000000e+03 9.496000000e+03 
9.681000000e+03 9.031000000e+03 
9.410000000e+03 9.399000000e+03 
9.362000000e+03 9.496000000e+03 
9.651000000e+03 9.081000000e+03 
9.369000000e+03 9.446000000e+03 
9.501000000e+03 9.128000000e+03 
9.527000000e+03 9.088000000e+03 
9.669000000e+03 9.060000000e+03 

9.645000000e+03 8.587000000e+03 
8.941000000e+03 9.056000000e+03 
9.255000000e+03 8.827000000e+03 
9.445000000e+03 8.653000000e+03 
9.533000000e+03 8.615000000e+03 
8.933000000e+03 9.235000000e+03 
9.366000000e+03 8.788000000e+03 
9.020000000e+03 9.046000000e+03 
9.173000000e+03 8.870000000e+03 
9.031000000e+03 8.965000000e+03 
9.649000000e+03 8.582000000e+03 
9.533000000e+03 8.615000000e+03 
9.589000000e+03 8.598000000e+03 
9.718000000e+03 8.579000000e+03 
9.420000000e+03 8.750000000e+03 
9.739000000e+03 8.561000000e+03 
9.149000000e+03 8.882000000e+03 
9.427000000e+03 8.703000000e+03 
9.214000000e+03 8.843000000e+03 
9.245000000e+03 8.839000000e+03 
9.040000000e+03 8.893000000e+03 
9.259000000e+03 8.791000000e+03 
9.441000000e+03 8.702000000e+03 

9.230000000e+03 9.564000000e+03 
9.335000000e+03 9.366000000e+03 
9.218000000e+03 9.588000000e+03 
9.772000000e+03 9.200000000e+03 
9.106000000e+03 9.725000000e+03 
9.426000000e+03 9.359000000e+03 
8.993000000e+03 9.758000000e+03 
9.230000000e+03 9.564000000e+03 
9.602000000e+03 9.269000000e+03 
9.203000000e+03 9.598000000e+03 
9.126000000e+03 9.682000000e+03 
9.126000000e+03 9.682000000e+03 
9.283000000e+03 9.448000000e+03 
9.429000000e+03 9.326000000e+03 
9.276000000e+03 9.490000000e+03 
9.123000000e+03 9.704000000e+03 
9.424000000e+03 9.360000000e+03 
9.815000000e+03 9.176000000e+03 
9.474000000e+03 9.272000000e+03 
9.335000000e+03 9.366000000e+03 
9.278000000e+03 9.468000000e+03 
9.686000000e+03 9.215000000e+03 
9.426000000e+03 9.359000000e+03 
9.278000000e+03 9.468000000e+03 
9.185000000e+03 9.603000000e+03 
1.002200000e+04 9.104000000e+03 
9.445000000e+03 9.289000000e+03 
9.931000000e+03 9.135000000e+03 
9.082000000e+03 9.736000000e+03 
9.218000000e+03 9.588000000e+03 
9.625000000e+03 9.255000000e+03 

9.440000000e+03 9.459000000e+03 
9.595000000e+03 9.218000000e+03 
9.680000000e+03 9.195000000e+03 
9.654000000e+03 9.216000000e+03 
9.680000000e+03 9.195000000e+03 
1.004600000e+04 9.040000000e+03 
1.003500000e+04 9.082000000e+03 
1.004600000e+04 9.040000000e+03 
9.717000000e+03 9.173000000e+03 
9.440000000e+03 9.459000000e+03 
9.915000000e+03 9.101000000e+03 
9.458000000e+03 9.232000000e+03 
9.717000000e+03 9.173000000e+03 
1.004600000e+04 9.040000000e+03 
9.771000000e+03 9.152000000e+03 
9.886000000e+03 9.113000000e+03 
9.798000000e+03 9.128000000e+03 
9.453000000e+03 9.387000000e+03 

9.173000000e+03 9.837000000e+03 
9.095000000e+03 1.015600000e+04 
9.113000000e+03 9.917000000e+03 
9.113000000e+03 9.917000000e+03 
9.349000000e+03 9.508000000e+03 
9.520000000e+03 9.408000000e+03 
9.485000000e+03 9.488000000e+03 
9.239000000e+03 9.707000000e+03 
9.623000000e+03 9.334000000e+03 
9.134000000e+03 9.839000000e+03 
9.173000000e+03 9.837000000e+03 
9.849000000e+03 9.266000000e+03 
9.184000000e+03 9.723000000e+03 
9.571000000e+03 9.390000000e+03 
9.268000000e+03 9.671000000e+03 
9.470000000e+03 9.505000000e+03 
9.173000000e+03 9.837000000e+03 
9.520000000e+03 9.408000000e+03 
9.791000000e+03 9.297000000e+03 
9.587000000e+03 9.357000000e+03 
9.334000000e+03 9.540000000e+03 
9.223000000e+03 9.709000000e+03 
9.254000000e+03 9.702000000e+03 
9.173000000e+03 9.837000000e+03 
9.113000000e+03 9.917000000e+03 
9.308000000e+03 9.557000000e+03 
9.496000000e+03 9.460000000e+03 
9.128000000e+03 9.879000000e+03 
9.900000000e+03 9.225000000e+03 

9.344000000e+03 9.530000000e+03 
9.392000000e+03 9.303000000e+03 
9.487000000e+03 9.238000000e+03 
9.350000000e+03 9.490000000e+03 
9.359000000e+03 9.399000000e+03 
9.546000000e+03 9.199000000e+03 
9.273000000e+03 9.571000000e+03 
9.430000000e+03 9.268000000e+03 
9.146000000e+03 9.596000000e+03 
9.675000000e+03 9.098000000e+03 
9.344000000e+03 9.530000000e+03 
9.344000000e+03 9.530000000e+03 
9.146000000e+03 9.596000000e+03 
9.537000000e+03 9.227000000e+03 
9.350000000e+03 9.490000000e+03 
9.503000000e+03 9.230000000e+03 
9.618000000e+03 9.180000000e+03 
9.546000000e+03 9.199000000e+03 

9.067000000e+03 9.010000000e+03 
9.069000000e+03 8.998000000e+03 
9.089000000e+03 8.944000000e+03 
9.083000000e+03 8.972000000e+03 
9.016000000e+03 9.035000000e+03 
8.831000000e+03 9.363000000e+03 
9.006000000e+03 9.040000000e+03 
9.023000000e+03 9.014000000e+03 
9.069000000e+03 8.998000000e+03 
9.092000000e+03 8.929000000e+03 
9.006000000e+03 9.040000000e+03 
8.905000000e+03 9.195000000e+03 
9.094000000e+03 8.919000000e+03 
8.933000000e+03 9.184000000e+03 
8.959000000e+03 9.122000000e+03 
9.089000000e+03 8.944000000e+03 
9.006000000e+03 9.040000000e+03 
9.006000000e+03 9.040000000e+03 
9.335000000e+03 8.768000000e+03 
8.978000000e+03 9.054000000e+03 
8.804000000e+03 9.498000000e+03 
9.006000000e+03 9.040000000e+03 
9.276000000e+03 8.796000000e+03 
9.267000000e+03 8.797000000e+03 
8.859000000e+03 9.296000000e+03 
9.149000000e+03 8.855000000e+03 
9.319000000e+03 8.778000000e+03 
8.933000000e+03 9.184000000e+03 
9.006000000e+03 9.040000000e+03 

9.968000000e+03 8.786000000e+03 
9.748000000e+03 8.863000000e+03 
9.587000000e+03 8.891000000e+03 
9.516000000e+03 8.896000000e+03 
9.516000000e+03 8.896000000e+03 
9.502000000e+03 8.914000000e+03 
9.692000000e+03 8.875000000e+03 
9.493000000e+03 8.928000000e+03 
9.516000000e+03 8.896000000e+03 
9.379000000e+03 9.034000000e+03 
9.414000000e+03 9.024000000e+03 
9.372000000e+03 9.074000000e+03 
9.493000000e+03 8.928000000e+03 
9.692000000e+03 8.875000000e+03 
9.404000000e+03 9.026000000e+03 
9.350000000e+03 9.101000000e+03 
9.512000000e+03 8.906000000e+03 
9.649000000e+03 8.890000000e+03 
1.001600000e+04 8.768000000e+03 
9.516000000e+03 8.896000000e+03 
9.912000000e+03 8.840000000e+03 
9.915000000e+03 8.818000000e+03 

9.313000000e+03 8.811000000e+03 
9.242000000e+03 8.979000000e+03 
9.242000000e+03 8.979000000e+03 
9.656000000e+03 8.625000000e+03 
9.309000000e+03 8.829000000e+03 
9.316000000e+03 8.761000000e+03 
9.313000000e+03 8.811000000e+03 
9.325000000e+03 8.755000000e+03 
9.537000000e+03 8.710000000e+03 
9.325000000e+03 8.755000000e+03 
9.178000000e+03 9.100000000e+03 
9.248000000e+03 8.845000000e+03 
9.193000000e+03 9.029000000e+03 

