9.274000000e+03 8.758000000e+03 
8.904000000e+03 9.221000000e+03 
9.248000000e+03 8.764000000e+03 
8.867000000e+03 9.239000000e+03 
8.906000000e+03 9.198000000e+03 
9.836000000e+03 8.523000000e+03 
8.904000000e+03 9.221000000e+03 
9.219000000e+03 8.794000000e+03 
8.868000000e+03 9.222000000e+03 
8.947000000e+03 9.152000000e+03 
9.076000000e+03 8.919000000e+03 
9.807000000e+03 8.580000000e+03 
9.492000000e+03 8.679000000e+03 
8.868000000e+03 9.222000000e+03 
9.200000000e+03 8.811000000e+03 
8.906000000e+03 9.198000000e+03 
9.239000000e+03 8.781000000e+03 
9.219000000e+03 8.794000000e+03 
8.904000000e+03 9.221000000e+03 
9.096000000e+03 8.823000000e+03 
8.904000000e+03 9.221000000e+03 
8.904000000e+03 9.221000000e+03 
8.904000000e+03 9.221000000e+03 
8.904000000e+03 9.221000000e+03 
8.994000000e+03 9.001000000e+03 
8.843000000e+03 9.251000000e+03 
8.970000000e+03 9.050000000e+03 
8.904000000e+03 9.221000000e+03 
9.071000000e+03 8.982000000e+03 
9.547000000e+03 8.649000000e+03 
8.904000000e+03 9.221000000e+03 
8.904000000e+03 9.221000000e+03 
8.995000000e+03 8.985000000e+03 
8.906000000e+03 9.198000000e+03 
9.292000000e+03 8.688000000e+03 
8.904000000e+03 9.221000000e+03 
8.919000000e+03 9.181000000e+03 
8.906000000e+03 9.198000000e+03 
9.492000000e+03 8.679000000e+03 
9.073000000e+03 8.938000000e+03 
8.947000000e+03 9.152000000e+03 
9.322000000e+03 8.682000000e+03 
9.219000000e+03 8.794000000e+03 
9.088000000e+03 8.856000000e+03 
9.278000000e+03 8.726000000e+03 
9.525000000e+03 8.669000000e+03 

8.842000000e+03 9.325000000e+03 
8.988000000e+03 9.078000000e+03 
9.213000000e+03 8.945000000e+03 
9.161000000e+03 8.976000000e+03 
9.313000000e+03 8.900000000e+03 
8.561000000e+03 9.830000000e+03 
8.857000000e+03 9.232000000e+03 
8.714000000e+03 9.399000000e+03 
8.623000000e+03 9.614000000e+03 
9.159000000e+03 9.015000000e+03 
8.596000000e+03 9.682000000e+03 
8.953000000e+03 9.191000000e+03 
9.362000000e+03 8.862000000e+03 
8.967000000e+03 9.158000000e+03 
8.882000000e+03 9.214000000e+03 
9.159000000e+03 9.015000000e+03 
9.159000000e+03 9.015000000e+03 
9.260000000e+03 8.903000000e+03 
8.851000000e+03 9.260000000e+03 
8.596000000e+03 9.682000000e+03 
8.608000000e+03 9.663000000e+03 
8.561000000e+03 9.830000000e+03 
8.582000000e+03 9.700000000e+03 
8.887000000e+03 9.209000000e+03 
9.429000000e+03 8.851000000e+03 
8.596000000e+03 9.682000000e+03 
9.005000000e+03 9.060000000e+03 
8.805000000e+03 9.346000000e+03 
9.159000000e+03 9.015000000e+03 
8.904000000e+03 9.192000000e+03 
9.576000000e+03 8.849000000e+03 
8.772000000e+03 9.362000000e+03 
9.003000000e+03 9.070000000e+03 
8.628000000e+03 9.499000000e+03 
9.076000000e+03 9.022000000e+03 
9.024000000e+03 9.050000000e+03 
8.576000000e+03 9.711000000e+03 
9.159000000e+03 9.015000000e+03 

9.258000000e+03 9.223000000e+03 
9.012000000e+03 9.391000000e+03 
9.258000000e+03 9.223000000e+03 
9.288000000e+03 9.195000000e+03 
9.558000000e+03 9.097000000e+03 
9.142000000e+03 9.264000000e+03 
8.870000000e+03 9.522000000e+03 
9.137000000e+03 9.331000000e+03 
9.068000000e+03 9.390000000e+03 
9.068000000e+03 9.390000000e+03 
9.084000000e+03 9.357000000e+03 
9.262000000e+03 9.196000000e+03 
9.331000000e+03 9.116000000e+03 

9.524000000e+03 1.001300000e+04 
9.618000000e+03 9.816000000e+03 
9.951000000e+03 9.529000000e+03 
9.522000000e+03 1.012200000e+04 
1.025300000e+04 9.455000000e+03 
9.817000000e+03 9.635000000e+03 
9.511000000e+03 1.012300000e+04 
1.029500000e+04 9.427000000e+03 
9.524000000e+03 1.001300000e+04 
1.007100000e+04 9.486000000e+03 
9.511000000e+03 1.012300000e+04 
9.522000000e+03 1.012200000e+04 
9.870000000e+03 9.593000000e+03 
1.003300000e+04 9.519000000e+03 
9.597000000e+03 9.819000000e+03 
9.524000000e+03 1.001300000e+04 
9.542000000e+03 9.955000000e+03 
9.576000000e+03 9.953000000e+03 
9.898000000e+03 9.538000000e+03 
1.024000000e+04 9.457000000e+03 
9.839000000e+03 9.631000000e+03 
9.597000000e+03 9.819000000e+03 
9.536000000e+03 1.000300000e+04 
9.576000000e+03 9.953000000e+03 
9.594000000e+03 9.895000000e+03 
9.684000000e+03 9.742000000e+03 
1.008100000e+04 9.458000000e+03 
9.642000000e+03 9.778000000e+03 

9.504000000e+03 8.556000000e+03 
9.564000000e+03 8.519000000e+03 
9.707000000e+03 8.373000000e+03 
9.818000000e+03 8.187000000e+03 
9.617000000e+03 8.462000000e+03 
9.285000000e+03 8.777000000e+03 
9.564000000e+03 8.519000000e+03 
9.177000000e+03 9.226000000e+03 
9.554000000e+03 8.538000000e+03 
9.586000000e+03 8.506000000e+03 
9.367000000e+03 8.713000000e+03 
9.393000000e+03 8.573000000e+03 
9.818000000e+03 8.187000000e+03 
9.818000000e+03 8.187000000e+03 
9.669000000e+03 8.407000000e+03 
9.507000000e+03 8.553000000e+03 
9.547000000e+03 8.544000000e+03 
9.196000000e+03 8.924000000e+03 
9.509000000e+03 8.546000000e+03 
9.375000000e+03 8.696000000e+03 
9.270000000e+03 8.840000000e+03 
9.285000000e+03 8.777000000e+03 
9.746000000e+03 8.257000000e+03 

8.979000000e+03 8.610000000e+03 
8.434000000e+03 9.114000000e+03 
8.560000000e+03 8.958000000e+03 
8.693000000e+03 8.806000000e+03 
8.781000000e+03 8.770000000e+03 
8.781000000e+03 8.770000000e+03 
8.307000000e+03 9.224000000e+03 
8.632000000e+03 8.812000000e+03 
8.357000000e+03 9.218000000e+03 
8.270000000e+03 9.229000000e+03 
8.294000000e+03 9.227000000e+03 
9.049000000e+03 8.569000000e+03 
8.234000000e+03 9.261000000e+03 
8.983000000e+03 8.607000000e+03 
8.256000000e+03 9.240000000e+03 
8.740000000e+03 8.793000000e+03 
8.777000000e+03 8.789000000e+03 
8.632000000e+03 8.812000000e+03 
8.571000000e+03 8.882000000e+03 
8.503000000e+03 8.967000000e+03 
8.379000000e+03 9.117000000e+03 
8.858000000e+03 8.731000000e+03 
8.809000000e+03 8.758000000e+03 
8.503000000e+03 8.967000000e+03 
8.880000000e+03 8.723000000e+03 
8.740000000e+03 8.793000000e+03 
8.838000000e+03 8.736000000e+03 
8.915000000e+03 8.644000000e+03 
8.781000000e+03 8.770000000e+03 
8.360000000e+03 9.158000000e+03 
8.693000000e+03 8.806000000e+03 
8.967000000e+03 8.612000000e+03 
8.441000000e+03 9.076000000e+03 
8.967000000e+03 8.612000000e+03 
8.915000000e+03 8.644000000e+03 
8.883000000e+03 8.648000000e+03 
9.053000000e+03 8.562000000e+03 
8.489000000e+03 9.054000000e+03 
8.601000000e+03 8.862000000e+03 
8.983000000e+03 8.607000000e+03 
8.379000000e+03 9.117000000e+03 

9.501000000e+03 8.879000000e+03 
8.753000000e+03 9.514000000e+03 
9.586000000e+03 8.845000000e+03 
8.841000000e+03 9.435000000e+03 
9.122000000e+03 9.083000000e+03 
9.473000000e+03 8.915000000e+03 
8.805000000e+03 9.481000000e+03 
8.728000000e+03 9.586000000e+03 
8.821000000e+03 9.473000000e+03 
9.130000000e+03 9.064000000e+03 
9.426000000e+03 8.924000000e+03 
8.841000000e+03 9.435000000e+03 
9.266000000e+03 8.967000000e+03 
9.086000000e+03 9.120000000e+03 
9.558000000e+03 8.846000000e+03 
8.841000000e+03 9.435000000e+03 
9.034000000e+03 9.129000000e+03 
8.832000000e+03 9.465000000e+03 
9.501000000e+03 8.879000000e+03 
8.894000000e+03 9.252000000e+03 
9.092000000e+03 9.101000000e+03 
9.210000000e+03 9.033000000e+03 
9.092000000e+03 9.101000000e+03 
8.782000000e+03 9.497000000e+03 
8.982000000e+03 9.191000000e+03 
8.982000000e+03 9.191000000e+03 
9.316000000e+03 8.928000000e+03 
9.266000000e+03 8.967000000e+03 
9.122000000e+03 9.083000000e+03 
9.493000000e+03 8.900000000e+03 
9.558000000e+03 8.846000000e+03 
9.130000000e+03 9.064000000e+03 
8.805000000e+03 9.481000000e+03 
9.484000000e+03 8.909000000e+03 

8.956000000e+03 9.087000000e+03 
8.614000000e+03 9.445000000e+03 
9.235000000e+03 8.953000000e+03 
8.801000000e+03 9.159000000e+03 
9.542000000e+03 8.854000000e+03 
8.655000000e+03 9.438000000e+03 
9.336000000e+03 8.897000000e+03 
8.956000000e+03 9.087000000e+03 
8.683000000e+03 9.391000000e+03 
8.888000000e+03 9.095000000e+03 
8.716000000e+03 9.374000000e+03 
9.316000000e+03 8.936000000e+03 
8.686000000e+03 9.386000000e+03 
9.118000000e+03 8.974000000e+03 
8.614000000e+03 9.445000000e+03 
9.442000000e+03 8.859000000e+03 
8.735000000e+03 9.277000000e+03 
9.577000000e+03 8.843000000e+03 
8.809000000e+03 9.120000000e+03 
8.753000000e+03 9.215000000e+03 
8.686000000e+03 9.386000000e+03 
8.967000000e+03 9.032000000e+03 
9.577000000e+03 8.843000000e+03 
8.774000000e+03 9.210000000e+03 
8.724000000e+03 9.285000000e+03 
9.577000000e+03 8.843000000e+03 
8.751000000e+03 9.238000000e+03 
9.577000000e+03 8.843000000e+03 
9.348000000e+03 8.874000000e+03 
8.875000000e+03 9.112000000e+03 
9.096000000e+03 9.001000000e+03 
8.992000000e+03 9.024000000e+03 

9.638000000e+03 8.865000000e+03 
9.291000000e+03 9.013000000e+03 
9.232000000e+03 9.023000000e+03 
9.376000000e+03 8.931000000e+03 
9.291000000e+03 9.013000000e+03 
9.482000000e+03 8.924000000e+03 
9.232000000e+03 9.023000000e+03 
9.108000000e+03 9.169000000e+03 
9.001000000e+03 9.532000000e+03 
9.007000000e+03 9.507000000e+03 
9.295000000e+03 8.950000000e+03 
8.970000000e+03 9.555000000e+03 
8.938000000e+03 9.604000000e+03 
9.027000000e+03 9.412000000e+03 
9.552000000e+03 8.923000000e+03 
8.988000000e+03 9.533000000e+03 
9.232000000e+03 9.023000000e+03 
9.776000000e+03 8.846000000e+03 
9.552000000e+03 8.923000000e+03 
9.552000000e+03 8.923000000e+03 
9.552000000e+03 8.923000000e+03 
9.150000000e+03 9.075000000e+03 
9.053000000e+03 9.228000000e+03 
9.776000000e+03 8.846000000e+03 
9.365000000e+03 8.949000000e+03 

8.964000000e+03 8.874000000e+03 
8.923000000e+03 8.899000000e+03 
8.923000000e+03 8.899000000e+03 
8.923000000e+03 8.899000000e+03 
8.923000000e+03 8.899000000e+03 
9.177000000e+03 8.589000000e+03 
8.923000000e+03 8.899000000e+03 
8.923000000e+03 8.899000000e+03 
8.907000000e+03 8.935000000e+03 
8.916000000e+03 8.922000000e+03 
8.923000000e+03 8.899000000e+03 
9.475000000e+03 8.459000000e+03 
8.923000000e+03 8.899000000e+03 
8.973000000e+03 8.814000000e+03 
9.002000000e+03 8.761000000e+03 
8.907000000e+03 8.935000000e+03 
9.002000000e+03 8.761000000e+03 
8.923000000e+03 8.899000000e+03 
8.923000000e+03 8.899000000e+03 
8.744000000e+03 9.075000000e+03 
8.923000000e+03 8.899000000e+03 
9.294000000e+03 8.563000000e+03 
8.733000000e+03 9.114000000e+03 
8.826000000e+03 8.966000000e+03 
8.923000000e+03 8.899000000e+03 
8.923000000e+03 8.899000000e+03 
8.923000000e+03 8.899000000e+03 
8.923000000e+03 8.899000000e+03 
8.923000000e+03 8.899000000e+03 
9.059000000e+03 8.731000000e+03 
8.923000000e+03 8.899000000e+03 
8.923000000e+03 8.899000000e+03 
9.357000000e+03 8.491000000e+03 
9.475000000e+03 8.459000000e+03 
8.923000000e+03 8.899000000e+03 
8.923000000e+03 8.899000000e+03 
8.923000000e+03 8.899000000e+03 
8.923000000e+03 8.899000000e+03 
9.111000000e+03 8.715000000e+03 
8.718000000e+03 9.153000000e+03 
8.923000000e+03 8.899000000e+03 
9.319000000e+03 8.532000000e+03 
9.068000000e+03 8.716000000e+03 
8.964000000e+03 8.874000000e+03 
8.733000000e+03 9.114000000e+03 
8.923000000e+03 8.899000000e+03 
9.145000000e+03 8.691000000e+03 
8.796000000e+03 8.969000000e+03 
9.068000000e+03 8.716000000e+03 
9.246000000e+03 8.566000000e+03 
8.907000000e+03 8.935000000e+03 
9.015000000e+03 8.748000000e+03 
8.923000000e+03 8.899000000e+03 
9.475000000e+03 8.459000000e+03 
9.294000000e+03 8.563000000e+03 
8.907000000e+03 8.935000000e+03 
8.733000000e+03 9.114000000e+03 
8.752000000e+03 8.992000000e+03 
9.123000000e+03 8.692000000e+03 
9.246000000e+03 8.566000000e+03 
8.977000000e+03 8.793000000e+03 
9.475000000e+03 8.459000000e+03 

9.233000000e+03 1.010100000e+04 
9.239000000e+03 1.003900000e+04 
9.420000000e+03 9.448000000e+03 
9.289000000e+03 9.701000000e+03 
9.354000000e+03 9.647000000e+03 
9.354000000e+03 9.647000000e+03 
9.276000000e+03 9.916000000e+03 
9.266000000e+03 9.925000000e+03 
1.019100000e+04 9.061000000e+03 
9.322000000e+03 9.658000000e+03 
9.308000000e+03 9.695000000e+03 
9.354000000e+03 9.647000000e+03 
9.494000000e+03 9.329000000e+03 
9.354000000e+03 9.647000000e+03 
1.019100000e+04 9.061000000e+03 
9.420000000e+03 9.448000000e+03 
1.014300000e+04 9.077000000e+03 
1.019100000e+04 9.061000000e+03 
9.652000000e+03 9.232000000e+03 
9.913000000e+03 9.086000000e+03 
9.463000000e+03 9.411000000e+03 
9.177000000e+03 1.015700000e+04 
9.384000000e+03 9.479000000e+03 
9.420000000e+03 9.448000000e+03 
9.680000000e+03 9.157000000e+03 
1.019100000e+04 9.061000000e+03 
9.375000000e+03 9.527000000e+03 
9.628000000e+03 9.234000000e+03 
9.363000000e+03 9.555000000e+03 
9.845000000e+03 9.126000000e+03 
9.672000000e+03 9.199000000e+03 
9.375000000e+03 9.527000000e+03 
9.361000000e+03 9.641000000e+03 
9.177000000e+03 1.015700000e+04 
9.861000000e+03 9.116000000e+03 
9.494000000e+03 9.329000000e+03 
9.472000000e+03 9.357000000e+03 
9.472000000e+03 9.357000000e+03 
9.844000000e+03 9.127000000e+03 
9.622000000e+03 9.268000000e+03 
9.424000000e+03 9.432000000e+03 
9.611000000e+03 9.317000000e+03 
1.019600000e+04 9.057000000e+03 
9.234000000e+03 1.008000000e+04 
9.322000000e+03 9.658000000e+03 
9.263000000e+03 9.979000000e+03 
9.289000000e+03 9.701000000e+03 

8.493000000e+03 9.576000000e+03 
8.549000000e+03 9.502000000e+03 
8.387000000e+03 9.837000000e+03 
8.683000000e+03 9.439000000e+03 
8.872000000e+03 9.314000000e+03 
8.762000000e+03 9.339000000e+03 
8.836000000e+03 9.329000000e+03 
8.592000000e+03 9.488000000e+03 
8.973000000e+03 9.234000000e+03 
8.894000000e+03 9.268000000e+03 
8.497000000e+03 9.573000000e+03 
8.549000000e+03 9.502000000e+03 
8.872000000e+03 9.314000000e+03 
8.836000000e+03 9.329000000e+03 
8.762000000e+03 9.339000000e+03 
8.484000000e+03 9.624000000e+03 
8.454000000e+03 9.648000000e+03 
8.762000000e+03 9.339000000e+03 
8.401000000e+03 9.765000000e+03 
8.762000000e+03 9.339000000e+03 
8.707000000e+03 9.366000000e+03 
8.426000000e+03 9.704000000e+03 
8.612000000e+03 9.464000000e+03 
8.331000000e+03 1.013100000e+04 
8.762000000e+03 9.339000000e+03 

9.349000000e+03 8.615000000e+03 
8.818000000e+03 8.950000000e+03 
8.686000000e+03 9.175000000e+03 
9.004000000e+03 8.845000000e+03 
9.330000000e+03 8.667000000e+03 
9.016000000e+03 8.738000000e+03 
8.673000000e+03 9.187000000e+03 
8.646000000e+03 9.308000000e+03 
8.701000000e+03 9.125000000e+03 
8.686000000e+03 9.175000000e+03 
9.316000000e+03 8.704000000e+03 
8.821000000e+03 8.870000000e+03 
9.318000000e+03 8.697000000e+03 
8.821000000e+03 8.870000000e+03 
9.316000000e+03 8.704000000e+03 
9.031000000e+03 8.730000000e+03 
9.126000000e+03 8.710000000e+03 
9.158000000e+03 8.705000000e+03 
8.708000000e+03 9.008000000e+03 

8.326000000e+03 9.695000000e+03 
8.263000000e+03 9.846000000e+03 
8.863000000e+03 9.410000000e+03 
8.598000000e+03 9.512000000e+03 
8.382000000e+03 9.615000000e+03 
8.263000000e+03 9.846000000e+03 
8.237000000e+03 9.849000000e+03 
8.233000000e+03 9.867000000e+03 
8.333000000e+03 9.628000000e+03 
8.904000000e+03 9.382000000e+03 
8.389000000e+03 9.610000000e+03 
8.742000000e+03 9.456000000e+03 
9.062000000e+03 9.338000000e+03 
8.521000000e+03 9.519000000e+03 
8.228000000e+03 1.037500000e+04 
8.275000000e+03 9.743000000e+03 
8.627000000e+03 9.510000000e+03 
8.627000000e+03 9.510000000e+03 
8.333000000e+03 9.628000000e+03 
8.742000000e+03 9.456000000e+03 
8.226000000e+03 1.042000000e+04 
8.278000000e+03 9.717000000e+03 
8.233000000e+03 9.867000000e+03 
8.749000000e+03 9.431000000e+03 
8.979000000e+03 9.339000000e+03 
8.925000000e+03 9.378000000e+03 
8.237000000e+03 9.849000000e+03 
8.416000000e+03 9.603000000e+03 
8.389000000e+03 9.610000000e+03 
8.840000000e+03 9.414000000e+03 
8.333000000e+03 9.628000000e+03 
8.448000000e+03 9.525000000e+03 
8.263000000e+03 9.846000000e+03 
8.334000000e+03 9.626000000e+03 
8.419000000e+03 9.580000000e+03 
8.306000000e+03 9.715000000e+03 
9.094000000e+03 9.336000000e+03 
8.653000000e+03 9.476000000e+03 
8.705000000e+03 9.471000000e+03 

9.188000000e+03 8.686000000e+03 
8.910000000e+03 8.948000000e+03 
9.101000000e+03 8.715000000e+03 
9.343000000e+03 8.642000000e+03 
9.312000000e+03 8.679000000e+03 
9.027000000e+03 8.784000000e+03 
8.929000000e+03 8.865000000e+03 
9.027000000e+03 8.784000000e+03 
9.052000000e+03 8.758000000e+03 
9.379000000e+03 8.598000000e+03 
8.949000000e+03 8.791000000e+03 
9.187000000e+03 8.713000000e+03 
9.313000000e+03 8.659000000e+03 

1.012100000e+04 8.966000000e+03 
9.390000000e+03 9.797000000e+03 
9.564000000e+03 9.313000000e+03 
9.827000000e+03 9.190000000e+03 
9.410000000e+03 9.710000000e+03 
9.363000000e+03 9.827000000e+03 
9.812000000e+03 9.224000000e+03 
9.935000000e+03 9.065000000e+03 
9.815000000e+03 9.198000000e+03 
9.998000000e+03 9.012000000e+03 
9.852000000e+03 9.122000000e+03 
9.596000000e+03 9.305000000e+03 
9.835000000e+03 9.142000000e+03 
9.612000000e+03 9.232000000e+03 
9.397000000e+03 9.790000000e+03 
1.009200000e+04 8.974000000e+03 
9.796000000e+03 9.226000000e+03 
9.342000000e+03 9.877000000e+03 
9.378000000e+03 9.823000000e+03 
9.450000000e+03 9.391000000e+03 
9.835000000e+03 9.142000000e+03 
9.452000000e+03 9.356000000e+03 

9.311000000e+03 9.573000000e+03 
8.715000000e+03 1.008700000e+04 
9.444000000e+03 9.502000000e+03 
8.881000000e+03 9.950000000e+03 
9.915000000e+03 9.346000000e+03 
9.154000000e+03 9.691000000e+03 
8.988000000e+03 9.863000000e+03 
9.037000000e+03 9.760000000e+03 
9.537000000e+03 9.463000000e+03 
9.627000000e+03 9.403000000e+03 
9.300000000e+03 9.599000000e+03 
9.719000000e+03 9.399000000e+03 
9.040000000e+03 9.736000000e+03 
9.111000000e+03 9.729000000e+03 
9.719000000e+03 9.399000000e+03 
8.773000000e+03 1.006000000e+04 
9.745000000e+03 9.369000000e+03 
9.037000000e+03 9.760000000e+03 
8.792000000e+03 9.966000000e+03 
9.467000000e+03 9.480000000e+03 
9.170000000e+03 9.625000000e+03 
9.561000000e+03 9.423000000e+03 
9.307000000e+03 9.580000000e+03 
9.021000000e+03 9.814000000e+03 
8.913000000e+03 9.867000000e+03 
9.322000000e+03 9.532000000e+03 
9.392000000e+03 9.512000000e+03 
8.988000000e+03 9.863000000e+03 
9.040000000e+03 9.736000000e+03 
9.002000000e+03 9.815000000e+03 
9.084000000e+03 9.730000000e+03 
8.649000000e+03 1.016400000e+04 
9.191000000e+03 9.607000000e+03 
9.123000000e+03 9.693000000e+03 
8.766000000e+03 1.006300000e+04 
9.627000000e+03 9.403000000e+03 
8.691000000e+03 1.012900000e+04 
8.678000000e+03 1.013000000e+04 
9.123000000e+03 9.693000000e+03 
9.313000000e+03 9.562000000e+03 

8.519000000e+03 8.558000000e+03 
8.409000000e+03 8.816000000e+03 
8.435000000e+03 8.659000000e+03 
8.910000000e+03 8.232000000e+03 
8.440000000e+03 8.639000000e+03 
8.431000000e+03 8.663000000e+03 
8.555000000e+03 8.547000000e+03 
8.789000000e+03 8.295000000e+03 
8.429000000e+03 8.681000000e+03 
8.549000000e+03 8.553000000e+03 
8.731000000e+03 8.326000000e+03 
8.485000000e+03 8.604000000e+03 
9.018000000e+03 8.132000000e+03 
8.731000000e+03 8.326000000e+03 
8.435000000e+03 8.659000000e+03 
8.496000000e+03 8.585000000e+03 
8.838000000e+03 8.269000000e+03 
8.435000000e+03 8.659000000e+03 
8.483000000e+03 8.627000000e+03 
9.085000000e+03 8.084000000e+03 
8.675000000e+03 8.437000000e+03 
8.972000000e+03 8.144000000e+03 
8.431000000e+03 8.663000000e+03 
8.660000000e+03 8.468000000e+03 
8.396000000e+03 8.914000000e+03 
8.431000000e+03 8.663000000e+03 
8.677000000e+03 8.417000000e+03 
8.549000000e+03 8.553000000e+03 
8.572000000e+03 8.483000000e+03 
9.085000000e+03 8.084000000e+03 

8.717000000e+03 1.000800000e+04 
9.047000000e+03 9.627000000e+03 
8.996000000e+03 9.659000000e+03 
9.089000000e+03 9.513000000e+03 
9.047000000e+03 9.627000000e+03 
8.676000000e+03 1.021000000e+04 
9.299000000e+03 9.408000000e+03 
8.996000000e+03 9.659000000e+03 
9.576000000e+03 9.296000000e+03 
8.758000000e+03 9.884000000e+03 
9.492000000e+03 9.352000000e+03 
9.439000000e+03 9.361000000e+03 
8.996000000e+03 9.659000000e+03 
9.576000000e+03 9.296000000e+03 
9.576000000e+03 9.296000000e+03 
8.758000000e+03 9.884000000e+03 
8.996000000e+03 9.659000000e+03 
8.714000000e+03 1.006200000e+04 
9.035000000e+03 9.642000000e+03 
9.158000000e+03 9.469000000e+03 
8.691000000e+03 1.017400000e+04 
9.439000000e+03 9.361000000e+03 
9.158000000e+03 9.469000000e+03 
8.707000000e+03 1.012700000e+04 
9.576000000e+03 9.296000000e+03 
8.914000000e+03 9.676000000e+03 
8.811000000e+03 9.815000000e+03 
8.788000000e+03 9.839000000e+03 
8.957000000e+03 9.673000000e+03 
9.521000000e+03 9.339000000e+03 
9.439000000e+03 9.361000000e+03 
9.315000000e+03 9.369000000e+03 
8.914000000e+03 9.676000000e+03 
9.158000000e+03 9.469000000e+03 
8.727000000e+03 9.950000000e+03 
9.066000000e+03 9.554000000e+03 
9.194000000e+03 9.439000000e+03 
9.076000000e+03 9.530000000e+03 
8.865000000e+03 9.807000000e+03 
8.900000000e+03 9.725000000e+03 
9.459000000e+03 9.354000000e+03 
8.790000000e+03 9.826000000e+03 
8.758000000e+03 9.884000000e+03 

8.951000000e+03 9.830000000e+03 
9.358000000e+03 9.420000000e+03 
9.299000000e+03 9.435000000e+03 
9.053000000e+03 9.673000000e+03 
9.210000000e+03 9.467000000e+03 
9.442000000e+03 9.350000000e+03 
9.049000000e+03 9.686000000e+03 
8.957000000e+03 9.823000000e+03 
8.887000000e+03 9.919000000e+03 
8.886000000e+03 9.958000000e+03 
9.056000000e+03 9.644000000e+03 
9.410000000e+03 9.411000000e+03 
9.210000000e+03 9.467000000e+03 
9.203000000e+03 9.510000000e+03 
8.851000000e+03 1.005700000e+04 
8.886000000e+03 9.958000000e+03 
9.210000000e+03 9.467000000e+03 
8.859000000e+03 9.981000000e+03 
8.967000000e+03 9.707000000e+03 
9.101000000e+03 9.527000000e+03 
8.886000000e+03 9.958000000e+03 
9.053000000e+03 9.673000000e+03 
9.210000000e+03 9.467000000e+03 
8.933000000e+03 9.855000000e+03 
9.049000000e+03 9.686000000e+03 
9.085000000e+03 9.582000000e+03 
9.078000000e+03 9.622000000e+03 

9.585000000e+03 9.191000000e+03 
9.888000000e+03 8.870000000e+03 
9.722000000e+03 9.032000000e+03 
9.674000000e+03 9.096000000e+03 
1.002400000e+04 8.814000000e+03 
1.016300000e+04 8.691000000e+03 
9.790000000e+03 8.951000000e+03 
9.735000000e+03 9.027000000e+03 
9.675000000e+03 9.058000000e+03 
9.992000000e+03 8.833000000e+03 
9.931000000e+03 8.834000000e+03 
1.004000000e+04 8.808000000e+03 
1.009500000e+04 8.753000000e+03 
9.659000000e+03 9.099000000e+03 
1.008100000e+04 8.773000000e+03 
9.888000000e+03 8.870000000e+03 
1.007700000e+04 8.791000000e+03 
9.832000000e+03 8.897000000e+03 
9.741000000e+03 8.985000000e+03 
9.675000000e+03 9.058000000e+03 
1.007200000e+04 8.794000000e+03 
9.471000000e+03 9.196000000e+03 
1.009500000e+04 8.753000000e+03 
9.596000000e+03 9.126000000e+03 
9.994000000e+03 8.824000000e+03 
9.800000000e+03 8.932000000e+03 

9.144000000e+03 9.187000000e+03 
9.139000000e+03 9.282000000e+03 
9.405000000e+03 8.930000000e+03 
9.093000000e+03 9.336000000e+03 
9.144000000e+03 9.187000000e+03 
9.370000000e+03 8.959000000e+03 
9.757000000e+03 8.854000000e+03 
9.330000000e+03 9.025000000e+03 
9.142000000e+03 9.279000000e+03 
9.335000000e+03 8.995000000e+03 
9.117000000e+03 9.295000000e+03 
9.374000000e+03 8.956000000e+03 
8.962000000e+03 9.624000000e+03 
9.144000000e+03 9.187000000e+03 
9.294000000e+03 9.036000000e+03 
9.143000000e+03 9.249000000e+03 
9.374000000e+03 8.956000000e+03 
9.394000000e+03 8.944000000e+03 
9.227000000e+03 9.095000000e+03 
9.409000000e+03 8.864000000e+03 
9.071000000e+03 9.361000000e+03 
9.024000000e+03 9.406000000e+03 

9.284000000e+03 8.536000000e+03 
8.930000000e+03 8.796000000e+03 
8.930000000e+03 8.796000000e+03 
8.930000000e+03 8.796000000e+03 
9.736000000e+03 8.440000000e+03 
9.054000000e+03 8.648000000e+03 
9.153000000e+03 8.582000000e+03 
9.442000000e+03 8.473000000e+03 
9.736000000e+03 8.440000000e+03 
9.736000000e+03 8.440000000e+03 
8.908000000e+03 8.827000000e+03 
9.736000000e+03 8.440000000e+03 
8.913000000e+03 8.798000000e+03 
8.930000000e+03 8.796000000e+03 
8.930000000e+03 8.796000000e+03 
9.813000000e+03 8.415000000e+03 
9.813000000e+03 8.415000000e+03 
9.342000000e+03 8.526000000e+03 
9.552000000e+03 8.442000000e+03 
9.034000000e+03 8.662000000e+03 
8.930000000e+03 8.796000000e+03 
9.085000000e+03 8.625000000e+03 
8.930000000e+03 8.796000000e+03 
8.936000000e+03 8.669000000e+03 
9.128000000e+03 8.593000000e+03 
8.908000000e+03 8.827000000e+03 
9.216000000e+03 8.565000000e+03 
9.344000000e+03 8.487000000e+03 
9.736000000e+03 8.440000000e+03 
8.971000000e+03 8.668000000e+03 
9.736000000e+03 8.440000000e+03 
9.302000000e+03 8.528000000e+03 
8.719000000e+03 8.850000000e+03 
9.539000000e+03 8.461000000e+03 
9.153000000e+03 8.582000000e+03 

8.811000000e+03 9.818000000e+03 
9.571000000e+03 8.938000000e+03 
9.057000000e+03 9.362000000e+03 
8.828000000e+03 9.757000000e+03 
9.106000000e+03 9.331000000e+03 
9.538000000e+03 8.966000000e+03 
9.054000000e+03 9.380000000e+03 
9.522000000e+03 8.972000000e+03 
9.172000000e+03 9.177000000e+03 
8.818000000e+03 9.789000000e+03 
9.778000000e+03 8.835000000e+03 
9.675000000e+03 8.872000000e+03 
9.479000000e+03 9.044000000e+03 
8.828000000e+03 9.757000000e+03 
9.612000000e+03 8.926000000e+03 
8.970000000e+03 9.529000000e+03 
9.522000000e+03 8.972000000e+03 
9.022000000e+03 9.409000000e+03 
9.434000000e+03 9.070000000e+03 
9.559000000e+03 8.961000000e+03 
9.571000000e+03 8.938000000e+03 
8.849000000e+03 9.724000000e+03 
8.970000000e+03 9.529000000e+03 
8.875000000e+03 9.579000000e+03 
8.940000000e+03 9.560000000e+03 
8.984000000e+03 9.423000000e+03 
8.849000000e+03 9.724000000e+03 
8.828000000e+03 9.757000000e+03 
9.357000000e+03 9.092000000e+03 
9.311000000e+03 9.167000000e+03 
9.501000000e+03 8.991000000e+03 
8.970000000e+03 9.529000000e+03 
8.970000000e+03 9.529000000e+03 
9.473000000e+03 9.058000000e+03 
8.828000000e+03 9.757000000e+03 
9.317000000e+03 9.136000000e+03 
8.940000000e+03 9.560000000e+03 
9.111000000e+03 9.296000000e+03 
9.131000000e+03 9.262000000e+03 
9.633000000e+03 8.895000000e+03 
9.675000000e+03 8.872000000e+03 
8.849000000e+03 9.724000000e+03 

9.185000000e+03 9.485000000e+03 
9.557000000e+03 9.051000000e+03 
9.451000000e+03 9.083000000e+03 
1.003300000e+04 8.930000000e+03 
1.002400000e+04 8.943000000e+03 
1.002400000e+04 8.943000000e+03 
1.003300000e+04 8.930000000e+03 
9.248000000e+03 9.209000000e+03 
1.003300000e+04 8.930000000e+03 
9.317000000e+03 9.124000000e+03 
9.593000000e+03 9.011000000e+03 
1.003300000e+04 8.930000000e+03 
9.674000000e+03 8.967000000e+03 
1.003300000e+04 8.930000000e+03 
1.003300000e+04 8.930000000e+03 
9.637000000e+03 8.969000000e+03 
9.446000000e+03 9.092000000e+03 
1.002400000e+04 8.943000000e+03 
1.003300000e+04 8.930000000e+03 
9.605000000e+03 8.984000000e+03 
9.298000000e+03 9.190000000e+03 
9.451000000e+03 9.083000000e+03 
9.186000000e+03 9.300000000e+03 
9.233000000e+03 9.286000000e+03 
1.003300000e+04 8.930000000e+03 
9.736000000e+03 8.952000000e+03 
9.316000000e+03 9.163000000e+03 
9.521000000e+03 9.065000000e+03 
9.637000000e+03 8.969000000e+03 

9.037000000e+03 9.604000000e+03 
8.965000000e+03 9.810000000e+03 
9.037000000e+03 9.604000000e+03 
9.224000000e+03 9.309000000e+03 
8.969000000e+03 9.615000000e+03 
9.195000000e+03 9.430000000e+03 
9.501000000e+03 9.147000000e+03 
9.103000000e+03 9.509000000e+03 
9.201000000e+03 9.424000000e+03 
9.367000000e+03 9.213000000e+03 
9.173000000e+03 9.436000000e+03 
8.921000000e+03 9.904000000e+03 
9.101000000e+03 9.516000000e+03 
9.224000000e+03 9.309000000e+03 
9.297000000e+03 9.272000000e+03 
9.224000000e+03 9.309000000e+03 
9.262000000e+03 9.299000000e+03 
9.046000000e+03 9.576000000e+03 
9.273000000e+03 9.275000000e+03 
9.084000000e+03 9.562000000e+03 
9.784000000e+03 9.013000000e+03 
9.485000000e+03 9.208000000e+03 
8.902000000e+03 1.009900000e+04 
9.328000000e+03 9.245000000e+03 
9.131000000e+03 9.503000000e+03 
9.521000000e+03 9.111000000e+03 
8.969000000e+03 9.615000000e+03 
9.254000000e+03 9.306000000e+03 
9.660000000e+03 9.042000000e+03 
9.216000000e+03 9.392000000e+03 
9.640000000e+03 9.078000000e+03 
9.343000000e+03 9.233000000e+03 
9.501000000e+03 9.147000000e+03 
9.514000000e+03 9.140000000e+03 
9.206000000e+03 9.415000000e+03 

9.087000000e+03 9.306000000e+03 
8.997000000e+03 9.331000000e+03 
9.260000000e+03 8.936000000e+03 
9.404000000e+03 8.921000000e+03 
8.889000000e+03 9.673000000e+03 
8.847000000e+03 9.733000000e+03 
8.889000000e+03 9.673000000e+03 
9.213000000e+03 9.026000000e+03 
9.691000000e+03 8.792000000e+03 
8.889000000e+03 9.673000000e+03 
9.175000000e+03 9.122000000e+03 
8.908000000e+03 9.631000000e+03 
9.213000000e+03 9.026000000e+03 
9.162000000e+03 9.148000000e+03 
9.094000000e+03 9.297000000e+03 
9.213000000e+03 9.026000000e+03 
8.889000000e+03 9.673000000e+03 
8.997000000e+03 9.331000000e+03 
8.979000000e+03 9.391000000e+03 
9.087000000e+03 9.306000000e+03 
9.102000000e+03 9.177000000e+03 
9.595000000e+03 8.834000000e+03 
9.527000000e+03 8.870000000e+03 
8.979000000e+03 9.391000000e+03 
8.922000000e+03 9.472000000e+03 
8.979000000e+03 9.391000000e+03 
8.997000000e+03 9.331000000e+03 
8.933000000e+03 9.399000000e+03 
9.087000000e+03 9.306000000e+03 
8.993000000e+03 9.387000000e+03 
8.876000000e+03 9.722000000e+03 
9.239000000e+03 8.980000000e+03 
9.213000000e+03 9.026000000e+03 
8.979000000e+03 9.391000000e+03 
9.434000000e+03 8.891000000e+03 

8.641000000e+03 9.072000000e+03 
8.635000000e+03 9.155000000e+03 
8.656000000e+03 9.053000000e+03 
9.093000000e+03 8.599000000e+03 
8.673000000e+03 9.045000000e+03 
8.673000000e+03 9.045000000e+03 
9.031000000e+03 8.676000000e+03 
8.935000000e+03 8.702000000e+03 
8.641000000e+03 9.072000000e+03 
8.886000000e+03 8.756000000e+03 
8.607000000e+03 9.202000000e+03 
8.673000000e+03 9.045000000e+03 
9.248000000e+03 8.565000000e+03 
8.638000000e+03 9.112000000e+03 
8.735000000e+03 8.949000000e+03 
8.696000000e+03 9.002000000e+03 
9.079000000e+03 8.657000000e+03 
8.565000000e+03 9.254000000e+03 
8.606000000e+03 9.209000000e+03 
9.012000000e+03 8.681000000e+03 
8.783000000e+03 8.775000000e+03 
8.696000000e+03 9.002000000e+03 
8.888000000e+03 8.719000000e+03 
8.697000000e+03 8.957000000e+03 
8.772000000e+03 8.923000000e+03 

9.195000000e+03 9.075000000e+03 
9.415000000e+03 8.729000000e+03 
9.253000000e+03 8.946000000e+03 
9.195000000e+03 9.075000000e+03 
9.366000000e+03 8.826000000e+03 
9.249000000e+03 8.997000000e+03 
9.249000000e+03 8.997000000e+03 
9.509000000e+03 8.687000000e+03 
9.253000000e+03 8.946000000e+03 
9.253000000e+03 8.946000000e+03 
9.195000000e+03 9.075000000e+03 
9.393000000e+03 8.752000000e+03 
9.317000000e+03 8.866000000e+03 
9.249000000e+03 8.997000000e+03 
9.243000000e+03 9.009000000e+03 
9.195000000e+03 9.075000000e+03 
9.188000000e+03 9.083000000e+03 
9.188000000e+03 9.083000000e+03 
9.188000000e+03 9.083000000e+03 
9.253000000e+03 8.946000000e+03 
9.331000000e+03 8.836000000e+03 
9.376000000e+03 8.809000000e+03 
9.317000000e+03 8.866000000e+03 
9.366000000e+03 8.826000000e+03 
9.495000000e+03 8.697000000e+03 
9.721000000e+03 8.642000000e+03 
9.317000000e+03 8.866000000e+03 
9.586000000e+03 8.644000000e+03 
9.393000000e+03 8.752000000e+03 
9.253000000e+03 8.946000000e+03 
9.195000000e+03 9.075000000e+03 
9.253000000e+03 8.946000000e+03 
9.195000000e+03 9.075000000e+03 
9.195000000e+03 9.075000000e+03 
9.317000000e+03 8.866000000e+03 
9.393000000e+03 8.752000000e+03 
9.253000000e+03 8.946000000e+03 
9.317000000e+03 8.866000000e+03 
9.317000000e+03 8.866000000e+03 
9.554000000e+03 8.654000000e+03 
9.312000000e+03 8.870000000e+03 
9.317000000e+03 8.866000000e+03 
9.317000000e+03 8.866000000e+03 
9.387000000e+03 8.767000000e+03 
9.220000000e+03 9.039000000e+03 
9.317000000e+03 8.866000000e+03 
9.233000000e+03 9.016000000e+03 
9.378000000e+03 8.773000000e+03 
9.829000000e+03 8.600000000e+03 
9.304000000e+03 8.915000000e+03 
9.554000000e+03 8.654000000e+03 
9.253000000e+03 8.946000000e+03 
9.495000000e+03 8.697000000e+03 
9.425000000e+03 8.700000000e+03 
9.393000000e+03 8.752000000e+03 
9.721000000e+03 8.642000000e+03 
9.253000000e+03 8.946000000e+03 
9.253000000e+03 8.946000000e+03 
9.781000000e+03 8.641000000e+03 

8.900000000e+03 8.824000000e+03 
8.900000000e+03 8.824000000e+03 
9.200000000e+03 8.547000000e+03 
9.015000000e+03 8.700000000e+03 
9.040000000e+03 8.631000000e+03 
9.241000000e+03 8.511000000e+03 
9.403000000e+03 8.433000000e+03 
8.890000000e+03 8.947000000e+03 
8.931000000e+03 8.821000000e+03 
8.900000000e+03 8.824000000e+03 
8.973000000e+03 8.782000000e+03 
8.900000000e+03 8.824000000e+03 
9.116000000e+03 8.561000000e+03 
9.691000000e+03 8.373000000e+03 
8.892000000e+03 8.841000000e+03 
8.870000000e+03 8.973000000e+03 
9.559000000e+03 8.411000000e+03 
8.989000000e+03 8.765000000e+03 
9.594000000e+03 8.408000000e+03 
9.246000000e+03 8.510000000e+03 
9.559000000e+03 8.411000000e+03 
9.403000000e+03 8.433000000e+03 
9.168000000e+03 8.549000000e+03 
9.040000000e+03 8.631000000e+03 
8.844000000e+03 9.005000000e+03 
9.168000000e+03 8.549000000e+03 
9.015000000e+03 8.700000000e+03 
8.973000000e+03 8.782000000e+03 
8.900000000e+03 8.824000000e+03 
9.015000000e+03 8.700000000e+03 
9.017000000e+03 8.653000000e+03 
8.980000000e+03 8.770000000e+03 
8.900000000e+03 8.824000000e+03 
9.259000000e+03 8.466000000e+03 
9.594000000e+03 8.408000000e+03 

