1.017800000e+04 9.374000000e+03 
9.367000000e+03 1.011800000e+04 
9.807000000e+03 9.503000000e+03 
9.989000000e+03 9.405000000e+03 
9.507000000e+03 9.766000000e+03 
9.660000000e+03 9.705000000e+03 
9.507000000e+03 9.766000000e+03 
9.769000000e+03 9.639000000e+03 
9.842000000e+03 9.422000000e+03 
9.568000000e+03 9.731000000e+03 
9.612000000e+03 9.729000000e+03 
9.773000000e+03 9.507000000e+03 
9.476000000e+03 1.002800000e+04 

9.925000000e+03 9.965000000e+03 
9.603000000e+03 1.020500000e+04 
1.042700000e+04 9.820000000e+03 
1.035600000e+04 9.857000000e+03 
9.729000000e+03 1.004700000e+04 
9.483000000e+03 1.033700000e+04 
9.925000000e+03 9.965000000e+03 
9.733000000e+03 1.003500000e+04 
9.778000000e+03 9.988000000e+03 
9.453000000e+03 1.041700000e+04 
9.463000000e+03 1.035200000e+04 
9.483000000e+03 1.033700000e+04 
1.011500000e+04 9.892000000e+03 
1.028200000e+04 9.883000000e+03 
1.008700000e+04 9.953000000e+03 
9.770000000e+03 1.001100000e+04 
9.619000000e+03 1.005000000e+04 

1.013600000e+04 1.022600000e+04 
1.019400000e+04 1.017500000e+04 
9.876000000e+03 1.055300000e+04 
1.034100000e+04 1.012400000e+04 
1.034100000e+04 1.012400000e+04 
1.042600000e+04 1.012100000e+04 
1.050600000e+04 9.978000000e+03 
9.917000000e+03 1.033200000e+04 
1.006900000e+04 1.024300000e+04 
1.009700000e+04 1.023700000e+04 

1.051500000e+04 1.033400000e+04 
1.064500000e+04 1.025400000e+04 
1.051500000e+04 1.033400000e+04 
1.125300000e+04 1.002300000e+04 
1.037100000e+04 1.064300000e+04 
1.024700000e+04 1.074400000e+04 
1.058400000e+04 1.027800000e+04 
1.024700000e+04 1.074400000e+04 
1.031300000e+04 1.064600000e+04 
1.051500000e+04 1.033400000e+04 
1.056800000e+04 1.028800000e+04 
1.066900000e+04 1.018200000e+04 
1.111800000e+04 1.004600000e+04 
1.051500000e+04 1.033400000e+04 
1.133300000e+04 1.002100000e+04 
1.063500000e+04 1.025500000e+04 
1.037400000e+04 1.060000000e+04 
1.056100000e+04 1.031700000e+04 
1.039700000e+04 1.040600000e+04 
1.031100000e+04 1.065900000e+04 
1.027800000e+04 1.071600000e+04 
1.068600000e+04 1.005300000e+04 

1.008100000e+04 8.998000000e+03 
1.074800000e+04 8.778000000e+03 
1.035800000e+04 8.886000000e+03 
1.036600000e+04 8.782000000e+03 
1.006500000e+04 9.502000000e+03 
1.000100000e+04 9.689000000e+03 
1.030400000e+04 8.904000000e+03 
1.009100000e+04 8.947000000e+03 

9.801000000e+03 9.544000000e+03 
9.310000000e+03 1.014200000e+04 
9.587000000e+03 9.633000000e+03 
9.836000000e+03 9.501000000e+03 
9.486000000e+03 9.839000000e+03 
9.801000000e+03 9.544000000e+03 
9.425000000e+03 9.877000000e+03 
9.532000000e+03 9.743000000e+03 
9.672000000e+03 9.598000000e+03 
9.321000000e+03 9.924000000e+03 
9.519000000e+03 9.813000000e+03 
9.697000000e+03 9.582000000e+03 
9.711000000e+03 9.560000000e+03 

1.067200000e+04 9.813000000e+03 
9.579000000e+03 1.064100000e+04 
9.955000000e+03 1.018000000e+04 
1.009200000e+04 1.008000000e+04 
9.693000000e+03 1.044000000e+04 
1.002600000e+04 1.008200000e+04 
1.042500000e+04 9.821000000e+03 
1.029000000e+04 9.914000000e+03 
1.011800000e+04 9.966000000e+03 
1.035800000e+04 9.888000000e+03 
1.012100000e+04 9.932000000e+03 
1.026300000e+04 9.927000000e+03 
9.696000000e+03 1.038700000e+04 
9.780000000e+03 1.029900000e+04 
9.597000000e+03 1.047400000e+04 
9.792000000e+03 1.022400000e+04 
9.696000000e+03 1.038700000e+04 

9.545000000e+03 1.061500000e+04 
9.618000000e+03 1.028300000e+04 
9.878000000e+03 1.002100000e+04 
9.549000000e+03 1.056900000e+04 
9.978000000e+03 9.943000000e+03 
1.001600000e+04 9.860000000e+03 
9.583000000e+03 1.053900000e+04 
9.803000000e+03 1.019400000e+04 
9.524000000e+03 1.082200000e+04 
1.015000000e+04 9.830000000e+03 
9.726000000e+03 1.021300000e+04 
9.838000000e+03 1.007600000e+04 
9.474000000e+03 1.083000000e+04 
9.934000000e+03 9.983000000e+03 
9.656000000e+03 1.027300000e+04 
9.864000000e+03 1.004700000e+04 
9.978000000e+03 9.943000000e+03 

1.011700000e+04 9.893000000e+03 
1.001100000e+04 1.020100000e+04 
1.007500000e+04 1.007700000e+04 
1.073600000e+04 9.638000000e+03 
1.003300000e+04 1.009700000e+04 
1.006200000e+04 1.008100000e+04 
1.059500000e+04 9.678000000e+03 
1.017200000e+04 9.825000000e+03 
1.045800000e+04 9.708000000e+03 
1.011700000e+04 9.893000000e+03 
1.017800000e+04 9.713000000e+03 
1.010500000e+04 9.994000000e+03 

9.865000000e+03 9.521000000e+03 
1.007000000e+04 9.406000000e+03 
1.007700000e+04 9.354000000e+03 
9.621000000e+03 1.002000000e+04 
1.075200000e+04 9.294000000e+03 
9.732000000e+03 9.780000000e+03 
9.980000000e+03 9.454000000e+03 
1.075200000e+04 9.294000000e+03 
9.719000000e+03 9.844000000e+03 
9.670000000e+03 9.935000000e+03 
1.002300000e+04 9.429000000e+03 
9.670000000e+03 9.935000000e+03 
1.034800000e+04 9.317000000e+03 
9.848000000e+03 9.712000000e+03 
1.002300000e+04 9.429000000e+03 
1.068700000e+04 9.299000000e+03 
9.974000000e+03 9.511000000e+03 

1.027000000e+04 1.031400000e+04 
1.069100000e+04 1.001500000e+04 
1.078000000e+04 9.899000000e+03 
1.040700000e+04 1.020600000e+04 
1.048200000e+04 1.013000000e+04 
1.049400000e+04 1.010700000e+04 
1.049700000e+04 1.009400000e+04 
1.071500000e+04 9.901000000e+03 
1.032200000e+04 1.025900000e+04 
1.043100000e+04 1.014400000e+04 
1.051600000e+04 1.003200000e+04 
1.067800000e+04 1.002500000e+04 

9.999000000e+03 1.002100000e+04 
9.610000000e+03 1.013200000e+04 
9.477000000e+03 1.049300000e+04 
9.422000000e+03 1.060200000e+04 
9.344000000e+03 1.089900000e+04 
1.017100000e+04 9.991000000e+03 
9.359000000e+03 1.088800000e+04 
9.582000000e+03 1.045000000e+04 
9.982000000e+03 1.003400000e+04 
9.642000000e+03 1.011500000e+04 
9.328000000e+03 1.092800000e+04 
9.394000000e+03 1.074000000e+04 
9.471000000e+03 1.056200000e+04 

9.916000000e+03 9.722000000e+03 
9.898000000e+03 9.735000000e+03 
9.966000000e+03 9.677000000e+03 
9.660000000e+03 1.000000000e+04 
9.745000000e+03 9.848000000e+03 
9.718000000e+03 9.852000000e+03 
1.001900000e+04 9.662000000e+03 
1.006500000e+04 9.593000000e+03 
1.034900000e+04 9.500000000e+03 
9.820000000e+03 9.781000000e+03 
9.657000000e+03 1.007400000e+04 

9.225000000e+03 1.052500000e+04 
9.168000000e+03 1.073800000e+04 
9.445000000e+03 1.040600000e+04 
9.228000000e+03 1.049400000e+04 
9.616000000e+03 1.025900000e+04 
9.225000000e+03 1.052500000e+04 
9.115000000e+03 1.081800000e+04 
9.194000000e+03 1.055600000e+04 
9.366000000e+03 1.041400000e+04 
9.613000000e+03 1.031100000e+04 
9.351000000e+03 1.047500000e+04 
9.518000000e+03 1.035100000e+04 
9.228000000e+03 1.049400000e+04 
9.144000000e+03 1.077700000e+04 
9.483000000e+03 1.035700000e+04 
9.737000000e+03 1.024700000e+04 
9.138000000e+03 1.078700000e+04 
9.536000000e+03 1.031500000e+04 
9.171000000e+03 1.057100000e+04 
9.194000000e+03 1.055600000e+04 

1.026100000e+04 9.574000000e+03 
1.027900000e+04 9.563000000e+03 
1.013200000e+04 9.630000000e+03 
1.003900000e+04 9.701000000e+03 
9.796000000e+03 1.002000000e+04 
9.992000000e+03 9.742000000e+03 
9.967000000e+03 9.835000000e+03 
1.019300000e+04 9.588000000e+03 
9.825000000e+03 9.912000000e+03 
9.797000000e+03 9.986000000e+03 
1.021600000e+04 9.582000000e+03 
9.787000000e+03 1.023200000e+04 
1.005100000e+04 9.671000000e+03 
9.970000000e+03 9.782000000e+03 
1.013200000e+04 9.630000000e+03 
1.037800000e+04 9.514000000e+03 

1.056000000e+04 1.009100000e+04 
1.056400000e+04 1.007100000e+04 
1.068100000e+04 9.995000000e+03 
1.040500000e+04 1.028100000e+04 
1.092000000e+04 9.910000000e+03 
1.041000000e+04 1.025900000e+04 
1.069600000e+04 9.951000000e+03 
1.052100000e+04 1.010800000e+04 
1.044600000e+04 1.022300000e+04 
1.071700000e+04 9.932000000e+03 
1.044800000e+04 1.014700000e+04 
1.067200000e+04 1.001100000e+04 
1.063600000e+04 1.002300000e+04 
1.040400000e+04 1.038600000e+04 
1.034700000e+04 1.038900000e+04 
1.058700000e+04 1.003400000e+04 

9.689000000e+03 1.059000000e+04 
9.911000000e+03 1.036600000e+04 
9.430000000e+03 1.087100000e+04 
9.583000000e+03 1.076000000e+04 
9.477000000e+03 1.079700000e+04 
9.477000000e+03 1.079700000e+04 
9.468000000e+03 1.082700000e+04 
9.617000000e+03 1.066200000e+04 
9.637000000e+03 1.065900000e+04 
9.652000000e+03 1.064400000e+04 
9.957000000e+03 1.034800000e+04 
9.756000000e+03 1.045400000e+04 
1.029800000e+04 1.015500000e+04 
1.016000000e+04 1.030400000e+04 
1.018300000e+04 1.023000000e+04 
1.001000000e+04 1.031600000e+04 

9.480000000e+03 9.734000000e+03 
9.500000000e+03 9.526000000e+03 
9.863000000e+03 9.262000000e+03 
9.712000000e+03 9.277000000e+03 
9.626000000e+03 9.317000000e+03 
9.573000000e+03 9.474000000e+03 

1.009300000e+04 1.042400000e+04 
9.736000000e+03 1.067200000e+04 
9.829000000e+03 1.056900000e+04 
1.018800000e+04 1.036500000e+04 
1.002800000e+04 1.047700000e+04 
9.873000000e+03 1.051200000e+04 
1.013900000e+04 1.037800000e+04 
9.753000000e+03 1.061300000e+04 

1.002500000e+04 1.040400000e+04 
1.020000000e+04 1.026900000e+04 
1.013200000e+04 1.031900000e+04 
9.999000000e+03 1.040800000e+04 
9.783000000e+03 1.057400000e+04 
9.669000000e+03 1.096300000e+04 
1.009800000e+04 1.033000000e+04 
9.707000000e+03 1.078700000e+04 
1.007100000e+04 1.036600000e+04 
9.948000000e+03 1.042700000e+04 
9.909000000e+03 1.049600000e+04 
9.932000000e+03 1.044700000e+04 

1.058300000e+04 9.927000000e+03 
1.061500000e+04 9.868000000e+03 
1.075200000e+04 9.725000000e+03 
1.052600000e+04 1.001700000e+04 
1.087800000e+04 9.653000000e+03 
1.077200000e+04 9.702000000e+03 
1.152500000e+04 9.569000000e+03 
1.089900000e+04 9.610000000e+03 
1.065200000e+04 9.735000000e+03 

1.022900000e+04 9.727000000e+03 
1.011700000e+04 1.000300000e+04 
1.012200000e+04 9.936000000e+03 
1.012300000e+04 9.787000000e+03 
1.062200000e+04 9.531000000e+03 
1.033000000e+04 9.664000000e+03 
1.018300000e+04 9.767000000e+03 
1.012300000e+04 9.787000000e+03 
9.870000000e+03 1.009100000e+04 
1.079300000e+04 9.486000000e+03 
1.018600000e+04 9.750000000e+03 
1.018600000e+04 9.750000000e+03 
1.003900000e+04 1.000600000e+04 
1.078300000e+04 9.522000000e+03 
1.037300000e+04 9.602000000e+03 

9.948000000e+03 9.474000000e+03 
1.033400000e+04 9.414000000e+03 
9.909000000e+03 9.705000000e+03 
9.857000000e+03 1.001000000e+04 
9.857000000e+03 1.001000000e+04 
1.035000000e+04 9.413000000e+03 
1.033100000e+04 9.424000000e+03 
9.860000000e+03 9.723000000e+03 
1.023900000e+04 9.448000000e+03 
9.857000000e+03 1.001000000e+04 
1.030700000e+04 9.433000000e+03 
1.036400000e+04 9.306000000e+03 
9.946000000e+03 9.613000000e+03 
9.832000000e+03 1.006300000e+04 

9.637000000e+03 1.033200000e+04 
9.682000000e+03 1.019100000e+04 
9.682000000e+03 1.019100000e+04 
9.656000000e+03 1.022400000e+04 
9.812000000e+03 1.013100000e+04 
9.829000000e+03 1.005400000e+04 
9.538000000e+03 1.048500000e+04 
9.569000000e+03 1.047500000e+04 
1.008900000e+04 1.002700000e+04 
9.590000000e+03 1.042200000e+04 
9.903000000e+03 1.004900000e+04 
9.630000000e+03 1.036100000e+04 
9.691000000e+03 1.015700000e+04 
1.048500000e+04 1.001600000e+04 

1.011500000e+04 1.031800000e+04 
1.015600000e+04 9.995000000e+03 
1.025000000e+04 9.765000000e+03 
1.014300000e+04 1.005200000e+04 
1.023400000e+04 9.874000000e+03 

1.001200000e+04 1.033400000e+04 
9.878000000e+03 1.041100000e+04 
9.859000000e+03 1.050300000e+04 
9.859000000e+03 1.050300000e+04 
9.915000000e+03 1.040900000e+04 
9.757000000e+03 1.054300000e+04 
9.812000000e+03 1.051500000e+04 
9.651000000e+03 1.064400000e+04 
9.866000000e+03 1.042700000e+04 
9.863000000e+03 1.046500000e+04 
9.651000000e+03 1.064400000e+04 
9.676000000e+03 1.056900000e+04 
1.006200000e+04 1.026700000e+04 
1.042300000e+04 1.025800000e+04 
9.651000000e+03 1.064400000e+04 
9.701000000e+03 1.055300000e+04 
9.945000000e+03 1.033700000e+04 
1.003700000e+04 1.030600000e+04 

1.043800000e+04 9.963000000e+03 
1.046800000e+04 9.856000000e+03 
1.043800000e+04 9.963000000e+03 
9.925000000e+03 1.009000000e+04 
9.986000000e+03 1.002300000e+04 
1.043400000e+04 9.991000000e+03 
1.042200000e+04 1.002200000e+04 

9.582000000e+03 9.825000000e+03 
9.499000000e+03 9.841000000e+03 
1.006300000e+04 9.471000000e+03 
9.596000000e+03 9.636000000e+03 
1.024000000e+04 9.453000000e+03 
9.686000000e+03 9.539000000e+03 
9.713000000e+03 9.521000000e+03 
9.941000000e+03 9.503000000e+03 

1.023300000e+04 9.632000000e+03 
1.052800000e+04 9.393000000e+03 
1.022200000e+04 9.722000000e+03 
1.038400000e+04 9.503000000e+03 
1.019300000e+04 9.728000000e+03 
1.011600000e+04 9.734000000e+03 
1.069000000e+04 9.381000000e+03 
1.007100000e+04 9.795000000e+03 
1.052100000e+04 9.401000000e+03 
1.044500000e+04 9.458000000e+03 

1.017800000e+04 9.545000000e+03 
1.035800000e+04 9.501000000e+03 
1.004200000e+04 9.913000000e+03 
1.002500000e+04 1.012100000e+04 
1.030000000e+04 9.537000000e+03 
1.013900000e+04 9.574000000e+03 
1.035800000e+04 9.501000000e+03 
1.004800000e+04 9.781000000e+03 
1.033500000e+04 9.511000000e+03 
1.028700000e+04 9.538000000e+03 
1.011600000e+04 9.579000000e+03 
1.014100000e+04 9.558000000e+03 

