9.368000000e+03 9.137000000e+03 
9.088000000e+03 9.319000000e+03 
9.160000000e+03 9.258000000e+03 
9.125000000e+03 9.288000000e+03 
9.672000000e+03 9.108000000e+03 
9.719000000e+03 9.039000000e+03 
9.637000000e+03 9.112000000e+03 
9.679000000e+03 9.060000000e+03 
9.673000000e+03 9.088000000e+03 
9.584000000e+03 9.117000000e+03 
9.301000000e+03 9.140000000e+03 
9.584000000e+03 9.117000000e+03 
9.235000000e+03 9.218000000e+03 
9.379000000e+03 9.131000000e+03 
9.368000000e+03 9.137000000e+03 
9.064000000e+03 9.365000000e+03 
9.098000000e+03 9.314000000e+03 
9.520000000e+03 9.125000000e+03 
9.368000000e+03 9.137000000e+03 
9.298000000e+03 9.153000000e+03 
9.672000000e+03 9.108000000e+03 

9.084000000e+03 9.788000000e+03 
9.257000000e+03 9.599000000e+03 
9.362000000e+03 9.516000000e+03 
9.095000000e+03 9.775000000e+03 
9.739000000e+03 9.266000000e+03 
9.836000000e+03 9.238000000e+03 
9.362000000e+03 9.516000000e+03 
9.133000000e+03 9.703000000e+03 
9.705000000e+03 9.373000000e+03 
9.412000000e+03 9.511000000e+03 
9.441000000e+03 9.432000000e+03 
9.296000000e+03 9.548000000e+03 
9.453000000e+03 9.388000000e+03 
9.193000000e+03 9.645000000e+03 
9.013000000e+03 9.846000000e+03 

9.591000000e+03 9.689000000e+03 
9.407000000e+03 9.976000000e+03 
9.528000000e+03 9.776000000e+03 
9.479000000e+03 9.799000000e+03 
9.581000000e+03 9.732000000e+03 
1.006200000e+04 9.515000000e+03 
9.530000000e+03 9.759000000e+03 
9.640000000e+03 9.669000000e+03 
9.786000000e+03 9.646000000e+03 
9.389000000e+03 1.008100000e+04 
9.468000000e+03 9.846000000e+03 
9.430000000e+03 9.869000000e+03 
9.978000000e+03 9.590000000e+03 
9.591000000e+03 9.689000000e+03 
9.917000000e+03 9.642000000e+03 
9.466000000e+03 9.868000000e+03 
9.929000000e+03 9.616000000e+03 

9.970000000e+03 1.033400000e+04 
9.959000000e+03 1.049300000e+04 
9.997000000e+03 1.026100000e+04 
1.005300000e+04 1.009600000e+04 
1.029600000e+04 9.867000000e+03 
1.023400000e+04 9.879000000e+03 
1.017600000e+04 9.951000000e+03 
1.037900000e+04 9.799000000e+03 
1.013600000e+04 9.979000000e+03 
1.021600000e+04 9.936000000e+03 
1.007300000e+04 1.004000000e+04 
1.047400000e+04 9.637000000e+03 
1.041400000e+04 9.646000000e+03 
9.841000000e+03 1.057800000e+04 
1.020300000e+04 9.943000000e+03 
1.023200000e+04 9.920000000e+03 
9.827000000e+03 1.063700000e+04 
1.023100000e+04 9.927000000e+03 
9.919000000e+03 1.057200000e+04 
9.931000000e+03 1.055400000e+04 
1.001500000e+04 1.016900000e+04 
1.026800000e+04 9.872000000e+03 
9.950000000e+03 1.052800000e+04 
1.021600000e+04 9.936000000e+03 

9.822000000e+03 8.851000000e+03 
1.015900000e+04 8.556000000e+03 
9.697000000e+03 9.155000000e+03 
1.011300000e+04 8.579000000e+03 
9.987000000e+03 8.663000000e+03 
1.001500000e+04 8.657000000e+03 
1.001500000e+04 8.657000000e+03 
9.963000000e+03 8.704000000e+03 
1.003400000e+04 8.652000000e+03 
9.981000000e+03 8.666000000e+03 
9.627000000e+03 9.354000000e+03 
9.589000000e+03 9.729000000e+03 
1.000400000e+04 8.661000000e+03 
9.797000000e+03 8.938000000e+03 
9.868000000e+03 8.721000000e+03 
1.019300000e+04 8.555000000e+03 
1.010300000e+04 8.585000000e+03 
9.796000000e+03 8.977000000e+03 
9.601000000e+03 9.635000000e+03 
1.001500000e+04 8.657000000e+03 
9.615000000e+03 9.495000000e+03 
1.011300000e+04 8.579000000e+03 
9.963000000e+03 8.704000000e+03 
9.601000000e+03 9.635000000e+03 
9.963000000e+03 8.704000000e+03 
9.705000000e+03 9.001000000e+03 
9.653000000e+03 9.322000000e+03 
9.697000000e+03 9.155000000e+03 
9.696000000e+03 9.218000000e+03 
9.800000000e+03 8.857000000e+03 
1.006100000e+04 8.617000000e+03 

8.818000000e+03 9.416000000e+03 
8.909000000e+03 9.199000000e+03 
9.092000000e+03 9.155000000e+03 
8.819000000e+03 9.326000000e+03 
9.563000000e+03 9.088000000e+03 
8.896000000e+03 9.290000000e+03 
8.885000000e+03 9.304000000e+03 
9.172000000e+03 9.133000000e+03 
9.027000000e+03 9.163000000e+03 
8.912000000e+03 9.197000000e+03 
9.207000000e+03 9.091000000e+03 

1.020400000e+04 9.350000000e+03 
9.507000000e+03 9.622000000e+03 
9.409000000e+03 9.776000000e+03 
9.494000000e+03 9.754000000e+03 
9.507000000e+03 9.622000000e+03 
9.775000000e+03 9.438000000e+03 
1.017700000e+04 9.379000000e+03 
9.280000000e+03 9.862000000e+03 
9.852000000e+03 9.437000000e+03 
9.695000000e+03 9.524000000e+03 
9.481000000e+03 9.760000000e+03 
9.080000000e+03 9.935000000e+03 
9.637000000e+03 9.588000000e+03 
9.772000000e+03 9.489000000e+03 
9.206000000e+03 9.906000000e+03 
9.342000000e+03 9.797000000e+03 
9.467000000e+03 9.761000000e+03 
9.534000000e+03 9.607000000e+03 
9.206000000e+03 9.906000000e+03 
9.534000000e+03 9.607000000e+03 
9.237000000e+03 9.889000000e+03 
9.911000000e+03 9.403000000e+03 

9.043000000e+03 9.752000000e+03 
9.200000000e+03 9.589000000e+03 
9.899000000e+03 9.376000000e+03 
8.895000000e+03 1.002100000e+04 
8.918000000e+03 9.899000000e+03 
9.257000000e+03 9.455000000e+03 
8.956000000e+03 9.838000000e+03 
9.124000000e+03 9.612000000e+03 
9.299000000e+03 9.433000000e+03 
9.217000000e+03 9.567000000e+03 
8.963000000e+03 9.767000000e+03 

9.260000000e+03 9.711000000e+03 
9.464000000e+03 9.580000000e+03 
1.012000000e+04 9.245000000e+03 
1.014000000e+04 9.239000000e+03 
9.697000000e+03 9.349000000e+03 
9.512000000e+03 9.441000000e+03 
9.584000000e+03 9.378000000e+03 
9.810000000e+03 9.334000000e+03 
9.399000000e+03 9.659000000e+03 
9.793000000e+03 9.338000000e+03 
1.012000000e+04 9.245000000e+03 
9.937000000e+03 9.262000000e+03 
9.562000000e+03 9.402000000e+03 
9.483000000e+03 9.519000000e+03 
9.471000000e+03 9.574000000e+03 
9.893000000e+03 9.308000000e+03 

1.011800000e+04 8.797000000e+03 
9.680000000e+03 8.914000000e+03 
9.402000000e+03 9.073000000e+03 
9.334000000e+03 9.171000000e+03 
9.171000000e+03 9.525000000e+03 
9.130000000e+03 9.542000000e+03 
9.682000000e+03 8.903000000e+03 
1.001800000e+04 8.823000000e+03 
9.003000000e+03 9.608000000e+03 
9.521000000e+03 9.023000000e+03 
9.826000000e+03 8.850000000e+03 
9.337000000e+03 9.089000000e+03 
9.183000000e+03 9.426000000e+03 
9.320000000e+03 9.283000000e+03 
9.233000000e+03 9.402000000e+03 
9.444000000e+03 9.064000000e+03 
9.266000000e+03 9.392000000e+03 
9.298000000e+03 9.377000000e+03 
9.108000000e+03 9.561000000e+03 
9.502000000e+03 9.053000000e+03 
9.626000000e+03 9.022000000e+03 
9.521000000e+03 9.023000000e+03 
9.675000000e+03 8.979000000e+03 
9.664000000e+03 8.984000000e+03 

9.967000000e+03 9.797000000e+03 
1.021200000e+04 9.643000000e+03 
1.020100000e+04 9.664000000e+03 
9.843000000e+03 1.000000000e+04 
1.044900000e+04 9.531000000e+03 
1.024800000e+04 9.550000000e+03 
1.001700000e+04 9.747000000e+03 
9.773000000e+03 1.005200000e+04 
1.007900000e+04 9.724000000e+03 
9.758000000e+03 1.016800000e+04 
1.020100000e+04 9.664000000e+03 
1.011200000e+04 9.709000000e+03 
1.018100000e+04 9.680000000e+03 
9.873000000e+03 9.843000000e+03 
1.011200000e+04 9.709000000e+03 
9.847000000e+03 9.906000000e+03 
1.022000000e+04 9.598000000e+03 
9.773000000e+03 1.005200000e+04 
9.758000000e+03 1.016800000e+04 

9.303000000e+03 9.598000000e+03 
8.953000000e+03 1.035700000e+04 
9.021000000e+03 9.994000000e+03 
9.308000000e+03 9.535000000e+03 
8.971000000e+03 1.011600000e+04 
9.098000000e+03 9.773000000e+03 
9.053000000e+03 9.872000000e+03 
9.017000000e+03 1.007500000e+04 
9.086000000e+03 9.816000000e+03 
8.930000000e+03 1.041500000e+04 
9.016000000e+03 1.009500000e+04 
8.930000000e+03 1.041500000e+04 
9.240000000e+03 9.621000000e+03 
9.118000000e+03 9.670000000e+03 

9.345000000e+03 9.567000000e+03 
9.784000000e+03 9.170000000e+03 
9.409000000e+03 9.388000000e+03 
9.379000000e+03 9.511000000e+03 
9.595000000e+03 9.310000000e+03 
9.760000000e+03 9.185000000e+03 
9.250000000e+03 9.623000000e+03 
9.619000000e+03 9.281000000e+03 
9.230000000e+03 9.877000000e+03 
9.298000000e+03 9.575000000e+03 
9.478000000e+03 9.320000000e+03 
9.259000000e+03 9.617000000e+03 
9.683000000e+03 9.197000000e+03 
9.368000000e+03 9.555000000e+03 
1.011200000e+04 9.100000000e+03 
9.249000000e+03 9.693000000e+03 

8.911000000e+03 1.002100000e+04 
8.797000000e+03 1.015600000e+04 
8.938000000e+03 9.919000000e+03 
8.851000000e+03 1.006300000e+04 
8.926000000e+03 9.950000000e+03 
8.938000000e+03 9.919000000e+03 
8.808000000e+03 1.011000000e+04 
8.862000000e+03 1.005700000e+04 
9.113000000e+03 9.778000000e+03 
8.740000000e+03 1.016300000e+04 
9.414000000e+03 9.772000000e+03 
8.683000000e+03 1.028500000e+04 
8.888000000e+03 1.003200000e+04 
8.740000000e+03 1.016300000e+04 
8.984000000e+03 9.783000000e+03 

9.558000000e+03 9.282000000e+03 
9.756000000e+03 9.208000000e+03 
9.481000000e+03 9.293000000e+03 
9.806000000e+03 9.160000000e+03 
9.869000000e+03 9.123000000e+03 
9.651000000e+03 9.219000000e+03 
9.472000000e+03 9.418000000e+03 
9.389000000e+03 9.713000000e+03 
9.426000000e+03 9.509000000e+03 
9.594000000e+03 9.227000000e+03 
9.444000000e+03 9.448000000e+03 

1.008100000e+04 9.825000000e+03 
1.001800000e+04 9.902000000e+03 
1.032900000e+04 9.557000000e+03 
1.009200000e+04 9.810000000e+03 
1.052200000e+04 9.476000000e+03 
1.038500000e+04 9.481000000e+03 
1.001300000e+04 9.918000000e+03 
9.954000000e+03 9.945000000e+03 
1.011600000e+04 9.600000000e+03 
1.008100000e+04 9.825000000e+03 
1.000300000e+04 9.944000000e+03 
1.055200000e+04 9.450000000e+03 
1.003400000e+04 9.849000000e+03 
1.036300000e+04 9.497000000e+03 
1.025900000e+04 9.560000000e+03 
9.902000000e+03 1.004300000e+04 

9.928000000e+03 9.800000000e+03 
9.459000000e+03 1.001800000e+04 
9.471000000e+03 9.989000000e+03 
9.794000000e+03 9.891000000e+03 
9.055000000e+03 1.038500000e+04 
9.055000000e+03 1.038500000e+04 
9.365000000e+03 1.010600000e+04 
9.592000000e+03 9.930000000e+03 
9.043000000e+03 1.041700000e+04 
9.026000000e+03 1.047800000e+04 
9.512000000e+03 9.965000000e+03 
9.172000000e+03 1.022300000e+04 
9.055000000e+03 1.038500000e+04 
9.172000000e+03 1.022300000e+04 
9.080000000e+03 1.031500000e+04 
9.453000000e+03 1.002900000e+04 
9.692000000e+03 9.926000000e+03 
9.485000000e+03 9.986000000e+03 
9.779000000e+03 9.908000000e+03 
9.959000000e+03 9.749000000e+03 
9.143000000e+03 1.029300000e+04 
9.250000000e+03 1.013900000e+04 
9.192000000e+03 1.015900000e+04 
9.421000000e+03 1.006000000e+04 
9.928000000e+03 9.800000000e+03 
8.979000000e+03 1.059400000e+04 
9.867000000e+03 9.802000000e+03 
8.960000000e+03 1.071900000e+04 

8.920000000e+03 9.113000000e+03 
9.718000000e+03 8.705000000e+03 
8.890000000e+03 9.214000000e+03 
8.867000000e+03 9.291000000e+03 
9.117000000e+03 8.940000000e+03 
9.574000000e+03 8.745000000e+03 
9.002000000e+03 8.973000000e+03 
9.081000000e+03 8.961000000e+03 
9.222000000e+03 8.790000000e+03 
9.101000000e+03 8.944000000e+03 
9.525000000e+03 8.755000000e+03 
9.118000000e+03 8.814000000e+03 
8.917000000e+03 9.153000000e+03 
9.249000000e+03 8.773000000e+03 
9.674000000e+03 8.721000000e+03 
8.986000000e+03 9.099000000e+03 

9.212000000e+03 1.038200000e+04 
9.337000000e+03 1.012700000e+04 
9.705000000e+03 9.801000000e+03 
9.347000000e+03 1.007100000e+04 
9.278000000e+03 1.023200000e+04 
9.597000000e+03 9.878000000e+03 
9.255000000e+03 1.025600000e+04 
9.301000000e+03 1.021900000e+04 
9.337000000e+03 1.012700000e+04 
9.371000000e+03 1.005300000e+04 
9.681000000e+03 9.857000000e+03 
9.419000000e+03 9.910000000e+03 
9.307000000e+03 1.013500000e+04 
9.414000000e+03 9.973000000e+03 
9.248000000e+03 1.030600000e+04 
9.337000000e+03 1.012700000e+04 
9.212000000e+03 1.038200000e+04 

9.759000000e+03 9.815000000e+03 
9.823000000e+03 9.703000000e+03 
9.760000000e+03 9.799000000e+03 
9.336000000e+03 1.012000000e+04 
9.760000000e+03 9.799000000e+03 
9.165000000e+03 1.053000000e+04 
9.352000000e+03 1.006100000e+04 
9.801000000e+03 9.705000000e+03 
9.585000000e+03 9.905000000e+03 
9.734000000e+03 9.834000000e+03 
9.552000000e+03 9.947000000e+03 
9.871000000e+03 9.676000000e+03 
9.371000000e+03 1.001600000e+04 
9.292000000e+03 1.017700000e+04 
9.379000000e+03 9.963000000e+03 
9.593000000e+03 9.864000000e+03 
9.149000000e+03 1.058600000e+04 
9.195000000e+03 1.022600000e+04 
9.640000000e+03 9.843000000e+03 
9.871000000e+03 9.676000000e+03 

1.012000000e+04 9.656000000e+03 
1.016900000e+04 9.489000000e+03 
1.056400000e+04 9.188000000e+03 
1.069700000e+04 9.068000000e+03 
1.034300000e+04 9.299000000e+03 
1.012100000e+04 9.491000000e+03 
1.025600000e+04 9.393000000e+03 
1.040300000e+04 9.289000000e+03 
1.018000000e+04 9.484000000e+03 
1.043500000e+04 9.200000000e+03 
1.027200000e+04 9.325000000e+03 
1.069700000e+04 9.068000000e+03 
1.018500000e+04 9.428000000e+03 
1.040800000e+04 9.220000000e+03 
1.040600000e+04 9.242000000e+03 
1.064900000e+04 9.107000000e+03 
1.049200000e+04 9.190000000e+03 

1.000500000e+04 9.196000000e+03 
9.518000000e+03 9.934000000e+03 
1.010900000e+04 9.147000000e+03 
9.665000000e+03 9.709000000e+03 
1.009800000e+04 9.157000000e+03 
1.011600000e+04 9.131000000e+03 
9.602000000e+03 9.818000000e+03 
9.844000000e+03 9.270000000e+03 
1.011400000e+04 9.139000000e+03 
9.972000000e+03 9.244000000e+03 
9.671000000e+03 9.371000000e+03 
1.000500000e+04 9.196000000e+03 
9.581000000e+03 9.933000000e+03 
1.011400000e+04 9.139000000e+03 
1.000800000e+04 9.177000000e+03 
9.844000000e+03 9.270000000e+03 
1.015400000e+04 9.105000000e+03 
9.602000000e+03 9.818000000e+03 
9.791000000e+03 9.282000000e+03 
9.680000000e+03 9.305000000e+03 
1.004100000e+04 9.169000000e+03 

9.756000000e+03 8.926000000e+03 
9.427000000e+03 9.156000000e+03 
9.343000000e+03 9.167000000e+03 
9.938000000e+03 8.887000000e+03 
9.120000000e+03 9.420000000e+03 
9.499000000e+03 9.102000000e+03 
9.150000000e+03 9.259000000e+03 
9.117000000e+03 9.438000000e+03 
1.001400000e+04 8.866000000e+03 
9.343000000e+03 9.167000000e+03 
9.543000000e+03 9.090000000e+03 
9.556000000e+03 8.968000000e+03 
9.334000000e+03 9.236000000e+03 
9.967000000e+03 8.882000000e+03 
9.675000000e+03 8.953000000e+03 

9.428000000e+03 9.693000000e+03 
9.324000000e+03 9.778000000e+03 
9.561000000e+03 9.552000000e+03 
9.481000000e+03 9.597000000e+03 
9.252000000e+03 1.001700000e+04 
9.275000000e+03 9.823000000e+03 
9.567000000e+03 9.535000000e+03 
9.428000000e+03 9.693000000e+03 
9.376000000e+03 9.724000000e+03 
9.657000000e+03 9.478000000e+03 
9.457000000e+03 9.623000000e+03 
9.850000000e+03 9.356000000e+03 
9.428000000e+03 9.693000000e+03 
9.593000000e+03 9.515000000e+03 
9.481000000e+03 9.597000000e+03 
9.811000000e+03 9.443000000e+03 

9.780000000e+03 9.457000000e+03 
9.707000000e+03 9.570000000e+03 
9.914000000e+03 9.440000000e+03 
9.914000000e+03 9.440000000e+03 
9.838000000e+03 9.450000000e+03 
1.007000000e+04 9.366000000e+03 
9.707000000e+03 9.570000000e+03 
9.936000000e+03 9.437000000e+03 
1.007000000e+04 9.366000000e+03 
1.014100000e+04 9.354000000e+03 
9.693000000e+03 9.629000000e+03 
9.812000000e+03 9.456000000e+03 
9.640000000e+03 9.687000000e+03 
1.005600000e+04 9.414000000e+03 
9.770000000e+03 9.478000000e+03 
1.012100000e+04 9.355000000e+03 
9.990000000e+03 9.423000000e+03 

9.660000000e+03 9.697000000e+03 
9.292000000e+03 1.006900000e+04 
9.324000000e+03 9.989000000e+03 
9.502000000e+03 9.781000000e+03 
9.406000000e+03 9.921000000e+03 
9.774000000e+03 9.637000000e+03 
9.493000000e+03 9.916000000e+03 
9.560000000e+03 9.715000000e+03 
9.760000000e+03 9.693000000e+03 
9.496000000e+03 9.845000000e+03 
9.226000000e+03 1.012400000e+04 
9.389000000e+03 9.951000000e+03 
9.314000000e+03 1.002300000e+04 

9.777000000e+03 9.612000000e+03 
9.780000000e+03 9.482000000e+03 
9.609000000e+03 9.731000000e+03 
9.722000000e+03 9.637000000e+03 
9.722000000e+03 9.637000000e+03 
9.754000000e+03 9.621000000e+03 
9.677000000e+03 9.639000000e+03 
9.618000000e+03 9.684000000e+03 
9.470000000e+03 9.752000000e+03 

9.615000000e+03 9.002000000e+03 
9.062000000e+03 9.564000000e+03 
9.285000000e+03 9.196000000e+03 
9.323000000e+03 9.149000000e+03 
9.513000000e+03 9.060000000e+03 
9.483000000e+03 9.116000000e+03 
9.091000000e+03 9.355000000e+03 
9.434000000e+03 9.117000000e+03 
9.091000000e+03 9.355000000e+03 
9.524000000e+03 9.054000000e+03 
9.258000000e+03 9.294000000e+03 
9.565000000e+03 9.006000000e+03 
9.275000000e+03 9.293000000e+03 

9.617000000e+03 9.640000000e+03 
1.011200000e+04 8.963000000e+03 
9.719000000e+03 9.151000000e+03 
9.702000000e+03 9.196000000e+03 
9.878000000e+03 8.987000000e+03 
9.612000000e+03 9.880000000e+03 
1.016700000e+04 8.954000000e+03 
9.781000000e+03 9.050000000e+03 
9.818000000e+03 9.044000000e+03 
9.728000000e+03 9.059000000e+03 
9.642000000e+03 9.504000000e+03 
9.657000000e+03 9.272000000e+03 
1.018100000e+04 8.923000000e+03 
1.020800000e+04 8.880000000e+03 
9.621000000e+03 9.585000000e+03 
9.781000000e+03 9.050000000e+03 
9.728000000e+03 9.059000000e+03 
9.652000000e+03 9.419000000e+03 

9.522000000e+03 9.278000000e+03 
9.531000000e+03 9.206000000e+03 
9.889000000e+03 9.006000000e+03 
9.700000000e+03 9.010000000e+03 
9.679000000e+03 9.031000000e+03 
9.683000000e+03 9.012000000e+03 
9.549000000e+03 9.040000000e+03 
9.434000000e+03 9.322000000e+03 
9.584000000e+03 9.037000000e+03 

