9.356000000e+03 9.281000000e+03 
9.156000000e+03 9.544000000e+03 
9.338000000e+03 9.367000000e+03 
9.213000000e+03 9.445000000e+03 
9.300000000e+03 9.409000000e+03 
9.191000000e+03 9.468000000e+03 
9.371000000e+03 9.238000000e+03 
9.638000000e+03 9.166000000e+03 
9.828000000e+03 9.142000000e+03 
9.344000000e+03 9.336000000e+03 
9.225000000e+03 9.410000000e+03 
9.314000000e+03 9.376000000e+03 
9.381000000e+03 9.179000000e+03 
9.310000000e+03 9.393000000e+03 
9.844000000e+03 9.133000000e+03 
9.155000000e+03 9.740000000e+03 

9.363000000e+03 9.612000000e+03 
9.209000000e+03 9.805000000e+03 
9.193000000e+03 9.955000000e+03 
9.306000000e+03 9.752000000e+03 
9.348000000e+03 9.638000000e+03 
9.491000000e+03 9.528000000e+03 
9.159000000e+03 9.994000000e+03 
9.752000000e+03 9.383000000e+03 
9.562000000e+03 9.479000000e+03 
9.155000000e+03 1.003900000e+04 
9.397000000e+03 9.554000000e+03 
9.204000000e+03 9.919000000e+03 
9.730000000e+03 9.403000000e+03 
9.822000000e+03 9.378000000e+03 

9.591000000e+03 9.689000000e+03 
9.587000000e+03 9.848000000e+03 
9.519000000e+03 9.924000000e+03 

9.970000000e+03 1.033400000e+04 
1.008100000e+04 1.012600000e+04 
1.078100000e+04 9.723000000e+03 
1.033500000e+04 9.917000000e+03 
1.073900000e+04 9.791000000e+03 
1.048900000e+04 9.820000000e+03 
1.078100000e+04 9.723000000e+03 
1.033500000e+04 9.917000000e+03 
9.956000000e+03 1.067100000e+04 
1.046400000e+04 9.847000000e+03 
1.034300000e+04 9.903000000e+03 
1.074000000e+04 9.760000000e+03 
1.013900000e+04 1.004500000e+04 
1.008100000e+04 1.012600000e+04 
1.038200000e+04 9.886000000e+03 
1.038200000e+04 9.886000000e+03 
1.043000000e+04 9.873000000e+03 
1.008100000e+04 1.012600000e+04 
9.926000000e+03 1.071200000e+04 
1.025800000e+04 9.964000000e+03 
9.958000000e+03 1.055200000e+04 
1.066600000e+04 9.810000000e+03 

9.769000000e+03 9.049000000e+03 
9.889000000e+03 8.909000000e+03 
9.887000000e+03 8.912000000e+03 
9.925000000e+03 8.830000000e+03 
9.914000000e+03 8.885000000e+03 
9.967000000e+03 8.819000000e+03 
9.691000000e+03 9.734000000e+03 
1.000100000e+04 8.783000000e+03 
1.013200000e+04 8.630000000e+03 
9.848000000e+03 9.018000000e+03 
9.692000000e+03 9.630000000e+03 
9.918000000e+03 8.870000000e+03 
1.025100000e+04 8.611000000e+03 
1.002500000e+04 8.695000000e+03 
1.023200000e+04 8.626000000e+03 
9.856000000e+03 8.928000000e+03 
9.866000000e+03 8.924000000e+03 
1.025100000e+04 8.611000000e+03 
9.887000000e+03 8.912000000e+03 
9.979000000e+03 8.810000000e+03 
9.762000000e+03 9.354000000e+03 
1.027700000e+04 8.556000000e+03 
9.729000000e+03 9.411000000e+03 
1.008000000e+04 8.682000000e+03 
1.011600000e+04 8.644000000e+03 
9.979000000e+03 8.810000000e+03 
9.769000000e+03 9.049000000e+03 

8.946000000e+03 9.409000000e+03 
9.017000000e+03 9.329000000e+03 
8.934000000e+03 9.555000000e+03 
9.229000000e+03 9.204000000e+03 
9.020000000e+03 9.320000000e+03 
9.410000000e+03 9.186000000e+03 
9.070000000e+03 9.268000000e+03 

9.253000000e+03 1.008300000e+04 
1.024500000e+04 9.441000000e+03 
9.374000000e+03 9.891000000e+03 
9.219000000e+03 1.011400000e+04 
9.518000000e+03 9.710000000e+03 
1.021300000e+04 9.478000000e+03 
9.661000000e+03 9.613000000e+03 
9.854000000e+03 9.498000000e+03 
9.262000000e+03 9.909000000e+03 
1.023100000e+04 9.463000000e+03 
9.638000000e+03 9.681000000e+03 
9.158000000e+03 1.022200000e+04 

9.269000000e+03 9.695000000e+03 
9.289000000e+03 9.673000000e+03 
9.734000000e+03 9.542000000e+03 
9.015000000e+03 1.015500000e+04 
9.279000000e+03 9.675000000e+03 
9.207000000e+03 9.698000000e+03 
9.269000000e+03 9.695000000e+03 
9.769000000e+03 9.482000000e+03 
9.058000000e+03 1.010100000e+04 
9.105000000e+03 1.005000000e+04 
9.359000000e+03 9.624000000e+03 
9.929000000e+03 9.477000000e+03 
9.557000000e+03 9.563000000e+03 
9.309000000e+03 9.662000000e+03 
9.596000000e+03 9.555000000e+03 
9.421000000e+03 9.595000000e+03 
9.319000000e+03 9.647000000e+03 
9.153000000e+03 1.000700000e+04 
9.176000000e+03 9.999000000e+03 

9.561000000e+03 9.625000000e+03 
9.590000000e+03 9.598000000e+03 
9.542000000e+03 9.640000000e+03 
9.665000000e+03 9.440000000e+03 
9.848000000e+03 9.439000000e+03 
9.927000000e+03 9.387000000e+03 
9.982000000e+03 9.372000000e+03 
9.579000000e+03 9.611000000e+03 
9.987000000e+03 9.344000000e+03 
9.621000000e+03 9.529000000e+03 
9.634000000e+03 9.522000000e+03 
9.626000000e+03 9.526000000e+03 
9.642000000e+03 9.478000000e+03 
9.550000000e+03 9.633000000e+03 
9.434000000e+03 9.939000000e+03 
9.454000000e+03 9.666000000e+03 
9.880000000e+03 9.437000000e+03 

9.610000000e+03 9.215000000e+03 
9.242000000e+03 9.716000000e+03 
9.434000000e+03 9.414000000e+03 
9.592000000e+03 9.240000000e+03 
9.814000000e+03 9.027000000e+03 
9.456000000e+03 9.328000000e+03 
9.619000000e+03 9.184000000e+03 
9.695000000e+03 9.038000000e+03 
9.870000000e+03 9.021000000e+03 
1.003200000e+04 8.957000000e+03 
9.302000000e+03 9.517000000e+03 
9.340000000e+03 9.449000000e+03 
9.274000000e+03 9.654000000e+03 
9.467000000e+03 9.245000000e+03 
9.592000000e+03 9.240000000e+03 
9.453000000e+03 9.370000000e+03 
9.592000000e+03 9.240000000e+03 
9.335000000e+03 9.456000000e+03 
1.003200000e+04 8.957000000e+03 
9.610000000e+03 9.215000000e+03 
9.313000000e+03 9.460000000e+03 
9.879000000e+03 8.968000000e+03 
1.007200000e+04 8.866000000e+03 
9.642000000e+03 9.144000000e+03 
9.372000000e+03 9.443000000e+03 

1.016300000e+04 9.759000000e+03 
1.077900000e+04 9.570000000e+03 
9.902000000e+03 1.008900000e+04 
9.867000000e+03 1.010700000e+04 
1.010500000e+04 9.862000000e+03 
9.952000000e+03 1.003200000e+04 
9.848000000e+03 1.015200000e+04 
9.925000000e+03 1.008000000e+04 
1.025500000e+04 9.610000000e+03 
1.014700000e+04 9.779000000e+03 
1.007700000e+04 9.893000000e+03 
1.013400000e+04 9.802000000e+03 
1.071300000e+04 9.606000000e+03 
1.001500000e+04 9.923000000e+03 
9.991000000e+03 9.968000000e+03 
1.007700000e+04 9.893000000e+03 
1.003900000e+04 9.905000000e+03 
1.077100000e+04 9.586000000e+03 

9.390000000e+03 9.715000000e+03 
9.525000000e+03 9.595000000e+03 
8.997000000e+03 1.047300000e+04 
9.097000000e+03 1.039100000e+04 
9.209000000e+03 9.784000000e+03 
9.352000000e+03 9.728000000e+03 
9.031000000e+03 1.042100000e+04 
9.525000000e+03 9.595000000e+03 
9.587000000e+03 9.552000000e+03 
9.329000000e+03 9.764000000e+03 
9.161000000e+03 9.855000000e+03 
9.099000000e+03 1.004700000e+04 
9.390000000e+03 9.715000000e+03 
9.021000000e+03 1.046600000e+04 
9.209000000e+03 9.784000000e+03 
9.587000000e+03 9.552000000e+03 
9.031000000e+03 1.042100000e+04 
9.128000000e+03 9.931000000e+03 
9.309000000e+03 9.767000000e+03 
9.368000000e+03 9.723000000e+03 

9.420000000e+03 9.596000000e+03 
9.810000000e+03 9.265000000e+03 
9.316000000e+03 9.758000000e+03 
9.605000000e+03 9.521000000e+03 
9.652000000e+03 9.353000000e+03 
9.420000000e+03 9.596000000e+03 
9.838000000e+03 9.236000000e+03 
9.340000000e+03 9.701000000e+03 
9.772000000e+03 9.335000000e+03 
9.405000000e+03 9.694000000e+03 
9.466000000e+03 9.553000000e+03 
9.529000000e+03 9.542000000e+03 
9.286000000e+03 9.827000000e+03 
9.621000000e+03 9.489000000e+03 
9.546000000e+03 9.540000000e+03 
9.816000000e+03 9.257000000e+03 

8.805000000e+03 1.032000000e+04 
9.297000000e+03 9.904000000e+03 
9.155000000e+03 9.938000000e+03 
9.188000000e+03 9.911000000e+03 
9.415000000e+03 9.897000000e+03 
9.073000000e+03 9.945000000e+03 
8.865000000e+03 1.022800000e+04 
8.784000000e+03 1.035700000e+04 
8.948000000e+03 1.004000000e+04 
8.911000000e+03 1.021100000e+04 
9.404000000e+03 9.901000000e+03 
8.968000000e+03 1.003200000e+04 
9.444000000e+03 9.885000000e+03 
9.476000000e+03 9.795000000e+03 
9.100000000e+03 9.940000000e+03 
8.776000000e+03 1.056300000e+04 
9.060000000e+03 1.000300000e+04 
8.862000000e+03 1.026100000e+04 
8.997000000e+03 1.001200000e+04 

9.713000000e+03 9.336000000e+03 
9.450000000e+03 9.988000000e+03 
9.482000000e+03 9.540000000e+03 
9.450000000e+03 9.988000000e+03 
9.862000000e+03 9.271000000e+03 
1.011300000e+04 9.213000000e+03 
9.466000000e+03 9.800000000e+03 
9.603000000e+03 9.370000000e+03 
9.691000000e+03 9.357000000e+03 
9.518000000e+03 9.458000000e+03 
9.884000000e+03 9.246000000e+03 
9.846000000e+03 9.299000000e+03 
9.716000000e+03 9.317000000e+03 
9.846000000e+03 9.299000000e+03 

1.015000000e+04 9.907000000e+03 
1.040800000e+04 9.599000000e+03 
1.040700000e+04 9.615000000e+03 
1.046600000e+04 9.522000000e+03 
1.002300000e+04 1.016100000e+04 
1.003500000e+04 9.921000000e+03 
1.024000000e+04 9.803000000e+03 
1.026800000e+04 9.779000000e+03 
1.020400000e+04 9.829000000e+03 
1.049000000e+04 9.499000000e+03 
1.003100000e+04 1.002900000e+04 
1.028800000e+04 9.625000000e+03 

9.079000000e+03 1.070600000e+04 
9.282000000e+03 1.028400000e+04 
9.069000000e+03 1.072300000e+04 
9.748000000e+03 9.975000000e+03 
9.116000000e+03 1.062000000e+04 
9.973000000e+03 9.883000000e+03 
9.813000000e+03 9.920000000e+03 
9.472000000e+03 1.002100000e+04 
9.404000000e+03 1.013700000e+04 
9.615000000e+03 9.991000000e+03 
9.019000000e+03 1.076300000e+04 
9.291000000e+03 1.024000000e+04 
9.319000000e+03 1.019400000e+04 
9.119000000e+03 1.043200000e+04 
9.174000000e+03 1.030200000e+04 
9.423000000e+03 1.010400000e+04 
9.930000000e+03 9.908000000e+03 
9.803000000e+03 9.934000000e+03 

9.090000000e+03 9.201000000e+03 
9.143000000e+03 9.142000000e+03 
9.005000000e+03 9.333000000e+03 
9.125000000e+03 9.178000000e+03 
9.195000000e+03 9.034000000e+03 
9.198000000e+03 8.993000000e+03 
9.305000000e+03 8.912000000e+03 
9.661000000e+03 8.780000000e+03 
9.284000000e+03 8.922000000e+03 
9.245000000e+03 8.937000000e+03 
9.011000000e+03 9.217000000e+03 
9.305000000e+03 8.912000000e+03 
9.113000000e+03 9.191000000e+03 
9.154000000e+03 9.070000000e+03 
9.581000000e+03 8.855000000e+03 
9.138000000e+03 9.159000000e+03 

9.708000000e+03 1.003500000e+04 
9.298000000e+03 1.043400000e+04 
9.366000000e+03 1.007900000e+04 
9.340000000e+03 1.028100000e+04 
9.680000000e+03 1.004300000e+04 
9.356000000e+03 1.009700000e+04 
9.715000000e+03 1.001800000e+04 
9.648000000e+03 1.006800000e+04 
9.366000000e+03 1.007900000e+04 
9.294000000e+03 1.057400000e+04 

9.726000000e+03 9.888000000e+03 
9.299000000e+03 1.054300000e+04 
9.549000000e+03 1.018700000e+04 
9.566000000e+03 1.013200000e+04 
9.756000000e+03 9.850000000e+03 
9.693000000e+03 9.969000000e+03 
9.622000000e+03 1.002700000e+04 
9.382000000e+03 1.024800000e+04 
9.332000000e+03 1.049500000e+04 
9.540000000e+03 1.022100000e+04 
9.662000000e+03 1.000700000e+04 
9.723000000e+03 9.932000000e+03 

1.074200000e+04 9.267000000e+03 
1.045900000e+04 9.443000000e+03 
1.083600000e+04 9.197000000e+03 
1.015000000e+04 9.632000000e+03 
1.042200000e+04 9.466000000e+03 
1.083600000e+04 9.197000000e+03 
1.054900000e+04 9.376000000e+03 
1.026300000e+04 9.524000000e+03 
1.054900000e+04 9.376000000e+03 
1.083600000e+04 9.197000000e+03 
1.020800000e+04 9.572000000e+03 
1.065500000e+04 9.286000000e+03 
1.032300000e+04 9.506000000e+03 
1.055600000e+04 9.371000000e+03 
1.060700000e+04 9.302000000e+03 
1.083600000e+04 9.197000000e+03 
1.078300000e+04 9.204000000e+03 
1.078300000e+04 9.204000000e+03 
1.046800000e+04 9.438000000e+03 
1.060400000e+04 9.347000000e+03 
1.058400000e+04 9.356000000e+03 
1.048200000e+04 9.427000000e+03 
1.035300000e+04 9.469000000e+03 
1.076600000e+04 9.208000000e+03 
1.062400000e+04 9.291000000e+03 
1.066500000e+04 9.273000000e+03 

9.775000000e+03 9.389000000e+03 
1.002400000e+04 9.328000000e+03 
9.726000000e+03 9.550000000e+03 
9.725000000e+03 9.755000000e+03 
9.661000000e+03 9.873000000e+03 
9.633000000e+03 9.993000000e+03 
9.726000000e+03 9.550000000e+03 
1.002600000e+04 9.271000000e+03 
9.725000000e+03 9.755000000e+03 
1.005300000e+04 9.191000000e+03 
9.770000000e+03 9.526000000e+03 
9.855000000e+03 9.353000000e+03 
9.719000000e+03 9.864000000e+03 

9.376000000e+03 9.273000000e+03 
9.350000000e+03 9.385000000e+03 
9.864000000e+03 9.018000000e+03 
9.310000000e+03 9.399000000e+03 
9.741000000e+03 9.082000000e+03 
9.710000000e+03 9.087000000e+03 
9.631000000e+03 9.133000000e+03 
9.794000000e+03 9.033000000e+03 
9.592000000e+03 9.191000000e+03 

9.880000000e+03 9.571000000e+03 
9.847000000e+03 9.608000000e+03 
9.614000000e+03 9.637000000e+03 
9.382000000e+03 9.843000000e+03 
1.021000000e+04 9.483000000e+03 
9.566000000e+03 9.717000000e+03 
9.909000000e+03 9.542000000e+03 
9.996000000e+03 9.486000000e+03 
9.326000000e+03 1.024100000e+04 
9.326000000e+03 1.024100000e+04 
9.409000000e+03 9.800000000e+03 
9.607000000e+03 9.658000000e+03 
9.406000000e+03 9.827000000e+03 
9.326000000e+03 1.024100000e+04 
9.368000000e+03 9.904000000e+03 
9.933000000e+03 9.534000000e+03 
9.477000000e+03 9.752000000e+03 
9.446000000e+03 9.778000000e+03 
9.389000000e+03 9.842000000e+03 
9.610000000e+03 9.649000000e+03 
9.338000000e+03 1.003100000e+04 

9.790000000e+03 9.662000000e+03 
1.022300000e+04 9.447000000e+03 
9.789000000e+03 9.755000000e+03 
1.008500000e+04 9.479000000e+03 
9.783000000e+03 9.787000000e+03 
9.901000000e+03 9.520000000e+03 
9.870000000e+03 9.547000000e+03 
9.941000000e+03 9.484000000e+03 
9.859000000e+03 9.570000000e+03 

9.463000000e+03 1.004100000e+04 
9.463000000e+03 1.004100000e+04 
9.341000000e+03 1.011400000e+04 
9.519000000e+03 9.990000000e+03 
9.338000000e+03 1.015900000e+04 
9.522000000e+03 9.983000000e+03 
9.463000000e+03 1.004100000e+04 
9.307000000e+03 1.016300000e+04 
9.328000000e+03 1.016200000e+04 
9.522000000e+03 9.983000000e+03 
9.765000000e+03 9.746000000e+03 
9.453000000e+03 1.005700000e+04 
9.503000000e+03 9.997000000e+03 
9.423000000e+03 1.007400000e+04 
9.555000000e+03 9.981000000e+03 
9.519000000e+03 9.990000000e+03 
9.453000000e+03 1.005700000e+04 
9.463000000e+03 1.004100000e+04 
9.624000000e+03 9.849000000e+03 
9.605000000e+03 9.855000000e+03 
9.522000000e+03 9.983000000e+03 
9.463000000e+03 1.004100000e+04 
9.463000000e+03 1.004100000e+04 
9.569000000e+03 9.898000000e+03 
9.457000000e+03 1.005600000e+04 
9.522000000e+03 9.983000000e+03 
9.653000000e+03 9.821000000e+03 
9.470000000e+03 1.001100000e+04 
9.569000000e+03 9.898000000e+03 
9.696000000e+03 9.778000000e+03 

1.037600000e+04 9.578000000e+03 
1.019200000e+04 9.583000000e+03 
9.808000000e+03 9.664000000e+03 
9.714000000e+03 9.852000000e+03 
9.714000000e+03 9.852000000e+03 
9.845000000e+03 9.589000000e+03 
1.049400000e+04 9.560000000e+03 
9.673000000e+03 1.004100000e+04 
9.630000000e+03 1.017300000e+04 
9.611000000e+03 1.023300000e+04 
9.696000000e+03 9.976000000e+03 
9.834000000e+03 9.651000000e+03 
9.702000000e+03 9.921000000e+03 
9.724000000e+03 9.790000000e+03 
9.602000000e+03 1.030600000e+04 
9.639000000e+03 1.010100000e+04 
9.733000000e+03 9.671000000e+03 
9.696000000e+03 9.976000000e+03 
9.695000000e+03 1.003200000e+04 

9.619000000e+03 9.102000000e+03 
9.644000000e+03 9.032000000e+03 
9.527000000e+03 9.186000000e+03 
9.582000000e+03 9.104000000e+03 
9.254000000e+03 9.496000000e+03 
9.620000000e+03 9.085000000e+03 
9.339000000e+03 9.324000000e+03 
9.268000000e+03 9.475000000e+03 
9.186000000e+03 9.948000000e+03 
9.539000000e+03 9.185000000e+03 
9.461000000e+03 9.200000000e+03 
9.294000000e+03 9.407000000e+03 
9.306000000e+03 9.356000000e+03 
9.582000000e+03 9.104000000e+03 
9.248000000e+03 9.522000000e+03 
9.203000000e+03 9.906000000e+03 
9.214000000e+03 9.784000000e+03 
9.227000000e+03 9.609000000e+03 
9.294000000e+03 9.407000000e+03 
9.225000000e+03 9.703000000e+03 
9.353000000e+03 9.208000000e+03 

1.023200000e+04 8.948000000e+03 
9.903000000e+03 9.128000000e+03 
9.721000000e+03 9.443000000e+03 
1.016800000e+04 9.000000000e+03 
9.854000000e+03 9.137000000e+03 
1.018500000e+04 8.973000000e+03 
9.913000000e+03 9.086000000e+03 
9.783000000e+03 9.140000000e+03 
1.002100000e+04 9.075000000e+03 
9.720000000e+03 9.465000000e+03 
9.662000000e+03 9.550000000e+03 
9.743000000e+03 9.367000000e+03 
9.744000000e+03 9.343000000e+03 
9.913000000e+03 9.086000000e+03 
9.913000000e+03 9.086000000e+03 
1.005300000e+04 9.032000000e+03 

9.661000000e+03 9.204000000e+03 
9.538000000e+03 9.691000000e+03 
9.791000000e+03 9.126000000e+03 
9.724000000e+03 9.189000000e+03 
9.651000000e+03 9.404000000e+03 
9.742000000e+03 9.147000000e+03 
9.632000000e+03 9.599000000e+03 
9.640000000e+03 9.503000000e+03 
9.795000000e+03 9.078000000e+03 
9.577000000e+03 9.652000000e+03 
9.651000000e+03 9.404000000e+03 
9.654000000e+03 9.385000000e+03 

