1.099700000e+04 1.023500000e+04 
1.037400000e+04 1.062900000e+04 
1.033300000e+04 1.077800000e+04 
1.068500000e+04 1.050900000e+04 
1.069800000e+04 1.036100000e+04 
1.103700000e+04 1.018700000e+04 

1.121800000e+04 1.074100000e+04 
1.072000000e+04 1.117900000e+04 
1.071400000e+04 1.124100000e+04 
1.055000000e+04 1.151100000e+04 
1.045300000e+04 1.158000000e+04 
1.055300000e+04 1.139300000e+04 
1.053000000e+04 1.154300000e+04 
1.061900000e+04 1.130800000e+04 
1.119200000e+04 1.085500000e+04 
1.103700000e+04 1.092800000e+04 
1.073000000e+04 1.110500000e+04 
1.055300000e+04 1.139300000e+04 
1.104100000e+04 1.085600000e+04 
1.083400000e+04 1.093700000e+04 

1.200000000e+04 1.119900000e+04 
1.196100000e+04 1.126800000e+04 
1.112000000e+04 1.148800000e+04 
1.092200000e+04 1.235900000e+04 
1.134100000e+04 1.143400000e+04 
1.122800000e+04 1.144800000e+04 
1.107800000e+04 1.210900000e+04 
1.167800000e+04 1.128200000e+04 
1.108200000e+04 1.176400000e+04 
1.215600000e+04 1.118200000e+04 
1.133900000e+04 1.144600000e+04 
1.163900000e+04 1.134700000e+04 
1.101100000e+04 1.214500000e+04 
1.111300000e+04 1.173800000e+04 
1.092200000e+04 1.235900000e+04 

1.153000000e+04 1.105500000e+04 
1.131000000e+04 1.109500000e+04 
1.128100000e+04 1.143600000e+04 
1.119800000e+04 1.145000000e+04 
1.160900000e+04 1.092800000e+04 

1.110300000e+04 1.008600000e+04 
1.153700000e+04 9.887000000e+03 
1.084000000e+04 1.031700000e+04 
1.081300000e+04 1.052500000e+04 
1.105800000e+04 1.022100000e+04 
1.088800000e+04 1.031000000e+04 
1.152800000e+04 9.953000000e+03 
1.127200000e+04 1.004000000e+04 
1.132000000e+04 9.988000000e+03 

1.116200000e+04 1.055600000e+04 
1.159300000e+04 1.046800000e+04 
1.069500000e+04 1.090900000e+04 
1.060800000e+04 1.108900000e+04 
1.081100000e+04 1.057100000e+04 
1.076100000e+04 1.087900000e+04 

1.125800000e+04 1.070000000e+04 
1.125900000e+04 1.063300000e+04 
1.093500000e+04 1.102600000e+04 
1.060300000e+04 1.114700000e+04 
1.058100000e+04 1.148400000e+04 
1.083900000e+04 1.110100000e+04 
1.106000000e+04 1.075600000e+04 
1.138500000e+04 1.058600000e+04 
1.099000000e+04 1.087100000e+04 
1.073300000e+04 1.110800000e+04 

1.073100000e+04 1.149000000e+04 
1.152400000e+04 1.083500000e+04 
1.145300000e+04 1.103200000e+04 
1.068500000e+04 1.162100000e+04 
1.120900000e+04 1.110300000e+04 
1.123700000e+04 1.109700000e+04 
1.113600000e+04 1.114000000e+04 
1.089700000e+04 1.120400000e+04 
1.063000000e+04 1.189100000e+04 
1.077100000e+04 1.128600000e+04 
1.107300000e+04 1.119500000e+04 
1.089200000e+04 1.126600000e+04 

1.151600000e+04 1.068500000e+04 
1.124000000e+04 1.079100000e+04 
1.107600000e+04 1.097900000e+04 
1.133000000e+04 1.074000000e+04 
1.100900000e+04 1.128900000e+04 
1.193700000e+04 1.067300000e+04 

1.087300000e+04 1.059600000e+04 
1.080200000e+04 1.062000000e+04 
1.091600000e+04 1.054500000e+04 
1.094600000e+04 1.034300000e+04 
1.089700000e+04 1.058700000e+04 
1.055800000e+04 1.072800000e+04 

1.103400000e+04 1.171900000e+04 
1.193000000e+04 1.078200000e+04 
1.170000000e+04 1.089300000e+04 
1.125800000e+04 1.128700000e+04 
1.155900000e+04 1.093400000e+04 
1.177700000e+04 1.085700000e+04 
1.123300000e+04 1.138500000e+04 
1.100300000e+04 1.172400000e+04 
1.132700000e+04 1.097500000e+04 
1.125500000e+04 1.138400000e+04 
1.108500000e+04 1.145800000e+04 
1.105900000e+04 1.162200000e+04 

1.062800000e+04 1.104300000e+04 
1.062600000e+04 1.113100000e+04 
1.056200000e+04 1.174200000e+04 
1.083900000e+04 1.089500000e+04 
1.063600000e+04 1.096400000e+04 
1.056500000e+04 1.115800000e+04 
1.073500000e+04 1.092600000e+04 
1.085700000e+04 1.070500000e+04 
1.106100000e+04 1.068800000e+04 
1.080400000e+04 1.090600000e+04 

1.112900000e+04 1.077300000e+04 
1.085100000e+04 1.080400000e+04 
1.085100000e+04 1.080400000e+04 
1.101700000e+04 1.080000000e+04 
1.118300000e+04 1.051900000e+04 

1.043400000e+04 1.154200000e+04 
1.089100000e+04 1.125700000e+04 
1.001800000e+04 1.213100000e+04 
1.021600000e+04 1.161500000e+04 
1.062900000e+04 1.149200000e+04 
1.072000000e+04 1.137000000e+04 
1.063400000e+04 1.143000000e+04 
1.019400000e+04 1.191500000e+04 
1.059100000e+04 1.152500000e+04 
1.087400000e+04 1.131600000e+04 
1.021600000e+04 1.161500000e+04 
1.127800000e+04 1.109400000e+04 
1.035500000e+04 1.154300000e+04 
1.011600000e+04 1.193800000e+04 

1.145300000e+04 1.080500000e+04 
1.077900000e+04 1.108100000e+04 
1.089900000e+04 1.091300000e+04 
1.156000000e+04 1.079300000e+04 
1.102800000e+04 1.085200000e+04 
1.112000000e+04 1.081900000e+04 

1.123900000e+04 1.159900000e+04 
1.117100000e+04 1.198200000e+04 
1.163900000e+04 1.099600000e+04 
1.197900000e+04 1.088000000e+04 
1.160200000e+04 1.101100000e+04 
1.129300000e+04 1.112700000e+04 
1.136300000e+04 1.111200000e+04 
1.117400000e+04 1.192000000e+04 

1.065600000e+04 1.181800000e+04 
1.072900000e+04 1.134800000e+04 
1.109800000e+04 1.126200000e+04 
1.051400000e+04 1.187100000e+04 
1.145300000e+04 1.115900000e+04 
1.069200000e+04 1.168600000e+04 
1.068700000e+04 1.173400000e+04 
1.068600000e+04 1.178500000e+04 
1.077200000e+04 1.131800000e+04 

1.070400000e+04 1.049200000e+04 
1.055800000e+04 1.058500000e+04 
1.096500000e+04 1.028200000e+04 
1.054000000e+04 1.097500000e+04 
1.077500000e+04 1.043500000e+04 
1.058300000e+04 1.054100000e+04 
1.079200000e+04 1.028400000e+04 

1.123100000e+04 1.132100000e+04 
1.110200000e+04 1.173700000e+04 
1.104100000e+04 1.189300000e+04 
1.119300000e+04 1.165300000e+04 
1.109100000e+04 1.174900000e+04 
1.112200000e+04 1.169100000e+04 
1.121600000e+04 1.146300000e+04 
1.097800000e+04 1.213100000e+04 
1.105200000e+04 1.175200000e+04 
1.105000000e+04 1.177800000e+04 
1.084000000e+04 1.220300000e+04 

1.141100000e+04 1.118400000e+04 
1.059100000e+04 1.247800000e+04 
1.071100000e+04 1.125600000e+04 

1.209600000e+04 1.026500000e+04 
1.203700000e+04 1.064100000e+04 
1.185800000e+04 1.084300000e+04 
1.141900000e+04 1.110400000e+04 
1.188200000e+04 1.071300000e+04 
1.148800000e+04 1.109700000e+04 
1.149600000e+04 1.101200000e+04 
1.178900000e+04 1.095700000e+04 
1.135700000e+04 1.110700000e+04 

1.127700000e+04 1.067200000e+04 
1.176900000e+04 1.055300000e+04 
1.107900000e+04 1.103500000e+04 
1.108200000e+04 1.099200000e+04 
1.104200000e+04 1.113400000e+04 
1.103900000e+04 1.178600000e+04 
1.116300000e+04 1.071200000e+04 

1.104000000e+04 1.050000000e+04 
1.094900000e+04 1.095100000e+04 
1.100500000e+04 1.051200000e+04 
1.089100000e+04 1.102300000e+04 
1.104000000e+04 1.050000000e+04 
1.126000000e+04 1.016800000e+04 
1.108700000e+04 1.049000000e+04 
1.123800000e+04 1.037400000e+04 
1.096600000e+04 1.082900000e+04 

1.079300000e+04 1.091000000e+04 
1.072100000e+04 1.118500000e+04 
1.076500000e+04 1.111900000e+04 
1.107700000e+04 1.087300000e+04 
1.072100000e+04 1.118500000e+04 
1.072100000e+04 1.118500000e+04 
1.069700000e+04 1.122000000e+04 
1.138300000e+04 1.082100000e+04 
1.071900000e+04 1.121200000e+04 
1.045100000e+04 1.130600000e+04 

1.137200000e+04 1.132000000e+04 
1.187800000e+04 1.072400000e+04 
1.185400000e+04 1.073800000e+04 
1.179900000e+04 1.094600000e+04 
1.189500000e+04 1.067200000e+04 
1.141000000e+04 1.100100000e+04 
1.178000000e+04 1.098400000e+04 

1.060500000e+04 1.136600000e+04 
1.105000000e+04 1.109100000e+04 
1.092900000e+04 1.115300000e+04 

1.100000000e+04 1.134800000e+04 
1.146700000e+04 1.089700000e+04 
1.148400000e+04 1.080300000e+04 
1.114800000e+04 1.095400000e+04 
1.150400000e+04 1.076900000e+04 
1.088200000e+04 1.163400000e+04 
1.102600000e+04 1.106800000e+04 
1.111800000e+04 1.100900000e+04 

1.122600000e+04 1.055300000e+04 
1.074500000e+04 1.097400000e+04 
1.147800000e+04 1.042500000e+04 
1.107700000e+04 1.060200000e+04 
1.080900000e+04 1.070900000e+04 
1.091200000e+04 1.065800000e+04 

1.116700000e+04 1.088500000e+04 
1.170400000e+04 1.042400000e+04 
1.175000000e+04 1.039200000e+04 
1.109200000e+04 1.105800000e+04 
1.084800000e+04 1.144800000e+04 
1.149900000e+04 1.054400000e+04 
1.167400000e+04 1.045100000e+04 
1.139200000e+04 1.060500000e+04 
1.137700000e+04 1.071000000e+04 
1.159900000e+04 1.047200000e+04 
1.131100000e+04 1.080900000e+04 

1.097800000e+04 1.135200000e+04 
1.119100000e+04 1.066200000e+04 
1.116300000e+04 1.081100000e+04 
1.119100000e+04 1.066200000e+04 
1.108800000e+04 1.086400000e+04 
1.100300000e+04 1.109400000e+04 
1.120200000e+04 1.061300000e+04 
1.097900000e+04 1.122000000e+04 

