1.016400000e+04 1.050000000e+04 
1.105500000e+04 1.002200000e+04 
1.018000000e+04 1.042500000e+04 
1.102900000e+04 1.006200000e+04 
1.015200000e+04 1.059000000e+04 
1.058000000e+04 1.023000000e+04 
1.076900000e+04 1.009600000e+04 
1.019400000e+04 1.040900000e+04 
1.063300000e+04 1.022600000e+04 
1.022600000e+04 1.038200000e+04 
1.029000000e+04 1.032400000e+04 
1.015700000e+04 1.056000000e+04 
1.068900000e+04 1.015000000e+04 
1.054900000e+04 1.023300000e+04 
1.017300000e+04 1.047700000e+04 
1.041300000e+04 1.026400000e+04 

1.034900000e+04 1.077100000e+04 
1.077900000e+04 1.042600000e+04 
1.004700000e+04 1.131900000e+04 
1.005100000e+04 1.118800000e+04 
1.033900000e+04 1.081200000e+04 
1.037900000e+04 1.067800000e+04 
1.033100000e+04 1.105500000e+04 
1.038500000e+04 1.046800000e+04 
1.033900000e+04 1.081200000e+04 
1.020500000e+04 1.105800000e+04 

1.057800000e+04 1.128700000e+04 
1.107300000e+04 1.057400000e+04 
1.092600000e+04 1.093900000e+04 
1.107000000e+04 1.072700000e+04 
1.063100000e+04 1.124400000e+04 
1.088300000e+04 1.117300000e+04 
1.090500000e+04 1.105300000e+04 
1.073600000e+04 1.118500000e+04 

1.089100000e+04 1.093200000e+04 
1.128000000e+04 1.067900000e+04 
1.149800000e+04 1.063500000e+04 
1.120500000e+04 1.074000000e+04 
1.095500000e+04 1.081000000e+04 
1.081700000e+04 1.131000000e+04 
1.143200000e+04 1.067200000e+04 
1.094500000e+04 1.090000000e+04 

1.084000000e+04 9.529000000e+03 
1.066500000e+04 9.693000000e+03 
1.053800000e+04 9.991000000e+03 
1.080700000e+04 9.635000000e+03 
1.085500000e+04 9.390000000e+03 
1.080500000e+04 9.686000000e+03 

1.048800000e+04 1.011600000e+04 
1.069600000e+04 1.004800000e+04 
1.044900000e+04 1.016400000e+04 
1.023900000e+04 1.053900000e+04 
1.027300000e+04 1.020200000e+04 

1.096400000e+04 1.027100000e+04 
1.042900000e+04 1.096800000e+04 
1.073700000e+04 1.045900000e+04 
1.053800000e+04 1.074200000e+04 
1.053200000e+04 1.094600000e+04 
1.053800000e+04 1.074200000e+04 
1.031100000e+04 1.147500000e+04 
1.069300000e+04 1.049400000e+04 
1.052400000e+04 1.096400000e+04 
1.060800000e+04 1.054300000e+04 
1.042900000e+04 1.096800000e+04 
1.027900000e+04 1.151800000e+04 
1.081300000e+04 1.033000000e+04 
1.039700000e+04 1.116900000e+04 
1.067000000e+04 1.050800000e+04 

1.026800000e+04 1.128400000e+04 
1.050000000e+04 1.080600000e+04 
1.132600000e+04 1.058100000e+04 
1.045800000e+04 1.090800000e+04 
1.056900000e+04 1.076200000e+04 
1.052400000e+04 1.077200000e+04 
1.064100000e+04 1.063400000e+04 
1.054000000e+04 1.076800000e+04 
1.028600000e+04 1.109400000e+04 
1.028600000e+04 1.109400000e+04 
1.057800000e+04 1.069200000e+04 
1.024600000e+04 1.129000000e+04 
1.033700000e+04 1.104700000e+04 

1.151400000e+04 1.020500000e+04 
1.082500000e+04 1.064300000e+04 
1.069700000e+04 1.082400000e+04 
1.106000000e+04 1.036700000e+04 
1.087400000e+04 1.050400000e+04 
1.080700000e+04 1.066100000e+04 
1.098500000e+04 1.049100000e+04 
1.123600000e+04 1.026800000e+04 
1.100900000e+04 1.041300000e+04 
1.121300000e+04 1.027300000e+04 
1.067300000e+04 1.083300000e+04 
1.119200000e+04 1.028100000e+04 
1.078500000e+04 1.073300000e+04 

1.026700000e+04 1.047500000e+04 
1.067100000e+04 1.012900000e+04 
1.033800000e+04 1.036500000e+04 
1.112800000e+04 1.002800000e+04 
1.032400000e+04 1.045900000e+04 
1.107300000e+04 1.004500000e+04 
1.033800000e+04 1.036500000e+04 
1.045800000e+04 1.035400000e+04 
1.114800000e+04 1.001200000e+04 
1.102700000e+04 1.004700000e+04 
1.084100000e+04 1.006500000e+04 
1.052600000e+04 1.021000000e+04 
1.074600000e+04 1.009700000e+04 
1.065100000e+04 1.014700000e+04 

1.110500000e+04 1.067100000e+04 
1.073600000e+04 1.116600000e+04 
1.105200000e+04 1.089200000e+04 
1.107600000e+04 1.077800000e+04 
1.083500000e+04 1.106900000e+04 
1.215700000e+04 1.043400000e+04 
1.177200000e+04 1.047000000e+04 
1.089200000e+04 1.097100000e+04 
1.105600000e+04 1.089100000e+04 
1.091800000e+04 1.095900000e+04 
1.068500000e+04 1.126600000e+04 
1.135600000e+04 1.053500000e+04 
1.125700000e+04 1.056200000e+04 

1.025200000e+04 1.081300000e+04 
1.012900000e+04 1.090900000e+04 
9.941000000e+03 1.130000000e+04 
9.996000000e+03 1.110700000e+04 
1.046400000e+04 1.068300000e+04 
9.991000000e+03 1.127100000e+04 
1.002900000e+04 1.100900000e+04 
1.039500000e+04 1.071000000e+04 
9.883000000e+03 1.136100000e+04 
1.048000000e+04 1.042000000e+04 
1.026800000e+04 1.075000000e+04 
1.038300000e+04 1.074800000e+04 

1.075000000e+04 1.023100000e+04 
1.074600000e+04 1.027000000e+04 
1.038500000e+04 1.065100000e+04 
1.065800000e+04 1.036500000e+04 
1.046800000e+04 1.051000000e+04 
1.062400000e+04 1.041300000e+04 
1.043400000e+04 1.063700000e+04 
1.073100000e+04 1.028900000e+04 
1.048500000e+04 1.043000000e+04 
1.075000000e+04 1.023100000e+04 
1.091600000e+04 1.018900000e+04 
1.071100000e+04 1.032700000e+04 
1.093300000e+04 1.018600000e+04 

9.503000000e+03 1.191700000e+04 
1.018500000e+04 1.103200000e+04 
9.733000000e+03 1.126000000e+04 
1.029900000e+04 1.094300000e+04 
9.731000000e+03 1.152100000e+04 
1.034800000e+04 1.089700000e+04 
9.683000000e+03 1.159600000e+04 
1.018700000e+04 1.094800000e+04 
9.894000000e+03 1.106300000e+04 
1.052300000e+04 1.075200000e+04 

1.126800000e+04 1.032000000e+04 
1.073800000e+04 1.040900000e+04 
1.105800000e+04 1.035100000e+04 
1.090900000e+04 1.039000000e+04 
1.115600000e+04 1.034700000e+04 
1.035400000e+04 1.063000000e+04 
1.063300000e+04 1.049400000e+04 
1.033300000e+04 1.101100000e+04 
1.055800000e+04 1.055600000e+04 
1.032000000e+04 1.109100000e+04 
1.059300000e+04 1.051700000e+04 

1.088600000e+04 1.121200000e+04 
1.092400000e+04 1.118400000e+04 
1.098400000e+04 1.107400000e+04 
1.093300000e+04 1.114000000e+04 
1.132500000e+04 1.075700000e+04 
1.102200000e+04 1.091600000e+04 
1.100200000e+04 1.102000000e+04 
1.132800000e+04 1.072200000e+04 
1.088600000e+04 1.121200000e+04 
1.105500000e+04 1.079800000e+04 
1.201100000e+04 1.070400000e+04 
1.104700000e+04 1.090300000e+04 

1.042800000e+04 1.095200000e+04 
1.067200000e+04 1.082100000e+04 
1.025500000e+04 1.107300000e+04 
1.025100000e+04 1.188100000e+04 
1.050600000e+04 1.087500000e+04 

1.012100000e+04 1.061700000e+04 
1.034900000e+04 1.005100000e+04 
1.018400000e+04 1.026600000e+04 
1.015200000e+04 1.055600000e+04 
1.025400000e+04 1.014300000e+04 
1.026200000e+04 1.014100000e+04 
1.039600000e+04 9.956000000e+03 
1.017900000e+04 1.036300000e+04 
1.016700000e+04 1.048800000e+04 
1.021400000e+04 1.023900000e+04 
1.014400000e+04 1.059000000e+04 
1.074100000e+04 9.894000000e+03 

1.071600000e+04 1.136300000e+04 
1.043800000e+04 1.155300000e+04 
1.061300000e+04 1.144400000e+04 
1.043800000e+04 1.155300000e+04 
1.043800000e+04 1.155300000e+04 
1.144900000e+04 1.115400000e+04 
1.163400000e+04 1.111900000e+04 
1.117000000e+04 1.123300000e+04 
1.134400000e+04 1.118200000e+04 
1.071700000e+04 1.124600000e+04 
1.092700000e+04 1.123900000e+04 
1.167000000e+04 1.108700000e+04 
1.125100000e+04 1.121400000e+04 
1.117100000e+04 1.121700000e+04 
1.051700000e+04 1.154200000e+04 
1.038600000e+04 1.163400000e+04 
1.112100000e+04 1.123800000e+04 
1.061300000e+04 1.144400000e+04 

1.065700000e+04 1.098400000e+04 
1.075200000e+04 1.095600000e+04 
1.033100000e+04 1.218200000e+04 
1.038400000e+04 1.125300000e+04 
1.046400000e+04 1.103800000e+04 
1.075100000e+04 1.097100000e+04 
1.042300000e+04 1.113400000e+04 
1.040800000e+04 1.121700000e+04 
1.053800000e+04 1.100900000e+04 
1.025100000e+04 1.236300000e+04 
1.031800000e+04 1.229500000e+04 
1.037500000e+04 1.188300000e+04 

1.208200000e+04 1.012300000e+04 
1.158800000e+04 1.029400000e+04 
1.198100000e+04 1.019100000e+04 
1.184200000e+04 1.019400000e+04 
1.181300000e+04 1.019800000e+04 
1.128000000e+04 1.083100000e+04 
1.208300000e+04 1.011400000e+04 
1.128000000e+04 1.083100000e+04 
1.147500000e+04 1.032000000e+04 
1.137300000e+04 1.064000000e+04 
1.125300000e+04 1.084200000e+04 
1.139600000e+04 1.048500000e+04 

1.107500000e+04 1.009300000e+04 
1.072800000e+04 1.045600000e+04 
1.073100000e+04 1.036000000e+04 
1.104500000e+04 1.013500000e+04 
1.092200000e+04 1.030200000e+04 
1.084100000e+04 1.035100000e+04 
1.093000000e+04 1.025000000e+04 
1.101000000e+04 1.016200000e+04 
1.059200000e+04 1.125400000e+04 
1.110400000e+04 1.005300000e+04 

1.094400000e+04 9.987000000e+03 
1.102200000e+04 9.891000000e+03 
1.057500000e+04 1.046400000e+04 
1.080800000e+04 1.005800000e+04 
1.070800000e+04 1.025200000e+04 
1.060800000e+04 1.034600000e+04 
1.070800000e+04 1.025200000e+04 
1.083300000e+04 1.001300000e+04 
1.065400000e+04 1.034300000e+04 
1.069800000e+04 1.029200000e+04 
1.079800000e+04 1.010900000e+04 

1.028500000e+04 1.095700000e+04 
1.015700000e+04 1.146900000e+04 
1.056800000e+04 1.050300000e+04 
1.035500000e+04 1.084800000e+04 
1.019200000e+04 1.130700000e+04 
1.038600000e+04 1.078300000e+04 
1.041300000e+04 1.062800000e+04 
1.007000000e+04 1.152100000e+04 
1.007000000e+04 1.152100000e+04 
1.123200000e+04 1.049000000e+04 
1.020800000e+04 1.114500000e+04 

1.110700000e+04 1.066200000e+04 
1.117100000e+04 1.049700000e+04 
1.123600000e+04 1.048400000e+04 
1.097300000e+04 1.081500000e+04 
1.103100000e+04 1.070200000e+04 
1.115300000e+04 1.064700000e+04 
1.116300000e+04 1.061600000e+04 

1.023700000e+04 1.141100000e+04 
1.050400000e+04 1.073400000e+04 
1.039900000e+04 1.106500000e+04 
1.050200000e+04 1.076800000e+04 
1.025300000e+04 1.138600000e+04 
1.036200000e+04 1.113100000e+04 

1.057700000e+04 1.116100000e+04 
1.072900000e+04 1.060400000e+04 
1.065000000e+04 1.075800000e+04 
1.063800000e+04 1.105500000e+04 
1.079300000e+04 1.060300000e+04 
1.085200000e+04 1.060100000e+04 
1.060300000e+04 1.116000000e+04 
1.067900000e+04 1.070500000e+04 
1.065400000e+04 1.072600000e+04 
1.119400000e+04 1.056000000e+04 
1.064200000e+04 1.089600000e+04 
1.114700000e+04 1.056900000e+04 
1.096200000e+04 1.058400000e+04 
1.069800000e+04 1.066200000e+04 
1.056600000e+04 1.119600000e+04 

1.055700000e+04 1.038700000e+04 
1.115200000e+04 1.021900000e+04 
1.040200000e+04 1.067300000e+04 
1.121900000e+04 1.009800000e+04 
1.101000000e+04 1.026500000e+04 
1.046600000e+04 1.041800000e+04 
1.059200000e+04 1.028200000e+04 
1.025400000e+04 1.094100000e+04 
1.055700000e+04 1.038700000e+04 

1.117600000e+04 1.026300000e+04 
1.073700000e+04 1.105500000e+04 
1.090700000e+04 1.030900000e+04 
1.121300000e+04 1.021500000e+04 
1.136700000e+04 1.018900000e+04 
1.090700000e+04 1.030900000e+04 
1.070400000e+04 1.108800000e+04 
1.074800000e+04 1.041300000e+04 
1.119500000e+04 1.025500000e+04 
1.105100000e+04 1.027900000e+04 

1.113300000e+04 1.017500000e+04 
1.060400000e+04 1.036300000e+04 
1.115100000e+04 1.015100000e+04 
1.059400000e+04 1.042100000e+04 
1.066400000e+04 1.022400000e+04 
1.085400000e+04 1.022300000e+04 
1.097100000e+04 1.018800000e+04 

