1.015500000e+04 1.034800000e+04 
1.105500000e+04 1.002200000e+04 
1.068900000e+04 1.015000000e+04 
1.033000000e+04 1.021500000e+04 
1.097300000e+04 1.005500000e+04 
1.032300000e+04 1.030500000e+04 
1.068900000e+04 1.015000000e+04 
1.029000000e+04 1.032400000e+04 
1.015200000e+04 1.046300000e+04 
1.075500000e+04 1.008100000e+04 
1.056900000e+04 1.020700000e+04 
1.015100000e+04 1.059500000e+04 
1.105300000e+04 1.003200000e+04 

1.038500000e+04 1.046800000e+04 
1.077900000e+04 1.042600000e+04 
1.004700000e+04 1.131900000e+04 
1.005100000e+04 1.118800000e+04 
1.009800000e+04 1.063100000e+04 

1.057800000e+04 1.128700000e+04 
1.107300000e+04 1.057400000e+04 
1.092600000e+04 1.093900000e+04 
1.107000000e+04 1.072700000e+04 
1.063100000e+04 1.124400000e+04 
1.072300000e+04 1.107800000e+04 
1.088000000e+04 1.103400000e+04 
1.102900000e+04 1.079100000e+04 
1.070000000e+04 1.109900000e+04 
1.071600000e+04 1.109200000e+04 
1.063200000e+04 1.119500000e+04 
1.066600000e+04 1.114300000e+04 

1.089100000e+04 1.093200000e+04 
1.128000000e+04 1.067900000e+04 
1.149800000e+04 1.063500000e+04 
1.120500000e+04 1.074000000e+04 
1.095500000e+04 1.081000000e+04 
1.081700000e+04 1.131000000e+04 
1.093700000e+04 1.089900000e+04 
1.086600000e+04 1.097800000e+04 
1.113400000e+04 1.076000000e+04 
1.085300000e+04 1.111100000e+04 
1.140200000e+04 1.065300000e+04 

1.084000000e+04 9.529000000e+03 
1.065000000e+04 9.837000000e+03 
1.053800000e+04 9.991000000e+03 
1.063800000e+04 9.955000000e+03 
1.085500000e+04 9.390000000e+03 
1.074400000e+04 9.563000000e+03 
1.066200000e+04 9.671000000e+03 

1.034900000e+04 1.012200000e+04 
1.018700000e+04 1.047300000e+04 
1.027300000e+04 1.020200000e+04 
1.048200000e+04 1.003300000e+04 

1.096400000e+04 1.027100000e+04 
1.042900000e+04 1.096800000e+04 
1.073700000e+04 1.045900000e+04 
1.053800000e+04 1.074200000e+04 
1.059700000e+04 1.058700000e+04 
1.053800000e+04 1.074200000e+04 
1.068600000e+04 1.048500000e+04 
1.077700000e+04 1.044300000e+04 
1.089400000e+04 1.032200000e+04 
1.060800000e+04 1.054300000e+04 
1.042900000e+04 1.096800000e+04 
1.056500000e+04 1.072200000e+04 
1.081300000e+04 1.033000000e+04 
1.039700000e+04 1.116900000e+04 
1.067000000e+04 1.050800000e+04 
1.022800000e+04 1.140600000e+04 
1.048400000e+04 1.077100000e+04 

1.064100000e+04 1.063400000e+04 
1.022300000e+04 1.122600000e+04 
1.050000000e+04 1.063500000e+04 
1.045800000e+04 1.090800000e+04 
1.035700000e+04 1.103100000e+04 
1.070600000e+04 1.056400000e+04 
1.022500000e+04 1.103500000e+04 
1.073900000e+04 1.055300000e+04 
1.049400000e+04 1.089800000e+04 

1.151400000e+04 1.020500000e+04 
1.089000000e+04 1.045200000e+04 
1.062800000e+04 1.073700000e+04 
1.106000000e+04 1.036700000e+04 
1.087400000e+04 1.050400000e+04 
1.117500000e+04 1.034500000e+04 
1.119200000e+04 1.028100000e+04 
1.123600000e+04 1.026800000e+04 
1.075000000e+04 1.052600000e+04 
1.121300000e+04 1.027300000e+04 
1.093600000e+04 1.037700000e+04 

1.026700000e+04 1.047500000e+04 
1.067100000e+04 1.012900000e+04 
1.033800000e+04 1.036500000e+04 
1.084100000e+04 1.006500000e+04 
1.032400000e+04 1.045900000e+04 
1.052600000e+04 1.021000000e+04 
1.033800000e+04 1.036500000e+04 
1.055500000e+04 1.016200000e+04 
1.074600000e+04 1.009700000e+04 
1.065100000e+04 1.014700000e+04 
1.095700000e+04 1.001200000e+04 
1.032400000e+04 1.045900000e+04 
1.091800000e+04 1.004900000e+04 
1.061600000e+04 1.015500000e+04 
1.037900000e+04 1.024900000e+04 
1.095800000e+04 9.988000000e+03 
1.046600000e+04 1.021400000e+04 
1.074500000e+04 1.011500000e+04 
1.033700000e+04 1.043800000e+04 
1.029000000e+04 1.046800000e+04 

1.125700000e+04 1.056200000e+04 
1.073600000e+04 1.116600000e+04 
1.068500000e+04 1.126600000e+04 
1.101400000e+04 1.073500000e+04 
1.083500000e+04 1.106900000e+04 
1.215700000e+04 1.043400000e+04 
1.177200000e+04 1.047000000e+04 
1.104200000e+04 1.065000000e+04 
1.087700000e+04 1.094100000e+04 
1.186300000e+04 1.046300000e+04 
1.082400000e+04 1.113100000e+04 
1.096800000e+04 1.079700000e+04 
1.133500000e+04 1.050100000e+04 
1.092800000e+04 1.090900000e+04 
1.084700000e+04 1.101800000e+04 

1.037300000e+04 1.068100000e+04 
1.012900000e+04 1.090900000e+04 
9.941000000e+03 1.130000000e+04 
9.996000000e+03 1.110700000e+04 
1.001600000e+04 1.102500000e+04 
9.985000000e+03 1.112300000e+04 
1.001100000e+04 1.106600000e+04 
1.001700000e+04 1.100100000e+04 
9.883000000e+03 1.136100000e+04 
1.048000000e+04 1.042000000e+04 
1.019800000e+04 1.071600000e+04 
1.032000000e+04 1.070200000e+04 

1.075000000e+04 1.023100000e+04 
1.041900000e+04 1.041000000e+04 
1.038500000e+04 1.065100000e+04 
1.075000000e+04 1.023100000e+04 
1.057600000e+04 1.026700000e+04 
1.091600000e+04 1.018900000e+04 
1.054600000e+04 1.036300000e+04 
1.091900000e+04 1.017900000e+04 

9.503000000e+03 1.191700000e+04 
1.018500000e+04 1.103200000e+04 
9.733000000e+03 1.126000000e+04 
9.737000000e+03 1.121900000e+04 
9.731000000e+03 1.152100000e+04 
9.880000000e+03 1.116700000e+04 
9.683000000e+03 1.159600000e+04 
1.018700000e+04 1.094800000e+04 
9.894000000e+03 1.106300000e+04 
1.018900000e+04 1.083900000e+04 
1.050400000e+04 1.065800000e+04 

1.071400000e+04 1.044700000e+04 
1.073800000e+04 1.040900000e+04 
1.105800000e+04 1.035100000e+04 
1.090900000e+04 1.039000000e+04 
1.113000000e+04 1.021700000e+04 
1.017200000e+04 1.094400000e+04 
1.063300000e+04 1.049400000e+04 
1.024300000e+04 1.059600000e+04 
1.054400000e+04 1.050300000e+04 
1.090900000e+04 1.039000000e+04 

1.084100000e+04 1.101500000e+04 
1.156400000e+04 1.069100000e+04 
1.107300000e+04 1.069700000e+04 
1.105500000e+04 1.079800000e+04 
1.086500000e+04 1.082500000e+04 

1.066700000e+04 1.086800000e+04 
1.067200000e+04 1.082100000e+04 
1.025500000e+04 1.107300000e+04 
1.025100000e+04 1.188100000e+04 
1.050600000e+04 1.087500000e+04 
1.037800000e+04 1.090000000e+04 
1.047200000e+04 1.088700000e+04 

1.031300000e+04 9.951000000e+03 
1.074100000e+04 9.894000000e+03 
1.018400000e+04 1.026600000e+04 
1.074500000e+04 9.872000000e+03 
1.025400000e+04 1.014300000e+04 
1.026200000e+04 1.014100000e+04 
1.010900000e+04 1.058500000e+04 
1.017900000e+04 1.036300000e+04 
1.030200000e+04 1.013600000e+04 
1.021400000e+04 1.023900000e+04 
1.023800000e+04 1.018700000e+04 
1.030700000e+04 1.005100000e+04 
1.013000000e+04 1.044700000e+04 
1.012000000e+04 1.050600000e+04 

1.134000000e+04 1.114400000e+04 
1.068000000e+04 1.142400000e+04 
1.061300000e+04 1.144400000e+04 
1.038600000e+04 1.163400000e+04 
1.167000000e+04 1.108700000e+04 
1.061300000e+04 1.144400000e+04 
1.076200000e+04 1.118800000e+04 
1.120300000e+04 1.117800000e+04 
1.141600000e+04 1.111900000e+04 
1.038800000e+04 1.152800000e+04 
1.069000000e+04 1.122000000e+04 
1.059000000e+04 1.146800000e+04 

1.021800000e+04 1.140400000e+04 
1.040800000e+04 1.121700000e+04 
1.053800000e+04 1.100900000e+04 
1.038400000e+04 1.125300000e+04 
1.046400000e+04 1.103800000e+04 
1.053900000e+04 1.092900000e+04 
1.041100000e+04 1.112900000e+04 

1.208200000e+04 1.012300000e+04 
1.140900000e+04 1.042600000e+04 
1.145400000e+04 1.033600000e+04 
1.184200000e+04 1.019400000e+04 
1.181300000e+04 1.019800000e+04 
1.128000000e+04 1.083100000e+04 
1.208300000e+04 1.011400000e+04 
1.128000000e+04 1.083100000e+04 
1.147500000e+04 1.032000000e+04 
1.189100000e+04 1.015400000e+04 
1.125300000e+04 1.084200000e+04 
1.139600000e+04 1.048500000e+04 
1.136600000e+04 1.055800000e+04 
1.154700000e+04 1.026600000e+04 
1.130400000e+04 1.075300000e+04 

1.059200000e+04 1.125400000e+04 
1.072800000e+04 1.045600000e+04 
1.073100000e+04 1.036000000e+04 
1.079900000e+04 1.004600000e+04 
1.068400000e+04 1.060800000e+04 
1.067600000e+04 1.066100000e+04 

1.094400000e+04 9.987000000e+03 
1.053000000e+04 1.094900000e+04 
1.077100000e+04 1.013700000e+04 
1.080800000e+04 1.005800000e+04 
1.086100000e+04 1.000300000e+04 
1.060800000e+04 1.034600000e+04 
1.059400000e+04 1.044400000e+04 
1.083300000e+04 1.001300000e+04 
1.065400000e+04 1.034300000e+04 
1.095800000e+04 9.860000000e+03 
1.079800000e+04 1.010900000e+04 
1.075400000e+04 1.015100000e+04 
1.054500000e+04 1.046100000e+04 
1.069700000e+04 1.021700000e+04 

1.007000000e+04 1.152100000e+04 
9.928000000e+03 1.154900000e+04 
1.056800000e+04 1.050300000e+04 
1.035500000e+04 1.084800000e+04 
1.123200000e+04 1.049000000e+04 
1.038600000e+04 1.078300000e+04 
1.041300000e+04 1.062800000e+04 
1.007000000e+04 1.152100000e+04 
1.018000000e+04 1.088500000e+04 
1.007000000e+04 1.152100000e+04 
1.010200000e+04 1.129300000e+04 
1.007100000e+04 1.142000000e+04 
1.016700000e+04 1.090500000e+04 

1.124500000e+04 1.038500000e+04 
1.117100000e+04 1.049700000e+04 
1.123600000e+04 1.048400000e+04 
1.090500000e+04 1.054500000e+04 

1.023700000e+04 1.141100000e+04 
1.050400000e+04 1.073400000e+04 
1.049200000e+04 1.076300000e+04 
1.022900000e+04 1.148100000e+04 
1.025300000e+04 1.138600000e+04 
1.033800000e+04 1.097700000e+04 
1.031800000e+04 1.131900000e+04 
1.023100000e+04 1.142900000e+04 

1.050000000e+04 1.086200000e+04 
1.096200000e+04 1.058400000e+04 
1.103100000e+04 1.050700000e+04 
1.065000000e+04 1.060000000e+04 
1.061700000e+04 1.079800000e+04 
1.120700000e+04 1.049500000e+04 

1.091200000e+04 1.025100000e+04 
1.115200000e+04 1.021900000e+04 
1.036600000e+04 1.043700000e+04 
1.121900000e+04 1.009800000e+04 
1.058100000e+04 1.031500000e+04 
1.046600000e+04 1.041800000e+04 
1.059200000e+04 1.028200000e+04 
1.025400000e+04 1.094100000e+04 
1.047200000e+04 1.033700000e+04 
1.106300000e+04 1.024800000e+04 
1.121200000e+04 1.016500000e+04 
1.031700000e+04 1.086400000e+04 

1.105100000e+04 1.027900000e+04 
1.119900000e+04 1.021400000e+04 
1.090700000e+04 1.030900000e+04 
1.090500000e+04 1.037000000e+04 
1.136700000e+04 1.018900000e+04 
1.090700000e+04 1.030900000e+04 
1.070400000e+04 1.108800000e+04 
1.074800000e+04 1.041300000e+04 
1.116700000e+04 1.023200000e+04 
1.113300000e+04 1.023400000e+04 
1.068800000e+04 1.122600000e+04 
1.072500000e+04 1.089500000e+04 

1.066400000e+04 1.022400000e+04 
1.060400000e+04 1.036300000e+04 
1.115100000e+04 1.015100000e+04 
1.059400000e+04 1.042100000e+04 
1.073800000e+04 1.016000000e+04 
1.055000000e+04 1.055500000e+04 

