9.248000000e+03 9.638000000e+03 
9.365000000e+03 9.438000000e+03 
9.462000000e+03 9.394000000e+03 
9.288000000e+03 9.595000000e+03 
9.248000000e+03 9.638000000e+03 
9.397000000e+03 9.399000000e+03 
9.927000000e+03 9.206000000e+03 
9.656000000e+03 9.228000000e+03 
9.211000000e+03 9.662000000e+03 
9.311000000e+03 9.477000000e+03 
9.285000000e+03 9.630000000e+03 
9.638000000e+03 9.277000000e+03 
9.543000000e+03 9.280000000e+03 
9.907000000e+03 9.217000000e+03 
9.293000000e+03 9.558000000e+03 
9.953000000e+03 9.204000000e+03 
9.363000000e+03 9.462000000e+03 

9.861000000e+03 9.467000000e+03 
9.856000000e+03 9.471000000e+03 
9.856000000e+03 9.471000000e+03 
9.488000000e+03 9.693000000e+03 
9.391000000e+03 9.883000000e+03 
9.396000000e+03 9.746000000e+03 
9.823000000e+03 9.534000000e+03 
9.856000000e+03 9.471000000e+03 
9.513000000e+03 9.673000000e+03 
9.856000000e+03 9.471000000e+03 
9.193000000e+03 9.955000000e+03 
9.520000000e+03 9.605000000e+03 
9.707000000e+03 9.579000000e+03 
9.724000000e+03 9.569000000e+03 
9.488000000e+03 9.693000000e+03 

9.786000000e+03 9.863000000e+03 
9.712000000e+03 9.899000000e+03 
9.773000000e+03 9.889000000e+03 
9.562000000e+03 9.965000000e+03 
9.852000000e+03 9.761000000e+03 
9.902000000e+03 9.726000000e+03 

1.020000000e+04 1.014200000e+04 
1.024500000e+04 1.006900000e+04 
1.078100000e+04 9.897000000e+03 
1.031700000e+04 1.005600000e+04 
1.034100000e+04 1.003700000e+04 
1.004300000e+04 1.049700000e+04 
1.037200000e+04 1.001200000e+04 
1.071300000e+04 9.899000000e+03 
1.071300000e+04 9.899000000e+03 
1.031700000e+04 1.005600000e+04 
1.041600000e+04 9.945000000e+03 
1.010300000e+04 1.028900000e+04 
1.013700000e+04 1.019500000e+04 
1.044900000e+04 9.925000000e+03 
1.002100000e+04 1.078100000e+04 
1.084000000e+04 9.830000000e+03 

9.890000000e+03 8.993000000e+03 
1.022900000e+04 8.695000000e+03 
1.001600000e+04 8.840000000e+03 
9.776000000e+03 9.650000000e+03 
9.981000000e+03 8.869000000e+03 
1.029400000e+04 8.655000000e+03 
9.865000000e+03 9.108000000e+03 
9.999000000e+03 8.846000000e+03 
1.009000000e+04 8.808000000e+03 
9.927000000e+03 8.885000000e+03 
1.028500000e+04 8.694000000e+03 
1.022100000e+04 8.718000000e+03 
1.022700000e+04 8.702000000e+03 
9.794000000e+03 9.452000000e+03 
9.808000000e+03 9.147000000e+03 
9.744000000e+03 9.820000000e+03 
1.011200000e+04 8.721000000e+03 
9.890000000e+03 8.993000000e+03 
1.003400000e+04 8.825000000e+03 

9.080000000e+03 9.398000000e+03 
9.132000000e+03 9.389000000e+03 
9.325000000e+03 9.282000000e+03 
9.325000000e+03 9.282000000e+03 
9.195000000e+03 9.289000000e+03 
8.980000000e+03 9.547000000e+03 

1.016500000e+04 9.552000000e+03 
1.022500000e+04 9.505000000e+03 
9.514000000e+03 1.004600000e+04 
9.275000000e+03 1.043300000e+04 
9.943000000e+03 9.657000000e+03 
9.603000000e+03 9.874000000e+03 
1.022500000e+04 9.505000000e+03 
9.715000000e+03 9.733000000e+03 
9.682000000e+03 9.802000000e+03 
9.535000000e+03 9.999000000e+03 
9.809000000e+03 9.722000000e+03 
9.412000000e+03 1.008400000e+04 
1.020200000e+04 9.518000000e+03 
1.016500000e+04 9.552000000e+03 
9.575000000e+03 9.967000000e+03 
1.025700000e+04 9.494000000e+03 
1.021600000e+04 9.507000000e+03 
9.662000000e+03 9.847000000e+03 
9.347000000e+03 1.008700000e+04 
9.978000000e+03 9.557000000e+03 

9.849000000e+03 9.660000000e+03 
9.974000000e+03 9.523000000e+03 
9.118000000e+03 1.006200000e+04 
9.643000000e+03 9.671000000e+03 
9.279000000e+03 9.675000000e+03 
9.251000000e+03 9.982000000e+03 

9.600000000e+03 9.716000000e+03 
9.493000000e+03 9.840000000e+03 
9.629000000e+03 9.536000000e+03 
9.962000000e+03 9.451000000e+03 
9.504000000e+03 9.748000000e+03 
9.557000000e+03 9.745000000e+03 
9.966000000e+03 9.408000000e+03 

9.420000000e+03 9.529000000e+03 
1.007600000e+04 9.004000000e+03 
9.434000000e+03 9.414000000e+03 
9.738000000e+03 9.130000000e+03 
9.501000000e+03 9.402000000e+03 
1.024800000e+04 8.985000000e+03 
9.293000000e+03 9.729000000e+03 
9.355000000e+03 9.666000000e+03 
9.584000000e+03 9.262000000e+03 
9.487000000e+03 9.403000000e+03 
9.309000000e+03 9.713000000e+03 
9.923000000e+03 9.021000000e+03 
9.504000000e+03 9.373000000e+03 
9.668000000e+03 9.214000000e+03 
9.399000000e+03 9.538000000e+03 
9.880000000e+03 9.110000000e+03 
9.592000000e+03 9.240000000e+03 
9.822000000e+03 9.119000000e+03 
1.007600000e+04 9.004000000e+03 
9.611000000e+03 9.239000000e+03 

1.051600000e+04 9.666000000e+03 
1.019100000e+04 9.883000000e+03 
1.023500000e+04 9.840000000e+03 
1.010900000e+04 9.888000000e+03 
1.006100000e+04 1.003200000e+04 
1.006700000e+04 9.981000000e+03 
1.027500000e+04 9.812000000e+03 
9.960000000e+03 1.012700000e+04 
1.005200000e+04 1.006700000e+04 
1.022800000e+04 9.878000000e+03 
1.083800000e+04 9.645000000e+03 
1.027500000e+04 9.812000000e+03 
1.037500000e+04 9.755000000e+03 
1.033100000e+04 9.803000000e+03 
9.960000000e+03 1.012700000e+04 
1.041900000e+04 9.752000000e+03 
1.004400000e+04 1.007900000e+04 
1.044200000e+04 9.668000000e+03 
1.068500000e+04 9.649000000e+03 
1.003900000e+04 1.012200000e+04 
1.022900000e+04 9.873000000e+03 
1.034900000e+04 9.781000000e+03 
1.024500000e+04 9.813000000e+03 

9.637000000e+03 9.795000000e+03 
9.296000000e+03 9.905000000e+03 
9.592000000e+03 9.799000000e+03 
9.980000000e+03 9.769000000e+03 
9.126000000e+03 1.050600000e+04 
9.234000000e+03 9.958000000e+03 
9.094000000e+03 1.054600000e+04 
9.166000000e+03 1.037300000e+04 
9.152000000e+03 1.050200000e+04 
9.222000000e+03 1.010200000e+04 
9.471000000e+03 9.812000000e+03 
9.793000000e+03 9.785000000e+03 
9.174000000e+03 1.029100000e+04 
9.300000000e+03 9.880000000e+03 
9.375000000e+03 9.844000000e+03 
9.227000000e+03 9.993000000e+03 

9.655000000e+03 9.507000000e+03 
9.818000000e+03 9.428000000e+03 
9.316000000e+03 9.758000000e+03 
9.649000000e+03 9.551000000e+03 
1.020800000e+04 9.326000000e+03 
9.551000000e+03 9.623000000e+03 
9.586000000e+03 9.566000000e+03 
9.879000000e+03 9.419000000e+03 
9.577000000e+03 9.569000000e+03 
9.959000000e+03 9.358000000e+03 
9.560000000e+03 9.617000000e+03 
9.786000000e+03 9.477000000e+03 
9.914000000e+03 9.410000000e+03 
9.413000000e+03 9.751000000e+03 
9.744000000e+03 9.494000000e+03 
1.014400000e+04 9.341000000e+03 
9.420000000e+03 9.663000000e+03 
9.589000000e+03 9.560000000e+03 

8.939000000e+03 1.028900000e+04 
9.722000000e+03 9.924000000e+03 
8.792000000e+03 1.048000000e+04 
9.131000000e+03 1.005400000e+04 
9.036000000e+03 1.010800000e+04 
8.792000000e+03 1.048000000e+04 
9.484000000e+03 9.949000000e+03 
8.893000000e+03 1.031400000e+04 
9.251000000e+03 9.951000000e+03 
9.109000000e+03 1.010000000e+04 
8.846000000e+03 1.046000000e+04 
9.131000000e+03 1.005400000e+04 
9.016000000e+03 1.020500000e+04 
8.984000000e+03 1.025800000e+04 
9.674000000e+03 9.941000000e+03 

9.756000000e+03 9.392000000e+03 
9.729000000e+03 9.465000000e+03 
9.729000000e+03 9.465000000e+03 
9.578000000e+03 9.725000000e+03 
9.737000000e+03 9.446000000e+03 
9.620000000e+03 9.592000000e+03 
9.466000000e+03 9.800000000e+03 
9.572000000e+03 9.798000000e+03 
1.006100000e+04 9.250000000e+03 
9.670000000e+03 9.485000000e+03 
9.581000000e+03 9.714000000e+03 
9.905000000e+03 9.283000000e+03 

1.012300000e+04 1.012700000e+04 
1.014800000e+04 1.011400000e+04 
1.028100000e+04 9.896000000e+03 
1.046900000e+04 9.578000000e+03 
1.016700000e+04 1.003500000e+04 
1.009100000e+04 1.015100000e+04 
1.029500000e+04 9.863000000e+03 
1.020700000e+04 9.930000000e+03 
1.028100000e+04 9.896000000e+03 
1.035200000e+04 9.857000000e+03 
1.036200000e+04 9.850000000e+03 
1.025000000e+04 9.904000000e+03 
1.036400000e+04 9.639000000e+03 

9.161000000e+03 1.049200000e+04 
9.087000000e+03 1.072100000e+04 
9.069000000e+03 1.072300000e+04 
9.298000000e+03 1.038500000e+04 
9.455000000e+03 1.011600000e+04 
9.742000000e+03 1.009900000e+04 
9.748000000e+03 1.006600000e+04 
9.236000000e+03 1.041800000e+04 
9.795000000e+03 1.000700000e+04 
9.144000000e+03 1.069700000e+04 
9.760000000e+03 1.005000000e+04 
9.274000000e+03 1.038800000e+04 
9.319000000e+03 1.019400000e+04 
9.161000000e+03 1.049200000e+04 
9.144000000e+03 1.069700000e+04 
9.900000000e+03 9.947000000e+03 
9.950000000e+03 9.934000000e+03 
9.307000000e+03 1.035900000e+04 
9.874000000e+03 9.955000000e+03 
9.813000000e+03 9.983000000e+03 
9.602000000e+03 1.010400000e+04 

9.116000000e+03 9.298000000e+03 
9.594000000e+03 8.976000000e+03 
9.327000000e+03 9.101000000e+03 
9.772000000e+03 8.892000000e+03 
9.157000000e+03 9.251000000e+03 
9.133000000e+03 9.288000000e+03 
9.292000000e+03 9.121000000e+03 
9.732000000e+03 8.902000000e+03 
9.208000000e+03 9.236000000e+03 
9.081000000e+03 9.421000000e+03 
9.373000000e+03 9.085000000e+03 
9.504000000e+03 9.010000000e+03 
9.373000000e+03 9.085000000e+03 
9.116000000e+03 9.298000000e+03 
9.213000000e+03 9.151000000e+03 
9.557000000e+03 8.988000000e+03 
9.729000000e+03 8.970000000e+03 

9.403000000e+03 1.036800000e+04 
9.541000000e+03 1.024800000e+04 
9.665000000e+03 1.009900000e+04 
9.383000000e+03 1.051800000e+04 
9.563000000e+03 1.012500000e+04 
9.737000000e+03 1.008100000e+04 
9.511000000e+03 1.027400000e+04 
9.468000000e+03 1.034100000e+04 
9.549000000e+03 1.023800000e+04 
9.765000000e+03 1.006100000e+04 
9.400000000e+03 1.049800000e+04 

9.449000000e+03 1.059100000e+04 
9.433000000e+03 1.059200000e+04 
9.684000000e+03 1.020100000e+04 
9.838000000e+03 9.984000000e+03 
9.982000000e+03 9.929000000e+03 
9.812000000e+03 1.000600000e+04 
9.818000000e+03 9.990000000e+03 
9.405000000e+03 1.067800000e+04 
9.585000000e+03 1.022100000e+04 
9.547000000e+03 1.035300000e+04 
9.734000000e+03 1.002700000e+04 
9.703000000e+03 1.013800000e+04 
9.406000000e+03 1.062000000e+04 
9.653000000e+03 1.020500000e+04 
9.475000000e+03 1.037300000e+04 
9.405000000e+03 1.067800000e+04 
9.594000000e+03 1.021800000e+04 
9.405000000e+03 1.067800000e+04 

1.049100000e+04 9.485000000e+03 
1.068600000e+04 9.317000000e+03 
1.055900000e+04 9.393000000e+03 
1.098500000e+04 9.269000000e+03 
1.086300000e+04 9.297000000e+03 
1.048600000e+04 9.493000000e+03 
1.072100000e+04 9.304000000e+03 
1.063700000e+04 9.332000000e+03 
1.045800000e+04 9.558000000e+03 
1.021900000e+04 9.638000000e+03 
1.063700000e+04 9.332000000e+03 
1.086300000e+04 9.297000000e+03 
1.086300000e+04 9.297000000e+03 
1.020700000e+04 9.672000000e+03 
1.029600000e+04 9.571000000e+03 
1.019200000e+04 9.797000000e+03 

1.006600000e+04 9.346000000e+03 
1.006600000e+04 9.346000000e+03 
9.734000000e+03 9.876000000e+03 
1.060600000e+04 9.341000000e+03 
9.755000000e+03 9.764000000e+03 
1.002100000e+04 9.356000000e+03 
9.691000000e+03 9.916000000e+03 
9.775000000e+03 9.389000000e+03 

9.925000000e+03 9.127000000e+03 
9.627000000e+03 9.427000000e+03 
9.811000000e+03 9.233000000e+03 
9.756000000e+03 9.269000000e+03 
9.778000000e+03 9.266000000e+03 
9.778000000e+03 9.266000000e+03 
9.891000000e+03 9.219000000e+03 
9.508000000e+03 9.559000000e+03 
9.891000000e+03 9.219000000e+03 
1.011500000e+04 9.118000000e+03 
9.541000000e+03 9.438000000e+03 
9.812000000e+03 9.223000000e+03 
9.681000000e+03 9.409000000e+03 
9.892000000e+03 9.218000000e+03 
1.018400000e+04 9.056000000e+03 
9.627000000e+03 9.427000000e+03 
9.726000000e+03 9.281000000e+03 
9.355000000e+03 9.620000000e+03 
1.012500000e+04 9.116000000e+03 
9.778000000e+03 9.266000000e+03 
9.714000000e+03 9.314000000e+03 
1.017400000e+04 9.069000000e+03 

9.962000000e+03 9.699000000e+03 
1.005000000e+04 9.629000000e+03 
9.336000000e+03 1.035100000e+04 
9.641000000e+03 9.732000000e+03 
9.527000000e+03 9.847000000e+03 
1.017300000e+04 9.573000000e+03 
9.583000000e+03 9.789000000e+03 
9.403000000e+03 9.919000000e+03 
1.013000000e+04 9.583000000e+03 
9.355000000e+03 1.026100000e+04 
9.960000000e+03 9.720000000e+03 
9.404000000e+03 9.848000000e+03 
9.355000000e+03 1.026100000e+04 
9.973000000e+03 9.642000000e+03 
9.573000000e+03 9.814000000e+03 
9.336000000e+03 1.035100000e+04 

1.018900000e+04 9.526000000e+03 
9.879000000e+03 1.000800000e+04 
9.936000000e+03 9.705000000e+03 
1.023500000e+04 9.453000000e+03 
9.956000000e+03 9.636000000e+03 
9.926000000e+03 9.719000000e+03 
1.004300000e+04 9.531000000e+03 
9.888000000e+03 9.771000000e+03 
9.906000000e+03 9.741000000e+03 
9.944000000e+03 9.658000000e+03 
9.926000000e+03 9.719000000e+03 
9.879000000e+03 1.000800000e+04 
9.903000000e+03 9.743000000e+03 
9.977000000e+03 9.556000000e+03 
9.847000000e+03 1.001100000e+04 

9.685000000e+03 9.871000000e+03 
9.463000000e+03 1.004100000e+04 
9.332000000e+03 1.023800000e+04 
9.368000000e+03 1.014600000e+04 
9.561000000e+03 1.001900000e+04 
9.655000000e+03 9.944000000e+03 
9.784000000e+03 9.822000000e+03 
9.627000000e+03 9.975000000e+03 
9.627000000e+03 9.975000000e+03 
9.663000000e+03 9.943000000e+03 

1.006000000e+04 9.674000000e+03 
9.875000000e+03 9.779000000e+03 
9.784000000e+03 9.935000000e+03 
9.772000000e+03 9.943000000e+03 
9.920000000e+03 9.730000000e+03 
1.031500000e+04 9.639000000e+03 
9.849000000e+03 9.924000000e+03 
9.750000000e+03 1.001600000e+04 
1.042900000e+04 9.601000000e+03 
9.723000000e+03 1.005000000e+04 
9.858000000e+03 9.829000000e+03 
9.692000000e+03 1.022000000e+04 
1.002300000e+04 9.691000000e+03 
9.940000000e+03 9.717000000e+03 

9.442000000e+03 9.299000000e+03 
9.645000000e+03 9.220000000e+03 
9.231000000e+03 9.666000000e+03 
9.503000000e+03 9.251000000e+03 
9.296000000e+03 9.606000000e+03 
9.716000000e+03 9.152000000e+03 
9.419000000e+03 9.398000000e+03 
9.603000000e+03 9.249000000e+03 
9.716000000e+03 9.152000000e+03 
9.371000000e+03 9.433000000e+03 

9.801000000e+03 9.304000000e+03 
1.020200000e+04 9.097000000e+03 
9.771000000e+03 9.747000000e+03 
1.038800000e+04 9.051000000e+03 
9.794000000e+03 9.654000000e+03 
1.016800000e+04 9.168000000e+03 
1.012500000e+04 9.189000000e+03 
1.022400000e+04 9.088000000e+03 
1.017500000e+04 9.160000000e+03 
1.022400000e+04 9.088000000e+03 
1.017500000e+04 9.160000000e+03 
9.923000000e+03 9.212000000e+03 
1.022400000e+04 9.088000000e+03 

9.700000000e+03 9.426000000e+03 
9.933000000e+03 9.204000000e+03 
9.676000000e+03 9.493000000e+03 
1.002500000e+04 9.170000000e+03 
9.745000000e+03 9.424000000e+03 
9.842000000e+03 9.233000000e+03 
9.933000000e+03 9.204000000e+03 
9.901000000e+03 9.209000000e+03 
9.746000000e+03 9.279000000e+03 

