9.612000000e+03 9.031000000e+03 
9.365000000e+03 9.088000000e+03 
9.160000000e+03 9.258000000e+03 
9.596000000e+03 9.038000000e+03 
9.172000000e+03 9.230000000e+03 
9.369000000e+03 9.082000000e+03 
9.162000000e+03 9.235000000e+03 
9.829000000e+03 8.936000000e+03 
9.566000000e+03 9.051000000e+03 
9.162000000e+03 9.235000000e+03 
9.996000000e+03 8.930000000e+03 
9.414000000e+03 9.061000000e+03 
9.185000000e+03 9.167000000e+03 
9.064000000e+03 9.263000000e+03 
1.001500000e+04 8.924000000e+03 
9.049000000e+03 9.364000000e+03 
9.049000000e+03 9.364000000e+03 
9.671000000e+03 8.943000000e+03 
9.264000000e+03 9.113000000e+03 

9.583000000e+03 9.325000000e+03 
8.975000000e+03 9.897000000e+03 
9.848000000e+03 9.216000000e+03 
9.793000000e+03 9.219000000e+03 
9.739000000e+03 9.266000000e+03 
9.624000000e+03 9.270000000e+03 
9.158000000e+03 9.611000000e+03 
9.401000000e+03 9.333000000e+03 
9.835000000e+03 9.217000000e+03 
8.975000000e+03 9.897000000e+03 
9.370000000e+03 9.362000000e+03 
9.041000000e+03 9.642000000e+03 
9.038000000e+03 9.816000000e+03 
9.245000000e+03 9.468000000e+03 
9.215000000e+03 9.559000000e+03 
9.349000000e+03 9.433000000e+03 
9.793000000e+03 9.219000000e+03 
8.994000000e+03 9.823000000e+03 

9.591000000e+03 9.689000000e+03 
9.403000000e+03 9.863000000e+03 
9.672000000e+03 9.665000000e+03 
9.732000000e+03 9.526000000e+03 
9.412000000e+03 9.793000000e+03 
9.233000000e+03 9.956000000e+03 
9.449000000e+03 9.777000000e+03 
9.640000000e+03 9.669000000e+03 
9.348000000e+03 9.902000000e+03 
9.537000000e+03 9.706000000e+03 
9.591000000e+03 9.689000000e+03 
1.013000000e+04 9.508000000e+03 
9.470000000e+03 9.755000000e+03 
9.698000000e+03 9.574000000e+03 
9.565000000e+03 9.693000000e+03 
9.470000000e+03 9.755000000e+03 
9.599000000e+03 9.685000000e+03 
9.797000000e+03 9.514000000e+03 
9.530000000e+03 9.737000000e+03 

9.929000000e+03 1.033300000e+04 
1.014000000e+04 9.883000000e+03 
1.011500000e+04 9.932000000e+03 
1.010000000e+04 9.934000000e+03 
1.008000000e+04 1.000500000e+04 
9.785000000e+03 1.071300000e+04 
9.808000000e+03 1.059500000e+04 
1.002000000e+04 1.005000000e+04 
9.808000000e+03 1.059500000e+04 
9.987000000e+03 1.013100000e+04 
1.007300000e+04 1.004000000e+04 
1.047400000e+04 9.637000000e+03 
1.041400000e+04 9.646000000e+03 
1.028900000e+04 9.733000000e+03 
1.041300000e+04 9.706000000e+03 
1.039000000e+04 9.726000000e+03 
9.962000000e+03 1.021500000e+04 
9.942000000e+03 1.026300000e+04 
1.041300000e+04 9.706000000e+03 
9.962000000e+03 1.021500000e+04 
9.847000000e+03 1.044900000e+04 
9.962000000e+03 1.021500000e+04 
1.026100000e+04 9.747000000e+03 
1.014800000e+04 9.757000000e+03 
9.833000000e+03 1.055900000e+04 

9.998000000e+03 8.609000000e+03 
9.713000000e+03 8.882000000e+03 
1.005100000e+04 8.589000000e+03 
1.011300000e+04 8.579000000e+03 
1.012400000e+04 8.523000000e+03 
9.602000000e+03 9.261000000e+03 
9.615000000e+03 9.213000000e+03 
9.800000000e+03 8.857000000e+03 
1.011300000e+04 8.579000000e+03 
1.011300000e+04 8.579000000e+03 
9.868000000e+03 8.721000000e+03 
1.011300000e+04 8.579000000e+03 
9.618000000e+03 8.925000000e+03 
9.749000000e+03 8.871000000e+03 
9.868000000e+03 8.721000000e+03 
9.921000000e+03 8.643000000e+03 
1.010300000e+04 8.585000000e+03 
9.798000000e+03 8.866000000e+03 
9.907000000e+03 8.671000000e+03 
9.481000000e+03 9.389000000e+03 
9.813000000e+03 8.801000000e+03 
9.809000000e+03 8.805000000e+03 
9.907000000e+03 8.671000000e+03 
9.868000000e+03 8.721000000e+03 

8.787000000e+03 9.376000000e+03 
8.909000000e+03 9.199000000e+03 
8.957000000e+03 9.111000000e+03 
8.797000000e+03 9.353000000e+03 
8.932000000e+03 9.189000000e+03 
8.899000000e+03 9.224000000e+03 
8.820000000e+03 9.293000000e+03 
9.059000000e+03 9.017000000e+03 
8.788000000e+03 9.364000000e+03 
8.912000000e+03 9.197000000e+03 
8.912000000e+03 9.197000000e+03 
8.939000000e+03 9.147000000e+03 
8.757000000e+03 9.439000000e+03 
8.912000000e+03 9.197000000e+03 
8.770000000e+03 9.404000000e+03 
8.821000000e+03 9.262000000e+03 
8.806000000e+03 9.328000000e+03 
9.271000000e+03 8.958000000e+03 
8.826000000e+03 9.232000000e+03 
8.933000000e+03 9.179000000e+03 
8.806000000e+03 9.328000000e+03 
8.811000000e+03 9.295000000e+03 

9.891000000e+03 9.358000000e+03 
9.201000000e+03 9.757000000e+03 
1.025900000e+04 9.253000000e+03 
1.011000000e+04 9.285000000e+03 
9.268000000e+03 9.742000000e+03 
9.049000000e+03 1.002700000e+04 
9.411000000e+03 9.642000000e+03 
9.737000000e+03 9.407000000e+03 
9.191000000e+03 9.794000000e+03 
9.894000000e+03 9.348000000e+03 
9.839000000e+03 9.406000000e+03 
9.080000000e+03 9.935000000e+03 
9.484000000e+03 9.459000000e+03 
1.025900000e+04 9.253000000e+03 
9.046000000e+03 1.003200000e+04 
9.074000000e+03 9.981000000e+03 
9.279000000e+03 9.662000000e+03 
9.164000000e+03 9.921000000e+03 
1.013600000e+04 9.281000000e+03 
9.080000000e+03 9.935000000e+03 
9.268000000e+03 9.742000000e+03 
1.001700000e+04 9.329000000e+03 
9.190000000e+03 9.902000000e+03 

9.176000000e+03 9.487000000e+03 
9.254000000e+03 9.382000000e+03 
9.362000000e+03 9.379000000e+03 
9.160000000e+03 9.500000000e+03 
8.873000000e+03 9.787000000e+03 
8.847000000e+03 9.845000000e+03 
8.906000000e+03 9.783000000e+03 
9.242000000e+03 9.457000000e+03 
9.248000000e+03 9.444000000e+03 
9.153000000e+03 9.556000000e+03 
9.454000000e+03 9.319000000e+03 
9.153000000e+03 9.556000000e+03 
8.933000000e+03 9.576000000e+03 
9.810000000e+03 9.269000000e+03 
8.873000000e+03 9.787000000e+03 
9.235000000e+03 9.481000000e+03 

9.428000000e+03 9.512000000e+03 
1.002300000e+04 9.210000000e+03 
9.711000000e+03 9.259000000e+03 
9.884000000e+03 9.250000000e+03 
9.439000000e+03 9.447000000e+03 
9.295000000e+03 9.544000000e+03 
9.439000000e+03 9.447000000e+03 
9.371000000e+03 9.526000000e+03 
1.004600000e+04 9.176000000e+03 
9.941000000e+03 9.245000000e+03 
9.562000000e+03 9.322000000e+03 
1.006600000e+04 9.175000000e+03 
1.004600000e+04 9.176000000e+03 
9.249000000e+03 9.683000000e+03 
9.941000000e+03 9.245000000e+03 
9.634000000e+03 9.312000000e+03 
9.445000000e+03 9.420000000e+03 
9.246000000e+03 9.744000000e+03 
9.529000000e+03 9.378000000e+03 
1.008600000e+04 9.150000000e+03 

9.451000000e+03 9.006000000e+03 
9.508000000e+03 8.938000000e+03 
9.456000000e+03 9.005000000e+03 
9.508000000e+03 8.938000000e+03 
9.764000000e+03 8.792000000e+03 
9.275000000e+03 9.100000000e+03 
9.646000000e+03 8.843000000e+03 
9.059000000e+03 9.484000000e+03 
9.003000000e+03 9.608000000e+03 
9.456000000e+03 9.005000000e+03 
9.062000000e+03 9.278000000e+03 
9.248000000e+03 9.168000000e+03 
9.474000000e+03 8.976000000e+03 
9.308000000e+03 9.040000000e+03 
9.584000000e+03 8.922000000e+03 
9.003000000e+03 9.608000000e+03 
9.574000000e+03 8.930000000e+03 
9.377000000e+03 9.008000000e+03 
9.039000000e+03 9.545000000e+03 
9.451000000e+03 9.006000000e+03 
9.597000000e+03 8.870000000e+03 
9.277000000e+03 9.096000000e+03 
9.338000000e+03 9.036000000e+03 
9.275000000e+03 9.100000000e+03 

9.982000000e+03 9.698000000e+03 
1.037100000e+04 9.502000000e+03 
9.982000000e+03 9.698000000e+03 
9.773000000e+03 1.005200000e+04 
9.758000000e+03 1.008600000e+04 
9.615000000e+03 1.018200000e+04 
1.032600000e+04 9.515000000e+03 
9.773000000e+03 1.005200000e+04 
1.002500000e+04 9.616000000e+03 
9.774000000e+03 9.981000000e+03 
1.038900000e+04 9.409000000e+03 
9.982000000e+03 9.698000000e+03 
9.758000000e+03 1.008600000e+04 
9.937000000e+03 9.764000000e+03 
9.803000000e+03 9.942000000e+03 
9.816000000e+03 9.765000000e+03 
1.030700000e+04 9.540000000e+03 
1.019600000e+04 9.565000000e+03 
9.791000000e+03 9.949000000e+03 
9.710000000e+03 1.008800000e+04 
1.024300000e+04 9.542000000e+03 
9.987000000e+03 9.686000000e+03 
9.614000000e+03 1.023500000e+04 

8.933000000e+03 9.804000000e+03 
8.923000000e+03 1.027900000e+04 
9.271000000e+03 9.546000000e+03 
8.895000000e+03 1.031400000e+04 
8.741000000e+03 1.032900000e+04 
9.035000000e+03 9.770000000e+03 
9.177000000e+03 9.589000000e+03 
9.262000000e+03 9.569000000e+03 
9.250000000e+03 9.586000000e+03 
9.267000000e+03 9.564000000e+03 
9.062000000e+03 9.707000000e+03 
9.035000000e+03 9.770000000e+03 
9.288000000e+03 9.535000000e+03 
9.177000000e+03 9.589000000e+03 
9.329000000e+03 9.514000000e+03 
9.440000000e+03 9.488000000e+03 
9.085000000e+03 9.677000000e+03 
9.324000000e+03 9.522000000e+03 
9.320000000e+03 9.534000000e+03 
9.169000000e+03 9.620000000e+03 
9.105000000e+03 9.630000000e+03 

9.330000000e+03 9.428000000e+03 
9.588000000e+03 9.133000000e+03 
9.260000000e+03 9.537000000e+03 
9.227000000e+03 9.556000000e+03 
9.152000000e+03 9.658000000e+03 
9.376000000e+03 9.389000000e+03 
9.387000000e+03 9.339000000e+03 
9.861000000e+03 9.085000000e+03 
9.758000000e+03 9.125000000e+03 
9.360000000e+03 9.417000000e+03 
9.448000000e+03 9.249000000e+03 
9.861000000e+03 9.085000000e+03 
9.779000000e+03 9.104000000e+03 
9.265000000e+03 9.461000000e+03 
9.532000000e+03 9.237000000e+03 
9.536000000e+03 9.156000000e+03 

8.692000000e+03 1.010400000e+04 
9.083000000e+03 9.754000000e+03 
8.984000000e+03 9.783000000e+03 
8.592000000e+03 1.035700000e+04 
8.758000000e+03 9.999000000e+03 
8.679000000e+03 1.019400000e+04 
9.418000000e+03 9.737000000e+03 
9.506000000e+03 9.727000000e+03 
8.679000000e+03 1.019400000e+04 
8.943000000e+03 9.857000000e+03 
8.664000000e+03 1.022600000e+04 
8.958000000e+03 9.825000000e+03 
8.581000000e+03 1.045400000e+04 
8.772000000e+03 9.886000000e+03 

9.645000000e+03 9.134000000e+03 
9.822000000e+03 9.055000000e+03 
9.481000000e+03 9.293000000e+03 
9.426000000e+03 9.355000000e+03 
9.493000000e+03 9.144000000e+03 
9.342000000e+03 9.445000000e+03 
9.372000000e+03 9.387000000e+03 
9.353000000e+03 9.419000000e+03 
9.410000000e+03 9.367000000e+03 
9.445000000e+03 9.324000000e+03 
9.798000000e+03 9.117000000e+03 
9.461000000e+03 9.317000000e+03 

1.035300000e+04 9.437000000e+03 
9.890000000e+03 9.841000000e+03 
1.045100000e+04 9.318000000e+03 
9.934000000e+03 9.769000000e+03 
9.835000000e+03 9.877000000e+03 
1.000100000e+04 9.677000000e+03 
1.011500000e+04 9.468000000e+03 
1.041400000e+04 9.420000000e+03 
1.006300000e+04 9.571000000e+03 

9.022000000e+03 1.027000000e+04 
9.349000000e+03 9.982000000e+03 
9.521000000e+03 9.842000000e+03 
9.424000000e+03 9.947000000e+03 
9.970000000e+03 9.685000000e+03 
9.782000000e+03 9.827000000e+03 
9.144000000e+03 1.001600000e+04 
8.949000000e+03 1.034600000e+04 
9.840000000e+03 9.781000000e+03 
9.406000000e+03 9.958000000e+03 
9.036000000e+03 1.022500000e+04 
9.075000000e+03 1.022400000e+04 
9.940000000e+03 9.697000000e+03 
9.002000000e+03 1.029600000e+04 
9.888000000e+03 9.749000000e+03 
8.916000000e+03 1.041800000e+04 
9.078000000e+03 1.014500000e+04 
9.504000000e+03 9.907000000e+03 
9.406000000e+03 9.958000000e+03 

8.830000000e+03 9.296000000e+03 
9.411000000e+03 8.621000000e+03 
8.893000000e+03 9.142000000e+03 
8.855000000e+03 9.203000000e+03 
8.979000000e+03 8.849000000e+03 
9.210000000e+03 8.709000000e+03 
8.900000000e+03 9.135000000e+03 
9.073000000e+03 8.816000000e+03 
9.070000000e+03 8.840000000e+03 
9.075000000e+03 8.737000000e+03 
8.884000000e+03 9.173000000e+03 
9.070000000e+03 8.840000000e+03 
8.968000000e+03 8.887000000e+03 
8.943000000e+03 9.008000000e+03 
8.917000000e+03 9.087000000e+03 

9.595000000e+03 9.740000000e+03 
9.309000000e+03 9.955000000e+03 
9.225000000e+03 1.019600000e+04 
9.226000000e+03 1.000700000e+04 
9.295000000e+03 9.988000000e+03 
9.195000000e+03 1.044200000e+04 
9.209000000e+03 1.020900000e+04 
9.369000000e+03 9.823000000e+03 
9.093000000e+03 1.049600000e+04 
9.125000000e+03 1.045700000e+04 
9.208000000e+03 1.025300000e+04 

9.379000000e+03 9.963000000e+03 
9.459000000e+03 9.814000000e+03 
9.543000000e+03 9.809000000e+03 
9.788000000e+03 9.691000000e+03 
9.298000000e+03 1.002600000e+04 
9.318000000e+03 9.983000000e+03 
9.135000000e+03 1.059600000e+04 
9.379000000e+03 9.963000000e+03 
9.871000000e+03 9.676000000e+03 
9.677000000e+03 9.714000000e+03 
9.639000000e+03 9.776000000e+03 
9.871000000e+03 9.676000000e+03 
9.249000000e+03 1.005300000e+04 
9.871000000e+03 9.676000000e+03 
9.379000000e+03 9.963000000e+03 
9.344000000e+03 9.970000000e+03 
9.249000000e+03 1.005300000e+04 
9.871000000e+03 9.676000000e+03 
9.137000000e+03 1.014600000e+04 
9.555000000e+03 9.808000000e+03 
9.219000000e+03 1.009200000e+04 
9.604000000e+03 9.788000000e+03 
9.438000000e+03 9.832000000e+03 
9.590000000e+03 9.793000000e+03 
9.299000000e+03 1.000700000e+04 
9.431000000e+03 9.854000000e+03 
9.385000000e+03 9.945000000e+03 

1.021200000e+04 9.365000000e+03 
1.046700000e+04 9.135000000e+03 
1.014800000e+04 9.396000000e+03 
1.011800000e+04 9.411000000e+03 
1.036700000e+04 9.163000000e+03 
1.021600000e+04 9.278000000e+03 
1.064900000e+04 9.107000000e+03 
1.004400000e+04 9.499000000e+03 
1.001700000e+04 9.502000000e+03 
1.021100000e+04 9.379000000e+03 
1.036200000e+04 9.211000000e+03 
9.997000000e+03 9.599000000e+03 
1.024700000e+04 9.242000000e+03 
1.043200000e+04 9.148000000e+03 
1.027100000e+04 9.221000000e+03 
1.008400000e+04 9.475000000e+03 
1.064900000e+04 9.107000000e+03 
1.067700000e+04 9.035000000e+03 
1.000300000e+04 9.508000000e+03 
9.990000000e+03 9.703000000e+03 
1.039800000e+04 9.157000000e+03 
1.051000000e+04 9.108000000e+03 

9.684000000e+03 9.290000000e+03 
9.518000000e+03 9.934000000e+03 
9.680000000e+03 9.305000000e+03 
9.680000000e+03 9.305000000e+03 
9.503000000e+03 9.935000000e+03 
9.503000000e+03 9.935000000e+03 
9.696000000e+03 9.287000000e+03 
9.881000000e+03 9.157000000e+03 
9.743000000e+03 9.258000000e+03 
9.772000000e+03 9.182000000e+03 
9.522000000e+03 9.541000000e+03 
9.680000000e+03 9.305000000e+03 
9.624000000e+03 9.335000000e+03 
9.754000000e+03 9.218000000e+03 
1.005500000e+04 9.058000000e+03 
9.945000000e+03 9.124000000e+03 
9.942000000e+03 9.132000000e+03 

9.451000000e+03 8.927000000e+03 
9.032000000e+03 9.366000000e+03 
9.642000000e+03 8.828000000e+03 
9.096000000e+03 9.227000000e+03 
9.400000000e+03 9.034000000e+03 
9.747000000e+03 8.760000000e+03 
9.453000000e+03 8.876000000e+03 
9.152000000e+03 9.057000000e+03 

9.460000000e+03 9.531000000e+03 
9.387000000e+03 9.676000000e+03 
9.285000000e+03 9.727000000e+03 
9.702000000e+03 9.450000000e+03 
9.342000000e+03 9.725000000e+03 
9.507000000e+03 9.498000000e+03 
1.014000000e+04 9.343000000e+03 
9.432000000e+03 9.604000000e+03 
9.421000000e+03 9.615000000e+03 
9.657000000e+03 9.478000000e+03 
9.704000000e+03 9.440000000e+03 
9.850000000e+03 9.356000000e+03 
9.432000000e+03 9.604000000e+03 
9.354000000e+03 9.690000000e+03 
9.437000000e+03 9.578000000e+03 
9.403000000e+03 9.672000000e+03 
9.408000000e+03 9.663000000e+03 
9.228000000e+03 9.776000000e+03 
9.411000000e+03 9.656000000e+03 
9.486000000e+03 9.506000000e+03 
9.721000000e+03 9.417000000e+03 
9.673000000e+03 9.453000000e+03 
9.451000000e+03 9.551000000e+03 
9.207000000e+03 9.938000000e+03 

9.912000000e+03 9.306000000e+03 
9.633000000e+03 9.322000000e+03 
9.616000000e+03 9.405000000e+03 
1.007100000e+04 9.296000000e+03 

9.173000000e+03 1.007300000e+04 
9.270000000e+03 9.927000000e+03 
9.358000000e+03 9.795000000e+03 
9.264000000e+03 9.986000000e+03 
9.623000000e+03 9.599000000e+03 
9.431000000e+03 9.786000000e+03 
9.510000000e+03 9.731000000e+03 
9.560000000e+03 9.715000000e+03 
9.583000000e+03 9.707000000e+03 
9.168000000e+03 1.009000000e+04 
9.459000000e+03 9.757000000e+03 
9.600000000e+03 9.640000000e+03 
9.732000000e+03 9.597000000e+03 
9.303000000e+03 9.853000000e+03 
9.442000000e+03 9.779000000e+03 
9.780000000e+03 9.530000000e+03 
9.619000000e+03 9.608000000e+03 
9.212000000e+03 9.993000000e+03 
9.168000000e+03 1.009000000e+04 

9.420000000e+03 9.717000000e+03 
9.853000000e+03 9.418000000e+03 
9.780000000e+03 9.478000000e+03 
9.796000000e+03 9.438000000e+03 
9.396000000e+03 9.830000000e+03 
9.403000000e+03 9.820000000e+03 
9.461000000e+03 9.694000000e+03 
9.855000000e+03 9.411000000e+03 
9.463000000e+03 9.660000000e+03 
9.790000000e+03 9.451000000e+03 
9.534000000e+03 9.539000000e+03 

9.424000000e+03 8.999000000e+03 
9.042000000e+03 9.535000000e+03 
9.478000000e+03 8.986000000e+03 
9.198000000e+03 9.081000000e+03 
9.025000000e+03 9.546000000e+03 
8.996000000e+03 9.548000000e+03 
9.091000000e+03 9.355000000e+03 
9.124000000e+03 9.263000000e+03 
9.091000000e+03 9.355000000e+03 
9.308000000e+03 9.071000000e+03 
9.102000000e+03 9.332000000e+03 
9.308000000e+03 9.071000000e+03 
9.115000000e+03 9.314000000e+03 
9.149000000e+03 9.122000000e+03 
9.402000000e+03 9.032000000e+03 
9.065000000e+03 9.420000000e+03 
8.992000000e+03 9.679000000e+03 
9.122000000e+03 9.310000000e+03 
9.543000000e+03 8.930000000e+03 
9.047000000e+03 9.449000000e+03 
9.315000000e+03 9.063000000e+03 
9.147000000e+03 9.125000000e+03 
9.478000000e+03 8.986000000e+03 
9.374000000e+03 9.046000000e+03 
9.069000000e+03 9.417000000e+03 

1.020800000e+04 8.880000000e+03 
1.011200000e+04 8.963000000e+03 
1.016400000e+04 8.941000000e+03 
9.688000000e+03 9.023000000e+03 
1.016400000e+04 8.941000000e+03 
1.020800000e+04 8.880000000e+03 
9.562000000e+03 9.290000000e+03 
9.678000000e+03 9.028000000e+03 
1.015000000e+04 8.952000000e+03 
1.016400000e+04 8.941000000e+03 
1.011200000e+04 8.963000000e+03 
1.016400000e+04 8.941000000e+03 
1.017100000e+04 8.904000000e+03 
9.697000000e+03 9.009000000e+03 
9.649000000e+03 9.051000000e+03 
1.016400000e+04 8.941000000e+03 
9.729000000e+03 8.972000000e+03 
1.005300000e+04 8.967000000e+03 
1.011200000e+04 8.963000000e+03 
1.020800000e+04 8.880000000e+03 
9.564000000e+03 9.129000000e+03 

9.469000000e+03 9.125000000e+03 
9.546000000e+03 8.967000000e+03 
9.472000000e+03 9.056000000e+03 
9.789000000e+03 8.849000000e+03 
9.377000000e+03 9.134000000e+03 
9.323000000e+03 9.158000000e+03 
9.441000000e+03 9.127000000e+03 
9.533000000e+03 9.001000000e+03 
9.689000000e+03 8.887000000e+03 
9.574000000e+03 8.961000000e+03 
9.546000000e+03 8.967000000e+03 
9.801000000e+03 8.838000000e+03 

