9.869000000e+03 8.364000000e+03 
8.836000000e+03 9.056000000e+03 
8.816000000e+03 9.219000000e+03 
9.547000000e+03 8.425000000e+03 
9.019000000e+03 8.816000000e+03 
9.488000000e+03 8.431000000e+03 
8.849000000e+03 8.997000000e+03 
8.899000000e+03 8.944000000e+03 
8.906000000e+03 8.929000000e+03 
8.987000000e+03 8.830000000e+03 
9.076000000e+03 8.686000000e+03 
8.987000000e+03 8.830000000e+03 
9.057000000e+03 8.756000000e+03 
8.802000000e+03 9.251000000e+03 
8.849000000e+03 8.997000000e+03 
9.179000000e+03 8.590000000e+03 
9.071000000e+03 8.689000000e+03 
9.198000000e+03 8.548000000e+03 
9.037000000e+03 8.810000000e+03 
9.071000000e+03 8.689000000e+03 
9.114000000e+03 8.605000000e+03 
8.939000000e+03 8.849000000e+03 
9.861000000e+03 8.387000000e+03 
9.725000000e+03 8.389000000e+03 
8.894000000e+03 8.977000000e+03 
9.319000000e+03 8.469000000e+03 
9.371000000e+03 8.443000000e+03 
9.002000000e+03 8.821000000e+03 
9.453000000e+03 8.442000000e+03 
9.294000000e+03 8.528000000e+03 
9.044000000e+03 8.757000000e+03 
9.037000000e+03 8.810000000e+03 
8.802000000e+03 9.251000000e+03 

8.830000000e+03 9.137000000e+03 
8.875000000e+03 9.090000000e+03 
8.556000000e+03 9.575000000e+03 
9.150000000e+03 8.847000000e+03 
9.078000000e+03 8.986000000e+03 
8.890000000e+03 9.082000000e+03 
8.451000000e+03 9.693000000e+03 
8.960000000e+03 9.026000000e+03 
8.875000000e+03 9.090000000e+03 
8.609000000e+03 9.414000000e+03 
8.735000000e+03 9.302000000e+03 
9.177000000e+03 8.845000000e+03 
9.387000000e+03 8.762000000e+03 
8.654000000e+03 9.389000000e+03 
8.777000000e+03 9.266000000e+03 
8.962000000e+03 9.008000000e+03 
8.960000000e+03 9.026000000e+03 
8.451000000e+03 9.693000000e+03 
8.676000000e+03 9.357000000e+03 
8.960000000e+03 9.026000000e+03 
8.971000000e+03 8.996000000e+03 
9.087000000e+03 8.943000000e+03 
8.673000000e+03 9.374000000e+03 
8.676000000e+03 9.357000000e+03 
8.890000000e+03 9.082000000e+03 
8.735000000e+03 9.302000000e+03 
8.681000000e+03 9.342000000e+03 
8.506000000e+03 9.628000000e+03 
9.121000000e+03 8.932000000e+03 
8.971000000e+03 8.996000000e+03 
9.466000000e+03 8.699000000e+03 
8.681000000e+03 9.342000000e+03 
8.824000000e+03 9.177000000e+03 
8.582000000e+03 9.416000000e+03 
8.929000000e+03 9.060000000e+03 
8.817000000e+03 9.240000000e+03 
8.817000000e+03 9.240000000e+03 
8.804000000e+03 9.255000000e+03 
8.681000000e+03 9.342000000e+03 
9.299000000e+03 8.820000000e+03 
9.110000000e+03 8.933000000e+03 
9.387000000e+03 8.762000000e+03 
8.777000000e+03 9.266000000e+03 
9.005000000e+03 8.993000000e+03 
8.532000000e+03 9.585000000e+03 
8.830000000e+03 9.137000000e+03 
8.947000000e+03 9.059000000e+03 

8.997000000e+03 9.335000000e+03 
8.814000000e+03 9.456000000e+03 
8.799000000e+03 9.491000000e+03 
9.157000000e+03 9.164000000e+03 
9.092000000e+03 9.223000000e+03 
8.848000000e+03 9.415000000e+03 
9.198000000e+03 9.098000000e+03 
8.814000000e+03 9.456000000e+03 
9.273000000e+03 9.083000000e+03 
9.464000000e+03 9.076000000e+03 
9.112000000e+03 9.220000000e+03 
9.529000000e+03 9.025000000e+03 
9.529000000e+03 9.025000000e+03 
9.009000000e+03 9.326000000e+03 
9.529000000e+03 9.025000000e+03 
9.529000000e+03 9.025000000e+03 
8.814000000e+03 9.456000000e+03 
9.126000000e+03 9.194000000e+03 
9.013000000e+03 9.321000000e+03 
9.166000000e+03 9.141000000e+03 
9.273000000e+03 9.083000000e+03 
8.763000000e+03 9.550000000e+03 
9.021000000e+03 9.239000000e+03 
8.794000000e+03 9.526000000e+03 
9.133000000e+03 9.186000000e+03 
9.185000000e+03 9.119000000e+03 
8.935000000e+03 9.377000000e+03 
9.273000000e+03 9.083000000e+03 
8.814000000e+03 9.456000000e+03 
8.799000000e+03 9.491000000e+03 
9.183000000e+03 9.139000000e+03 
8.814000000e+03 9.456000000e+03 
8.967000000e+03 9.336000000e+03 

9.933000000e+03 9.374000000e+03 
9.474000000e+03 9.818000000e+03 
9.489000000e+03 9.741000000e+03 
9.435000000e+03 9.939000000e+03 
9.835000000e+03 9.461000000e+03 
9.435000000e+03 9.939000000e+03 
9.876000000e+03 9.437000000e+03 
9.806000000e+03 9.485000000e+03 
9.540000000e+03 9.720000000e+03 
9.540000000e+03 9.720000000e+03 
9.540000000e+03 9.720000000e+03 
9.687000000e+03 9.559000000e+03 
9.540000000e+03 9.720000000e+03 
9.444000000e+03 9.853000000e+03 
9.625000000e+03 9.621000000e+03 
9.875000000e+03 9.445000000e+03 
9.867000000e+03 9.459000000e+03 
9.821000000e+03 9.479000000e+03 
9.362000000e+03 9.950000000e+03 
9.585000000e+03 9.636000000e+03 
9.540000000e+03 9.720000000e+03 
9.783000000e+03 9.502000000e+03 
9.540000000e+03 9.720000000e+03 
9.640000000e+03 9.613000000e+03 
9.876000000e+03 9.437000000e+03 
9.979000000e+03 9.357000000e+03 
9.540000000e+03 9.720000000e+03 
9.779000000e+03 9.530000000e+03 
1.027800000e+04 9.354000000e+03 
9.563000000e+03 9.655000000e+03 
9.722000000e+03 9.551000000e+03 
9.489000000e+03 9.741000000e+03 

9.215000000e+03 8.725000000e+03 
9.382000000e+03 8.440000000e+03 
9.165000000e+03 8.904000000e+03 
9.154000000e+03 8.972000000e+03 
9.554000000e+03 8.203000000e+03 
9.414000000e+03 8.283000000e+03 
9.346000000e+03 8.443000000e+03 
9.237000000e+03 8.724000000e+03 
9.612000000e+03 8.140000000e+03 
9.402000000e+03 8.428000000e+03 
9.154000000e+03 8.972000000e+03 
9.154000000e+03 8.972000000e+03 
9.251000000e+03 8.677000000e+03 
9.515000000e+03 8.240000000e+03 
9.254000000e+03 8.646000000e+03 
9.210000000e+03 8.830000000e+03 
9.154000000e+03 8.972000000e+03 
9.127000000e+03 9.291000000e+03 
9.202000000e+03 8.882000000e+03 
9.154000000e+03 8.972000000e+03 
9.833000000e+03 8.090000000e+03 
9.154000000e+03 8.972000000e+03 
9.263000000e+03 8.631000000e+03 
9.202000000e+03 8.882000000e+03 
9.279000000e+03 8.467000000e+03 
9.384000000e+03 8.429000000e+03 
9.538000000e+03 8.205000000e+03 
9.310000000e+03 8.446000000e+03 
9.384000000e+03 8.429000000e+03 
9.743000000e+03 8.102000000e+03 
9.263000000e+03 8.631000000e+03 

8.613000000e+03 8.712000000e+03 
8.835000000e+03 8.604000000e+03 
8.448000000e+03 8.763000000e+03 
8.454000000e+03 8.746000000e+03 
8.613000000e+03 8.712000000e+03 
8.441000000e+03 8.816000000e+03 
8.838000000e+03 8.584000000e+03 
8.686000000e+03 8.667000000e+03 
8.996000000e+03 8.516000000e+03 
8.674000000e+03 8.700000000e+03 
8.224000000e+03 9.098000000e+03 
8.717000000e+03 8.630000000e+03 
8.393000000e+03 8.819000000e+03 
8.254000000e+03 9.097000000e+03 
8.838000000e+03 8.584000000e+03 
8.184000000e+03 9.107000000e+03 
9.070000000e+03 8.441000000e+03 
9.024000000e+03 8.509000000e+03 
8.980000000e+03 8.526000000e+03 
9.021000000e+03 8.512000000e+03 
8.867000000e+03 8.530000000e+03 
8.835000000e+03 8.604000000e+03 
8.312000000e+03 8.886000000e+03 
8.717000000e+03 8.630000000e+03 
8.549000000e+03 8.736000000e+03 
8.260000000e+03 9.058000000e+03 
8.165000000e+03 9.252000000e+03 
8.996000000e+03 8.516000000e+03 
8.339000000e+03 8.872000000e+03 
8.753000000e+03 8.605000000e+03 

8.912000000e+03 9.146000000e+03 
8.774000000e+03 9.319000000e+03 
8.834000000e+03 9.250000000e+03 
9.249000000e+03 8.850000000e+03 
9.055000000e+03 9.001000000e+03 
9.153000000e+03 8.908000000e+03 
9.054000000e+03 9.028000000e+03 
9.014000000e+03 9.039000000e+03 
9.014000000e+03 9.039000000e+03 
9.213000000e+03 8.892000000e+03 
9.249000000e+03 8.850000000e+03 
8.871000000e+03 9.215000000e+03 
8.939000000e+03 9.072000000e+03 
9.014000000e+03 9.039000000e+03 
9.054000000e+03 9.028000000e+03 
9.128000000e+03 8.934000000e+03 
8.812000000e+03 9.290000000e+03 
8.837000000e+03 9.233000000e+03 
8.910000000e+03 9.149000000e+03 
8.905000000e+03 9.168000000e+03 
8.882000000e+03 9.212000000e+03 
8.863000000e+03 9.227000000e+03 
8.912000000e+03 9.146000000e+03 
8.890000000e+03 9.187000000e+03 
9.213000000e+03 8.892000000e+03 
8.809000000e+03 9.301000000e+03 
8.660000000e+03 9.388000000e+03 
8.837000000e+03 9.233000000e+03 
9.225000000e+03 8.854000000e+03 
9.213000000e+03 8.892000000e+03 
8.722000000e+03 9.354000000e+03 
8.829000000e+03 9.269000000e+03 
8.938000000e+03 9.128000000e+03 
9.217000000e+03 8.889000000e+03 
8.630000000e+03 9.509000000e+03 
9.014000000e+03 9.039000000e+03 
9.054000000e+03 9.028000000e+03 
9.344000000e+03 8.792000000e+03 
9.339000000e+03 8.800000000e+03 
8.630000000e+03 9.509000000e+03 
9.502000000e+03 8.783000000e+03 
9.011000000e+03 9.050000000e+03 
9.606000000e+03 8.738000000e+03 
9.066000000e+03 8.944000000e+03 
9.014000000e+03 9.039000000e+03 

8.661000000e+03 9.158000000e+03 
8.661000000e+03 9.158000000e+03 
8.987000000e+03 8.914000000e+03 
8.586000000e+03 9.350000000e+03 
8.612000000e+03 9.271000000e+03 
8.586000000e+03 9.350000000e+03 
8.519000000e+03 9.484000000e+03 
9.007000000e+03 8.885000000e+03 
8.886000000e+03 8.933000000e+03 
9.272000000e+03 8.704000000e+03 
8.560000000e+03 9.396000000e+03 
8.609000000e+03 9.284000000e+03 
8.487000000e+03 9.493000000e+03 
8.487000000e+03 9.493000000e+03 
8.625000000e+03 9.199000000e+03 
9.034000000e+03 8.839000000e+03 
8.697000000e+03 9.049000000e+03 
9.134000000e+03 8.821000000e+03 
8.625000000e+03 9.199000000e+03 
9.167000000e+03 8.817000000e+03 
8.802000000e+03 9.047000000e+03 
8.948000000e+03 8.920000000e+03 
9.567000000e+03 8.691000000e+03 
8.831000000e+03 9.014000000e+03 
8.526000000e+03 9.410000000e+03 
8.847000000e+03 8.971000000e+03 
9.096000000e+03 8.824000000e+03 
9.007000000e+03 8.885000000e+03 
8.612000000e+03 9.271000000e+03 
8.991000000e+03 8.888000000e+03 
8.621000000e+03 9.237000000e+03 
9.553000000e+03 8.699000000e+03 
8.697000000e+03 9.049000000e+03 
8.531000000e+03 9.409000000e+03 
8.661000000e+03 9.158000000e+03 

9.172000000e+03 8.988000000e+03 
9.344000000e+03 8.836000000e+03 
8.856000000e+03 9.477000000e+03 
9.185000000e+03 8.975000000e+03 
9.225000000e+03 8.927000000e+03 
9.334000000e+03 8.866000000e+03 
9.279000000e+03 8.882000000e+03 
9.109000000e+03 9.019000000e+03 
8.890000000e+03 9.416000000e+03 
8.890000000e+03 9.416000000e+03 
8.856000000e+03 9.477000000e+03 
9.768000000e+03 8.671000000e+03 
9.023000000e+03 9.120000000e+03 
9.327000000e+03 8.879000000e+03 
9.094000000e+03 9.033000000e+03 
8.973000000e+03 9.186000000e+03 
9.061000000e+03 9.096000000e+03 
9.053000000e+03 9.102000000e+03 
9.609000000e+03 8.698000000e+03 
9.000000000e+03 9.168000000e+03 
9.001000000e+03 9.148000000e+03 
9.145000000e+03 9.008000000e+03 
9.145000000e+03 9.008000000e+03 
9.064000000e+03 9.049000000e+03 
9.584000000e+03 8.769000000e+03 
8.950000000e+03 9.250000000e+03 
9.185000000e+03 8.975000000e+03 
8.913000000e+03 9.275000000e+03 
9.768000000e+03 8.671000000e+03 
8.856000000e+03 9.477000000e+03 
9.458000000e+03 8.798000000e+03 
9.191000000e+03 8.954000000e+03 
9.395000000e+03 8.801000000e+03 
9.176000000e+03 8.983000000e+03 
8.810000000e+03 9.505000000e+03 

9.016000000e+03 8.678000000e+03 
8.820000000e+03 8.949000000e+03 
8.796000000e+03 8.969000000e+03 
8.858000000e+03 8.877000000e+03 
8.935000000e+03 8.746000000e+03 
8.728000000e+03 9.027000000e+03 
8.855000000e+03 8.897000000e+03 
9.113000000e+03 8.604000000e+03 
9.016000000e+03 8.678000000e+03 
8.824000000e+03 8.944000000e+03 
9.016000000e+03 8.678000000e+03 
8.824000000e+03 8.944000000e+03 
8.796000000e+03 8.969000000e+03 
9.035000000e+03 8.675000000e+03 
8.724000000e+03 9.049000000e+03 
9.016000000e+03 8.678000000e+03 
9.016000000e+03 8.678000000e+03 
9.016000000e+03 8.678000000e+03 
8.752000000e+03 8.992000000e+03 
8.776000000e+03 8.989000000e+03 
8.845000000e+03 8.938000000e+03 
8.796000000e+03 8.969000000e+03 
9.016000000e+03 8.678000000e+03 
9.060000000e+03 8.639000000e+03 
9.035000000e+03 8.675000000e+03 
9.123000000e+03 8.500000000e+03 
8.824000000e+03 8.944000000e+03 
8.630000000e+03 9.078000000e+03 
9.123000000e+03 8.500000000e+03 
8.820000000e+03 8.949000000e+03 
9.122000000e+03 8.533000000e+03 
8.882000000e+03 8.766000000e+03 
9.041000000e+03 8.652000000e+03 
8.824000000e+03 8.944000000e+03 
8.965000000e+03 8.709000000e+03 
9.016000000e+03 8.678000000e+03 
8.796000000e+03 8.969000000e+03 
8.848000000e+03 8.934000000e+03 
9.481000000e+03 8.394000000e+03 
8.967000000e+03 8.680000000e+03 
9.060000000e+03 8.639000000e+03 
9.016000000e+03 8.678000000e+03 
9.016000000e+03 8.678000000e+03 
9.016000000e+03 8.678000000e+03 
8.939000000e+03 8.728000000e+03 
9.041000000e+03 8.652000000e+03 
9.041000000e+03 8.652000000e+03 
8.858000000e+03 8.877000000e+03 
9.541000000e+03 8.385000000e+03 
9.060000000e+03 8.639000000e+03 
9.093000000e+03 8.617000000e+03 
9.236000000e+03 8.472000000e+03 
9.292000000e+03 8.408000000e+03 

9.580000000e+03 9.110000000e+03 
9.295000000e+03 9.313000000e+03 
9.019000000e+03 9.908000000e+03 
9.536000000e+03 9.118000000e+03 
9.507000000e+03 9.129000000e+03 
9.406000000e+03 9.208000000e+03 
9.630000000e+03 9.102000000e+03 
1.007900000e+04 9.012000000e+03 
9.098000000e+03 9.770000000e+03 
9.046000000e+03 9.817000000e+03 
9.400000000e+03 9.210000000e+03 
9.630000000e+03 9.102000000e+03 
9.438000000e+03 9.155000000e+03 
9.580000000e+03 9.110000000e+03 
9.221000000e+03 9.436000000e+03 
9.634000000e+03 9.098000000e+03 
9.306000000e+03 9.211000000e+03 
9.536000000e+03 9.118000000e+03 
9.160000000e+03 9.585000000e+03 
9.507000000e+03 9.129000000e+03 
9.692000000e+03 9.055000000e+03 

8.907000000e+03 9.077000000e+03 
8.268000000e+03 9.842000000e+03 
8.282000000e+03 9.748000000e+03 
8.907000000e+03 9.077000000e+03 
8.259000000e+03 9.983000000e+03 
8.416000000e+03 9.438000000e+03 
8.416000000e+03 9.438000000e+03 
8.907000000e+03 9.077000000e+03 
8.630000000e+03 9.190000000e+03 
8.341000000e+03 9.589000000e+03 
8.552000000e+03 9.317000000e+03 
8.661000000e+03 9.120000000e+03 
8.650000000e+03 9.136000000e+03 
8.552000000e+03 9.317000000e+03 
8.873000000e+03 9.097000000e+03 
8.326000000e+03 9.670000000e+03 
8.328000000e+03 9.627000000e+03 
8.306000000e+03 9.732000000e+03 
8.633000000e+03 9.173000000e+03 
8.637000000e+03 9.163000000e+03 
8.416000000e+03 9.438000000e+03 
8.907000000e+03 9.077000000e+03 
8.789000000e+03 9.109000000e+03 
8.552000000e+03 9.317000000e+03 
8.552000000e+03 9.317000000e+03 
8.309000000e+03 9.725000000e+03 
8.907000000e+03 9.077000000e+03 
8.582000000e+03 9.264000000e+03 
8.729000000e+03 9.116000000e+03 
8.582000000e+03 9.264000000e+03 
8.914000000e+03 9.058000000e+03 
8.907000000e+03 9.077000000e+03 
8.325000000e+03 9.684000000e+03 
8.461000000e+03 9.365000000e+03 
8.365000000e+03 9.450000000e+03 
8.416000000e+03 9.438000000e+03 
8.416000000e+03 9.438000000e+03 
8.416000000e+03 9.438000000e+03 
8.552000000e+03 9.317000000e+03 
8.907000000e+03 9.077000000e+03 
8.349000000e+03 9.579000000e+03 
8.416000000e+03 9.438000000e+03 
8.583000000e+03 9.216000000e+03 
8.873000000e+03 9.097000000e+03 
8.631000000e+03 9.189000000e+03 
8.276000000e+03 9.775000000e+03 
8.494000000e+03 9.353000000e+03 

8.850000000e+03 8.687000000e+03 
8.655000000e+03 8.897000000e+03 
9.308000000e+03 8.468000000e+03 
8.691000000e+03 8.844000000e+03 
9.075000000e+03 8.553000000e+03 
9.278000000e+03 8.476000000e+03 
9.251000000e+03 8.504000000e+03 
8.856000000e+03 8.647000000e+03 
8.600000000e+03 8.967000000e+03 
9.298000000e+03 8.472000000e+03 
8.802000000e+03 8.710000000e+03 
8.655000000e+03 8.897000000e+03 
8.535000000e+03 9.104000000e+03 
8.856000000e+03 8.647000000e+03 
9.264000000e+03 8.479000000e+03 
9.251000000e+03 8.504000000e+03 
9.278000000e+03 8.476000000e+03 
8.850000000e+03 8.687000000e+03 
8.678000000e+03 8.889000000e+03 
9.251000000e+03 8.504000000e+03 
8.747000000e+03 8.751000000e+03 
8.545000000e+03 9.038000000e+03 
9.298000000e+03 8.472000000e+03 
9.156000000e+03 8.525000000e+03 
8.679000000e+03 8.878000000e+03 
9.251000000e+03 8.504000000e+03 
9.251000000e+03 8.504000000e+03 
8.586000000e+03 8.973000000e+03 
8.899000000e+03 8.589000000e+03 
9.251000000e+03 8.504000000e+03 
9.264000000e+03 8.479000000e+03 
8.697000000e+03 8.843000000e+03 
9.199000000e+03 8.505000000e+03 
8.517000000e+03 9.234000000e+03 
9.308000000e+03 8.468000000e+03 
8.586000000e+03 8.973000000e+03 
8.679000000e+03 8.878000000e+03 
8.678000000e+03 8.889000000e+03 
8.586000000e+03 8.973000000e+03 
9.259000000e+03 8.500000000e+03 
8.527000000e+03 9.174000000e+03 
9.264000000e+03 8.479000000e+03 
8.655000000e+03 8.897000000e+03 
9.156000000e+03 8.525000000e+03 
9.191000000e+03 8.524000000e+03 
8.655000000e+03 8.897000000e+03 
8.679000000e+03 8.878000000e+03 
8.655000000e+03 8.897000000e+03 
9.251000000e+03 8.504000000e+03 
8.745000000e+03 8.768000000e+03 
8.744000000e+03 8.772000000e+03 
8.858000000e+03 8.616000000e+03 
8.547000000e+03 9.001000000e+03 
8.633000000e+03 8.919000000e+03 
9.319000000e+03 8.420000000e+03 
8.586000000e+03 8.973000000e+03 
8.853000000e+03 8.668000000e+03 
8.719000000e+03 8.824000000e+03 
8.802000000e+03 8.710000000e+03 
8.944000000e+03 8.559000000e+03 

8.415000000e+03 9.502000000e+03 
8.600000000e+03 9.358000000e+03 
8.642000000e+03 9.312000000e+03 
8.638000000e+03 9.335000000e+03 
8.460000000e+03 9.501000000e+03 
8.910000000e+03 9.234000000e+03 
8.489000000e+03 9.429000000e+03 
8.645000000e+03 9.288000000e+03 
8.228000000e+03 9.607000000e+03 
8.313000000e+03 9.550000000e+03 
8.638000000e+03 9.335000000e+03 
8.494000000e+03 9.382000000e+03 
8.086000000e+03 9.757000000e+03 
8.642000000e+03 9.312000000e+03 
8.910000000e+03 9.234000000e+03 
8.012000000e+03 9.806000000e+03 
8.642000000e+03 9.312000000e+03 
8.165000000e+03 9.709000000e+03 
8.479000000e+03 9.491000000e+03 
9.067000000e+03 9.190000000e+03 
8.173000000e+03 9.649000000e+03 
8.337000000e+03 9.505000000e+03 
8.503000000e+03 9.365000000e+03 
8.259000000e+03 9.601000000e+03 
8.924000000e+03 9.233000000e+03 
8.910000000e+03 9.234000000e+03 
8.705000000e+03 9.251000000e+03 
8.415000000e+03 9.502000000e+03 
8.086000000e+03 9.757000000e+03 
8.135000000e+03 9.745000000e+03 

9.027000000e+03 8.523000000e+03 
8.952000000e+03 8.534000000e+03 
8.777000000e+03 8.896000000e+03 
9.102000000e+03 8.515000000e+03 
9.161000000e+03 8.497000000e+03 
9.476000000e+03 8.459000000e+03 
9.176000000e+03 8.469000000e+03 
9.176000000e+03 8.469000000e+03 
8.777000000e+03 8.896000000e+03 
8.930000000e+03 8.652000000e+03 
8.833000000e+03 8.737000000e+03 
8.741000000e+03 8.958000000e+03 
9.275000000e+03 8.464000000e+03 
8.804000000e+03 8.793000000e+03 
8.846000000e+03 8.674000000e+03 

9.587000000e+03 9.069000000e+03 
9.132000000e+03 9.611000000e+03 
9.504000000e+03 9.154000000e+03 
9.653000000e+03 9.068000000e+03 
9.504000000e+03 9.154000000e+03 
9.317000000e+03 9.328000000e+03 
9.352000000e+03 9.235000000e+03 
9.747000000e+03 8.927000000e+03 
9.132000000e+03 9.611000000e+03 
9.772000000e+03 8.903000000e+03 
9.696000000e+03 8.971000000e+03 
9.504000000e+03 9.154000000e+03 
9.132000000e+03 9.611000000e+03 
9.728000000e+03 8.969000000e+03 
9.202000000e+03 9.569000000e+03 
9.928000000e+03 8.832000000e+03 
9.796000000e+03 8.896000000e+03 
9.233000000e+03 9.398000000e+03 
9.396000000e+03 9.164000000e+03 
9.574000000e+03 9.080000000e+03 
9.370000000e+03 9.230000000e+03 
9.511000000e+03 9.111000000e+03 
9.128000000e+03 9.647000000e+03 
9.809000000e+03 8.870000000e+03 
9.352000000e+03 9.235000000e+03 
9.504000000e+03 9.154000000e+03 

9.126000000e+03 9.502000000e+03 
9.128000000e+03 9.497000000e+03 
9.264000000e+03 9.383000000e+03 
9.157000000e+03 9.474000000e+03 
9.157000000e+03 9.474000000e+03 
8.727000000e+03 9.845000000e+03 
9.026000000e+03 9.553000000e+03 
8.969000000e+03 9.569000000e+03 
8.851000000e+03 9.711000000e+03 
9.037000000e+03 9.548000000e+03 
9.760000000e+03 9.171000000e+03 
9.374000000e+03 9.322000000e+03 
9.026000000e+03 9.553000000e+03 
9.221000000e+03 9.404000000e+03 
8.792000000e+03 9.768000000e+03 
8.797000000e+03 9.727000000e+03 
8.959000000e+03 9.609000000e+03 
8.881000000e+03 9.663000000e+03 
9.164000000e+03 9.418000000e+03 
9.012000000e+03 9.559000000e+03 
8.591000000e+03 9.925000000e+03 
9.157000000e+03 9.474000000e+03 
8.665000000e+03 9.860000000e+03 
9.221000000e+03 9.404000000e+03 
8.728000000e+03 9.812000000e+03 
8.778000000e+03 9.770000000e+03 
9.329000000e+03 9.361000000e+03 
9.701000000e+03 9.242000000e+03 
9.698000000e+03 9.289000000e+03 
8.649000000e+03 9.903000000e+03 
9.408000000e+03 9.291000000e+03 
8.937000000e+03 9.652000000e+03 

8.390000000e+03 8.426000000e+03 
8.390000000e+03 8.426000000e+03 
8.590000000e+03 8.301000000e+03 
8.540000000e+03 8.368000000e+03 
8.387000000e+03 8.469000000e+03 
8.866000000e+03 8.119000000e+03 
8.612000000e+03 8.243000000e+03 
8.602000000e+03 8.289000000e+03 
8.833000000e+03 8.141000000e+03 
8.573000000e+03 8.316000000e+03 
8.475000000e+03 8.408000000e+03 
8.343000000e+03 8.709000000e+03 
8.871000000e+03 8.108000000e+03 
8.542000000e+03 8.317000000e+03 
8.895000000e+03 8.088000000e+03 
8.923000000e+03 8.079000000e+03 
8.946000000e+03 8.061000000e+03 
8.343000000e+03 8.709000000e+03 
8.749000000e+03 8.181000000e+03 
8.356000000e+03 8.658000000e+03 
8.800000000e+03 8.147000000e+03 
8.427000000e+03 8.422000000e+03 
8.387000000e+03 8.469000000e+03 
8.505000000e+03 8.370000000e+03 
8.490000000e+03 8.398000000e+03 
8.760000000e+03 8.169000000e+03 
8.590000000e+03 8.301000000e+03 
8.579000000e+03 8.305000000e+03 
8.387000000e+03 8.469000000e+03 
8.637000000e+03 8.192000000e+03 
8.390000000e+03 8.426000000e+03 
8.401000000e+03 8.423000000e+03 
8.923000000e+03 8.079000000e+03 
8.373000000e+03 8.528000000e+03 
8.401000000e+03 8.423000000e+03 
8.972000000e+03 8.033000000e+03 

8.661000000e+03 9.873000000e+03 
9.312000000e+03 9.254000000e+03 
8.705000000e+03 9.760000000e+03 
8.888000000e+03 9.397000000e+03 
8.705000000e+03 9.760000000e+03 
8.705000000e+03 9.760000000e+03 
8.699000000e+03 9.768000000e+03 
9.180000000e+03 9.277000000e+03 
8.633000000e+03 9.882000000e+03 
8.684000000e+03 9.821000000e+03 
9.281000000e+03 9.275000000e+03 
9.106000000e+03 9.317000000e+03 
8.745000000e+03 9.524000000e+03 
8.708000000e+03 9.605000000e+03 
8.969000000e+03 9.393000000e+03 
9.418000000e+03 9.240000000e+03 
8.699000000e+03 9.768000000e+03 
8.705000000e+03 9.760000000e+03 
8.627000000e+03 9.974000000e+03 
8.705000000e+03 9.760000000e+03 
8.705000000e+03 9.760000000e+03 
9.044000000e+03 9.328000000e+03 
8.600000000e+03 1.008000000e+04 
9.110000000e+03 9.303000000e+03 

8.807000000e+03 9.765000000e+03 
8.968000000e+03 9.512000000e+03 
8.735000000e+03 9.900000000e+03 
9.369000000e+03 9.280000000e+03 
8.927000000e+03 9.552000000e+03 
8.838000000e+03 9.633000000e+03 
8.966000000e+03 9.538000000e+03 
9.508000000e+03 9.253000000e+03 
9.388000000e+03 9.266000000e+03 
8.995000000e+03 9.490000000e+03 
8.976000000e+03 9.509000000e+03 
8.803000000e+03 9.839000000e+03 
9.066000000e+03 9.424000000e+03 
8.968000000e+03 9.512000000e+03 
8.968000000e+03 9.512000000e+03 
9.369000000e+03 9.280000000e+03 
9.104000000e+03 9.315000000e+03 
9.320000000e+03 9.294000000e+03 
9.018000000e+03 9.426000000e+03 
8.899000000e+03 9.581000000e+03 
8.994000000e+03 9.496000000e+03 
9.388000000e+03 9.266000000e+03 
9.369000000e+03 9.280000000e+03 
8.900000000e+03 9.570000000e+03 
9.373000000e+03 9.273000000e+03 
9.077000000e+03 9.377000000e+03 
8.714000000e+03 1.001900000e+04 

9.411000000e+03 9.241000000e+03 
1.011100000e+04 8.629000000e+03 
9.992000000e+03 8.673000000e+03 
9.952000000e+03 8.686000000e+03 
9.515000000e+03 8.954000000e+03 
9.482000000e+03 9.042000000e+03 
9.808000000e+03 8.739000000e+03 
9.827000000e+03 8.724000000e+03 
9.808000000e+03 8.739000000e+03 
9.808000000e+03 8.739000000e+03 
9.808000000e+03 8.739000000e+03 
9.790000000e+03 8.750000000e+03 
9.442000000e+03 9.170000000e+03 
9.992000000e+03 8.673000000e+03 
9.440000000e+03 9.202000000e+03 
9.920000000e+03 8.718000000e+03 
9.918000000e+03 8.722000000e+03 
9.757000000e+03 8.794000000e+03 
9.482000000e+03 9.042000000e+03 
9.918000000e+03 8.722000000e+03 
9.920000000e+03 8.718000000e+03 
9.475000000e+03 9.072000000e+03 
9.930000000e+03 8.703000000e+03 
1.015900000e+04 8.596000000e+03 
1.001400000e+04 8.656000000e+03 
9.595000000e+03 8.819000000e+03 
9.466000000e+03 9.100000000e+03 
9.693000000e+03 8.806000000e+03 
9.918000000e+03 8.722000000e+03 
1.015900000e+04 8.596000000e+03 
9.515000000e+03 8.954000000e+03 
9.515000000e+03 8.954000000e+03 

9.155000000e+03 9.014000000e+03 
9.435000000e+03 8.759000000e+03 
9.121000000e+03 9.071000000e+03 
9.478000000e+03 8.740000000e+03 
8.875000000e+03 9.505000000e+03 
9.361000000e+03 8.787000000e+03 
8.921000000e+03 9.362000000e+03 
9.555000000e+03 8.723000000e+03 
9.328000000e+03 8.808000000e+03 
9.345000000e+03 8.794000000e+03 
9.003000000e+03 9.087000000e+03 
9.494000000e+03 8.732000000e+03 
9.190000000e+03 8.927000000e+03 
9.131000000e+03 9.050000000e+03 
9.375000000e+03 8.765000000e+03 
9.294000000e+03 8.820000000e+03 
9.435000000e+03 8.759000000e+03 
8.950000000e+03 9.187000000e+03 
9.349000000e+03 8.790000000e+03 
9.435000000e+03 8.759000000e+03 
8.900000000e+03 9.399000000e+03 
8.992000000e+03 9.167000000e+03 
9.256000000e+03 8.891000000e+03 
9.047000000e+03 9.081000000e+03 
9.179000000e+03 8.967000000e+03 
9.241000000e+03 8.920000000e+03 
9.133000000e+03 9.036000000e+03 
9.261000000e+03 8.859000000e+03 
9.161000000e+03 8.988000000e+03 
9.494000000e+03 8.732000000e+03 
9.294000000e+03 8.820000000e+03 
9.146000000e+03 9.022000000e+03 
9.173000000e+03 8.977000000e+03 

8.658000000e+03 8.908000000e+03 
9.449000000e+03 8.357000000e+03 
9.665000000e+03 8.356000000e+03 
8.678000000e+03 8.886000000e+03 
9.302000000e+03 8.447000000e+03 
8.658000000e+03 8.908000000e+03 
9.038000000e+03 8.597000000e+03 
8.658000000e+03 8.908000000e+03 
9.369000000e+03 8.407000000e+03 
9.147000000e+03 8.484000000e+03 
9.665000000e+03 8.356000000e+03 
8.633000000e+03 8.974000000e+03 
8.941000000e+03 8.623000000e+03 
8.897000000e+03 8.667000000e+03 
8.842000000e+03 8.688000000e+03 
9.048000000e+03 8.562000000e+03 
8.658000000e+03 8.908000000e+03 
9.006000000e+03 8.612000000e+03 
8.658000000e+03 8.908000000e+03 
8.780000000e+03 8.722000000e+03 
8.708000000e+03 8.783000000e+03 
9.006000000e+03 8.612000000e+03 
8.655000000e+03 8.967000000e+03 
9.006000000e+03 8.612000000e+03 
8.780000000e+03 8.722000000e+03 
8.780000000e+03 8.722000000e+03 
8.780000000e+03 8.722000000e+03 
9.408000000e+03 8.395000000e+03 
8.582000000e+03 9.093000000e+03 
8.941000000e+03 8.623000000e+03 
8.706000000e+03 8.860000000e+03 
9.006000000e+03 8.612000000e+03 
8.808000000e+03 8.719000000e+03 
9.203000000e+03 8.459000000e+03 
8.897000000e+03 8.667000000e+03 
8.658000000e+03 8.908000000e+03 
8.619000000e+03 9.013000000e+03 

8.831000000e+03 9.394000000e+03 
9.579000000e+03 8.828000000e+03 
9.293000000e+03 9.033000000e+03 
8.806000000e+03 9.405000000e+03 
8.857000000e+03 9.273000000e+03 
8.774000000e+03 9.589000000e+03 
9.293000000e+03 9.033000000e+03 
9.639000000e+03 8.775000000e+03 
9.006000000e+03 9.160000000e+03 
8.719000000e+03 9.695000000e+03 
9.119000000e+03 9.099000000e+03 
9.639000000e+03 8.775000000e+03 
9.640000000e+03 8.749000000e+03 
9.407000000e+03 8.885000000e+03 
9.168000000e+03 9.059000000e+03 
8.757000000e+03 9.602000000e+03 
8.851000000e+03 9.337000000e+03 
9.359000000e+03 8.925000000e+03 
9.343000000e+03 8.952000000e+03 
9.579000000e+03 8.828000000e+03 
9.119000000e+03 9.099000000e+03 
8.979000000e+03 9.206000000e+03 
9.604000000e+03 8.808000000e+03 
8.998000000e+03 9.192000000e+03 
9.483000000e+03 8.833000000e+03 
9.343000000e+03 8.952000000e+03 
9.742000000e+03 8.722000000e+03 
9.267000000e+03 9.051000000e+03 
9.562000000e+03 8.830000000e+03 
9.244000000e+03 9.058000000e+03 
8.719000000e+03 9.695000000e+03 

9.586000000e+03 8.924000000e+03 
9.749000000e+03 8.882000000e+03 
9.156000000e+03 9.175000000e+03 
9.144000000e+03 9.184000000e+03 
9.349000000e+03 9.026000000e+03 
9.648000000e+03 8.920000000e+03 
9.156000000e+03 9.175000000e+03 
9.188000000e+03 9.157000000e+03 
9.749000000e+03 8.882000000e+03 
9.060000000e+03 9.255000000e+03 
1.018100000e+04 8.815000000e+03 
9.454000000e+03 9.019000000e+03 
9.592000000e+03 8.921000000e+03 
1.009100000e+04 8.817000000e+03 
9.565000000e+03 8.927000000e+03 
9.144000000e+03 9.184000000e+03 
9.433000000e+03 9.021000000e+03 
9.156000000e+03 9.175000000e+03 
9.156000000e+03 9.175000000e+03 
9.020000000e+03 9.265000000e+03 
9.982000000e+03 8.829000000e+03 
9.020000000e+03 9.265000000e+03 
9.457000000e+03 8.996000000e+03 
9.144000000e+03 9.184000000e+03 
9.156000000e+03 9.175000000e+03 
9.144000000e+03 9.184000000e+03 
9.709000000e+03 8.896000000e+03 
9.123000000e+03 9.226000000e+03 
9.475000000e+03 8.974000000e+03 
9.207000000e+03 9.060000000e+03 
9.749000000e+03 8.882000000e+03 
9.484000000e+03 8.966000000e+03 
9.156000000e+03 9.175000000e+03 
9.156000000e+03 9.175000000e+03 
9.698000000e+03 8.904000000e+03 
9.522000000e+03 8.951000000e+03 
9.548000000e+03 8.932000000e+03 
9.259000000e+03 9.050000000e+03 
9.156000000e+03 9.175000000e+03 
9.592000000e+03 8.921000000e+03 
9.749000000e+03 8.882000000e+03 
9.314000000e+03 9.033000000e+03 
9.454000000e+03 9.019000000e+03 

8.885000000e+03 1.010400000e+04 
9.156000000e+03 9.246000000e+03 
9.239000000e+03 9.174000000e+03 
9.170000000e+03 9.241000000e+03 
9.170000000e+03 9.241000000e+03 
9.636000000e+03 8.945000000e+03 
9.070000000e+03 9.351000000e+03 
8.918000000e+03 9.627000000e+03 
9.428000000e+03 9.016000000e+03 
9.495000000e+03 8.973000000e+03 
8.906000000e+03 9.668000000e+03 
9.636000000e+03 8.945000000e+03 
8.891000000e+03 1.000000000e+04 
9.427000000e+03 9.046000000e+03 
8.860000000e+03 1.012700000e+04 
8.906000000e+03 9.668000000e+03 
9.239000000e+03 9.174000000e+03 
8.906000000e+03 9.668000000e+03 
9.188000000e+03 9.233000000e+03 
9.423000000e+03 9.073000000e+03 
8.851000000e+03 1.015100000e+04 
8.860000000e+03 1.012700000e+04 
9.343000000e+03 9.094000000e+03 
8.906000000e+03 9.668000000e+03 
9.170000000e+03 9.241000000e+03 
8.921000000e+03 9.580000000e+03 
9.707000000e+03 8.904000000e+03 
8.906000000e+03 9.668000000e+03 
9.239000000e+03 9.174000000e+03 
8.942000000e+03 9.547000000e+03 
8.860000000e+03 1.012700000e+04 
9.156000000e+03 9.246000000e+03 
8.891000000e+03 1.000000000e+04 
9.201000000e+03 9.194000000e+03 
9.201000000e+03 9.194000000e+03 
9.089000000e+03 9.322000000e+03 
9.237000000e+03 9.191000000e+03 
8.913000000e+03 9.649000000e+03 
8.942000000e+03 9.547000000e+03 
9.495000000e+03 8.973000000e+03 
9.201000000e+03 9.194000000e+03 
9.239000000e+03 9.174000000e+03 
9.120000000e+03 9.287000000e+03 
9.239000000e+03 9.174000000e+03 
9.001000000e+03 9.405000000e+03 
9.613000000e+03 8.957000000e+03 
9.001000000e+03 9.405000000e+03 
8.886000000e+03 1.004200000e+04 
9.495000000e+03 8.973000000e+03 
9.636000000e+03 8.945000000e+03 
8.891000000e+03 1.000000000e+04 

8.995000000e+03 9.177000000e+03 
9.621000000e+03 8.731000000e+03 
9.265000000e+03 8.926000000e+03 
9.162000000e+03 8.955000000e+03 
9.290000000e+03 8.910000000e+03 
9.746000000e+03 8.724000000e+03 
9.152000000e+03 8.972000000e+03 
8.990000000e+03 9.219000000e+03 
8.752000000e+03 9.569000000e+03 
9.290000000e+03 8.910000000e+03 
9.621000000e+03 8.731000000e+03 
8.885000000e+03 9.351000000e+03 
9.488000000e+03 8.766000000e+03 
9.299000000e+03 8.897000000e+03 
9.220000000e+03 8.929000000e+03 
9.293000000e+03 8.904000000e+03 
9.746000000e+03 8.724000000e+03 
9.361000000e+03 8.843000000e+03 
9.153000000e+03 8.971000000e+03 
9.351000000e+03 8.887000000e+03 
9.153000000e+03 8.971000000e+03 
9.153000000e+03 8.971000000e+03 
8.995000000e+03 9.177000000e+03 
9.204000000e+03 8.951000000e+03 
9.153000000e+03 8.971000000e+03 
8.915000000e+03 9.309000000e+03 
9.606000000e+03 8.757000000e+03 
9.351000000e+03 8.887000000e+03 
8.990000000e+03 9.219000000e+03 
8.792000000e+03 9.425000000e+03 
9.153000000e+03 8.971000000e+03 
9.390000000e+03 8.775000000e+03 
8.995000000e+03 9.177000000e+03 
9.153000000e+03 8.971000000e+03 
9.267000000e+03 8.925000000e+03 
9.390000000e+03 8.775000000e+03 
9.335000000e+03 8.896000000e+03 
9.114000000e+03 9.012000000e+03 
9.621000000e+03 8.731000000e+03 
8.945000000e+03 9.242000000e+03 
9.058000000e+03 9.136000000e+03 
9.060000000e+03 9.054000000e+03 
9.390000000e+03 8.775000000e+03 

8.501000000e+03 9.020000000e+03 
8.973000000e+03 8.609000000e+03 
8.591000000e+03 8.947000000e+03 
9.206000000e+03 8.507000000e+03 
8.862000000e+03 8.693000000e+03 
9.191000000e+03 8.522000000e+03 
8.862000000e+03 8.693000000e+03 
8.421000000e+03 9.120000000e+03 
9.213000000e+03 8.496000000e+03 
8.662000000e+03 8.919000000e+03 
8.667000000e+03 8.909000000e+03 
8.845000000e+03 8.706000000e+03 
9.107000000e+03 8.534000000e+03 
8.862000000e+03 8.693000000e+03 
8.994000000e+03 8.586000000e+03 
8.862000000e+03 8.693000000e+03 
8.654000000e+03 8.944000000e+03 
8.697000000e+03 8.727000000e+03 
8.654000000e+03 8.944000000e+03 
8.994000000e+03 8.586000000e+03 
8.900000000e+03 8.632000000e+03 
8.862000000e+03 8.693000000e+03 
8.591000000e+03 8.947000000e+03 
8.684000000e+03 8.782000000e+03 
9.107000000e+03 8.534000000e+03 
8.428000000e+03 9.079000000e+03 
9.061000000e+03 8.536000000e+03 
9.107000000e+03 8.534000000e+03 
8.890000000e+03 8.670000000e+03 
8.862000000e+03 8.693000000e+03 
8.379000000e+03 9.141000000e+03 
8.493000000e+03 9.052000000e+03 
8.679000000e+03 8.843000000e+03 
8.428000000e+03 9.079000000e+03 
9.107000000e+03 8.534000000e+03 
8.540000000e+03 9.011000000e+03 
8.462000000e+03 9.068000000e+03 
8.964000000e+03 8.619000000e+03 

9.909000000e+03 8.424000000e+03 
9.196000000e+03 8.929000000e+03 
9.401000000e+03 8.657000000e+03 
9.924000000e+03 8.410000000e+03 
9.254000000e+03 8.859000000e+03 
9.126000000e+03 9.059000000e+03 
9.909000000e+03 8.424000000e+03 
9.259000000e+03 8.811000000e+03 
9.407000000e+03 8.643000000e+03 
9.126000000e+03 9.059000000e+03 
9.124000000e+03 9.126000000e+03 
9.758000000e+03 8.447000000e+03 
9.909000000e+03 8.424000000e+03 
9.628000000e+03 8.515000000e+03 
9.117000000e+03 9.131000000e+03 
9.126000000e+03 9.059000000e+03 
9.273000000e+03 8.774000000e+03 
9.908000000e+03 8.446000000e+03 
9.393000000e+03 8.678000000e+03 
9.909000000e+03 8.424000000e+03 
9.126000000e+03 9.059000000e+03 
9.196000000e+03 8.929000000e+03 
9.726000000e+03 8.460000000e+03 
9.278000000e+03 8.732000000e+03 
9.170000000e+03 8.943000000e+03 
9.373000000e+03 8.681000000e+03 
9.726000000e+03 8.460000000e+03 
9.373000000e+03 8.681000000e+03 
9.909000000e+03 8.424000000e+03 
9.401000000e+03 8.657000000e+03 
9.718000000e+03 8.461000000e+03 
9.126000000e+03 9.059000000e+03 
9.126000000e+03 9.059000000e+03 
9.440000000e+03 8.601000000e+03 
9.407000000e+03 8.643000000e+03 
9.166000000e+03 8.996000000e+03 
9.197000000e+03 8.891000000e+03 
9.395000000e+03 8.662000000e+03 
9.102000000e+03 9.151000000e+03 
9.470000000e+03 8.587000000e+03 
9.196000000e+03 8.929000000e+03 
9.395000000e+03 8.662000000e+03 
9.354000000e+03 8.687000000e+03 
9.211000000e+03 8.867000000e+03 
9.340000000e+03 8.728000000e+03 
9.254000000e+03 8.859000000e+03 
9.534000000e+03 8.528000000e+03 
9.196000000e+03 8.929000000e+03 
9.373000000e+03 8.681000000e+03 

8.900000000e+03 8.824000000e+03 
8.900000000e+03 8.824000000e+03 
8.970000000e+03 8.675000000e+03 
8.880000000e+03 8.850000000e+03 
9.200000000e+03 8.420000000e+03 
8.900000000e+03 8.824000000e+03 
9.194000000e+03 8.421000000e+03 
9.133000000e+03 8.466000000e+03 
8.779000000e+03 9.066000000e+03 
8.900000000e+03 8.824000000e+03 
8.900000000e+03 8.824000000e+03 
8.900000000e+03 8.824000000e+03 
8.920000000e+03 8.744000000e+03 
8.900000000e+03 8.824000000e+03 
8.892000000e+03 8.841000000e+03 
8.900000000e+03 8.824000000e+03 
8.900000000e+03 8.824000000e+03 
8.792000000e+03 8.913000000e+03 
8.994000000e+03 8.628000000e+03 
8.961000000e+03 8.698000000e+03 
9.031000000e+03 8.569000000e+03 
8.900000000e+03 8.824000000e+03 
8.900000000e+03 8.824000000e+03 
8.900000000e+03 8.824000000e+03 
9.249000000e+03 8.376000000e+03 
8.900000000e+03 8.824000000e+03 
8.900000000e+03 8.824000000e+03 
9.103000000e+03 8.502000000e+03 
8.900000000e+03 8.824000000e+03 
8.961000000e+03 8.698000000e+03 
9.901000000e+03 8.304000000e+03 
8.961000000e+03 8.698000000e+03 
8.900000000e+03 8.824000000e+03 
9.147000000e+03 8.459000000e+03 
9.271000000e+03 8.354000000e+03 
8.970000000e+03 8.675000000e+03 
8.892000000e+03 8.841000000e+03 
9.223000000e+03 8.415000000e+03 
8.779000000e+03 9.066000000e+03 
8.892000000e+03 8.841000000e+03 
8.900000000e+03 8.824000000e+03 
8.900000000e+03 8.824000000e+03 
9.103000000e+03 8.502000000e+03 
9.068000000e+03 8.530000000e+03 
9.160000000e+03 8.454000000e+03 
9.103000000e+03 8.502000000e+03 
8.773000000e+03 9.101000000e+03 
9.023000000e+03 8.575000000e+03 
8.900000000e+03 8.824000000e+03 
9.042000000e+03 8.554000000e+03 
8.900000000e+03 8.824000000e+03 
9.010000000e+03 8.606000000e+03 
9.160000000e+03 8.454000000e+03 
9.506000000e+03 8.333000000e+03 
9.160000000e+03 8.454000000e+03 
8.938000000e+03 8.732000000e+03 

