1.068800000e+04 9.902000000e+03 
9.972000000e+03 1.022700000e+04 
1.053000000e+04 9.962000000e+03 
1.016400000e+04 1.009500000e+04 
9.918000000e+03 1.036000000e+04 
1.007000000e+04 1.019500000e+04 
1.008500000e+04 1.014600000e+04 
1.007000000e+04 1.019500000e+04 
1.071700000e+04 9.850000000e+03 
1.006200000e+04 1.021500000e+04 
1.055300000e+04 9.903000000e+03 
9.966000000e+03 1.033200000e+04 
1.023900000e+04 9.977000000e+03 
1.077500000e+04 9.824000000e+03 

1.069500000e+04 1.033100000e+04 
9.949000000e+03 1.068000000e+04 
1.016600000e+04 1.052000000e+04 
1.077200000e+04 1.021500000e+04 
1.008100000e+04 1.058900000e+04 
1.038900000e+04 1.036800000e+04 
1.011100000e+04 1.057900000e+04 
1.020900000e+04 1.045000000e+04 
1.070100000e+04 1.032200000e+04 
1.006000000e+04 1.064500000e+04 
1.011300000e+04 1.052900000e+04 
9.942000000e+03 1.100800000e+04 
1.007600000e+04 1.062500000e+04 
1.028600000e+04 1.038300000e+04 
9.785000000e+03 1.102900000e+04 
9.942000000e+03 1.100800000e+04 

1.130300000e+04 1.040600000e+04 
1.085500000e+04 1.051100000e+04 
1.025000000e+04 1.077100000e+04 
1.114800000e+04 1.044500000e+04 
1.058300000e+04 1.073500000e+04 
1.058300000e+04 1.073500000e+04 
1.067700000e+04 1.051700000e+04 
1.098600000e+04 1.045400000e+04 
1.062800000e+04 1.062900000e+04 
1.097100000e+04 1.049200000e+04 

1.094500000e+04 1.059400000e+04 
1.085500000e+04 1.059700000e+04 
1.119500000e+04 1.044000000e+04 
1.071900000e+04 1.078900000e+04 
1.067100000e+04 1.102600000e+04 
1.074100000e+04 1.078400000e+04 
1.119500000e+04 1.044000000e+04 
1.070900000e+04 1.102400000e+04 
1.141900000e+04 1.042500000e+04 
1.118400000e+04 1.058500000e+04 

1.064400000e+04 9.277000000e+03 
1.080000000e+04 9.237000000e+03 
1.080000000e+04 9.237000000e+03 
1.054700000e+04 9.446000000e+03 
1.073800000e+04 9.242000000e+03 
1.059800000e+04 9.388000000e+03 
1.041600000e+04 9.590000000e+03 
1.062700000e+04 9.349000000e+03 
1.033600000e+04 1.012200000e+04 
1.046400000e+04 9.583000000e+03 

1.034600000e+04 9.875000000e+03 
1.030700000e+04 9.891000000e+03 
1.023100000e+04 9.910000000e+03 
9.935000000e+03 1.015600000e+04 
1.029900000e+04 9.894000000e+03 
9.967000000e+03 1.009700000e+04 
1.002000000e+04 9.931000000e+03 
1.000200000e+04 1.007200000e+04 
1.039200000e+04 9.870000000e+03 

1.013800000e+04 1.079300000e+04 
1.029700000e+04 1.052600000e+04 
1.088000000e+04 1.015000000e+04 
1.056900000e+04 1.023700000e+04 
1.018900000e+04 1.068600000e+04 
1.033500000e+04 1.037400000e+04 
1.083400000e+04 1.021800000e+04 
1.022000000e+04 1.061000000e+04 
1.047400000e+04 1.026900000e+04 
1.004800000e+04 1.105200000e+04 

1.005600000e+04 1.085700000e+04 
9.968000000e+03 1.114800000e+04 
1.025200000e+04 1.047600000e+04 
1.051400000e+04 1.032100000e+04 
1.045500000e+04 1.042800000e+04 
9.973000000e+03 1.091900000e+04 
1.006900000e+04 1.080000000e+04 

1.104700000e+04 1.007600000e+04 
1.054000000e+04 1.039400000e+04 
1.045500000e+04 1.051400000e+04 
1.081500000e+04 1.012600000e+04 
1.062500000e+04 1.030800000e+04 
1.055200000e+04 1.035200000e+04 
1.043600000e+04 1.053900000e+04 
1.096300000e+04 1.010700000e+04 
1.075200000e+04 1.016300000e+04 
1.038700000e+04 1.054400000e+04 
1.050000000e+04 1.040700000e+04 
1.071100000e+04 1.027500000e+04 
1.055300000e+04 1.034300000e+04 
1.069500000e+04 1.028900000e+04 

1.026000000e+04 1.019600000e+04 
1.013200000e+04 1.046200000e+04 
1.033400000e+04 1.008000000e+04 
1.066100000e+04 9.842000000e+03 
1.013700000e+04 1.042200000e+04 
1.019800000e+04 1.025400000e+04 
1.020500000e+04 1.023100000e+04 
1.051700000e+04 9.947000000e+03 
1.079100000e+04 9.763000000e+03 
1.035800000e+04 1.001200000e+04 
1.015000000e+04 1.025500000e+04 
1.046100000e+04 9.959000000e+03 

1.126800000e+04 1.021800000e+04 
1.065900000e+04 1.094900000e+04 
1.062000000e+04 1.108500000e+04 
1.131800000e+04 1.019600000e+04 
1.065200000e+04 1.098000000e+04 
1.062000000e+04 1.108500000e+04 
1.104900000e+04 1.041200000e+04 
1.110800000e+04 1.038400000e+04 
1.080300000e+04 1.061500000e+04 
1.099200000e+04 1.055500000e+04 
1.077400000e+04 1.069800000e+04 
1.082700000e+04 1.057800000e+04 
1.071600000e+04 1.080900000e+04 

9.690000000e+03 1.096100000e+04 
1.013000000e+04 1.054700000e+04 
9.843000000e+03 1.080100000e+04 
1.017700000e+04 1.050600000e+04 
1.004500000e+04 1.062100000e+04 
9.990000000e+03 1.062800000e+04 
1.019900000e+04 1.033500000e+04 
1.008000000e+04 1.061200000e+04 
9.802000000e+03 1.088200000e+04 
1.016200000e+04 1.053700000e+04 
9.880000000e+03 1.072200000e+04 
1.045800000e+04 1.027900000e+04 
1.009200000e+04 1.060200000e+04 
9.932000000e+03 1.064600000e+04 
1.046300000e+04 1.027300000e+04 

1.069900000e+04 9.981000000e+03 
1.024600000e+04 1.024300000e+04 
1.006100000e+04 1.035100000e+04 
1.027400000e+04 1.006200000e+04 
1.054000000e+04 9.997000000e+03 
1.048900000e+04 1.004200000e+04 
1.021300000e+04 1.031400000e+04 
1.070800000e+04 9.977000000e+03 

9.899000000e+03 1.074400000e+04 
9.388000000e+03 1.174200000e+04 
9.869000000e+03 1.074900000e+04 
9.489000000e+03 1.104400000e+04 
1.007700000e+04 1.049500000e+04 
9.418000000e+03 1.166000000e+04 
9.450000000e+03 1.156700000e+04 
1.003700000e+04 1.071400000e+04 
9.866000000e+03 1.076000000e+04 
9.592000000e+03 1.078400000e+04 

1.013700000e+04 1.046000000e+04 
1.110500000e+04 1.005700000e+04 
1.056200000e+04 1.019500000e+04 
1.046800000e+04 1.027400000e+04 
1.043000000e+04 1.030400000e+04 
1.023800000e+04 1.032800000e+04 
1.009600000e+04 1.076000000e+04 
1.049300000e+04 1.020800000e+04 
1.096300000e+04 1.006000000e+04 
1.016500000e+04 1.041000000e+04 
1.048600000e+04 1.023100000e+04 
1.070100000e+04 1.008200000e+04 
1.066200000e+04 1.011000000e+04 
1.010700000e+04 1.058000000e+04 
1.096300000e+04 1.006000000e+04 
1.018300000e+04 1.037500000e+04 
1.046800000e+04 1.027400000e+04 
1.058300000e+04 1.015600000e+04 

1.075500000e+04 1.102800000e+04 
1.071100000e+04 1.125200000e+04 
1.095900000e+04 1.043400000e+04 
1.093300000e+04 1.054100000e+04 
1.085200000e+04 1.057200000e+04 
1.076000000e+04 1.092400000e+04 
1.076400000e+04 1.083200000e+04 
1.082800000e+04 1.058000000e+04 
1.073600000e+04 1.111900000e+04 
1.078100000e+04 1.074800000e+04 
1.098000000e+04 1.040600000e+04 
1.126700000e+04 1.037600000e+04 
1.089800000e+04 1.054900000e+04 
1.080500000e+04 1.069100000e+04 

1.016700000e+04 1.078900000e+04 
9.998000000e+03 1.109200000e+04 
1.050000000e+04 1.068400000e+04 
1.031600000e+04 1.074600000e+04 
1.050200000e+04 1.063900000e+04 
1.061500000e+04 1.050000000e+04 
1.006600000e+04 1.083200000e+04 
1.022400000e+04 1.077000000e+04 
1.054500000e+04 1.059100000e+04 
1.032600000e+04 1.073500000e+04 

1.024400000e+04 9.791000000e+03 
1.005700000e+04 9.922000000e+03 
1.054100000e+04 9.723000000e+03 
1.025300000e+04 9.748000000e+03 
1.007600000e+04 9.906000000e+03 
9.914000000e+03 1.048500000e+04 
1.004300000e+04 1.017200000e+04 
1.005000000e+04 1.001000000e+04 
1.027300000e+04 9.745000000e+03 
1.050500000e+04 9.739000000e+03 
1.053300000e+04 9.735000000e+03 
1.033400000e+04 9.743000000e+03 
1.000800000e+04 1.033600000e+04 
1.015900000e+04 9.803000000e+03 
9.978000000e+03 1.035300000e+04 
1.011400000e+04 9.857000000e+03 

1.017200000e+04 1.135700000e+04 
1.030300000e+04 1.110300000e+04 
1.027100000e+04 1.125300000e+04 
1.027600000e+04 1.113900000e+04 
1.033100000e+04 1.108100000e+04 
1.035000000e+04 1.094200000e+04 
1.020000000e+04 1.125500000e+04 

1.010400000e+04 1.112000000e+04 
1.006300000e+04 1.133000000e+04 
1.006400000e+04 1.128700000e+04 
1.067400000e+04 1.069400000e+04 
1.022900000e+04 1.092600000e+04 
1.033400000e+04 1.087500000e+04 
1.043500000e+04 1.084200000e+04 
1.045000000e+04 1.074700000e+04 
1.008800000e+04 1.120800000e+04 
1.057100000e+04 1.071300000e+04 
1.040200000e+04 1.085500000e+04 
1.044400000e+04 1.080000000e+04 

1.180400000e+04 9.966000000e+03 
1.106600000e+04 1.063900000e+04 
1.121600000e+04 1.009400000e+04 
1.148700000e+04 9.968000000e+03 
1.107000000e+04 1.049000000e+04 
1.119500000e+04 1.037600000e+04 

1.033900000e+04 1.102800000e+04 
1.048200000e+04 1.046000000e+04 
1.048800000e+04 9.866000000e+03 
1.086300000e+04 9.825000000e+03 
1.043600000e+04 1.057900000e+04 

1.032300000e+04 1.022900000e+04 
1.057200000e+04 1.002000000e+04 
1.038500000e+04 1.006400000e+04 
1.059500000e+04 9.886000000e+03 
1.064400000e+04 9.836000000e+03 
1.062900000e+04 9.862000000e+03 
1.032400000e+04 1.009200000e+04 
1.076600000e+04 9.718000000e+03 
1.059100000e+04 9.944000000e+03 

1.002300000e+04 1.100400000e+04 
1.013200000e+04 1.078500000e+04 
9.984000000e+03 1.105900000e+04 
1.012400000e+04 1.085400000e+04 
1.035100000e+04 1.051200000e+04 
1.113400000e+04 1.036400000e+04 
1.005100000e+04 1.099000000e+04 
1.012900000e+04 1.079600000e+04 
1.047100000e+04 1.037400000e+04 
1.010200000e+04 1.092900000e+04 
1.010200000e+04 1.092900000e+04 
1.011900000e+04 1.091400000e+04 
1.076900000e+04 1.036500000e+04 
1.113400000e+04 1.036400000e+04 
1.013900000e+04 1.068800000e+04 
9.987000000e+03 1.101300000e+04 
9.862000000e+03 1.116500000e+04 
1.018500000e+04 1.055400000e+04 
1.076900000e+04 1.036500000e+04 
1.042600000e+04 1.047300000e+04 
1.028300000e+04 1.053500000e+04 
1.008200000e+04 1.094200000e+04 

1.070100000e+04 1.039600000e+04 
1.057900000e+04 1.048100000e+04 
1.077800000e+04 1.027700000e+04 
1.093700000e+04 1.012200000e+04 
1.071700000e+04 1.038300000e+04 
1.092100000e+04 1.027200000e+04 
1.069800000e+04 1.041800000e+04 
1.075300000e+04 1.033600000e+04 

9.985000000e+03 1.144200000e+04 
1.028600000e+04 1.075400000e+04 
1.002300000e+04 1.117500000e+04 
1.026600000e+04 1.080000000e+04 
1.045800000e+04 1.051900000e+04 
1.038800000e+04 1.070700000e+04 
1.006700000e+04 1.114900000e+04 
1.040300000e+04 1.058300000e+04 
1.007800000e+04 1.108100000e+04 
1.019400000e+04 1.085900000e+04 
1.027700000e+04 1.076100000e+04 
1.000700000e+04 1.139000000e+04 
1.045000000e+04 1.053900000e+04 
1.016200000e+04 1.100300000e+04 
1.014900000e+04 1.108000000e+04 
1.026600000e+04 1.080000000e+04 

1.044700000e+04 1.062600000e+04 
1.038800000e+04 1.068600000e+04 
1.075300000e+04 1.023000000e+04 
1.044600000e+04 1.063400000e+04 
1.045600000e+04 1.062200000e+04 
1.044700000e+04 1.062600000e+04 
1.045700000e+04 1.058600000e+04 
1.035900000e+04 1.069200000e+04 
1.058200000e+04 1.046800000e+04 
1.066200000e+04 1.045900000e+04 
1.054000000e+04 1.048100000e+04 
1.069100000e+04 1.037800000e+04 

1.022600000e+04 1.016400000e+04 
1.001100000e+04 1.094000000e+04 
1.093200000e+04 9.891000000e+03 
1.023200000e+04 1.014700000e+04 
1.064700000e+04 1.000100000e+04 
1.048100000e+04 1.005400000e+04 
1.099200000e+04 9.812000000e+03 
1.074000000e+04 9.948000000e+03 
1.039600000e+04 1.014600000e+04 
1.006300000e+04 1.017200000e+04 

1.070200000e+04 1.024400000e+04 
1.097200000e+04 9.997000000e+03 
1.096100000e+04 1.004700000e+04 
1.054100000e+04 1.053000000e+04 
1.061600000e+04 1.025600000e+04 
1.070300000e+04 1.023500000e+04 
1.073900000e+04 1.018000000e+04 
1.111000000e+04 9.908000000e+03 
1.077200000e+04 1.009300000e+04 
1.061400000e+04 1.027300000e+04 
1.058000000e+04 1.029600000e+04 
1.092100000e+04 1.006500000e+04 
1.052900000e+04 1.083300000e+04 

1.037700000e+04 1.032800000e+04 
1.032700000e+04 1.035200000e+04 
1.049500000e+04 9.939000000e+03 
1.045700000e+04 1.003300000e+04 
1.038100000e+04 1.031900000e+04 

