1.017800000e+04 9.374000000e+03 
1.003200000e+04 9.403000000e+03 
9.480000000e+03 9.755000000e+03 
9.989000000e+03 9.405000000e+03 
9.773000000e+03 9.507000000e+03 
9.773000000e+03 9.507000000e+03 
1.017500000e+04 9.398000000e+03 
9.455000000e+03 9.853000000e+03 
9.842000000e+03 9.422000000e+03 
9.367000000e+03 1.004700000e+04 
9.735000000e+03 9.548000000e+03 
9.306000000e+03 1.015900000e+04 
9.366000000e+03 1.010000000e+04 
9.499000000e+03 9.675000000e+03 
9.600000000e+03 9.633000000e+03 
9.772000000e+03 9.517000000e+03 
1.003200000e+04 9.403000000e+03 
9.773000000e+03 9.507000000e+03 
9.798000000e+03 9.449000000e+03 
9.974000000e+03 9.407000000e+03 
9.708000000e+03 9.565000000e+03 
9.394000000e+03 9.987000000e+03 
9.842000000e+03 9.422000000e+03 
9.560000000e+03 9.665000000e+03 
9.989000000e+03 9.405000000e+03 

9.633000000e+03 1.001600000e+04 
1.039600000e+04 9.759000000e+03 
9.646000000e+03 9.992000000e+03 
9.866000000e+03 9.920000000e+03 
1.032900000e+04 9.815000000e+03 
9.536000000e+03 1.018700000e+04 
9.984000000e+03 9.907000000e+03 
1.003200000e+04 9.870000000e+03 
9.544000000e+03 1.004900000e+04 
9.921000000e+03 9.919000000e+03 
9.536000000e+03 1.018700000e+04 
9.434000000e+03 1.049900000e+04 
9.443000000e+03 1.029000000e+04 
1.014400000e+04 9.843000000e+03 
9.599000000e+03 1.003100000e+04 
1.021600000e+04 9.822000000e+03 
9.438000000e+03 1.035500000e+04 
9.508000000e+03 1.023300000e+04 
9.666000000e+03 9.943000000e+03 
9.683000000e+03 9.923000000e+03 

9.977000000e+03 1.010100000e+04 
1.046700000e+04 9.978000000e+03 
1.021600000e+04 1.004600000e+04 
1.091800000e+04 9.945000000e+03 
9.857000000e+03 1.026700000e+04 
9.960000000e+03 1.015100000e+04 
1.026600000e+04 1.004500000e+04 
1.042000000e+04 9.983000000e+03 
9.901000000e+03 1.022700000e+04 
1.041300000e+04 1.003400000e+04 

1.124100000e+04 9.895000000e+03 
1.021300000e+04 1.081000000e+04 
1.120900000e+04 9.944000000e+03 
1.063800000e+04 1.008300000e+04 
1.102000000e+04 9.995000000e+03 
1.024700000e+04 1.074400000e+04 
1.025100000e+04 1.070900000e+04 
1.024700000e+04 1.074400000e+04 
1.028800000e+04 1.061600000e+04 
1.024600000e+04 1.077700000e+04 
1.104300000e+04 9.968000000e+03 
1.087900000e+04 9.998000000e+03 
1.052200000e+04 1.015100000e+04 
1.024700000e+04 1.074400000e+04 
1.068600000e+04 1.005300000e+04 
1.048100000e+04 1.028900000e+04 
1.036200000e+04 1.042900000e+04 
1.068600000e+04 1.005300000e+04 
1.086100000e+04 1.003900000e+04 
1.111100000e+04 9.959000000e+03 
1.039300000e+04 1.039200000e+04 
1.047400000e+04 1.035900000e+04 
1.043700000e+04 1.038600000e+04 
1.057200000e+04 1.011900000e+04 
1.024700000e+04 1.074400000e+04 

1.008100000e+04 8.998000000e+03 
1.082600000e+04 8.751000000e+03 
1.012600000e+04 8.936000000e+03 
1.009100000e+04 8.947000000e+03 
9.998000000e+03 9.517000000e+03 
1.047800000e+04 8.761000000e+03 
1.040000000e+04 8.765000000e+03 
1.009100000e+04 8.947000000e+03 
9.952000000e+03 9.774000000e+03 
1.009100000e+04 8.947000000e+03 
1.004600000e+04 9.006000000e+03 
1.031800000e+04 8.779000000e+03 
1.001900000e+04 9.080000000e+03 
1.074800000e+04 8.756000000e+03 
1.022000000e+04 8.815000000e+03 
1.011900000e+04 8.941000000e+03 

9.511000000e+03 9.507000000e+03 
9.244000000e+03 1.006900000e+04 
9.361000000e+03 9.879000000e+03 
9.434000000e+03 9.750000000e+03 
9.434000000e+03 9.750000000e+03 
9.405000000e+03 9.779000000e+03 
9.349000000e+03 9.897000000e+03 
9.273000000e+03 9.923000000e+03 
9.458000000e+03 9.702000000e+03 
9.749000000e+03 9.457000000e+03 
9.790000000e+03 9.445000000e+03 
9.402000000e+03 9.780000000e+03 
9.679000000e+03 9.502000000e+03 

9.587000000e+03 1.048500000e+04 
1.026900000e+04 9.782000000e+03 
9.911000000e+03 9.964000000e+03 
9.556000000e+03 1.049400000e+04 
9.519000000e+03 1.051600000e+04 
9.704000000e+03 1.028500000e+04 
9.710000000e+03 1.011100000e+04 
1.010300000e+04 9.924000000e+03 
1.055600000e+04 9.689000000e+03 
1.007300000e+04 9.958000000e+03 
1.013900000e+04 9.919000000e+03 
1.008500000e+04 9.928000000e+03 
1.042300000e+04 9.759000000e+03 
9.903000000e+03 1.004200000e+04 
9.704000000e+03 1.028500000e+04 
9.556000000e+03 1.049400000e+04 
9.607000000e+03 1.035500000e+04 
9.595000000e+03 1.043400000e+04 
9.648000000e+03 1.032100000e+04 
1.017300000e+04 9.790000000e+03 
1.043300000e+04 9.749000000e+03 

9.267000000e+03 1.063900000e+04 
9.767000000e+03 1.000000000e+04 
9.980000000e+03 9.810000000e+03 
9.705000000e+03 1.000300000e+04 
9.397000000e+03 1.013900000e+04 
9.692000000e+03 1.007400000e+04 
9.802000000e+03 9.819000000e+03 

9.841000000e+03 1.005800000e+04 
1.013700000e+04 9.760000000e+03 
1.022200000e+04 9.642000000e+03 
9.983000000e+03 9.985000000e+03 
1.028200000e+04 9.590000000e+03 
1.015900000e+04 9.736000000e+03 
1.010300000e+04 9.778000000e+03 
1.000700000e+04 9.853000000e+03 
9.919000000e+03 1.005400000e+04 
1.017800000e+04 9.658000000e+03 
9.789000000e+03 1.017700000e+04 

1.044400000e+04 9.298000000e+03 
1.006500000e+04 9.319000000e+03 
9.547000000e+03 1.004100000e+04 
9.516000000e+03 1.008800000e+04 
9.861000000e+03 9.488000000e+03 
9.583000000e+03 9.918000000e+03 
9.663000000e+03 9.834000000e+03 
9.715000000e+03 9.719000000e+03 
9.561000000e+03 1.001800000e+04 
9.597000000e+03 9.879000000e+03 
1.034800000e+04 9.317000000e+03 
9.794000000e+03 9.709000000e+03 
1.034800000e+04 9.317000000e+03 
9.955000000e+03 9.357000000e+03 
9.825000000e+03 9.700000000e+03 
1.050000000e+04 9.272000000e+03 
1.038600000e+04 9.305000000e+03 
1.053000000e+04 9.212000000e+03 
9.679000000e+03 9.825000000e+03 
9.752000000e+03 9.715000000e+03 
9.885000000e+03 9.455000000e+03 
9.683000000e+03 9.748000000e+03 
9.850000000e+03 9.636000000e+03 

1.021100000e+04 1.029100000e+04 
1.068800000e+04 9.926000000e+03 
1.062300000e+04 9.972000000e+03 
1.062300000e+04 9.972000000e+03 
1.069700000e+04 9.868000000e+03 
1.017000000e+04 1.035100000e+04 
1.080600000e+04 9.787000000e+03 
1.024100000e+04 1.017500000e+04 
1.030200000e+04 1.003500000e+04 
1.109900000e+04 9.782000000e+03 
1.018600000e+04 1.033700000e+04 
1.048600000e+04 9.987000000e+03 

9.666000000e+03 1.006500000e+04 
9.379000000e+03 1.033700000e+04 
9.556000000e+03 1.011600000e+04 
9.839000000e+03 1.006300000e+04 
1.002700000e+04 9.898000000e+03 
9.622000000e+03 1.007400000e+04 
9.993000000e+03 9.950000000e+03 
9.999000000e+03 9.920000000e+03 
9.583000000e+03 1.008400000e+04 
9.873000000e+03 9.985000000e+03 
9.622000000e+03 1.007400000e+04 
9.341000000e+03 1.070700000e+04 
9.841000000e+03 9.994000000e+03 
9.319000000e+03 1.074600000e+04 
9.931000000e+03 9.966000000e+03 
9.352000000e+03 1.048000000e+04 

1.020700000e+04 9.486000000e+03 
9.689000000e+03 9.856000000e+03 
9.884000000e+03 9.705000000e+03 
9.700000000e+03 9.731000000e+03 
9.782000000e+03 9.728000000e+03 
9.860000000e+03 9.706000000e+03 
1.020700000e+04 9.486000000e+03 
9.559000000e+03 9.948000000e+03 
9.915000000e+03 9.560000000e+03 
9.819000000e+03 9.712000000e+03 
9.637000000e+03 9.930000000e+03 
9.893000000e+03 9.680000000e+03 
9.663000000e+03 9.903000000e+03 
9.794000000e+03 9.721000000e+03 

9.737000000e+03 1.024700000e+04 
9.737000000e+03 1.024700000e+04 
9.017000000e+03 1.052300000e+04 
9.557000000e+03 1.025900000e+04 
9.332000000e+03 1.036600000e+04 
9.097000000e+03 1.046900000e+04 
9.482000000e+03 1.026300000e+04 
9.580000000e+03 1.025300000e+04 
9.164000000e+03 1.045300000e+04 
9.388000000e+03 1.027200000e+04 
9.287000000e+03 1.038700000e+04 
9.173000000e+03 1.043600000e+04 
9.619000000e+03 1.024800000e+04 
1.014300000e+04 1.017800000e+04 
9.806000000e+03 1.024300000e+04 
9.117000000e+03 1.046800000e+04 

9.767000000e+03 9.986000000e+03 
9.800000000e+03 9.854000000e+03 
9.714000000e+03 1.006800000e+04 
9.800000000e+03 9.854000000e+03 
9.771000000e+03 9.901000000e+03 
9.782000000e+03 9.900000000e+03 
9.766000000e+03 1.005300000e+04 
9.889000000e+03 9.759000000e+03 
9.806000000e+03 9.806000000e+03 
1.003500000e+04 9.505000000e+03 
9.941000000e+03 9.699000000e+03 
1.000800000e+04 9.691000000e+03 

1.035300000e+04 1.021600000e+04 
1.033000000e+04 1.034400000e+04 
1.040200000e+04 1.006000000e+04 
1.052400000e+04 9.949000000e+03 
1.056500000e+04 9.891000000e+03 
1.034400000e+04 1.027000000e+04 
1.061600000e+04 9.845000000e+03 
1.091000000e+04 9.827000000e+03 
1.037500000e+04 1.015400000e+04 

9.424000000e+03 1.070200000e+04 
9.398000000e+03 1.077200000e+04 
9.644000000e+03 1.033900000e+04 
1.007800000e+04 1.017700000e+04 
9.562000000e+03 1.050300000e+04 
9.465000000e+03 1.070000000e+04 
9.385000000e+03 1.079400000e+04 
9.951000000e+03 1.027300000e+04 
1.002800000e+04 1.024400000e+04 
1.029800000e+04 1.015500000e+04 
9.518000000e+03 1.053000000e+04 
9.930000000e+03 1.032200000e+04 
9.562000000e+03 1.050300000e+04 
1.000800000e+04 1.025700000e+04 
9.474000000e+03 1.060700000e+04 
1.000800000e+04 1.025700000e+04 

9.712000000e+03 9.277000000e+03 
9.804000000e+03 9.117000000e+03 
9.392000000e+03 9.631000000e+03 
9.395000000e+03 9.315000000e+03 
9.759000000e+03 9.146000000e+03 

1.017800000e+04 1.028300000e+04 
9.694000000e+03 1.055600000e+04 
9.756000000e+03 1.054300000e+04 
1.017800000e+04 1.028300000e+04 
9.819000000e+03 1.046700000e+04 
9.804000000e+03 1.047200000e+04 
1.006100000e+04 1.033200000e+04 
9.686000000e+03 1.059300000e+04 
9.653000000e+03 1.070400000e+04 
9.844000000e+03 1.043300000e+04 
1.011200000e+04 1.032800000e+04 
1.013100000e+04 1.032300000e+04 
9.865000000e+03 1.036900000e+04 

9.616000000e+03 1.080300000e+04 
1.010800000e+04 1.014000000e+04 
9.836000000e+03 1.037200000e+04 
1.005200000e+04 1.023400000e+04 
9.783000000e+03 1.057400000e+04 
1.010700000e+04 1.021400000e+04 
9.935000000e+03 1.030300000e+04 
9.959000000e+03 1.026900000e+04 
9.783000000e+03 1.057400000e+04 
9.917000000e+03 1.033400000e+04 
9.660000000e+03 1.073200000e+04 
9.618000000e+03 1.076300000e+04 
9.753000000e+03 1.066600000e+04 

1.041200000e+04 9.982000000e+03 
1.075800000e+04 9.605000000e+03 
1.067800000e+04 9.661000000e+03 
1.061800000e+04 9.696000000e+03 
1.052400000e+04 9.824000000e+03 
1.052800000e+04 9.818000000e+03 
1.064400000e+04 9.681000000e+03 
1.084400000e+04 9.584000000e+03 
1.049300000e+04 9.950000000e+03 
1.050000000e+04 9.839000000e+03 
1.085200000e+04 9.571000000e+03 
1.054800000e+04 9.779000000e+03 
1.089600000e+04 9.510000000e+03 

1.024200000e+04 9.658000000e+03 
9.933000000e+03 1.001700000e+04 
1.080700000e+04 9.471000000e+03 
1.012300000e+04 9.787000000e+03 
1.012800000e+04 9.676000000e+03 
1.031300000e+04 9.589000000e+03 
1.026900000e+04 9.651000000e+03 
1.012300000e+04 9.787000000e+03 
1.084300000e+04 9.443000000e+03 
1.079300000e+04 9.486000000e+03 
9.787000000e+03 1.005600000e+04 
1.054200000e+04 9.585000000e+03 
1.011200000e+04 9.804000000e+03 
9.999000000e+03 9.868000000e+03 
1.028700000e+04 9.637000000e+03 
1.054200000e+04 9.585000000e+03 
1.056200000e+04 9.584000000e+03 
1.010300000e+04 9.828000000e+03 
1.058700000e+04 9.516000000e+03 
1.085700000e+04 9.438000000e+03 

1.004900000e+04 9.378000000e+03 
1.036400000e+04 9.306000000e+03 
1.029600000e+04 9.355000000e+03 
9.852000000e+03 9.594000000e+03 
1.046600000e+04 9.254000000e+03 
1.036400000e+04 9.306000000e+03 
1.040200000e+04 9.263000000e+03 
9.821000000e+03 9.732000000e+03 
1.037900000e+04 9.302000000e+03 
9.820000000e+03 9.956000000e+03 
9.863000000e+03 9.449000000e+03 
1.033300000e+04 9.311000000e+03 
9.766000000e+03 9.986000000e+03 

9.469000000e+03 1.046700000e+04 
9.719000000e+03 1.012000000e+04 
9.611000000e+03 1.013800000e+04 
9.850000000e+03 9.987000000e+03 
9.569000000e+03 1.017800000e+04 
9.996000000e+03 9.979000000e+03 
1.004000000e+04 9.974000000e+03 
1.014200000e+04 9.889000000e+03 
9.743000000e+03 1.001400000e+04 
1.004000000e+04 9.974000000e+03 
9.524000000e+03 1.028300000e+04 
1.021900000e+04 9.820000000e+03 
1.015300000e+04 9.844000000e+03 

1.032600000e+04 9.670000000e+03 
1.013100000e+04 9.864000000e+03 
1.018400000e+04 9.793000000e+03 
1.019400000e+04 9.719000000e+03 
1.004100000e+04 1.002500000e+04 
1.012500000e+04 9.873000000e+03 
1.010200000e+04 9.910000000e+03 
1.031600000e+04 9.683000000e+03 

9.673000000e+03 1.042700000e+04 
1.066400000e+04 1.013200000e+04 
9.937000000e+03 1.019900000e+04 
9.805000000e+03 1.034100000e+04 
9.989000000e+03 1.016800000e+04 
9.784000000e+03 1.040200000e+04 
9.989000000e+03 1.016800000e+04 
9.989000000e+03 1.016800000e+04 
9.472000000e+03 1.057300000e+04 
9.851000000e+03 1.027300000e+04 
9.781000000e+03 1.042600000e+04 
9.905000000e+03 1.022900000e+04 
1.066400000e+04 1.013200000e+04 
9.785000000e+03 1.034900000e+04 
9.842000000e+03 1.031200000e+04 
9.659000000e+03 1.043200000e+04 
9.784000000e+03 1.040200000e+04 

9.925000000e+03 1.009000000e+04 
1.044300000e+04 9.811000000e+03 
1.013700000e+04 9.910000000e+03 
9.925000000e+03 1.009000000e+04 
9.925000000e+03 1.009000000e+04 
9.868000000e+03 1.013400000e+04 
1.030800000e+04 9.871000000e+03 
9.973000000e+03 1.001700000e+04 
9.964000000e+03 1.005200000e+04 
1.011600000e+04 9.922000000e+03 
1.006800000e+04 9.954000000e+03 
1.004300000e+04 9.963000000e+03 
1.035800000e+04 9.857000000e+03 

9.972000000e+03 9.390000000e+03 
9.572000000e+03 9.580000000e+03 
9.527000000e+03 9.672000000e+03 
9.677000000e+03 9.521000000e+03 
9.647000000e+03 9.525000000e+03 
9.817000000e+03 9.448000000e+03 
9.437000000e+03 9.779000000e+03 
9.714000000e+03 9.506000000e+03 
9.636000000e+03 9.533000000e+03 
9.589000000e+03 9.551000000e+03 

1.021400000e+04 9.587000000e+03 
1.031800000e+04 9.479000000e+03 
1.014500000e+04 9.620000000e+03 
9.961000000e+03 9.858000000e+03 
1.018700000e+04 9.597000000e+03 
1.027600000e+04 9.532000000e+03 
1.049400000e+04 9.348000000e+03 
1.007100000e+04 9.795000000e+03 
1.050700000e+04 9.337000000e+03 
1.017500000e+04 9.608000000e+03 
1.041200000e+04 9.362000000e+03 
1.051400000e+04 9.209000000e+03 
1.038400000e+04 9.469000000e+03 
1.021700000e+04 9.571000000e+03 
1.017500000e+04 9.608000000e+03 
9.990000000e+03 9.804000000e+03 
1.009800000e+04 9.641000000e+03 
1.008400000e+04 9.786000000e+03 

1.011300000e+04 9.486000000e+03 
1.012300000e+04 9.481000000e+03 
1.001700000e+04 9.522000000e+03 
9.998000000e+03 9.532000000e+03 
9.950000000e+03 9.803000000e+03 
1.043400000e+04 9.415000000e+03 
9.942000000e+03 9.918000000e+03 
9.978000000e+03 9.769000000e+03 
1.010000000e+04 9.519000000e+03 

