9.633000000e+03 9.927000000e+03 
1.010100000e+04 9.491000000e+03 
1.006800000e+04 9.555000000e+03 
9.797000000e+03 9.612000000e+03 
1.011100000e+04 9.476000000e+03 
9.594000000e+03 9.933000000e+03 
1.008000000e+04 9.510000000e+03 
9.633000000e+03 9.927000000e+03 
9.847000000e+03 9.574000000e+03 
1.006800000e+04 9.555000000e+03 
1.003700000e+04 9.557000000e+03 
9.563000000e+03 1.014000000e+04 
9.659000000e+03 9.852000000e+03 
9.709000000e+03 9.771000000e+03 
1.014900000e+04 9.475000000e+03 

1.044000000e+04 9.907000000e+03 
9.656000000e+03 1.030000000e+04 
1.028300000e+04 1.001100000e+04 
1.016300000e+04 1.001500000e+04 
1.038400000e+04 9.990000000e+03 
9.525000000e+03 1.041700000e+04 
9.677000000e+03 1.026300000e+04 
1.037400000e+04 9.996000000e+03 
9.640000000e+03 1.037800000e+04 
9.729000000e+03 1.004700000e+04 

1.017500000e+04 1.041400000e+04 
1.077100000e+04 1.011700000e+04 
1.020700000e+04 1.040600000e+04 
1.021600000e+04 1.030200000e+04 
1.085200000e+04 1.011600000e+04 
1.032900000e+04 1.030000000e+04 
1.037100000e+04 1.024600000e+04 
1.009900000e+04 1.042900000e+04 
1.042200000e+04 1.017000000e+04 
1.005000000e+04 1.045100000e+04 
9.876000000e+03 1.055300000e+04 
1.021400000e+04 1.038500000e+04 

1.051500000e+04 1.033400000e+04 
1.108600000e+04 1.010000000e+04 
1.077800000e+04 1.019600000e+04 
1.096600000e+04 1.012400000e+04 
1.070600000e+04 1.026200000e+04 
1.089200000e+04 1.019500000e+04 
1.075100000e+04 1.025500000e+04 
1.024700000e+04 1.074400000e+04 
1.061800000e+04 1.032300000e+04 
1.041200000e+04 1.060100000e+04 
1.075200000e+04 1.021400000e+04 
1.044600000e+04 1.054000000e+04 
1.046700000e+04 1.049700000e+04 
1.051500000e+04 1.033400000e+04 
1.107600000e+04 1.012300000e+04 

1.031600000e+04 9.002000000e+03 
1.045600000e+04 8.960000000e+03 
1.037500000e+04 8.969000000e+03 
1.017200000e+04 9.441000000e+03 
1.017900000e+04 9.059000000e+03 
1.055700000e+04 8.952000000e+03 
1.003800000e+04 9.823000000e+03 
1.060200000e+04 8.866000000e+03 
1.017600000e+04 9.433000000e+03 

9.889000000e+03 9.528000000e+03 
9.391000000e+03 1.013000000e+04 
9.738000000e+03 9.791000000e+03 
9.763000000e+03 9.563000000e+03 
9.754000000e+03 9.638000000e+03 
9.452000000e+03 1.004200000e+04 
9.704000000e+03 9.805000000e+03 
9.526000000e+03 1.000400000e+04 
9.614000000e+03 9.855000000e+03 
9.653000000e+03 9.841000000e+03 

9.977000000e+03 1.024600000e+04 
1.031600000e+04 1.001400000e+04 
9.874000000e+03 1.031800000e+04 
1.018300000e+04 1.007000000e+04 
1.028100000e+04 1.006100000e+04 
1.053000000e+04 9.892000000e+03 
9.838000000e+03 1.051400000e+04 
9.874000000e+03 1.031800000e+04 
1.056300000e+04 9.851000000e+03 
9.831000000e+03 1.063400000e+04 
1.009200000e+04 1.008000000e+04 
1.036500000e+04 9.954000000e+03 
9.777000000e+03 1.064100000e+04 

9.571000000e+03 1.085300000e+04 
9.636000000e+03 1.068900000e+04 
1.011600000e+04 1.000300000e+04 
1.022500000e+04 9.926000000e+03 
9.890000000e+03 1.028000000e+04 
9.687000000e+03 1.036300000e+04 
9.984000000e+03 1.014500000e+04 
9.915000000e+03 1.025500000e+04 
9.786000000e+03 1.030500000e+04 
9.570000000e+03 1.085500000e+04 
9.854000000e+03 1.029500000e+04 
9.774000000e+03 1.035300000e+04 

1.012100000e+04 1.004600000e+04 
1.068000000e+04 9.758000000e+03 
1.077800000e+04 9.701000000e+03 
1.015400000e+04 9.990000000e+03 
1.068000000e+04 9.758000000e+03 
1.027800000e+04 9.770000000e+03 
1.010000000e+04 1.029000000e+04 

9.746000000e+03 1.021400000e+04 
9.766000000e+03 1.010700000e+04 
1.025900000e+04 9.450000000e+03 
1.045200000e+04 9.442000000e+03 
1.047000000e+04 9.375000000e+03 
1.069000000e+04 9.336000000e+03 
1.069000000e+04 9.336000000e+03 
1.001600000e+04 9.604000000e+03 
1.011800000e+04 9.503000000e+03 
9.867000000e+03 9.819000000e+03 
9.772000000e+03 9.879000000e+03 
9.969000000e+03 9.732000000e+03 
1.012300000e+04 9.452000000e+03 
1.001600000e+04 9.604000000e+03 
9.678000000e+03 1.024100000e+04 

1.090700000e+04 9.949000000e+03 
1.085200000e+04 1.000500000e+04 
1.036800000e+04 1.039700000e+04 
1.030900000e+04 1.043300000e+04 
1.079600000e+04 1.008900000e+04 
1.049400000e+04 1.010700000e+04 
1.043200000e+04 1.029000000e+04 

9.835000000e+03 1.030000000e+04 
9.867000000e+03 1.022000000e+04 
1.003600000e+04 1.010500000e+04 
1.020800000e+04 1.009100000e+04 
9.808000000e+03 1.031000000e+04 
9.474000000e+03 1.090200000e+04 
9.511000000e+03 1.058300000e+04 
1.016200000e+04 1.010200000e+04 
9.934000000e+03 1.017700000e+04 
9.474000000e+03 1.090200000e+04 
9.492000000e+03 1.090000000e+04 
9.775000000e+03 1.036500000e+04 
9.424000000e+03 1.094300000e+04 
9.835000000e+03 1.030000000e+04 
9.664000000e+03 1.037900000e+04 
9.684000000e+03 1.037800000e+04 

9.815000000e+03 1.002800000e+04 
9.817000000e+03 9.970000000e+03 
1.018000000e+04 9.655000000e+03 
9.802000000e+03 1.008000000e+04 
9.698000000e+03 1.016900000e+04 
9.894000000e+03 9.887000000e+03 
9.916000000e+03 9.722000000e+03 
1.017800000e+04 9.674000000e+03 
9.817000000e+03 9.970000000e+03 

9.299000000e+03 1.052100000e+04 
9.447000000e+03 1.046200000e+04 
9.192000000e+03 1.064900000e+04 
9.512000000e+03 1.044300000e+04 
9.600000000e+03 1.037900000e+04 
9.131000000e+03 1.084300000e+04 
1.020900000e+04 1.026700000e+04 
9.155000000e+03 1.079500000e+04 
9.393000000e+03 1.048300000e+04 
9.627000000e+03 1.034600000e+04 
9.885000000e+03 1.030500000e+04 
9.225000000e+03 1.052500000e+04 
9.872000000e+03 1.033700000e+04 
9.224000000e+03 1.063700000e+04 

1.030000000e+04 9.689000000e+03 
9.917000000e+03 1.005700000e+04 
9.855000000e+03 1.025300000e+04 
1.029200000e+04 9.694000000e+03 
9.876000000e+03 1.022000000e+04 
9.962000000e+03 9.944000000e+03 
9.900000000e+03 1.007800000e+04 
1.030600000e+04 9.596000000e+03 
9.844000000e+03 1.028100000e+04 
1.006600000e+04 9.909000000e+03 
1.013900000e+04 9.755000000e+03 
9.835000000e+03 1.033500000e+04 

1.046200000e+04 1.051500000e+04 
1.075200000e+04 9.973000000e+03 
1.046600000e+04 1.029300000e+04 
1.071000000e+04 1.003700000e+04 
1.064500000e+04 1.008900000e+04 
1.046500000e+04 1.031300000e+04 
1.061300000e+04 1.021600000e+04 
1.060800000e+04 1.028800000e+04 

9.702000000e+03 1.063200000e+04 
9.846000000e+03 1.058800000e+04 
9.596000000e+03 1.082500000e+04 
9.635000000e+03 1.074600000e+04 
9.648000000e+03 1.069100000e+04 
9.974000000e+03 1.045700000e+04 
9.952000000e+03 1.052900000e+04 
9.924000000e+03 1.054000000e+04 
1.029800000e+04 1.029500000e+04 
9.924000000e+03 1.054000000e+04 
1.014700000e+04 1.036500000e+04 
9.637000000e+03 1.070400000e+04 
9.544000000e+03 1.086200000e+04 

9.541000000e+03 9.755000000e+03 
9.636000000e+03 9.610000000e+03 
9.817000000e+03 9.364000000e+03 
9.586000000e+03 9.629000000e+03 
9.736000000e+03 9.435000000e+03 
9.680000000e+03 9.564000000e+03 

1.002600000e+04 1.060900000e+04 
1.006300000e+04 1.053300000e+04 
1.024600000e+04 1.052000000e+04 
9.788000000e+03 1.070600000e+04 

1.007000000e+04 1.051300000e+04 
1.054100000e+04 1.037800000e+04 
1.017900000e+04 1.044300000e+04 
1.002900000e+04 1.061100000e+04 
1.017800000e+04 1.047600000e+04 
1.039500000e+04 1.040000000e+04 
1.017500000e+04 1.047800000e+04 
9.708000000e+03 1.114200000e+04 
1.023100000e+04 1.040600000e+04 
1.000300000e+04 1.064800000e+04 
9.898000000e+03 1.081000000e+04 
9.977000000e+03 1.065800000e+04 
1.003100000e+04 1.057700000e+04 
9.812000000e+03 1.096000000e+04 
1.014900000e+04 1.048700000e+04 

1.064100000e+04 9.942000000e+03 
1.148200000e+04 9.701000000e+03 
1.064100000e+04 9.942000000e+03 
1.100200000e+04 9.837000000e+03 
1.126700000e+04 9.721000000e+03 
1.091700000e+04 9.879000000e+03 
1.100700000e+04 9.830000000e+03 
1.097800000e+04 9.852000000e+03 
1.156700000e+04 9.655000000e+03 
1.106700000e+04 9.722000000e+03 
1.064100000e+04 9.942000000e+03 
1.066500000e+04 9.937000000e+03 
1.078300000e+04 9.909000000e+03 
1.069900000e+04 9.935000000e+03 
1.105700000e+04 9.737000000e+03 
1.131500000e+04 9.715000000e+03 
1.102000000e+04 9.767000000e+03 
1.152100000e+04 9.690000000e+03 
1.126700000e+04 9.721000000e+03 

1.053800000e+04 9.752000000e+03 
1.022300000e+04 9.812000000e+03 
1.017600000e+04 9.929000000e+03 
1.017600000e+04 9.929000000e+03 
9.970000000e+03 1.062500000e+04 
1.043000000e+04 9.761000000e+03 
1.053900000e+04 9.675000000e+03 
1.007000000e+04 1.003800000e+04 
1.012200000e+04 9.936000000e+03 
1.026400000e+04 9.765000000e+03 
1.004100000e+04 1.012600000e+04 
1.070500000e+04 9.673000000e+03 

9.955000000e+03 9.926000000e+03 
1.064600000e+04 9.490000000e+03 
1.007800000e+04 9.661000000e+03 
1.028600000e+04 9.532000000e+03 
1.003600000e+04 9.775000000e+03 
1.023000000e+04 9.607000000e+03 
9.946000000e+03 1.002300000e+04 
1.066100000e+04 9.445000000e+03 
1.069000000e+04 9.437000000e+03 
1.005800000e+04 9.663000000e+03 
1.045400000e+04 9.513000000e+03 
1.037500000e+04 9.531000000e+03 
9.970000000e+03 9.918000000e+03 

9.588000000e+03 1.060300000e+04 
9.718000000e+03 1.035100000e+04 
9.654000000e+03 1.054700000e+04 
9.835000000e+03 1.018600000e+04 
9.591000000e+03 1.060000000e+04 
1.052200000e+04 1.009700000e+04 
9.842000000e+03 1.017400000e+04 
9.754000000e+03 1.028800000e+04 
1.019000000e+04 1.011900000e+04 
9.625000000e+03 1.054900000e+04 
9.831000000e+03 1.024600000e+04 
1.002700000e+04 1.013700000e+04 
9.668000000e+03 1.037900000e+04 
1.051800000e+04 1.011800000e+04 

1.025300000e+04 1.013300000e+04 
1.047800000e+04 9.820000000e+03 
1.032100000e+04 9.933000000e+03 
1.020100000e+04 1.032100000e+04 

1.050800000e+04 1.033700000e+04 
9.792000000e+03 1.063300000e+04 
9.859000000e+03 1.050300000e+04 
1.002500000e+04 1.048600000e+04 
1.022700000e+04 1.039900000e+04 
1.006300000e+04 1.044900000e+04 
9.762000000e+03 1.104300000e+04 
9.787000000e+03 1.068000000e+04 
1.029200000e+04 1.034800000e+04 
1.016000000e+04 1.042300000e+04 

1.014000000e+04 1.029300000e+04 
1.023800000e+04 1.021800000e+04 
1.001300000e+04 1.061300000e+04 
1.009800000e+04 1.039900000e+04 
1.032800000e+04 1.016200000e+04 
1.009600000e+04 1.048700000e+04 
1.063900000e+04 9.949000000e+03 
1.007600000e+04 1.048900000e+04 
1.010000000e+04 1.035000000e+04 
1.013600000e+04 1.029600000e+04 
1.035500000e+04 1.002600000e+04 
1.063700000e+04 9.991000000e+03 
1.057800000e+04 1.000800000e+04 

9.671000000e+03 9.932000000e+03 
9.734000000e+03 9.788000000e+03 
9.733000000e+03 9.903000000e+03 
9.707000000e+03 9.904000000e+03 
9.657000000e+03 9.977000000e+03 
1.011500000e+04 9.618000000e+03 
9.801000000e+03 9.687000000e+03 
9.855000000e+03 9.666000000e+03 
1.020300000e+04 9.577000000e+03 

1.013600000e+04 9.907000000e+03 
1.070800000e+04 9.534000000e+03 
1.072600000e+04 9.424000000e+03 
1.072600000e+04 9.424000000e+03 
1.062000000e+04 9.594000000e+03 
1.053800000e+04 9.615000000e+03 
1.069900000e+04 9.572000000e+03 
1.058000000e+04 9.614000000e+03 
1.042700000e+04 9.622000000e+03 
1.063100000e+04 9.588000000e+03 
1.019300000e+04 9.728000000e+03 
1.015100000e+04 9.862000000e+03 
1.053800000e+04 9.615000000e+03 

1.024800000e+04 9.621000000e+03 
1.039400000e+04 9.568000000e+03 
1.008400000e+04 9.987000000e+03 
1.022100000e+04 9.680000000e+03 
1.015700000e+04 9.763000000e+03 
1.012400000e+04 9.842000000e+03 

