1.123500000e+04 1.044400000e+04 
1.043700000e+04 1.082200000e+04 
1.043500000e+04 1.085800000e+04 
1.113300000e+04 1.048100000e+04 
1.142400000e+04 1.039100000e+04 
1.084300000e+04 1.064400000e+04 
1.105400000e+04 1.059100000e+04 
1.087300000e+04 1.063300000e+04 
1.143400000e+04 1.038800000e+04 
1.046400000e+04 1.067500000e+04 
1.124600000e+04 1.041600000e+04 
1.040100000e+04 1.092400000e+04 
1.145100000e+04 1.030900000e+04 
1.042000000e+04 1.086600000e+04 
1.114000000e+04 1.044900000e+04 
1.041600000e+04 1.088800000e+04 

1.081900000e+04 1.133300000e+04 
1.062600000e+04 1.140200000e+04 
1.085600000e+04 1.122700000e+04 
1.125200000e+04 1.083500000e+04 
1.086900000e+04 1.103600000e+04 
1.075300000e+04 1.137100000e+04 
1.076700000e+04 1.136300000e+04 
1.073000000e+04 1.139500000e+04 
1.080500000e+04 1.133900000e+04 
1.104900000e+04 1.093500000e+04 
1.083600000e+04 1.131500000e+04 
1.111100000e+04 1.092700000e+04 
1.054600000e+04 1.159200000e+04 
1.101300000e+04 1.102100000e+04 
1.059600000e+04 1.146600000e+04 
1.084100000e+04 1.123900000e+04 

1.200000000e+04 1.119900000e+04 
1.123400000e+04 1.158600000e+04 
1.172700000e+04 1.140800000e+04 
1.197600000e+04 1.139300000e+04 
1.134100000e+04 1.143400000e+04 
1.114900000e+04 1.171900000e+04 
1.107800000e+04 1.210900000e+04 
1.116600000e+04 1.170600000e+04 

1.189600000e+04 1.121200000e+04 
1.250000000e+04 1.106200000e+04 
1.155200000e+04 1.132700000e+04 
1.134000000e+04 1.156100000e+04 
1.128800000e+04 1.168000000e+04 
1.205300000e+04 1.114200000e+04 
1.151000000e+04 1.133500000e+04 
1.126500000e+04 1.177900000e+04 
1.134100000e+04 1.140300000e+04 
1.130000000e+04 1.159200000e+04 
1.171100000e+04 1.127700000e+04 

1.154600000e+04 1.011600000e+04 
1.124400000e+04 1.030900000e+04 
1.148200000e+04 1.021500000e+04 
1.152000000e+04 1.014900000e+04 
1.091700000e+04 1.034000000e+04 
1.091300000e+04 1.055900000e+04 
1.131100000e+04 1.024700000e+04 

1.096100000e+04 1.093300000e+04 
1.087000000e+04 1.094100000e+04 
1.084700000e+04 1.110100000e+04 
1.159300000e+04 1.046800000e+04 
1.084300000e+04 1.124400000e+04 
1.096700000e+04 1.067100000e+04 
1.084400000e+04 1.116100000e+04 

1.129700000e+04 1.079400000e+04 
1.089600000e+04 1.125100000e+04 
1.114400000e+04 1.100500000e+04 
1.068200000e+04 1.165500000e+04 
1.075300000e+04 1.131500000e+04 
1.122900000e+04 1.088200000e+04 
1.144300000e+04 1.069400000e+04 
1.121000000e+04 1.100200000e+04 
1.110200000e+04 1.107800000e+04 
1.101900000e+04 1.111100000e+04 

1.089000000e+04 1.132300000e+04 
1.089100000e+04 1.132000000e+04 
1.124800000e+04 1.115300000e+04 
1.068500000e+04 1.162100000e+04 

1.185500000e+04 1.078900000e+04 
1.131300000e+04 1.107700000e+04 
1.131300000e+04 1.107700000e+04 
1.191100000e+04 1.076200000e+04 
1.145900000e+04 1.088000000e+04 
1.113300000e+04 1.126300000e+04 
1.136200000e+04 1.097300000e+04 
1.119800000e+04 1.109100000e+04 
1.162000000e+04 1.082500000e+04 
1.136200000e+04 1.097300000e+04 
1.135100000e+04 1.106700000e+04 
1.169100000e+04 1.080700000e+04 

1.126700000e+04 1.052000000e+04 
1.158700000e+04 1.040600000e+04 
1.156500000e+04 1.051400000e+04 
1.179100000e+04 1.039100000e+04 
1.080200000e+04 1.062000000e+04 
1.120700000e+04 1.061200000e+04 
1.079100000e+04 1.130100000e+04 
1.124900000e+04 1.060400000e+04 

1.159600000e+04 1.109500000e+04 
1.131300000e+04 1.158300000e+04 
1.115800000e+04 1.165900000e+04 
1.116500000e+04 1.165100000e+04 
1.146600000e+04 1.136100000e+04 
1.157300000e+04 1.114100000e+04 
1.177600000e+04 1.102400000e+04 
1.194100000e+04 1.088300000e+04 
1.147100000e+04 1.117600000e+04 
1.102700000e+04 1.180600000e+04 
1.176000000e+04 1.103000000e+04 
1.165000000e+04 1.108400000e+04 
1.146400000e+04 1.138500000e+04 
1.188400000e+04 1.099900000e+04 
1.130600000e+04 1.161700000e+04 
1.148600000e+04 1.117400000e+04 
1.134800000e+04 1.147000000e+04 
1.138900000e+04 1.144000000e+04 
1.106600000e+04 1.170000000e+04 
1.121700000e+04 1.162000000e+04 

1.114500000e+04 1.097500000e+04 
1.102100000e+04 1.104000000e+04 
1.061000000e+04 1.117600000e+04 
1.058700000e+04 1.199800000e+04 
1.135700000e+04 1.092900000e+04 
1.138700000e+04 1.087200000e+04 
1.062800000e+04 1.104300000e+04 

1.126700000e+04 1.074900000e+04 
1.108900000e+04 1.136400000e+04 
1.129500000e+04 1.067900000e+04 
1.100900000e+04 1.162800000e+04 
1.109000000e+04 1.123000000e+04 
1.113800000e+04 1.109300000e+04 
1.125600000e+04 1.081500000e+04 
1.105100000e+04 1.141100000e+04 
1.126500000e+04 1.076800000e+04 
1.132500000e+04 1.063200000e+04 
1.119600000e+04 1.090800000e+04 
1.122900000e+04 1.081600000e+04 
1.096600000e+04 1.166100000e+04 
1.100200000e+04 1.165400000e+04 
1.117100000e+04 1.101000000e+04 

1.062800000e+04 1.160700000e+04 
1.057000000e+04 1.179500000e+04 
1.157300000e+04 1.130500000e+04 
1.086400000e+04 1.151400000e+04 
1.046100000e+04 1.201400000e+04 
1.049600000e+04 1.188600000e+04 
1.013400000e+04 1.221700000e+04 
1.091500000e+04 1.136900000e+04 
1.076800000e+04 1.155100000e+04 
1.046300000e+04 1.200900000e+04 
1.034500000e+04 1.204400000e+04 
1.062700000e+04 1.179400000e+04 

1.148200000e+04 1.090500000e+04 
1.103200000e+04 1.105900000e+04 
1.137500000e+04 1.092000000e+04 
1.156000000e+04 1.079300000e+04 
1.102200000e+04 1.114800000e+04 
1.127100000e+04 1.101500000e+04 
1.095600000e+04 1.145000000e+04 
1.116900000e+04 1.101900000e+04 
1.096700000e+04 1.122700000e+04 
1.094900000e+04 1.209900000e+04 
1.130400000e+04 1.099400000e+04 

1.137400000e+04 1.149300000e+04 
1.133000000e+04 1.182400000e+04 
1.152600000e+04 1.140900000e+04 
1.157800000e+04 1.129000000e+04 
1.160200000e+04 1.101100000e+04 
1.159800000e+04 1.120300000e+04 

1.093600000e+04 1.137700000e+04 
1.107700000e+04 1.133800000e+04 
1.070800000e+04 1.192000000e+04 
1.147200000e+04 1.122900000e+04 
1.072200000e+04 1.184100000e+04 
1.076700000e+04 1.152100000e+04 
1.075600000e+04 1.153900000e+04 
1.078400000e+04 1.138800000e+04 

1.084900000e+04 1.037600000e+04 
1.064600000e+04 1.100000000e+04 
1.080600000e+04 1.054200000e+04 
1.069400000e+04 1.074100000e+04 

1.122000000e+04 1.183600000e+04 
1.156400000e+04 1.153600000e+04 
1.113700000e+04 1.187500000e+04 
1.179000000e+04 1.143600000e+04 
1.129300000e+04 1.163400000e+04 
1.124600000e+04 1.176100000e+04 
1.167900000e+04 1.147100000e+04 
1.149900000e+04 1.155900000e+04 
1.197100000e+04 1.132100000e+04 
1.099000000e+04 1.225600000e+04 

1.086200000e+04 1.201500000e+04 
1.140400000e+04 1.134200000e+04 
1.080000000e+04 1.210000000e+04 
1.086200000e+04 1.201500000e+04 
1.062800000e+04 1.266700000e+04 
1.091400000e+04 1.149600000e+04 
1.067500000e+04 1.253500000e+04 
1.072600000e+04 1.234500000e+04 
1.086700000e+04 1.198300000e+04 
1.113300000e+04 1.146900000e+04 

1.193200000e+04 1.073100000e+04 
1.215700000e+04 1.062400000e+04 
1.141000000e+04 1.111100000e+04 

1.107500000e+04 1.170900000e+04 
1.121600000e+04 1.118100000e+04 
1.124900000e+04 1.094800000e+04 
1.117900000e+04 1.123000000e+04 
1.140800000e+04 1.087700000e+04 
1.109800000e+04 1.125300000e+04 
1.175400000e+04 1.081700000e+04 
1.176900000e+04 1.055300000e+04 
1.127400000e+04 1.089400000e+04 
1.149600000e+04 1.082300000e+04 
1.121600000e+04 1.118100000e+04 

1.153000000e+04 1.036800000e+04 
1.104000000e+04 1.050000000e+04 

1.140600000e+04 1.091800000e+04 
1.144800000e+04 1.090200000e+04 
1.059200000e+04 1.161900000e+04 
1.071500000e+04 1.149000000e+04 
1.081700000e+04 1.115500000e+04 
1.072100000e+04 1.118500000e+04 
1.092900000e+04 1.108000000e+04 
1.059000000e+04 1.163200000e+04 
1.069500000e+04 1.149800000e+04 
1.091200000e+04 1.113400000e+04 
1.080600000e+04 1.117300000e+04 

1.198000000e+04 1.110000000e+04 
1.219200000e+04 1.094300000e+04 
1.175500000e+04 1.123000000e+04 
1.175500000e+04 1.123000000e+04 
1.154800000e+04 1.147600000e+04 
1.185200000e+04 1.121200000e+04 
1.216600000e+04 1.095900000e+04 
1.189100000e+04 1.111400000e+04 
1.236500000e+04 1.090000000e+04 
1.164400000e+04 1.141600000e+04 
1.206500000e+04 1.107500000e+04 

1.101800000e+04 1.154400000e+04 
1.110400000e+04 1.118400000e+04 
1.118800000e+04 1.116400000e+04 
1.084900000e+04 1.162900000e+04 
1.088500000e+04 1.160300000e+04 
1.076800000e+04 1.206900000e+04 
1.108500000e+04 1.153300000e+04 

1.140300000e+04 1.123900000e+04 
1.109900000e+04 1.148600000e+04 
1.105100000e+04 1.193800000e+04 
1.168600000e+04 1.110600000e+04 
1.160500000e+04 1.123100000e+04 
1.138100000e+04 1.137100000e+04 
1.113500000e+04 1.140500000e+04 
1.108500000e+04 1.160500000e+04 
1.174000000e+04 1.110400000e+04 
1.174100000e+04 1.102600000e+04 
1.137900000e+04 1.137300000e+04 
1.163000000e+04 1.122800000e+04 

1.121600000e+04 1.064400000e+04 
1.113600000e+04 1.069600000e+04 
1.090000000e+04 1.078700000e+04 
1.139800000e+04 1.062000000e+04 
1.116300000e+04 1.068500000e+04 
1.074500000e+04 1.097400000e+04 
1.107900000e+04 1.075500000e+04 

1.135600000e+04 1.089100000e+04 
1.099800000e+04 1.163600000e+04 
1.143700000e+04 1.081800000e+04 
1.154600000e+04 1.079500000e+04 
1.108500000e+04 1.162100000e+04 
1.142000000e+04 1.083700000e+04 
1.156400000e+04 1.070800000e+04 
1.170400000e+04 1.042400000e+04 
1.109200000e+04 1.105800000e+04 

1.113300000e+04 1.124200000e+04 
1.115200000e+04 1.101000000e+04 
1.137300000e+04 1.069300000e+04 
1.108500000e+04 1.126400000e+04 
1.117100000e+04 1.084500000e+04 

