1.118000000e+04 1.110600000e+04 
1.092300000e+04 1.138300000e+04 
1.100500000e+04 1.129600000e+04 
1.087600000e+04 1.144600000e+04 
1.085300000e+04 1.155500000e+04 
1.073300000e+04 1.163400000e+04 
1.159000000e+04 1.051900000e+04 
1.084600000e+04 1.163000000e+04 
1.097200000e+04 1.132200000e+04 
1.111900000e+04 1.119300000e+04 
1.149100000e+04 1.081300000e+04 
1.145800000e+04 1.097000000e+04 
1.085400000e+04 1.146000000e+04 
1.144300000e+04 1.098600000e+04 
1.088100000e+04 1.139700000e+04 

1.117200000e+04 1.108800000e+04 
1.100200000e+04 1.135600000e+04 
1.079100000e+04 1.181100000e+04 

1.136400000e+04 1.310600000e+04 
1.143600000e+04 1.280100000e+04 
1.150300000e+04 1.243400000e+04 
1.165800000e+04 1.204700000e+04 
1.170300000e+04 1.185500000e+04 
1.155000000e+04 1.216500000e+04 
1.249300000e+04 1.168900000e+04 
1.156900000e+04 1.206900000e+04 
1.220100000e+04 1.181800000e+04 

1.214200000e+04 1.164500000e+04 
1.213000000e+04 1.166000000e+04 
1.163100000e+04 1.211300000e+04 
1.169300000e+04 1.172700000e+04 
1.208000000e+04 1.171300000e+04 
1.186500000e+04 1.171700000e+04 
1.208800000e+04 1.170000000e+04 
1.238800000e+04 1.153600000e+04 
1.215800000e+04 1.158700000e+04 

1.143600000e+04 1.105100000e+04 
1.169600000e+04 1.081200000e+04 
1.184300000e+04 1.062200000e+04 
1.228700000e+04 1.057000000e+04 
1.153600000e+04 1.094100000e+04 
1.143100000e+04 1.116200000e+04 
1.210100000e+04 1.061300000e+04 

1.190100000e+04 1.143900000e+04 
1.144600000e+04 1.186900000e+04 
1.196200000e+04 1.135200000e+04 
1.136200000e+04 1.228400000e+04 
1.155700000e+04 1.155000000e+04 
1.150700000e+04 1.156100000e+04 
1.192400000e+04 1.135300000e+04 
1.225200000e+04 1.104000000e+04 

1.093000000e+04 1.234700000e+04 
1.147200000e+04 1.138100000e+04 
1.141600000e+04 1.162500000e+04 
1.170700000e+04 1.115500000e+04 
1.122000000e+04 1.172800000e+04 
1.132000000e+04 1.167800000e+04 
1.184800000e+04 1.112000000e+04 
1.137000000e+04 1.166600000e+04 
1.111000000e+04 1.218200000e+04 
1.158100000e+04 1.120200000e+04 
1.136100000e+04 1.166800000e+04 
1.119200000e+04 1.183500000e+04 

1.113700000e+04 1.251300000e+04 
1.157700000e+04 1.212100000e+04 
1.154700000e+04 1.215900000e+04 
1.146600000e+04 1.224700000e+04 
1.161200000e+04 1.196700000e+04 
1.161800000e+04 1.154500000e+04 
1.116500000e+04 1.249400000e+04 
1.117400000e+04 1.227000000e+04 
1.160000000e+04 1.211900000e+04 

1.264500000e+04 1.135500000e+04 
1.148900000e+04 1.145400000e+04 
1.239900000e+04 1.135600000e+04 

1.229100000e+04 1.088000000e+04 
1.128200000e+04 1.117900000e+04 
1.125700000e+04 1.141100000e+04 
1.146300000e+04 1.117700000e+04 
1.203200000e+04 1.089500000e+04 
1.147800000e+04 1.108700000e+04 
1.160900000e+04 1.098600000e+04 

1.179000000e+04 1.152800000e+04 
1.151800000e+04 1.236200000e+04 
1.178200000e+04 1.154700000e+04 
1.200400000e+04 1.151200000e+04 
1.155000000e+04 1.213100000e+04 
1.159100000e+04 1.160700000e+04 
1.157900000e+04 1.188100000e+04 
1.205500000e+04 1.128700000e+04 
1.227900000e+04 1.121500000e+04 

1.094000000e+04 1.226700000e+04 
1.156600000e+04 1.114000000e+04 
1.107100000e+04 1.152800000e+04 
1.142000000e+04 1.137000000e+04 
1.122700000e+04 1.140100000e+04 

1.135900000e+04 1.163500000e+04 
1.153500000e+04 1.099400000e+04 
1.136400000e+04 1.140800000e+04 

1.150800000e+04 1.163100000e+04 
1.131300000e+04 1.181400000e+04 
1.130700000e+04 1.204600000e+04 
1.144600000e+04 1.180700000e+04 
1.090500000e+04 1.235100000e+04 
1.068600000e+04 1.292600000e+04 
1.077300000e+04 1.235200000e+04 
1.094000000e+04 1.210500000e+04 
1.121600000e+04 1.209200000e+04 

1.185600000e+04 1.156200000e+04 
1.207300000e+04 1.120800000e+04 
1.148300000e+04 1.159500000e+04 
1.196900000e+04 1.130100000e+04 

1.200900000e+04 1.158000000e+04 
1.161600000e+04 1.169700000e+04 
1.159100000e+04 1.219400000e+04 
1.200900000e+04 1.158000000e+04 
1.158300000e+04 1.239000000e+04 
1.199600000e+04 1.165700000e+04 
1.202700000e+04 1.152400000e+04 
1.201600000e+04 1.157500000e+04 
1.217000000e+04 1.147100000e+04 

1.153000000e+04 1.182500000e+04 
1.117700000e+04 1.205400000e+04 
1.217800000e+04 1.178000000e+04 
1.136400000e+04 1.195400000e+04 
1.153000000e+04 1.182500000e+04 
1.117200000e+04 1.236100000e+04 
1.119600000e+04 1.199100000e+04 

1.143600000e+04 1.090600000e+04 
1.092200000e+04 1.103900000e+04 

1.256400000e+04 1.178100000e+04 
1.160700000e+04 1.211600000e+04 
1.211700000e+04 1.186400000e+04 
1.146500000e+04 1.257300000e+04 
1.247800000e+04 1.185200000e+04 
1.189800000e+04 1.191300000e+04 
1.188500000e+04 1.197200000e+04 
1.155800000e+04 1.215500000e+04 
1.203900000e+04 1.189000000e+04 

1.136000000e+04 1.254600000e+04 
1.093800000e+04 1.295200000e+04 
1.137200000e+04 1.250000000e+04 
1.168700000e+04 1.205600000e+04 
1.167200000e+04 1.223600000e+04 
1.133600000e+04 1.260100000e+04 
1.149800000e+04 1.230700000e+04 
1.193800000e+04 1.197300000e+04 
1.144900000e+04 1.243200000e+04 
1.099600000e+04 1.263100000e+04 

1.273900000e+04 1.129500000e+04 
1.226600000e+04 1.161000000e+04 
1.270700000e+04 1.133000000e+04 
1.258100000e+04 1.137000000e+04 
1.278200000e+04 1.126300000e+04 
1.259400000e+04 1.135600000e+04 
1.217500000e+04 1.163400000e+04 
1.234000000e+04 1.148300000e+04 
1.240100000e+04 1.138000000e+04 

1.149500000e+04 1.130500000e+04 
1.129300000e+04 1.188800000e+04 
1.208600000e+04 1.120400000e+04 
1.190600000e+04 1.122600000e+04 
1.232700000e+04 1.113100000e+04 
1.228600000e+04 1.114100000e+04 
1.148300000e+04 1.173000000e+04 
1.234900000e+04 1.110100000e+04 

1.199400000e+04 1.099900000e+04 
1.245700000e+04 1.096600000e+04 
1.151400000e+04 1.123000000e+04 

1.088400000e+04 1.256200000e+04 
1.091500000e+04 1.214500000e+04 
1.129800000e+04 1.146000000e+04 
1.121900000e+04 1.154200000e+04 
1.096200000e+04 1.182600000e+04 

1.272200000e+04 1.135300000e+04 
1.231500000e+04 1.152200000e+04 
1.229800000e+04 1.157600000e+04 
1.193300000e+04 1.200200000e+04 
1.221800000e+04 1.169300000e+04 
1.245800000e+04 1.140300000e+04 
1.283000000e+04 1.126100000e+04 
1.240700000e+04 1.148200000e+04 
1.231100000e+04 1.157500000e+04 
1.213700000e+04 1.197600000e+04 
1.255000000e+04 1.137200000e+04 
1.214500000e+04 1.170800000e+04 

1.224300000e+04 1.162700000e+04 
1.127100000e+04 1.193200000e+04 
1.139800000e+04 1.191700000e+04 
1.101500000e+04 1.200100000e+04 
1.200400000e+04 1.165900000e+04 
1.125300000e+04 1.194400000e+04 
1.176600000e+04 1.169400000e+04 
1.152800000e+04 1.184400000e+04 

1.195500000e+04 1.150400000e+04 
1.169300000e+04 1.161100000e+04 
1.167800000e+04 1.162100000e+04 
1.216200000e+04 1.138800000e+04 
1.177900000e+04 1.157500000e+04 
1.143500000e+04 1.166900000e+04 

1.171300000e+04 1.116700000e+04 
1.153000000e+04 1.191400000e+04 
1.156200000e+04 1.116900000e+04 
1.153200000e+04 1.173600000e+04 
1.149000000e+04 1.199800000e+04 
1.151200000e+04 1.196300000e+04 
1.133400000e+04 1.201300000e+04 
1.180500000e+04 1.113400000e+04 

1.172100000e+04 1.123100000e+04 
1.190700000e+04 1.092000000e+04 
1.164000000e+04 1.170300000e+04 
1.149300000e+04 1.181000000e+04 
1.167800000e+04 1.126400000e+04 
1.186600000e+04 1.109200000e+04 
1.165200000e+04 1.127300000e+04 

1.163300000e+04 1.186300000e+04 
1.173400000e+04 1.155500000e+04 
1.248700000e+04 1.120300000e+04 
1.136200000e+04 1.187500000e+04 
1.175900000e+04 1.136800000e+04 
1.172400000e+04 1.162900000e+04 

