9.185000000e+03 9.167000000e+03 
9.935000000e+03 8.904000000e+03 
9.160000000e+03 9.258000000e+03 
9.927000000e+03 8.915000000e+03 
9.172000000e+03 9.230000000e+03 
9.185000000e+03 9.167000000e+03 
9.162000000e+03 9.235000000e+03 
9.030000000e+03 9.475000000e+03 
1.000200000e+04 8.867000000e+03 
9.162000000e+03 9.235000000e+03 
9.588000000e+03 9.002000000e+03 
9.201000000e+03 9.159000000e+03 
9.185000000e+03 9.167000000e+03 
9.064000000e+03 9.263000000e+03 
9.323000000e+03 9.021000000e+03 
9.049000000e+03 9.364000000e+03 
9.049000000e+03 9.364000000e+03 
9.671000000e+03 8.943000000e+03 
9.252000000e+03 9.071000000e+03 
9.707000000e+03 8.917000000e+03 
9.671000000e+03 8.943000000e+03 
1.000200000e+04 8.867000000e+03 

9.583000000e+03 9.325000000e+03 
9.112000000e+03 9.634000000e+03 
9.041000000e+03 9.642000000e+03 
9.134000000e+03 9.540000000e+03 
9.224000000e+03 9.494000000e+03 
9.624000000e+03 9.270000000e+03 
8.950000000e+03 9.891000000e+03 
9.401000000e+03 9.333000000e+03 
9.224000000e+03 9.494000000e+03 
9.731000000e+03 9.207000000e+03 
9.370000000e+03 9.362000000e+03 
9.041000000e+03 9.642000000e+03 
9.188000000e+03 9.509000000e+03 
8.923000000e+03 9.927000000e+03 
9.243000000e+03 9.390000000e+03 
9.406000000e+03 9.328000000e+03 
8.985000000e+03 9.706000000e+03 
9.682000000e+03 9.266000000e+03 
9.112000000e+03 9.634000000e+03 
9.592000000e+03 9.316000000e+03 

9.633000000e+03 9.616000000e+03 
9.492000000e+03 9.687000000e+03 
9.468000000e+03 9.700000000e+03 
9.537000000e+03 9.622000000e+03 
9.454000000e+03 9.740000000e+03 
9.233000000e+03 9.956000000e+03 
9.767000000e+03 9.497000000e+03 
9.408000000e+03 9.782000000e+03 
9.348000000e+03 9.902000000e+03 
9.412000000e+03 9.769000000e+03 
9.352000000e+03 9.787000000e+03 
9.511000000e+03 9.685000000e+03 
9.689000000e+03 9.512000000e+03 
9.566000000e+03 9.617000000e+03 
9.869000000e+03 9.403000000e+03 
9.432000000e+03 9.745000000e+03 

9.929000000e+03 1.033300000e+04 
1.014000000e+04 9.883000000e+03 
1.030000000e+04 9.700000000e+03 
9.793000000e+03 1.060300000e+04 
1.000700000e+04 1.001700000e+04 
9.785000000e+03 1.071300000e+04 
9.808000000e+03 1.059500000e+04 
1.033500000e+04 9.668000000e+03 
9.808000000e+03 1.059500000e+04 
1.009800000e+04 9.884000000e+03 
9.972000000e+03 1.009200000e+04 
1.054300000e+04 9.604000000e+03 
1.041400000e+04 9.646000000e+03 
1.028900000e+04 9.733000000e+03 
9.809000000e+03 1.053200000e+04 
9.816000000e+03 1.048000000e+04 
9.962000000e+03 1.021500000e+04 
1.046900000e+04 9.632000000e+03 
9.933000000e+03 1.025200000e+04 
9.962000000e+03 1.021500000e+04 
9.735000000e+03 1.073800000e+04 
9.962000000e+03 1.021500000e+04 
1.026100000e+04 9.747000000e+03 
1.014800000e+04 9.757000000e+03 
1.004300000e+04 9.989000000e+03 
1.008700000e+04 9.986000000e+03 
9.831000000e+03 1.037100000e+04 

9.879000000e+03 8.689000000e+03 
9.519000000e+03 9.358000000e+03 
1.005100000e+04 8.589000000e+03 
9.618000000e+03 8.925000000e+03 
1.012400000e+04 8.523000000e+03 
9.990000000e+03 8.596000000e+03 
9.868000000e+03 8.721000000e+03 
9.659000000e+03 8.910000000e+03 
9.977000000e+03 8.629000000e+03 
1.012800000e+04 8.498000000e+03 
9.868000000e+03 8.721000000e+03 
9.481000000e+03 9.389000000e+03 
9.618000000e+03 8.925000000e+03 
9.868000000e+03 8.721000000e+03 
9.868000000e+03 8.721000000e+03 
9.921000000e+03 8.643000000e+03 
9.990000000e+03 8.596000000e+03 
9.551000000e+03 9.147000000e+03 
9.907000000e+03 8.671000000e+03 
9.481000000e+03 9.389000000e+03 
9.990000000e+03 8.596000000e+03 
9.857000000e+03 8.757000000e+03 
9.907000000e+03 8.671000000e+03 
9.481000000e+03 9.389000000e+03 
1.010200000e+04 8.552000000e+03 
9.871000000e+03 8.708000000e+03 
9.713000000e+03 8.805000000e+03 
9.765000000e+03 8.761000000e+03 
9.548000000e+03 9.210000000e+03 
9.977000000e+03 8.629000000e+03 
9.865000000e+03 8.731000000e+03 
9.618000000e+03 8.925000000e+03 

8.869000000e+03 9.128000000e+03 
9.271000000e+03 8.958000000e+03 
8.957000000e+03 9.111000000e+03 
9.290000000e+03 8.954000000e+03 
8.826000000e+03 9.232000000e+03 
8.781000000e+03 9.287000000e+03 
8.821000000e+03 9.262000000e+03 
9.059000000e+03 9.017000000e+03 
8.812000000e+03 9.285000000e+03 
9.059000000e+03 9.017000000e+03 
9.299000000e+03 8.924000000e+03 
9.059000000e+03 9.017000000e+03 
8.970000000e+03 9.110000000e+03 
8.975000000e+03 9.106000000e+03 
8.869000000e+03 9.128000000e+03 
9.055000000e+03 9.022000000e+03 
8.834000000e+03 9.145000000e+03 
8.663000000e+03 9.438000000e+03 
8.761000000e+03 9.337000000e+03 

9.080000000e+03 9.935000000e+03 
1.014100000e+04 9.195000000e+03 
9.489000000e+03 9.426000000e+03 
9.134000000e+03 9.862000000e+03 
9.267000000e+03 9.664000000e+03 
9.049000000e+03 1.002700000e+04 
9.563000000e+03 9.330000000e+03 
9.333000000e+03 9.447000000e+03 
1.013600000e+04 9.281000000e+03 
9.268000000e+03 9.661000000e+03 
9.307000000e+03 9.605000000e+03 
9.080000000e+03 9.935000000e+03 
9.971000000e+03 9.283000000e+03 
9.155000000e+03 9.804000000e+03 
9.046000000e+03 1.003200000e+04 
9.159000000e+03 9.740000000e+03 
9.087000000e+03 9.916000000e+03 
9.476000000e+03 9.435000000e+03 
9.061000000e+03 9.947000000e+03 

8.933000000e+03 9.576000000e+03 
8.907000000e+03 9.724000000e+03 
8.845000000e+03 9.858000000e+03 
9.093000000e+03 9.473000000e+03 
8.910000000e+03 9.675000000e+03 
8.847000000e+03 9.845000000e+03 
9.437000000e+03 9.336000000e+03 
9.325000000e+03 9.366000000e+03 
9.783000000e+03 9.260000000e+03 
8.789000000e+03 9.981000000e+03 
9.454000000e+03 9.319000000e+03 
9.225000000e+03 9.381000000e+03 
8.860000000e+03 9.768000000e+03 
9.149000000e+03 9.392000000e+03 
9.016000000e+03 9.533000000e+03 
9.567000000e+03 9.318000000e+03 

9.445000000e+03 9.420000000e+03 
9.562000000e+03 9.322000000e+03 
9.711000000e+03 9.259000000e+03 
9.277000000e+03 9.618000000e+03 
9.817000000e+03 9.145000000e+03 
9.295000000e+03 9.544000000e+03 
9.205000000e+03 9.776000000e+03 
9.308000000e+03 9.536000000e+03 
9.539000000e+03 9.359000000e+03 
9.487000000e+03 9.409000000e+03 
9.562000000e+03 9.322000000e+03 
9.529000000e+03 9.378000000e+03 
9.659000000e+03 9.311000000e+03 
9.388000000e+03 9.435000000e+03 
9.492000000e+03 9.390000000e+03 
9.634000000e+03 9.312000000e+03 
9.233000000e+03 9.652000000e+03 
9.220000000e+03 9.685000000e+03 
9.335000000e+03 9.470000000e+03 
9.791000000e+03 9.245000000e+03 

9.687000000e+03 8.791000000e+03 
9.241000000e+03 9.022000000e+03 
9.487000000e+03 8.905000000e+03 
9.487000000e+03 8.905000000e+03 
9.382000000e+03 8.988000000e+03 
9.003000000e+03 9.608000000e+03 
9.295000000e+03 8.997000000e+03 
9.059000000e+03 9.484000000e+03 
9.003000000e+03 9.608000000e+03 
9.003000000e+03 9.608000000e+03 
9.062000000e+03 9.278000000e+03 
9.444000000e+03 8.907000000e+03 
9.081000000e+03 9.181000000e+03 
9.039000000e+03 9.545000000e+03 
9.536000000e+03 8.837000000e+03 

9.715000000e+03 1.005800000e+04 
9.945000000e+03 9.758000000e+03 
1.031200000e+04 9.424000000e+03 
9.603000000e+03 1.014600000e+04 
9.686000000e+03 1.006600000e+04 
9.656000000e+03 1.007700000e+04 
1.007000000e+04 9.530000000e+03 
1.001100000e+04 9.600000000e+03 
9.945000000e+03 9.758000000e+03 
1.027600000e+04 9.425000000e+03 
1.038900000e+04 9.409000000e+03 
1.006000000e+04 9.537000000e+03 
1.001100000e+04 9.600000000e+03 
1.047800000e+04 9.387000000e+03 
9.803000000e+03 9.942000000e+03 
9.816000000e+03 9.765000000e+03 
1.025000000e+04 9.473000000e+03 
9.934000000e+03 9.764000000e+03 
9.791000000e+03 9.949000000e+03 
9.960000000e+03 9.614000000e+03 
1.020300000e+04 9.483000000e+03 
9.739000000e+03 9.976000000e+03 
9.565000000e+03 1.023600000e+04 
9.957000000e+03 9.685000000e+03 
1.009700000e+04 9.493000000e+03 
1.051400000e+04 9.346000000e+03 

8.933000000e+03 9.804000000e+03 
8.973000000e+03 9.777000000e+03 
8.714000000e+03 1.032200000e+04 
9.440000000e+03 9.488000000e+03 
9.010000000e+03 9.759000000e+03 
9.085000000e+03 9.677000000e+03 
9.177000000e+03 9.589000000e+03 
9.169000000e+03 9.620000000e+03 
9.105000000e+03 9.630000000e+03 
9.036000000e+03 9.704000000e+03 
8.783000000e+03 1.031300000e+04 
9.200000000e+03 9.502000000e+03 
9.197000000e+03 9.557000000e+03 
9.177000000e+03 9.589000000e+03 
8.862000000e+03 1.028400000e+04 
8.884000000e+03 1.007800000e+04 
9.053000000e+03 9.690000000e+03 
9.058000000e+03 9.685000000e+03 

9.265000000e+03 9.461000000e+03 
9.206000000e+03 9.567000000e+03 
9.260000000e+03 9.537000000e+03 
9.227000000e+03 9.556000000e+03 
9.152000000e+03 9.658000000e+03 
9.203000000e+03 9.649000000e+03 
9.265000000e+03 9.461000000e+03 
9.861000000e+03 9.085000000e+03 
9.382000000e+03 9.320000000e+03 
9.496000000e+03 9.110000000e+03 
9.287000000e+03 9.324000000e+03 
9.861000000e+03 9.085000000e+03 
9.423000000e+03 9.233000000e+03 
9.515000000e+03 9.090000000e+03 
9.206000000e+03 9.567000000e+03 
9.904000000e+03 9.029000000e+03 
9.265000000e+03 9.461000000e+03 

9.058000000e+03 9.766000000e+03 
9.083000000e+03 9.754000000e+03 
8.984000000e+03 9.783000000e+03 
8.674000000e+03 1.014600000e+04 
9.190000000e+03 9.735000000e+03 
8.743000000e+03 9.928000000e+03 
8.570000000e+03 1.034600000e+04 
8.936000000e+03 9.820000000e+03 
8.820000000e+03 9.834000000e+03 
9.126000000e+03 9.741000000e+03 
8.772000000e+03 9.886000000e+03 
8.650000000e+03 1.015700000e+04 
8.691000000e+03 1.005200000e+04 
8.581000000e+03 1.016000000e+04 
9.388000000e+03 9.718000000e+03 
9.016000000e+03 9.780000000e+03 
8.727000000e+03 1.003100000e+04 

9.597000000e+03 9.095000000e+03 
9.822000000e+03 9.055000000e+03 
9.861000000e+03 8.996000000e+03 
9.688000000e+03 9.067000000e+03 
9.493000000e+03 9.144000000e+03 
9.518000000e+03 9.135000000e+03 
9.320000000e+03 9.496000000e+03 
9.329000000e+03 9.365000000e+03 
9.368000000e+03 9.249000000e+03 
9.441000000e+03 9.247000000e+03 
9.358000000e+03 9.307000000e+03 

1.004800000e+04 9.606000000e+03 
9.890000000e+03 9.841000000e+03 
1.045100000e+04 9.318000000e+03 
1.011400000e+04 9.484000000e+03 
9.835000000e+03 9.877000000e+03 
9.900000000e+03 9.837000000e+03 
1.011500000e+04 9.468000000e+03 
1.013100000e+04 9.419000000e+03 
1.043900000e+04 9.338000000e+03 
1.024000000e+04 9.387000000e+03 
1.043800000e+04 9.378000000e+03 
1.006100000e+04 9.561000000e+03 
9.925000000e+03 9.691000000e+03 
9.970000000e+03 9.653000000e+03 

9.022000000e+03 1.027000000e+04 
9.349000000e+03 9.982000000e+03 
9.521000000e+03 9.842000000e+03 
9.532000000e+03 9.840000000e+03 
9.970000000e+03 9.685000000e+03 
9.970000000e+03 9.685000000e+03 
9.144000000e+03 1.001600000e+04 
8.949000000e+03 1.034600000e+04 
9.144000000e+03 1.001600000e+04 
9.036000000e+03 1.022500000e+04 
9.036000000e+03 1.022500000e+04 
9.772000000e+03 9.754000000e+03 
9.940000000e+03 9.697000000e+03 
9.002000000e+03 1.029600000e+04 
9.646000000e+03 9.819000000e+03 
9.354000000e+03 9.922000000e+03 
9.078000000e+03 1.014500000e+04 
9.780000000e+03 9.746000000e+03 
9.466000000e+03 9.880000000e+03 
9.070000000e+03 1.018000000e+04 
9.201000000e+03 1.000200000e+04 
9.882000000e+03 9.737000000e+03 
8.987000000e+03 1.033300000e+04 
9.686000000e+03 9.767000000e+03 
8.881000000e+03 1.035600000e+04 

8.968000000e+03 8.887000000e+03 
9.411000000e+03 8.621000000e+03 
9.155000000e+03 8.719000000e+03 
8.855000000e+03 9.203000000e+03 
8.979000000e+03 8.849000000e+03 
9.210000000e+03 8.709000000e+03 
9.389000000e+03 8.628000000e+03 
8.775000000e+03 9.312000000e+03 
8.864000000e+03 9.030000000e+03 
9.032000000e+03 8.815000000e+03 
8.943000000e+03 9.008000000e+03 
8.979000000e+03 8.849000000e+03 
8.968000000e+03 8.887000000e+03 
8.943000000e+03 9.008000000e+03 
9.037000000e+03 8.725000000e+03 
9.234000000e+03 8.701000000e+03 
8.803000000e+03 9.234000000e+03 

9.265000000e+03 9.907000000e+03 
9.053000000e+03 1.043500000e+04 
9.354000000e+03 9.864000000e+03 
9.226000000e+03 1.000700000e+04 
9.208000000e+03 1.007700000e+04 
9.114000000e+03 1.027600000e+04 
9.533000000e+03 9.701000000e+03 
9.369000000e+03 9.823000000e+03 
9.178000000e+03 1.013200000e+04 
9.068000000e+03 1.029000000e+04 

9.109000000e+03 1.065400000e+04 
9.249000000e+03 1.005300000e+04 
9.431000000e+03 9.854000000e+03 
9.683000000e+03 9.664000000e+03 
9.111000000e+03 1.026000000e+04 
9.182000000e+03 1.009700000e+04 
9.249000000e+03 1.005300000e+04 
9.316000000e+03 9.931000000e+03 
9.489000000e+03 9.717000000e+03 
9.677000000e+03 9.714000000e+03 
9.219000000e+03 1.009200000e+04 
9.387000000e+03 9.879000000e+03 
9.249000000e+03 1.005300000e+04 
9.249000000e+03 1.005300000e+04 
9.264000000e+03 1.000700000e+04 
9.436000000e+03 9.748000000e+03 
9.489000000e+03 9.717000000e+03 
9.179000000e+03 1.011600000e+04 
9.117000000e+03 1.014000000e+04 

9.932000000e+03 9.567000000e+03 
1.046700000e+04 9.135000000e+03 
9.954000000e+03 9.548000000e+03 
1.039800000e+04 9.157000000e+03 
1.036700000e+04 9.163000000e+03 
1.068800000e+04 9.022000000e+03 
1.039800000e+04 9.157000000e+03 
1.039800000e+04 9.157000000e+03 
1.014000000e+04 9.263000000e+03 
1.067700000e+04 9.035000000e+03 
1.062000000e+04 9.082000000e+03 
1.051000000e+04 9.108000000e+03 
9.992000000e+03 9.500000000e+03 
1.043200000e+04 9.148000000e+03 
1.021000000e+04 9.216000000e+03 
1.075900000e+04 9.016000000e+03 
1.013400000e+04 9.381000000e+03 
1.067700000e+04 9.035000000e+03 
1.067700000e+04 9.035000000e+03 
1.026200000e+04 9.178000000e+03 
1.012200000e+04 9.383000000e+03 
1.039800000e+04 9.157000000e+03 
1.025400000e+04 9.215000000e+03 
1.025900000e+04 9.210000000e+03 
1.067200000e+04 9.075000000e+03 
1.001000000e+04 9.410000000e+03 
1.018100000e+04 9.226000000e+03 

1.005500000e+04 9.058000000e+03 
9.518000000e+03 9.934000000e+03 
9.739000000e+03 9.185000000e+03 
9.989000000e+03 9.092000000e+03 
9.503000000e+03 9.935000000e+03 
9.503000000e+03 9.935000000e+03 
9.670000000e+03 9.298000000e+03 
9.579000000e+03 9.318000000e+03 
9.678000000e+03 9.214000000e+03 
9.772000000e+03 9.182000000e+03 
9.522000000e+03 9.541000000e+03 
1.005500000e+04 9.058000000e+03 
9.781000000e+03 9.161000000e+03 
9.677000000e+03 9.256000000e+03 
9.852000000e+03 9.110000000e+03 
9.614000000e+03 9.307000000e+03 
1.005500000e+04 9.058000000e+03 

9.101000000e+03 9.182000000e+03 
9.032000000e+03 9.366000000e+03 
9.328000000e+03 8.907000000e+03 
9.096000000e+03 9.227000000e+03 
9.034000000e+03 9.345000000e+03 
9.747000000e+03 8.760000000e+03 
9.453000000e+03 8.876000000e+03 
9.152000000e+03 9.057000000e+03 
9.152000000e+03 9.057000000e+03 
9.034000000e+03 9.345000000e+03 
9.576000000e+03 8.846000000e+03 
9.694000000e+03 8.776000000e+03 
9.707000000e+03 8.771000000e+03 
9.806000000e+03 8.726000000e+03 
9.062000000e+03 9.245000000e+03 
9.637000000e+03 8.828000000e+03 
9.114000000e+03 9.154000000e+03 
9.644000000e+03 8.812000000e+03 
9.034000000e+03 9.345000000e+03 

9.260000000e+03 9.762000000e+03 
9.317000000e+03 9.588000000e+03 
9.874000000e+03 9.312000000e+03 
9.284000000e+03 9.714000000e+03 
9.710000000e+03 9.429000000e+03 
9.718000000e+03 9.395000000e+03 
9.723000000e+03 9.357000000e+03 
9.228000000e+03 9.776000000e+03 
9.207000000e+03 9.938000000e+03 
9.455000000e+03 9.445000000e+03 
9.704000000e+03 9.440000000e+03 
9.850000000e+03 9.356000000e+03 
1.014100000e+04 9.231000000e+03 
9.445000000e+03 9.476000000e+03 
9.401000000e+03 9.533000000e+03 

9.560000000e+03 9.464000000e+03 
9.633000000e+03 9.322000000e+03 
9.616000000e+03 9.405000000e+03 
9.827000000e+03 9.281000000e+03 
9.799000000e+03 9.307000000e+03 
9.958000000e+03 9.220000000e+03 

9.173000000e+03 1.007300000e+04 
1.001900000e+04 9.472000000e+03 
9.624000000e+03 9.570000000e+03 
9.831000000e+03 9.516000000e+03 
9.623000000e+03 9.599000000e+03 
9.478000000e+03 9.714000000e+03 
9.209000000e+03 9.886000000e+03 
9.624000000e+03 9.570000000e+03 
9.579000000e+03 9.630000000e+03 
9.168000000e+03 1.009000000e+04 
9.618000000e+03 9.626000000e+03 
9.473000000e+03 9.749000000e+03 
9.263000000e+03 9.869000000e+03 
9.303000000e+03 9.853000000e+03 
9.378000000e+03 9.761000000e+03 
9.780000000e+03 9.530000000e+03 
9.619000000e+03 9.608000000e+03 
9.831000000e+03 9.516000000e+03 
9.168000000e+03 1.009000000e+04 
9.445000000e+03 9.756000000e+03 
9.304000000e+03 9.771000000e+03 
9.757000000e+03 9.534000000e+03 

9.420000000e+03 9.717000000e+03 
9.503000000e+03 9.572000000e+03 
9.391000000e+03 9.751000000e+03 
9.378000000e+03 9.780000000e+03 
9.752000000e+03 9.457000000e+03 
9.429000000e+03 9.690000000e+03 
9.520000000e+03 9.469000000e+03 
9.378000000e+03 9.780000000e+03 
9.463000000e+03 9.660000000e+03 
9.789000000e+03 9.312000000e+03 
9.393000000e+03 9.746000000e+03 
9.448000000e+03 9.670000000e+03 

9.067000000e+03 9.266000000e+03 
9.031000000e+03 9.471000000e+03 
9.047000000e+03 9.449000000e+03 
9.198000000e+03 9.081000000e+03 
9.025000000e+03 9.546000000e+03 
8.996000000e+03 9.548000000e+03 
9.203000000e+03 9.047000000e+03 
9.147000000e+03 9.125000000e+03 
9.263000000e+03 8.932000000e+03 
9.147000000e+03 9.125000000e+03 
9.117000000e+03 9.184000000e+03 
9.047000000e+03 9.449000000e+03 
9.047000000e+03 9.449000000e+03 
9.149000000e+03 9.122000000e+03 
8.947000000e+03 9.599000000e+03 
9.065000000e+03 9.420000000e+03 
9.067000000e+03 9.266000000e+03 
8.996000000e+03 9.548000000e+03 
9.474000000e+03 8.913000000e+03 
9.610000000e+03 8.880000000e+03 

1.005300000e+04 8.902000000e+03 
9.538000000e+03 9.119000000e+03 
9.979000000e+03 8.918000000e+03 
1.003800000e+04 8.912000000e+03 
9.649000000e+03 9.051000000e+03 
9.717000000e+03 8.982000000e+03 
9.679000000e+03 8.994000000e+03 
9.678000000e+03 9.028000000e+03 
9.849000000e+03 8.967000000e+03 
9.729000000e+03 8.972000000e+03 
9.612000000e+03 9.077000000e+03 
1.011500000e+04 8.876000000e+03 
9.593000000e+03 9.105000000e+03 
9.871000000e+03 8.965000000e+03 

9.537000000e+03 8.972000000e+03 
9.546000000e+03 8.967000000e+03 
9.491000000e+03 9.002000000e+03 
9.324000000e+03 9.119000000e+03 
9.533000000e+03 9.001000000e+03 
9.323000000e+03 9.158000000e+03 
9.549000000e+03 8.957000000e+03 
9.533000000e+03 9.001000000e+03 
9.689000000e+03 8.887000000e+03 
9.546000000e+03 8.967000000e+03 
9.546000000e+03 8.967000000e+03 
9.383000000e+03 9.093000000e+03 
9.729000000e+03 8.856000000e+03 
9.676000000e+03 8.925000000e+03 
9.689000000e+03 8.887000000e+03 
9.669000000e+03 8.928000000e+03 
9.409000000e+03 9.072000000e+03 
9.546000000e+03 8.967000000e+03 
9.443000000e+03 9.025000000e+03 
9.762000000e+03 8.808000000e+03 
9.420000000e+03 9.057000000e+03 
9.546000000e+03 8.967000000e+03 

