9.368000000e+03 9.137000000e+03 
9.088000000e+03 9.319000000e+03 
9.160000000e+03 9.258000000e+03 
9.312000000e+03 9.213000000e+03 
9.344000000e+03 9.173000000e+03 
9.719000000e+03 9.039000000e+03 
9.159000000e+03 9.316000000e+03 
9.679000000e+03 9.060000000e+03 
9.673000000e+03 9.088000000e+03 
9.584000000e+03 9.117000000e+03 

9.162000000e+03 9.760000000e+03 
9.257000000e+03 9.599000000e+03 
9.754000000e+03 9.338000000e+03 
9.430000000e+03 9.513000000e+03 
9.067000000e+03 1.006500000e+04 
9.425000000e+03 9.523000000e+03 
9.466000000e+03 9.426000000e+03 
9.455000000e+03 9.436000000e+03 
9.705000000e+03 9.373000000e+03 
9.145000000e+03 9.842000000e+03 
9.455000000e+03 9.436000000e+03 
9.140000000e+03 9.862000000e+03 
9.378000000e+03 9.580000000e+03 
9.193000000e+03 9.645000000e+03 
9.450000000e+03 9.492000000e+03 
9.082000000e+03 9.887000000e+03 
9.384000000e+03 9.525000000e+03 

9.591000000e+03 9.689000000e+03 
9.861000000e+03 9.680000000e+03 
9.528000000e+03 9.776000000e+03 
1.009500000e+04 9.671000000e+03 
9.581000000e+03 9.732000000e+03 
9.491000000e+03 9.814000000e+03 
1.009500000e+04 9.671000000e+03 
9.540000000e+03 9.773000000e+03 
1.014400000e+04 9.605000000e+03 
9.432000000e+03 9.888000000e+03 

9.970000000e+03 1.033400000e+04 
1.009400000e+04 1.009200000e+04 
1.029900000e+04 9.867000000e+03 
1.005300000e+04 1.009600000e+04 
1.025400000e+04 9.899000000e+03 
9.958000000e+03 1.055200000e+04 
1.017600000e+04 9.951000000e+03 
1.052600000e+04 9.705000000e+03 
1.013600000e+04 9.979000000e+03 
1.021600000e+04 9.936000000e+03 
1.027300000e+04 9.883000000e+03 
1.039100000e+04 9.808000000e+03 
1.002100000e+04 1.023600000e+04 
9.841000000e+03 1.057800000e+04 
1.020300000e+04 9.943000000e+03 
1.023200000e+04 9.920000000e+03 
1.052200000e+04 9.721000000e+03 
1.023100000e+04 9.927000000e+03 
9.919000000e+03 1.057200000e+04 
9.931000000e+03 1.055400000e+04 
1.028200000e+04 9.875000000e+03 
1.001500000e+04 1.033000000e+04 
9.959000000e+03 1.049300000e+04 

9.839000000e+03 8.859000000e+03 
9.769000000e+03 9.028000000e+03 
9.697000000e+03 9.155000000e+03 
1.011300000e+04 8.579000000e+03 
9.987000000e+03 8.663000000e+03 
1.001500000e+04 8.657000000e+03 
1.027700000e+04 8.556000000e+03 
9.963000000e+03 8.704000000e+03 
1.003400000e+04 8.652000000e+03 
9.981000000e+03 8.666000000e+03 
1.015900000e+04 8.570000000e+03 
9.945000000e+03 8.737000000e+03 
9.721000000e+03 9.043000000e+03 
9.797000000e+03 8.938000000e+03 
1.007400000e+04 8.641000000e+03 
1.015900000e+04 8.570000000e+03 
1.010300000e+04 8.585000000e+03 
9.619000000e+03 9.542000000e+03 
9.601000000e+03 9.635000000e+03 
9.883000000e+03 8.817000000e+03 
9.902000000e+03 8.743000000e+03 
1.011300000e+04 8.579000000e+03 
9.963000000e+03 8.704000000e+03 
9.601000000e+03 9.635000000e+03 
9.963000000e+03 8.704000000e+03 
9.902000000e+03 8.743000000e+03 
9.653000000e+03 9.322000000e+03 
9.820000000e+03 8.933000000e+03 

9.086000000e+03 9.188000000e+03 
9.328000000e+03 9.139000000e+03 
8.950000000e+03 9.302000000e+03 
9.265000000e+03 9.178000000e+03 
9.035000000e+03 9.213000000e+03 
9.118000000e+03 9.180000000e+03 
9.586000000e+03 9.126000000e+03 
8.870000000e+03 9.401000000e+03 
8.895000000e+03 9.360000000e+03 
8.920000000e+03 9.359000000e+03 
9.328000000e+03 9.139000000e+03 
8.922000000e+03 9.305000000e+03 
9.020000000e+03 9.281000000e+03 
8.869000000e+03 9.408000000e+03 
9.021000000e+03 9.242000000e+03 

9.385000000e+03 9.838000000e+03 
1.013400000e+04 9.410000000e+03 
9.409000000e+03 9.776000000e+03 
9.494000000e+03 9.754000000e+03 
9.507000000e+03 9.622000000e+03 
9.141000000e+03 9.978000000e+03 
9.133000000e+03 1.005100000e+04 
9.280000000e+03 9.862000000e+03 
1.001300000e+04 9.423000000e+03 
9.695000000e+03 9.524000000e+03 
9.481000000e+03 9.760000000e+03 
1.033300000e+04 9.361000000e+03 
9.978000000e+03 9.425000000e+03 
1.013500000e+04 9.408000000e+03 
9.206000000e+03 9.906000000e+03 
9.945000000e+03 9.434000000e+03 
9.642000000e+03 9.605000000e+03 
9.534000000e+03 9.607000000e+03 
9.206000000e+03 9.906000000e+03 
9.534000000e+03 9.607000000e+03 
9.809000000e+03 9.480000000e+03 
9.507000000e+03 9.622000000e+03 
9.372000000e+03 9.846000000e+03 

9.283000000e+03 9.566000000e+03 
9.219000000e+03 9.643000000e+03 
9.228000000e+03 9.600000000e+03 
9.413000000e+03 9.475000000e+03 
9.123000000e+03 9.755000000e+03 
9.886000000e+03 9.434000000e+03 
9.227000000e+03 9.627000000e+03 
9.117000000e+03 9.768000000e+03 
9.163000000e+03 9.661000000e+03 
9.132000000e+03 9.735000000e+03 
8.918000000e+03 9.899000000e+03 
9.044000000e+03 9.797000000e+03 
8.997000000e+03 9.799000000e+03 
9.251000000e+03 9.593000000e+03 
8.895000000e+03 1.002100000e+04 
9.923000000e+03 9.424000000e+03 
9.153000000e+03 9.724000000e+03 
9.224000000e+03 9.634000000e+03 
9.306000000e+03 9.505000000e+03 
9.923000000e+03 9.424000000e+03 
9.923000000e+03 9.424000000e+03 

1.007600000e+04 9.300000000e+03 
1.010600000e+04 9.298000000e+03 
1.012000000e+04 9.245000000e+03 
9.373000000e+03 9.726000000e+03 
9.486000000e+03 9.612000000e+03 
9.512000000e+03 9.441000000e+03 
9.642000000e+03 9.412000000e+03 
9.810000000e+03 9.334000000e+03 
9.399000000e+03 9.659000000e+03 
9.726000000e+03 9.388000000e+03 
9.642000000e+03 9.412000000e+03 
9.741000000e+03 9.376000000e+03 
1.012000000e+04 9.245000000e+03 

9.668000000e+03 9.003000000e+03 
9.680000000e+03 8.914000000e+03 
9.402000000e+03 9.073000000e+03 
9.256000000e+03 9.462000000e+03 
9.171000000e+03 9.525000000e+03 
9.668000000e+03 9.003000000e+03 
9.738000000e+03 8.913000000e+03 
9.261000000e+03 9.432000000e+03 
9.295000000e+03 9.415000000e+03 
9.521000000e+03 9.023000000e+03 
9.738000000e+03 8.913000000e+03 
9.668000000e+03 9.003000000e+03 
9.255000000e+03 9.510000000e+03 
9.320000000e+03 9.283000000e+03 
9.334000000e+03 9.171000000e+03 
1.001800000e+04 8.823000000e+03 
9.003000000e+03 9.608000000e+03 

9.883000000e+03 9.941000000e+03 
1.021200000e+04 9.643000000e+03 
1.020100000e+04 9.664000000e+03 
9.843000000e+03 1.000000000e+04 
1.038100000e+04 9.558000000e+03 
9.812000000e+03 1.010700000e+04 
1.033100000e+04 9.609000000e+03 
9.996000000e+03 9.857000000e+03 
1.025500000e+04 9.610000000e+03 
9.883000000e+03 9.941000000e+03 
1.036700000e+04 9.571000000e+03 
9.857000000e+03 9.945000000e+03 
1.036700000e+04 9.571000000e+03 
9.857000000e+03 9.945000000e+03 
1.011200000e+04 9.709000000e+03 
9.918000000e+03 9.860000000e+03 
9.943000000e+03 9.859000000e+03 
1.035200000e+04 9.603000000e+03 
1.008000000e+04 9.738000000e+03 
1.044900000e+04 9.531000000e+03 
1.001700000e+04 9.747000000e+03 
9.883000000e+03 9.941000000e+03 
1.020100000e+04 9.664000000e+03 

9.303000000e+03 9.598000000e+03 
8.956000000e+03 1.047600000e+04 
9.572000000e+03 9.536000000e+03 
8.970000000e+03 1.040400000e+04 
8.971000000e+03 1.011600000e+04 
8.964000000e+03 1.040500000e+04 
9.242000000e+03 9.685000000e+03 
9.017000000e+03 1.007500000e+04 
9.136000000e+03 9.696000000e+03 
9.333000000e+03 9.586000000e+03 
9.021000000e+03 9.994000000e+03 
9.094000000e+03 9.978000000e+03 
9.404000000e+03 9.569000000e+03 
9.572000000e+03 9.536000000e+03 
9.098000000e+03 9.773000000e+03 

9.345000000e+03 9.567000000e+03 
9.784000000e+03 9.170000000e+03 
9.409000000e+03 9.388000000e+03 
9.379000000e+03 9.511000000e+03 
9.595000000e+03 9.310000000e+03 
9.760000000e+03 9.185000000e+03 
9.250000000e+03 9.623000000e+03 
9.619000000e+03 9.281000000e+03 
1.017000000e+04 9.165000000e+03 
9.298000000e+03 9.575000000e+03 
9.478000000e+03 9.320000000e+03 

8.911000000e+03 1.002100000e+04 
9.068000000e+03 9.907000000e+03 
8.938000000e+03 9.919000000e+03 
9.034000000e+03 9.911000000e+03 
9.311000000e+03 9.844000000e+03 
9.101000000e+03 9.891000000e+03 
8.788000000e+03 1.025300000e+04 
8.862000000e+03 1.005700000e+04 
8.997000000e+03 9.914000000e+03 
9.034000000e+03 9.911000000e+03 
9.414000000e+03 9.772000000e+03 
8.683000000e+03 1.028500000e+04 
9.219000000e+03 9.845000000e+03 
9.034000000e+03 9.911000000e+03 
8.797000000e+03 1.015600000e+04 
8.763000000e+03 1.028300000e+04 
8.926000000e+03 9.950000000e+03 
8.895000000e+03 1.004400000e+04 
9.373000000e+03 9.793000000e+03 

9.789000000e+03 9.216000000e+03 
1.004500000e+04 9.163000000e+03 
9.481000000e+03 9.293000000e+03 
9.847000000e+03 9.180000000e+03 
9.450000000e+03 9.702000000e+03 
9.697000000e+03 9.219000000e+03 
9.472000000e+03 9.418000000e+03 
9.389000000e+03 9.713000000e+03 
9.830000000e+03 9.183000000e+03 
9.464000000e+03 9.577000000e+03 

9.930000000e+03 1.013800000e+04 
1.001800000e+04 9.902000000e+03 
1.010600000e+04 9.819000000e+03 
9.922000000e+03 1.015400000e+04 
1.052200000e+04 9.476000000e+03 
1.038500000e+04 9.481000000e+03 
1.016200000e+04 9.720000000e+03 
9.930000000e+03 1.013800000e+04 
9.930000000e+03 1.013800000e+04 
1.008100000e+04 9.825000000e+03 
1.012400000e+04 9.773000000e+03 
9.930000000e+03 1.013800000e+04 
1.015700000e+04 9.764000000e+03 
1.000900000e+04 1.009300000e+04 
1.025900000e+04 9.560000000e+03 
9.958000000e+03 1.013000000e+04 
1.020400000e+04 9.665000000e+03 

9.928000000e+03 9.800000000e+03 
9.459000000e+03 1.001800000e+04 
9.399000000e+03 1.012600000e+04 
9.644000000e+03 9.978000000e+03 
9.139000000e+03 1.036600000e+04 
9.055000000e+03 1.038500000e+04 
9.041000000e+03 1.062500000e+04 
9.357000000e+03 1.014500000e+04 
9.802000000e+03 9.892000000e+03 
9.882000000e+03 9.849000000e+03 
9.019000000e+03 1.076300000e+04 
9.172000000e+03 1.022300000e+04 
9.055000000e+03 1.038500000e+04 
9.172000000e+03 1.022300000e+04 
9.645000000e+03 9.945000000e+03 
9.395000000e+03 1.013600000e+04 
9.692000000e+03 9.926000000e+03 
9.485000000e+03 9.986000000e+03 
9.779000000e+03 9.908000000e+03 
9.600000000e+03 9.981000000e+03 
9.143000000e+03 1.029300000e+04 
9.644000000e+03 9.978000000e+03 
9.192000000e+03 1.015900000e+04 
9.421000000e+03 1.006000000e+04 
9.928000000e+03 9.800000000e+03 
9.049000000e+03 1.060000000e+04 
9.471000000e+03 9.989000000e+03 
9.600000000e+03 9.981000000e+03 

9.009000000e+03 9.122000000e+03 
9.718000000e+03 8.705000000e+03 
8.923000000e+03 9.217000000e+03 
8.867000000e+03 9.291000000e+03 
8.987000000e+03 9.152000000e+03 
9.218000000e+03 8.889000000e+03 
9.152000000e+03 8.922000000e+03 
9.081000000e+03 8.961000000e+03 
9.222000000e+03 8.790000000e+03 
9.068000000e+03 9.002000000e+03 
9.525000000e+03 8.755000000e+03 
9.202000000e+03 8.901000000e+03 

9.254000000e+03 1.035800000e+04 
9.337000000e+03 1.012700000e+04 
9.705000000e+03 9.801000000e+03 
9.347000000e+03 1.007100000e+04 
9.278000000e+03 1.023200000e+04 
9.579000000e+03 9.934000000e+03 
9.255000000e+03 1.025600000e+04 
9.301000000e+03 1.021900000e+04 
9.337000000e+03 1.012700000e+04 
9.246000000e+03 1.041000000e+04 
9.704000000e+03 9.880000000e+03 
9.374000000e+03 1.006100000e+04 
9.694000000e+03 9.925000000e+03 
9.414000000e+03 9.973000000e+03 
9.254000000e+03 1.035800000e+04 

9.691000000e+03 9.867000000e+03 
9.823000000e+03 9.703000000e+03 
9.760000000e+03 9.799000000e+03 
9.272000000e+03 1.046400000e+04 
9.267000000e+03 1.055800000e+04 
9.246000000e+03 1.057100000e+04 
9.352000000e+03 1.006100000e+04 
9.801000000e+03 9.705000000e+03 
9.278000000e+03 1.022800000e+04 
9.734000000e+03 9.834000000e+03 
9.552000000e+03 9.947000000e+03 
9.871000000e+03 9.676000000e+03 
9.600000000e+03 9.876000000e+03 
9.292000000e+03 1.017700000e+04 
9.452000000e+03 1.002200000e+04 
9.513000000e+03 9.981000000e+03 
9.272000000e+03 1.046400000e+04 

1.012000000e+04 9.656000000e+03 
1.027600000e+04 9.426000000e+03 
1.045100000e+04 9.200000000e+03 
1.069700000e+04 9.068000000e+03 
1.030400000e+04 9.353000000e+03 
1.069000000e+04 9.186000000e+03 
1.030200000e+04 9.409000000e+03 
1.023900000e+04 9.437000000e+03 
1.013300000e+04 9.605000000e+03 
1.015800000e+04 9.547000000e+03 
1.018800000e+04 9.490000000e+03 
1.043100000e+04 9.312000000e+03 
1.017100000e+04 9.491000000e+03 

1.000500000e+04 9.196000000e+03 
9.518000000e+03 9.934000000e+03 
9.795000000e+03 9.356000000e+03 
9.796000000e+03 9.333000000e+03 
9.748000000e+03 9.375000000e+03 
9.820000000e+03 9.330000000e+03 
9.602000000e+03 9.818000000e+03 
9.670000000e+03 9.766000000e+03 
9.772000000e+03 9.373000000e+03 
9.972000000e+03 9.244000000e+03 
9.748000000e+03 9.375000000e+03 
1.000500000e+04 9.196000000e+03 
9.736000000e+03 9.383000000e+03 
1.011400000e+04 9.139000000e+03 
1.000800000e+04 9.177000000e+03 
9.684000000e+03 9.693000000e+03 
9.736000000e+03 9.383000000e+03 
9.830000000e+03 9.300000000e+03 
9.705000000e+03 9.561000000e+03 
9.713000000e+03 9.389000000e+03 
9.844000000e+03 9.270000000e+03 
9.736000000e+03 9.383000000e+03 
1.011400000e+04 9.139000000e+03 

9.756000000e+03 8.926000000e+03 
9.243000000e+03 9.377000000e+03 
9.709000000e+03 9.015000000e+03 
9.589000000e+03 9.078000000e+03 
9.120000000e+03 9.420000000e+03 
9.996000000e+03 8.899000000e+03 
9.295000000e+03 9.263000000e+03 
1.000500000e+04 8.886000000e+03 
1.001400000e+04 8.866000000e+03 
9.699000000e+03 9.057000000e+03 
9.543000000e+03 9.090000000e+03 
9.343000000e+03 9.167000000e+03 
9.721000000e+03 8.998000000e+03 
9.527000000e+03 9.130000000e+03 

9.428000000e+03 9.693000000e+03 
9.324000000e+03 9.778000000e+03 
9.561000000e+03 9.552000000e+03 
9.481000000e+03 9.597000000e+03 
9.404000000e+03 9.739000000e+03 
9.932000000e+03 9.467000000e+03 
9.914000000e+03 9.512000000e+03 
9.428000000e+03 9.693000000e+03 
9.389000000e+03 9.775000000e+03 
9.627000000e+03 9.521000000e+03 
1.002300000e+04 9.427000000e+03 
9.920000000e+03 9.490000000e+03 
9.275000000e+03 9.823000000e+03 
9.825000000e+03 9.513000000e+03 

9.693000000e+03 9.678000000e+03 
9.828000000e+03 9.520000000e+03 
9.914000000e+03 9.440000000e+03 
9.914000000e+03 9.440000000e+03 
9.780000000e+03 9.533000000e+03 
1.007000000e+04 9.366000000e+03 
9.707000000e+03 9.570000000e+03 
9.836000000e+03 9.515000000e+03 
1.007000000e+04 9.366000000e+03 
1.014100000e+04 9.354000000e+03 
9.838000000e+03 9.450000000e+03 

9.327000000e+03 1.005500000e+04 
9.519000000e+03 9.854000000e+03 
9.858000000e+03 9.654000000e+03 
9.541000000e+03 9.841000000e+03 
9.406000000e+03 9.921000000e+03 
9.692000000e+03 9.703000000e+03 
9.617000000e+03 9.813000000e+03 
9.327000000e+03 1.005500000e+04 
9.760000000e+03 9.693000000e+03 
9.327000000e+03 1.005500000e+04 
9.858000000e+03 9.654000000e+03 
9.574000000e+03 9.832000000e+03 
9.265000000e+03 1.014100000e+04 
9.541000000e+03 9.841000000e+03 
9.654000000e+03 9.768000000e+03 
9.363000000e+03 1.000100000e+04 
9.519000000e+03 9.854000000e+03 
9.541000000e+03 9.841000000e+03 
9.251000000e+03 1.020500000e+04 
9.389000000e+03 9.951000000e+03 

9.633000000e+03 9.783000000e+03 
9.703000000e+03 9.693000000e+03 
9.709000000e+03 9.666000000e+03 
9.633000000e+03 9.783000000e+03 
9.985000000e+03 9.516000000e+03 
9.524000000e+03 1.026900000e+04 
9.777000000e+03 9.612000000e+03 
9.689000000e+03 9.766000000e+03 
9.814000000e+03 9.588000000e+03 
9.553000000e+03 9.882000000e+03 
9.702000000e+03 9.732000000e+03 
9.699000000e+03 9.739000000e+03 
9.559000000e+03 9.818000000e+03 
9.722000000e+03 9.637000000e+03 
9.883000000e+03 9.545000000e+03 

9.393000000e+03 9.176000000e+03 
9.278000000e+03 9.314000000e+03 
9.585000000e+03 9.055000000e+03 
9.433000000e+03 9.161000000e+03 
9.513000000e+03 9.060000000e+03 
9.393000000e+03 9.176000000e+03 
9.091000000e+03 9.355000000e+03 
9.434000000e+03 9.117000000e+03 
9.393000000e+03 9.176000000e+03 
9.377000000e+03 9.180000000e+03 
9.062000000e+03 9.564000000e+03 
9.615000000e+03 9.002000000e+03 
9.285000000e+03 9.196000000e+03 
9.275000000e+03 9.349000000e+03 

1.023200000e+04 8.948000000e+03 
1.011200000e+04 8.963000000e+03 
9.624000000e+03 9.622000000e+03 
9.773000000e+03 9.129000000e+03 
9.878000000e+03 8.987000000e+03 
9.776000000e+03 9.118000000e+03 
1.016700000e+04 8.954000000e+03 
9.781000000e+03 9.050000000e+03 
9.733000000e+03 9.181000000e+03 
1.023700000e+04 8.947000000e+03 
9.642000000e+03 9.504000000e+03 
9.657000000e+03 9.272000000e+03 
9.632000000e+03 9.585000000e+03 
9.617000000e+03 9.640000000e+03 
9.773000000e+03 9.129000000e+03 
9.612000000e+03 9.880000000e+03 

9.579000000e+03 9.071000000e+03 
9.459000000e+03 9.442000000e+03 
9.889000000e+03 9.006000000e+03 
9.559000000e+03 9.211000000e+03 
9.459000000e+03 9.442000000e+03 
9.683000000e+03 9.012000000e+03 
9.566000000e+03 9.151000000e+03 
9.518000000e+03 9.337000000e+03 

