8.843000000e+03 9.251000000e+03 
9.195000000e+03 8.705000000e+03 
8.865000000e+03 9.179000000e+03 
9.254000000e+03 8.614000000e+03 
9.595000000e+03 8.522000000e+03 
9.254000000e+03 8.614000000e+03 
9.355000000e+03 8.607000000e+03 
8.896000000e+03 9.119000000e+03 
9.325000000e+03 8.611000000e+03 
9.792000000e+03 8.467000000e+03 
9.021000000e+03 8.855000000e+03 
8.873000000e+03 9.168000000e+03 
9.046000000e+03 8.840000000e+03 
8.860000000e+03 9.232000000e+03 
8.957000000e+03 8.877000000e+03 
9.151000000e+03 8.792000000e+03 
8.860000000e+03 9.232000000e+03 
8.920000000e+03 9.056000000e+03 
8.873000000e+03 9.168000000e+03 
9.251000000e+03 8.667000000e+03 
9.957000000e+03 8.400000000e+03 
9.358000000e+03 8.564000000e+03 
8.873000000e+03 9.168000000e+03 
9.184000000e+03 8.731000000e+03 
8.873000000e+03 9.168000000e+03 
8.860000000e+03 9.232000000e+03 
9.194000000e+03 8.724000000e+03 
8.887000000e+03 9.153000000e+03 
9.432000000e+03 8.558000000e+03 
8.913000000e+03 9.072000000e+03 
9.107000000e+03 8.801000000e+03 
9.152000000e+03 8.741000000e+03 
9.089000000e+03 8.820000000e+03 
9.067000000e+03 8.828000000e+03 
9.864000000e+03 8.435000000e+03 

9.366000000e+03 8.845000000e+03 
8.875000000e+03 9.090000000e+03 
8.527000000e+03 9.698000000e+03 
8.751000000e+03 9.373000000e+03 
8.845000000e+03 9.269000000e+03 
9.128000000e+03 8.957000000e+03 
9.251000000e+03 8.890000000e+03 
8.714000000e+03 9.399000000e+03 
9.193000000e+03 8.911000000e+03 
8.563000000e+03 9.655000000e+03 
8.642000000e+03 9.418000000e+03 
8.772000000e+03 9.362000000e+03 
9.362000000e+03 8.862000000e+03 
8.536000000e+03 9.685000000e+03 
8.753000000e+03 9.364000000e+03 
8.640000000e+03 9.467000000e+03 
8.777000000e+03 9.292000000e+03 
8.585000000e+03 9.608000000e+03 
8.642000000e+03 9.418000000e+03 
8.724000000e+03 9.376000000e+03 
9.365000000e+03 8.856000000e+03 
9.102000000e+03 8.990000000e+03 
8.617000000e+03 9.539000000e+03 
9.102000000e+03 8.990000000e+03 
9.436000000e+03 8.834000000e+03 
9.603000000e+03 8.795000000e+03 
9.067000000e+03 9.009000000e+03 
8.850000000e+03 9.191000000e+03 
8.617000000e+03 9.539000000e+03 
8.622000000e+03 9.491000000e+03 
8.678000000e+03 9.403000000e+03 
8.772000000e+03 9.362000000e+03 
8.607000000e+03 9.555000000e+03 
8.772000000e+03 9.362000000e+03 
8.929000000e+03 9.060000000e+03 
9.103000000e+03 8.973000000e+03 
9.280000000e+03 8.865000000e+03 
9.375000000e+03 8.841000000e+03 
8.584000000e+03 9.616000000e+03 
8.848000000e+03 9.255000000e+03 
9.181000000e+03 8.949000000e+03 
8.585000000e+03 9.608000000e+03 
8.626000000e+03 9.473000000e+03 
9.445000000e+03 8.815000000e+03 
9.612000000e+03 8.717000000e+03 
8.678000000e+03 9.403000000e+03 
8.814000000e+03 9.279000000e+03 
9.015000000e+03 9.021000000e+03 

8.858000000e+03 9.485000000e+03 
9.374000000e+03 9.090000000e+03 
9.248000000e+03 9.145000000e+03 
9.040000000e+03 9.278000000e+03 
9.124000000e+03 9.251000000e+03 
9.131000000e+03 9.222000000e+03 
9.040000000e+03 9.278000000e+03 
9.000000000e+03 9.359000000e+03 
9.260000000e+03 9.138000000e+03 
8.947000000e+03 9.425000000e+03 
9.172000000e+03 9.166000000e+03 
9.529000000e+03 9.025000000e+03 
8.914000000e+03 9.461000000e+03 
9.009000000e+03 9.326000000e+03 
9.124000000e+03 9.251000000e+03 
8.960000000e+03 9.414000000e+03 
9.111000000e+03 9.268000000e+03 
8.818000000e+03 9.514000000e+03 
9.087000000e+03 9.270000000e+03 
9.291000000e+03 9.128000000e+03 
9.146000000e+03 9.202000000e+03 
9.302000000e+03 9.116000000e+03 
8.882000000e+03 9.469000000e+03 
8.794000000e+03 9.526000000e+03 
9.325000000e+03 9.106000000e+03 

9.868000000e+03 9.523000000e+03 
9.861000000e+03 9.564000000e+03 
9.966000000e+03 9.494000000e+03 
9.782000000e+03 9.615000000e+03 
9.868000000e+03 9.523000000e+03 
1.001200000e+04 9.404000000e+03 
9.560000000e+03 9.780000000e+03 
9.560000000e+03 9.780000000e+03 
9.837000000e+03 9.605000000e+03 
9.603000000e+03 9.725000000e+03 
9.966000000e+03 9.494000000e+03 
9.966000000e+03 9.494000000e+03 
9.612000000e+03 9.706000000e+03 
9.910000000e+03 9.500000000e+03 
9.534000000e+03 9.844000000e+03 
9.646000000e+03 9.677000000e+03 
9.997000000e+03 9.482000000e+03 
9.514000000e+03 9.888000000e+03 
9.504000000e+03 9.890000000e+03 
9.727000000e+03 9.632000000e+03 
9.603000000e+03 9.725000000e+03 
9.621000000e+03 9.686000000e+03 
9.727000000e+03 9.632000000e+03 
9.601000000e+03 9.776000000e+03 
9.828000000e+03 9.610000000e+03 
9.477000000e+03 9.977000000e+03 

9.272000000e+03 8.721000000e+03 
9.827000000e+03 8.180000000e+03 
9.165000000e+03 8.904000000e+03 
9.818000000e+03 8.187000000e+03 
9.559000000e+03 8.345000000e+03 
9.556000000e+03 8.364000000e+03 
9.298000000e+03 8.612000000e+03 
9.359000000e+03 8.531000000e+03 
9.212000000e+03 8.880000000e+03 
9.556000000e+03 8.364000000e+03 
9.664000000e+03 8.306000000e+03 
9.217000000e+03 8.871000000e+03 
9.818000000e+03 8.187000000e+03 
9.818000000e+03 8.187000000e+03 
9.455000000e+03 8.406000000e+03 
9.345000000e+03 8.564000000e+03 
9.818000000e+03 8.187000000e+03 
9.818000000e+03 8.187000000e+03 
9.217000000e+03 8.871000000e+03 
9.217000000e+03 8.871000000e+03 
9.392000000e+03 8.471000000e+03 
9.577000000e+03 8.319000000e+03 
9.242000000e+03 8.788000000e+03 
9.202000000e+03 8.882000000e+03 
9.711000000e+03 8.227000000e+03 
9.865000000e+03 8.142000000e+03 
9.261000000e+03 8.758000000e+03 
9.486000000e+03 8.402000000e+03 
9.818000000e+03 8.187000000e+03 
9.799000000e+03 8.194000000e+03 
9.234000000e+03 8.824000000e+03 
9.217000000e+03 8.871000000e+03 
9.223000000e+03 8.861000000e+03 
9.388000000e+03 8.491000000e+03 
9.444000000e+03 8.459000000e+03 
9.666000000e+03 8.260000000e+03 
9.550000000e+03 8.371000000e+03 
9.859000000e+03 8.162000000e+03 
9.349000000e+03 8.537000000e+03 
9.657000000e+03 8.314000000e+03 

8.361000000e+03 9.014000000e+03 
8.620000000e+03 8.781000000e+03 
8.463000000e+03 8.887000000e+03 
8.220000000e+03 9.393000000e+03 
8.995000000e+03 8.559000000e+03 
8.397000000e+03 8.935000000e+03 
8.858000000e+03 8.606000000e+03 
9.091000000e+03 8.545000000e+03 
8.829000000e+03 8.691000000e+03 
8.492000000e+03 8.819000000e+03 
8.855000000e+03 8.684000000e+03 
8.802000000e+03 8.705000000e+03 
8.247000000e+03 9.108000000e+03 
8.475000000e+03 8.869000000e+03 
8.653000000e+03 8.727000000e+03 
8.397000000e+03 8.935000000e+03 
8.855000000e+03 8.684000000e+03 
8.407000000e+03 8.903000000e+03 
8.908000000e+03 8.590000000e+03 
8.397000000e+03 8.935000000e+03 
8.545000000e+03 8.793000000e+03 
8.315000000e+03 9.044000000e+03 
8.471000000e+03 8.871000000e+03 
8.239000000e+03 9.224000000e+03 
8.239000000e+03 9.224000000e+03 
8.221000000e+03 9.243000000e+03 
8.475000000e+03 8.869000000e+03 
8.802000000e+03 8.705000000e+03 
8.857000000e+03 8.674000000e+03 

9.534000000e+03 8.864000000e+03 
8.904000000e+03 9.191000000e+03 
9.080000000e+03 9.064000000e+03 
8.863000000e+03 9.263000000e+03 
8.882000000e+03 9.245000000e+03 
9.583000000e+03 8.826000000e+03 
9.558000000e+03 8.846000000e+03 
9.217000000e+03 8.980000000e+03 
9.558000000e+03 8.846000000e+03 
8.642000000e+03 9.621000000e+03 
8.909000000e+03 9.190000000e+03 
9.014000000e+03 9.079000000e+03 
9.583000000e+03 8.826000000e+03 
9.583000000e+03 8.826000000e+03 
9.558000000e+03 8.846000000e+03 
9.534000000e+03 8.864000000e+03 
9.558000000e+03 8.846000000e+03 
8.824000000e+03 9.369000000e+03 
9.008000000e+03 9.120000000e+03 
9.298000000e+03 8.866000000e+03 
9.578000000e+03 8.837000000e+03 
9.583000000e+03 8.826000000e+03 
9.245000000e+03 8.950000000e+03 
8.921000000e+03 9.180000000e+03 
8.994000000e+03 9.127000000e+03 
8.707000000e+03 9.524000000e+03 
8.753000000e+03 9.370000000e+03 
9.583000000e+03 8.826000000e+03 
9.209000000e+03 9.004000000e+03 
8.824000000e+03 9.369000000e+03 
8.863000000e+03 9.263000000e+03 
9.534000000e+03 8.864000000e+03 
9.557000000e+03 8.847000000e+03 
9.107000000e+03 9.007000000e+03 
8.731000000e+03 9.430000000e+03 
8.994000000e+03 9.127000000e+03 
9.544000000e+03 8.858000000e+03 
8.986000000e+03 9.128000000e+03 
8.994000000e+03 9.127000000e+03 
9.534000000e+03 8.864000000e+03 
9.267000000e+03 8.911000000e+03 
9.245000000e+03 8.950000000e+03 
8.962000000e+03 9.131000000e+03 
8.831000000e+03 9.287000000e+03 

8.724000000e+03 9.285000000e+03 
8.904000000e+03 9.068000000e+03 
9.251000000e+03 8.865000000e+03 
8.904000000e+03 9.068000000e+03 
8.772000000e+03 9.097000000e+03 
8.724000000e+03 9.285000000e+03 
8.724000000e+03 9.285000000e+03 
8.914000000e+03 9.049000000e+03 
8.701000000e+03 9.305000000e+03 
8.724000000e+03 9.285000000e+03 
8.831000000e+03 9.079000000e+03 
8.591000000e+03 9.466000000e+03 
9.473000000e+03 8.812000000e+03 
8.904000000e+03 9.068000000e+03 
8.999000000e+03 8.970000000e+03 
9.199000000e+03 8.872000000e+03 
9.473000000e+03 8.812000000e+03 
8.669000000e+03 9.322000000e+03 
9.387000000e+03 8.835000000e+03 
8.540000000e+03 9.497000000e+03 
8.652000000e+03 9.415000000e+03 
9.046000000e+03 8.911000000e+03 
8.815000000e+03 9.088000000e+03 
8.718000000e+03 9.302000000e+03 
8.724000000e+03 9.285000000e+03 
8.954000000e+03 8.983000000e+03 
9.285000000e+03 8.846000000e+03 
8.734000000e+03 9.227000000e+03 
9.285000000e+03 8.846000000e+03 
8.722000000e+03 9.301000000e+03 
8.591000000e+03 9.466000000e+03 
8.831000000e+03 9.079000000e+03 
9.026000000e+03 8.915000000e+03 
8.724000000e+03 9.285000000e+03 
9.184000000e+03 8.877000000e+03 
9.199000000e+03 8.872000000e+03 
9.381000000e+03 8.841000000e+03 
8.664000000e+03 9.363000000e+03 
9.117000000e+03 8.889000000e+03 
8.591000000e+03 9.466000000e+03 
9.510000000e+03 8.743000000e+03 
9.001000000e+03 8.937000000e+03 
8.733000000e+03 9.284000000e+03 
8.591000000e+03 9.466000000e+03 
8.751000000e+03 9.159000000e+03 
8.701000000e+03 9.305000000e+03 
8.876000000e+03 9.072000000e+03 
8.593000000e+03 9.417000000e+03 
9.473000000e+03 8.812000000e+03 
8.962000000e+03 8.978000000e+03 
8.591000000e+03 9.466000000e+03 

9.701000000e+03 8.801000000e+03 
8.911000000e+03 9.469000000e+03 
9.185000000e+03 9.034000000e+03 
9.698000000e+03 8.808000000e+03 
9.040000000e+03 9.190000000e+03 
9.311000000e+03 8.924000000e+03 
9.185000000e+03 9.034000000e+03 
9.703000000e+03 8.716000000e+03 
8.993000000e+03 9.291000000e+03 
9.142000000e+03 9.040000000e+03 
9.318000000e+03 8.896000000e+03 
8.969000000e+03 9.383000000e+03 
8.991000000e+03 9.371000000e+03 
9.311000000e+03 8.924000000e+03 
9.186000000e+03 9.009000000e+03 
9.395000000e+03 8.874000000e+03 
9.394000000e+03 8.890000000e+03 
9.185000000e+03 9.034000000e+03 
9.117000000e+03 9.109000000e+03 
9.590000000e+03 8.831000000e+03 
9.091000000e+03 9.127000000e+03 
9.185000000e+03 9.034000000e+03 
9.036000000e+03 9.251000000e+03 
9.318000000e+03 8.896000000e+03 
8.911000000e+03 9.469000000e+03 
9.400000000e+03 8.847000000e+03 
8.911000000e+03 9.469000000e+03 
9.201000000e+03 8.964000000e+03 
9.646000000e+03 8.817000000e+03 
9.248000000e+03 8.940000000e+03 
8.960000000e+03 9.428000000e+03 
9.122000000e+03 9.086000000e+03 

9.016000000e+03 8.678000000e+03 
8.923000000e+03 8.899000000e+03 
8.923000000e+03 8.899000000e+03 
8.923000000e+03 8.899000000e+03 
8.923000000e+03 8.899000000e+03 
8.733000000e+03 9.114000000e+03 
8.923000000e+03 8.899000000e+03 
8.923000000e+03 8.899000000e+03 
9.016000000e+03 8.678000000e+03 
8.916000000e+03 8.922000000e+03 
8.923000000e+03 8.899000000e+03 
8.824000000e+03 8.944000000e+03 
8.923000000e+03 8.899000000e+03 
9.235000000e+03 8.548000000e+03 
9.002000000e+03 8.761000000e+03 
8.708000000e+03 9.124000000e+03 
9.002000000e+03 8.761000000e+03 
8.923000000e+03 8.899000000e+03 
8.923000000e+03 8.899000000e+03 
8.744000000e+03 9.075000000e+03 
8.923000000e+03 8.899000000e+03 
9.217000000e+03 8.585000000e+03 
8.733000000e+03 9.114000000e+03 
8.941000000e+03 8.781000000e+03 
8.923000000e+03 8.899000000e+03 
8.923000000e+03 8.899000000e+03 
8.923000000e+03 8.899000000e+03 
8.923000000e+03 8.899000000e+03 
8.923000000e+03 8.899000000e+03 
9.219000000e+03 8.579000000e+03 
8.923000000e+03 8.899000000e+03 
8.923000000e+03 8.899000000e+03 
9.142000000e+03 8.641000000e+03 
8.923000000e+03 8.899000000e+03 
8.923000000e+03 8.899000000e+03 
8.923000000e+03 8.899000000e+03 
8.923000000e+03 8.899000000e+03 
8.923000000e+03 8.899000000e+03 
9.396000000e+03 8.457000000e+03 
8.707000000e+03 9.157000000e+03 
8.923000000e+03 8.899000000e+03 
9.224000000e+03 8.575000000e+03 
8.733000000e+03 9.114000000e+03 
9.144000000e+03 8.631000000e+03 
8.733000000e+03 9.114000000e+03 
8.923000000e+03 8.899000000e+03 
9.224000000e+03 8.575000000e+03 
8.796000000e+03 8.969000000e+03 
9.313000000e+03 8.465000000e+03 
8.849000000e+03 8.935000000e+03 
8.976000000e+03 8.769000000e+03 
9.572000000e+03 8.431000000e+03 
8.923000000e+03 8.899000000e+03 
9.283000000e+03 8.509000000e+03 
9.219000000e+03 8.579000000e+03 
8.923000000e+03 8.899000000e+03 
8.733000000e+03 9.114000000e+03 
8.752000000e+03 8.992000000e+03 
8.923000000e+03 8.899000000e+03 
9.165000000e+03 8.587000000e+03 
8.796000000e+03 8.969000000e+03 
9.016000000e+03 8.678000000e+03 
8.976000000e+03 8.769000000e+03 
9.015000000e+03 8.735000000e+03 
8.664000000e+03 9.190000000e+03 
9.282000000e+03 8.516000000e+03 
9.084000000e+03 8.654000000e+03 
8.940000000e+03 8.787000000e+03 
9.132000000e+03 8.642000000e+03 
9.016000000e+03 8.678000000e+03 
8.701000000e+03 9.163000000e+03 

9.360000000e+03 9.450000000e+03 
9.140000000e+03 1.003300000e+04 
9.202000000e+03 9.826000000e+03 
9.828000000e+03 9.085000000e+03 
9.159000000e+03 9.994000000e+03 
9.147000000e+03 1.000700000e+04 
1.014300000e+04 9.061000000e+03 
1.011900000e+04 9.074000000e+03 
9.308000000e+03 9.503000000e+03 
9.351000000e+03 9.477000000e+03 
9.281000000e+03 9.594000000e+03 
9.233000000e+03 9.696000000e+03 
9.494000000e+03 9.329000000e+03 
9.308000000e+03 9.503000000e+03 
9.147000000e+03 1.000700000e+04 
9.494000000e+03 9.329000000e+03 
9.344000000e+03 9.485000000e+03 
1.015000000e+04 9.043000000e+03 
9.231000000e+03 9.706000000e+03 
9.344000000e+03 9.485000000e+03 
1.014700000e+04 9.058000000e+03 
9.466000000e+03 9.352000000e+03 
9.828000000e+03 9.085000000e+03 
1.014300000e+04 9.061000000e+03 
9.408000000e+03 9.410000000e+03 
9.511000000e+03 9.319000000e+03 
9.494000000e+03 9.329000000e+03 
9.140000000e+03 1.003300000e+04 
9.360000000e+03 9.450000000e+03 
9.147000000e+03 1.000700000e+04 
9.147000000e+03 1.000700000e+04 
9.075000000e+03 1.012000000e+04 
9.580000000e+03 9.110000000e+03 
9.479000000e+03 9.331000000e+03 
9.542000000e+03 9.233000000e+03 
9.565000000e+03 9.164000000e+03 
9.889000000e+03 9.081000000e+03 
9.147000000e+03 1.000700000e+04 
9.344000000e+03 9.485000000e+03 
9.162000000e+03 9.883000000e+03 
9.365000000e+03 9.420000000e+03 
9.351000000e+03 9.477000000e+03 
9.360000000e+03 9.450000000e+03 
9.105000000e+03 1.007500000e+04 

8.625000000e+03 9.285000000e+03 
8.360000000e+03 9.654000000e+03 
8.957000000e+03 9.092000000e+03 
8.290000000e+03 1.018500000e+04 
8.495000000e+03 9.527000000e+03 
8.684000000e+03 9.269000000e+03 
8.447000000e+03 9.544000000e+03 
8.696000000e+03 9.194000000e+03 
8.553000000e+03 9.419000000e+03 
8.876000000e+03 9.188000000e+03 
8.528000000e+03 9.447000000e+03 
8.950000000e+03 9.153000000e+03 
8.322000000e+03 9.896000000e+03 
8.449000000e+03 9.539000000e+03 
8.974000000e+03 9.064000000e+03 
8.379000000e+03 9.600000000e+03 
8.397000000e+03 9.555000000e+03 
8.465000000e+03 9.530000000e+03 
8.333000000e+03 9.752000000e+03 
8.557000000e+03 9.377000000e+03 
8.497000000e+03 9.448000000e+03 

8.885000000e+03 8.661000000e+03 
8.551000000e+03 9.408000000e+03 
8.820000000e+03 8.835000000e+03 
8.608000000e+03 9.270000000e+03 
8.599000000e+03 9.276000000e+03 
8.599000000e+03 9.276000000e+03 
8.821000000e+03 8.774000000e+03 
8.973000000e+03 8.615000000e+03 
8.624000000e+03 9.116000000e+03 
8.608000000e+03 9.270000000e+03 
8.930000000e+03 8.649000000e+03 
9.213000000e+03 8.558000000e+03 
9.201000000e+03 8.597000000e+03 
8.652000000e+03 9.036000000e+03 
8.692000000e+03 8.936000000e+03 
8.768000000e+03 8.859000000e+03 
8.608000000e+03 9.270000000e+03 
9.275000000e+03 8.539000000e+03 
8.820000000e+03 8.835000000e+03 
8.885000000e+03 8.661000000e+03 
8.608000000e+03 9.270000000e+03 
9.275000000e+03 8.539000000e+03 
8.764000000e+03 8.886000000e+03 
8.553000000e+03 9.300000000e+03 
8.662000000e+03 8.941000000e+03 
8.701000000e+03 8.915000000e+03 
8.609000000e+03 9.266000000e+03 
8.952000000e+03 8.623000000e+03 
8.866000000e+03 8.760000000e+03 
8.930000000e+03 8.649000000e+03 
8.885000000e+03 8.661000000e+03 
8.599000000e+03 9.276000000e+03 
8.885000000e+03 8.661000000e+03 
8.868000000e+03 8.686000000e+03 

8.160000000e+03 9.845000000e+03 
8.509000000e+03 9.517000000e+03 
8.385000000e+03 9.600000000e+03 
8.509000000e+03 9.517000000e+03 
8.236000000e+03 9.666000000e+03 
8.422000000e+03 9.571000000e+03 
8.902000000e+03 9.298000000e+03 
8.328000000e+03 9.605000000e+03 
8.727000000e+03 9.333000000e+03 
8.509000000e+03 9.517000000e+03 
8.419000000e+03 9.580000000e+03 
8.448000000e+03 9.525000000e+03 
8.278000000e+03 9.625000000e+03 
8.174000000e+03 9.736000000e+03 
8.519000000e+03 9.432000000e+03 
8.448000000e+03 9.525000000e+03 
8.402000000e+03 9.589000000e+03 
8.956000000e+03 9.282000000e+03 
9.026000000e+03 9.274000000e+03 
8.704000000e+03 9.358000000e+03 
8.514000000e+03 9.435000000e+03 
8.160000000e+03 9.845000000e+03 
8.727000000e+03 9.333000000e+03 
8.134000000e+03 9.881000000e+03 
8.422000000e+03 9.571000000e+03 
8.160000000e+03 9.845000000e+03 
9.026000000e+03 9.274000000e+03 
8.328000000e+03 9.605000000e+03 
8.489000000e+03 9.520000000e+03 
8.278000000e+03 9.625000000e+03 

8.940000000e+03 8.702000000e+03 
9.263000000e+03 8.552000000e+03 
8.969000000e+03 8.670000000e+03 
9.106000000e+03 8.637000000e+03 
9.127000000e+03 8.564000000e+03 
9.384000000e+03 8.523000000e+03 
8.858000000e+03 8.769000000e+03 
8.992000000e+03 8.655000000e+03 
9.312000000e+03 8.536000000e+03 
9.331000000e+03 8.524000000e+03 
8.911000000e+03 8.766000000e+03 
9.125000000e+03 8.601000000e+03 

9.702000000e+03 9.122000000e+03 
9.277000000e+03 9.607000000e+03 
1.004000000e+04 8.968000000e+03 
9.694000000e+03 9.139000000e+03 
9.260000000e+03 9.653000000e+03 
9.577000000e+03 9.196000000e+03 
1.015100000e+04 8.890000000e+03 
9.694000000e+03 9.139000000e+03 
9.568000000e+03 9.218000000e+03 
9.824000000e+03 9.014000000e+03 
9.868000000e+03 8.993000000e+03 
9.888000000e+03 8.980000000e+03 
9.718000000e+03 9.111000000e+03 
9.386000000e+03 9.380000000e+03 
1.005200000e+04 8.953000000e+03 
9.361000000e+03 9.425000000e+03 
9.510000000e+03 9.250000000e+03 
9.606000000e+03 9.166000000e+03 
9.427000000e+03 9.329000000e+03 
9.254000000e+03 9.684000000e+03 
9.291000000e+03 9.575000000e+03 
9.465000000e+03 9.314000000e+03 
9.291000000e+03 9.575000000e+03 
9.956000000e+03 8.970000000e+03 
9.789000000e+03 9.041000000e+03 
9.411000000e+03 9.349000000e+03 
1.000100000e+04 8.969000000e+03 
9.519000000e+03 9.233000000e+03 
9.277000000e+03 9.607000000e+03 
9.465000000e+03 9.314000000e+03 

9.561000000e+03 9.423000000e+03 
8.629000000e+03 1.009900000e+04 
8.985000000e+03 9.690000000e+03 
9.288000000e+03 9.513000000e+03 
9.310000000e+03 9.464000000e+03 
8.698000000e+03 9.949000000e+03 
8.629000000e+03 1.009900000e+04 
9.194000000e+03 9.542000000e+03 
9.059000000e+03 9.638000000e+03 
9.432000000e+03 9.445000000e+03 
8.652000000e+03 1.000600000e+04 
8.895000000e+03 9.802000000e+03 
9.622000000e+03 9.351000000e+03 
9.864000000e+03 9.339000000e+03 
8.955000000e+03 9.767000000e+03 
8.894000000e+03 9.810000000e+03 
8.633000000e+03 1.001700000e+04 
9.035000000e+03 9.678000000e+03 
9.992000000e+03 9.276000000e+03 
8.956000000e+03 9.759000000e+03 
9.035000000e+03 9.678000000e+03 
9.882000000e+03 9.297000000e+03 
9.059000000e+03 9.638000000e+03 
9.999000000e+03 9.260000000e+03 
8.746000000e+03 9.841000000e+03 
9.240000000e+03 9.518000000e+03 
8.698000000e+03 9.949000000e+03 
9.261000000e+03 9.514000000e+03 
9.770000000e+03 9.342000000e+03 
8.629000000e+03 1.009900000e+04 
9.085000000e+03 9.597000000e+03 
8.972000000e+03 9.734000000e+03 
9.133000000e+03 9.594000000e+03 

8.948000000e+03 8.089000000e+03 
8.906000000e+03 8.122000000e+03 
8.365000000e+03 8.878000000e+03 
8.425000000e+03 8.536000000e+03 
8.877000000e+03 8.142000000e+03 
9.049000000e+03 8.063000000e+03 
8.394000000e+03 8.604000000e+03 
8.373000000e+03 8.861000000e+03 
8.383000000e+03 8.692000000e+03 
8.425000000e+03 8.536000000e+03 
8.383000000e+03 8.692000000e+03 
8.770000000e+03 8.181000000e+03 
8.655000000e+03 8.317000000e+03 
8.655000000e+03 8.317000000e+03 
8.388000000e+03 8.606000000e+03 
8.548000000e+03 8.447000000e+03 
8.439000000e+03 8.506000000e+03 
8.607000000e+03 8.398000000e+03 
8.359000000e+03 8.902000000e+03 
8.495000000e+03 8.456000000e+03 
8.960000000e+03 8.077000000e+03 
8.554000000e+03 8.426000000e+03 
8.457000000e+03 8.467000000e+03 
8.655000000e+03 8.317000000e+03 
8.731000000e+03 8.311000000e+03 
8.744000000e+03 8.243000000e+03 
8.617000000e+03 8.358000000e+03 
8.906000000e+03 8.122000000e+03 
8.495000000e+03 8.456000000e+03 

9.138000000e+03 9.407000000e+03 
8.699000000e+03 1.004100000e+04 
8.660000000e+03 1.013100000e+04 
8.877000000e+03 9.705000000e+03 
8.705000000e+03 9.760000000e+03 
8.705000000e+03 9.760000000e+03 
8.871000000e+03 9.718000000e+03 
9.033000000e+03 9.541000000e+03 
8.699000000e+03 1.004100000e+04 
9.103000000e+03 9.474000000e+03 
9.109000000e+03 9.444000000e+03 
8.909000000e+03 9.666000000e+03 
8.918000000e+03 9.619000000e+03 
8.877000000e+03 9.705000000e+03 
8.611000000e+03 1.024100000e+04 
8.692000000e+03 1.009300000e+04 
9.042000000e+03 9.506000000e+03 
8.918000000e+03 9.619000000e+03 
9.200000000e+03 9.343000000e+03 
8.941000000e+03 9.544000000e+03 
9.136000000e+03 9.419000000e+03 
9.404000000e+03 9.297000000e+03 
8.611000000e+03 1.024100000e+04 
8.699000000e+03 1.004100000e+04 
8.918000000e+03 9.619000000e+03 
9.289000000e+03 9.330000000e+03 
8.764000000e+03 9.721000000e+03 
9.033000000e+03 9.541000000e+03 
8.877000000e+03 9.705000000e+03 
9.289000000e+03 9.330000000e+03 
9.189000000e+03 9.390000000e+03 
9.445000000e+03 9.294000000e+03 
9.225000000e+03 9.335000000e+03 
9.608000000e+03 9.268000000e+03 
8.613000000e+03 1.020100000e+04 

8.767000000e+03 9.940000000e+03 
8.968000000e+03 9.512000000e+03 
8.946000000e+03 9.664000000e+03 
8.813000000e+03 9.933000000e+03 
9.144000000e+03 9.483000000e+03 
8.960000000e+03 9.594000000e+03 
8.919000000e+03 9.688000000e+03 
8.767000000e+03 9.940000000e+03 
9.151000000e+03 9.420000000e+03 
9.294000000e+03 9.342000000e+03 
8.750000000e+03 1.000400000e+04 
9.054000000e+03 9.486000000e+03 
8.892000000e+03 9.773000000e+03 
9.144000000e+03 9.483000000e+03 
9.384000000e+03 9.316000000e+03 
9.004000000e+03 9.496000000e+03 
8.946000000e+03 9.664000000e+03 
8.856000000e+03 9.805000000e+03 

9.471000000e+03 9.196000000e+03 
9.897000000e+03 8.812000000e+03 
9.471000000e+03 9.196000000e+03 
9.491000000e+03 9.162000000e+03 
9.630000000e+03 8.987000000e+03 
9.751000000e+03 8.857000000e+03 
9.591000000e+03 9.068000000e+03 
9.602000000e+03 9.032000000e+03 
1.013700000e+04 8.686000000e+03 
9.563000000e+03 9.087000000e+03 
9.546000000e+03 9.108000000e+03 
9.624000000e+03 8.993000000e+03 
9.605000000e+03 9.022000000e+03 
9.471000000e+03 9.196000000e+03 
9.776000000e+03 8.845000000e+03 
9.933000000e+03 8.739000000e+03 
9.923000000e+03 8.750000000e+03 
9.563000000e+03 9.087000000e+03 
1.013700000e+04 8.686000000e+03 
9.908000000e+03 8.809000000e+03 
1.017000000e+04 8.682000000e+03 
9.470000000e+03 9.234000000e+03 
9.844000000e+03 8.813000000e+03 
9.933000000e+03 8.739000000e+03 
9.426000000e+03 9.357000000e+03 
9.491000000e+03 9.162000000e+03 
9.639000000e+03 8.919000000e+03 

9.445000000e+03 8.787000000e+03 
8.968000000e+03 9.605000000e+03 
9.259000000e+03 9.023000000e+03 
8.962000000e+03 9.624000000e+03 
9.034000000e+03 9.348000000e+03 
9.334000000e+03 8.902000000e+03 
8.962000000e+03 9.624000000e+03 
9.040000000e+03 9.260000000e+03 
9.310000000e+03 8.953000000e+03 
9.036000000e+03 9.313000000e+03 
8.962000000e+03 9.624000000e+03 
9.409000000e+03 8.864000000e+03 
8.962000000e+03 9.624000000e+03 
8.962000000e+03 9.624000000e+03 
9.228000000e+03 9.084000000e+03 
9.135000000e+03 9.146000000e+03 
9.371000000e+03 8.900000000e+03 
9.230000000e+03 9.024000000e+03 
9.261000000e+03 8.995000000e+03 
9.465000000e+03 8.773000000e+03 
9.208000000e+03 9.088000000e+03 
9.008000000e+03 9.373000000e+03 
9.465000000e+03 8.773000000e+03 
9.277000000e+03 8.971000000e+03 
8.970000000e+03 9.461000000e+03 
8.972000000e+03 9.395000000e+03 
9.059000000e+03 9.198000000e+03 
8.970000000e+03 9.461000000e+03 
9.310000000e+03 8.953000000e+03 

8.754000000e+03 8.787000000e+03 
9.070000000e+03 8.599000000e+03 
8.710000000e+03 8.996000000e+03 
8.936000000e+03 8.669000000e+03 
8.956000000e+03 8.631000000e+03 
8.936000000e+03 8.669000000e+03 
9.153000000e+03 8.581000000e+03 
8.719000000e+03 8.850000000e+03 
9.128000000e+03 8.593000000e+03 
9.216000000e+03 8.565000000e+03 
9.665000000e+03 8.356000000e+03 
9.128000000e+03 8.593000000e+03 
9.244000000e+03 8.508000000e+03 
9.216000000e+03 8.565000000e+03 
9.300000000e+03 8.465000000e+03 
9.510000000e+03 8.398000000e+03 
9.133000000e+03 8.591000000e+03 
8.870000000e+03 8.714000000e+03 
9.159000000e+03 8.566000000e+03 
9.510000000e+03 8.398000000e+03 
9.128000000e+03 8.593000000e+03 
8.815000000e+03 8.784000000e+03 
9.128000000e+03 8.593000000e+03 
9.510000000e+03 8.398000000e+03 
8.631000000e+03 9.018000000e+03 
8.817000000e+03 8.756000000e+03 
8.735000000e+03 8.830000000e+03 
9.369000000e+03 8.407000000e+03 

8.811000000e+03 9.818000000e+03 
9.445000000e+03 8.980000000e+03 
8.818000000e+03 9.789000000e+03 
9.070000000e+03 9.228000000e+03 
8.814000000e+03 9.794000000e+03 
9.266000000e+03 9.136000000e+03 
9.070000000e+03 9.228000000e+03 
9.236000000e+03 9.145000000e+03 
9.172000000e+03 9.177000000e+03 
8.818000000e+03 9.789000000e+03 
9.309000000e+03 9.073000000e+03 
9.675000000e+03 8.872000000e+03 
9.347000000e+03 9.072000000e+03 
8.805000000e+03 9.826000000e+03 
9.168000000e+03 9.198000000e+03 
9.596000000e+03 8.890000000e+03 
9.502000000e+03 8.954000000e+03 
8.822000000e+03 9.714000000e+03 
9.561000000e+03 8.928000000e+03 
9.735000000e+03 8.793000000e+03 
9.152000000e+03 9.206000000e+03 
9.633000000e+03 8.881000000e+03 
9.578000000e+03 8.921000000e+03 
8.899000000e+03 9.281000000e+03 
9.686000000e+03 8.832000000e+03 
9.025000000e+03 9.273000000e+03 
9.502000000e+03 8.954000000e+03 
9.582000000e+03 8.903000000e+03 
8.849000000e+03 9.684000000e+03 
9.467000000e+03 8.966000000e+03 
8.873000000e+03 9.512000000e+03 
9.675000000e+03 8.872000000e+03 
8.814000000e+03 9.794000000e+03 
9.467000000e+03 8.966000000e+03 
9.070000000e+03 9.228000000e+03 
9.393000000e+03 9.043000000e+03 

9.317000000e+03 9.124000000e+03 
9.317000000e+03 9.124000000e+03 
9.415000000e+03 9.060000000e+03 
9.143000000e+03 9.267000000e+03 
9.138000000e+03 9.305000000e+03 
9.532000000e+03 8.997000000e+03 
9.156000000e+03 9.175000000e+03 
9.103000000e+03 9.316000000e+03 
9.603000000e+03 8.949000000e+03 
9.317000000e+03 9.124000000e+03 
9.238000000e+03 9.144000000e+03 
9.589000000e+03 8.971000000e+03 
9.317000000e+03 9.124000000e+03 
9.582000000e+03 8.990000000e+03 
9.959000000e+03 8.895000000e+03 
9.472000000e+03 9.039000000e+03 
9.623000000e+03 8.921000000e+03 
9.317000000e+03 9.124000000e+03 
9.317000000e+03 9.124000000e+03 
9.317000000e+03 9.124000000e+03 
9.351000000e+03 9.097000000e+03 
9.347000000e+03 9.102000000e+03 
9.494000000e+03 9.013000000e+03 
9.589000000e+03 8.971000000e+03 
9.589000000e+03 8.971000000e+03 
9.138000000e+03 9.305000000e+03 
9.103000000e+03 9.316000000e+03 
9.317000000e+03 9.124000000e+03 
9.093000000e+03 9.335000000e+03 

8.969000000e+03 9.615000000e+03 
8.969000000e+03 9.615000000e+03 
9.287000000e+03 9.236000000e+03 
9.285000000e+03 9.243000000e+03 
8.969000000e+03 9.615000000e+03 
9.457000000e+03 9.130000000e+03 
9.109000000e+03 9.371000000e+03 
9.660000000e+03 8.955000000e+03 
8.945000000e+03 9.617000000e+03 
9.481000000e+03 9.084000000e+03 
9.334000000e+03 9.217000000e+03 
8.969000000e+03 9.615000000e+03 
8.969000000e+03 9.615000000e+03 
9.360000000e+03 9.149000000e+03 
8.902000000e+03 1.009900000e+04 
9.497000000e+03 9.011000000e+03 
8.902000000e+03 1.009900000e+04 
9.360000000e+03 9.149000000e+03 
9.029000000e+03 9.523000000e+03 
9.346000000e+03 9.195000000e+03 
8.851000000e+03 1.015100000e+04 
8.969000000e+03 9.615000000e+03 
8.902000000e+03 1.009900000e+04 
9.097000000e+03 9.392000000e+03 
9.360000000e+03 9.149000000e+03 
9.471000000e+03 9.115000000e+03 
8.969000000e+03 9.615000000e+03 
8.906000000e+03 9.668000000e+03 
9.638000000e+03 8.985000000e+03 
8.969000000e+03 9.615000000e+03 
9.471000000e+03 9.115000000e+03 
9.459000000e+03 9.120000000e+03 
9.334000000e+03 9.217000000e+03 
9.138000000e+03 9.355000000e+03 
8.860000000e+03 1.012700000e+04 
8.969000000e+03 9.615000000e+03 
9.471000000e+03 9.115000000e+03 
9.156000000e+03 9.246000000e+03 
9.078000000e+03 9.486000000e+03 
8.970000000e+03 9.570000000e+03 

8.933000000e+03 9.399000000e+03 
8.933000000e+03 9.399000000e+03 
9.260000000e+03 8.936000000e+03 
9.082000000e+03 9.149000000e+03 
9.461000000e+03 8.795000000e+03 
9.746000000e+03 8.724000000e+03 
9.197000000e+03 8.959000000e+03 
8.933000000e+03 9.399000000e+03 
9.234000000e+03 8.949000000e+03 
8.922000000e+03 9.472000000e+03 
8.968000000e+03 9.372000000e+03 
8.978000000e+03 9.262000000e+03 
8.923000000e+03 9.466000000e+03 
9.276000000e+03 8.928000000e+03 
9.234000000e+03 8.949000000e+03 
9.260000000e+03 8.936000000e+03 
9.406000000e+03 8.845000000e+03 
8.874000000e+03 9.561000000e+03 
8.874000000e+03 9.561000000e+03 
9.351000000e+03 8.887000000e+03 
9.440000000e+03 8.816000000e+03 
9.153000000e+03 8.971000000e+03 
9.260000000e+03 8.936000000e+03 
9.197000000e+03 8.959000000e+03 
8.922000000e+03 9.472000000e+03 
9.389000000e+03 8.885000000e+03 
9.606000000e+03 8.757000000e+03 
8.978000000e+03 9.262000000e+03 
8.840000000e+03 9.670000000e+03 
8.933000000e+03 9.399000000e+03 
9.153000000e+03 8.971000000e+03 
9.119000000e+03 9.070000000e+03 
8.995000000e+03 9.177000000e+03 
8.930000000e+03 9.437000000e+03 
8.922000000e+03 9.472000000e+03 
8.968000000e+03 9.372000000e+03 
9.570000000e+03 8.792000000e+03 
8.874000000e+03 9.561000000e+03 

8.710000000e+03 8.842000000e+03 
8.820000000e+03 8.759000000e+03 
9.151000000e+03 8.568000000e+03 
8.498000000e+03 9.325000000e+03 
8.862000000e+03 8.693000000e+03 
8.844000000e+03 8.743000000e+03 
8.862000000e+03 8.693000000e+03 
8.688000000e+03 8.882000000e+03 
8.783000000e+03 8.775000000e+03 
8.532000000e+03 9.260000000e+03 
8.970000000e+03 8.668000000e+03 
9.081000000e+03 8.585000000e+03 
8.752000000e+03 8.778000000e+03 
8.862000000e+03 8.693000000e+03 
9.151000000e+03 8.568000000e+03 
8.844000000e+03 8.743000000e+03 
8.978000000e+03 8.640000000e+03 
8.978000000e+03 8.640000000e+03 
8.970000000e+03 8.668000000e+03 
9.028000000e+03 8.628000000e+03 
8.834000000e+03 8.749000000e+03 
8.862000000e+03 8.693000000e+03 
8.591000000e+03 8.947000000e+03 
8.783000000e+03 8.775000000e+03 
8.549000000e+03 9.138000000e+03 
8.591000000e+03 8.947000000e+03 
8.902000000e+03 8.673000000e+03 
9.158000000e+03 8.550000000e+03 
9.156000000e+03 8.552000000e+03 

9.137000000e+03 9.080000000e+03 
9.253000000e+03 8.946000000e+03 
9.253000000e+03 8.946000000e+03 
9.278000000e+03 8.917000000e+03 
9.253000000e+03 8.946000000e+03 
9.249000000e+03 8.997000000e+03 
9.249000000e+03 8.997000000e+03 
9.253000000e+03 8.946000000e+03 
9.253000000e+03 8.946000000e+03 
9.253000000e+03 8.946000000e+03 
9.461000000e+03 8.661000000e+03 
9.368000000e+03 8.758000000e+03 
9.350000000e+03 8.794000000e+03 
9.249000000e+03 8.997000000e+03 
9.243000000e+03 9.009000000e+03 
9.312000000e+03 8.795000000e+03 
9.202000000e+03 9.024000000e+03 
9.243000000e+03 9.009000000e+03 
9.393000000e+03 8.678000000e+03 
9.253000000e+03 8.946000000e+03 
9.249000000e+03 8.997000000e+03 
9.253000000e+03 8.946000000e+03 
9.357000000e+03 8.786000000e+03 
9.528000000e+03 8.598000000e+03 
9.253000000e+03 8.946000000e+03 
9.202000000e+03 9.024000000e+03 
9.357000000e+03 8.786000000e+03 
9.253000000e+03 8.946000000e+03 
9.256000000e+03 8.921000000e+03 
9.253000000e+03 8.946000000e+03 
9.387000000e+03 8.722000000e+03 
9.253000000e+03 8.946000000e+03 
9.690000000e+03 8.581000000e+03 
9.284000000e+03 8.887000000e+03 
9.253000000e+03 8.946000000e+03 
9.514000000e+03 8.650000000e+03 
9.253000000e+03 8.946000000e+03 
9.253000000e+03 8.946000000e+03 
9.514000000e+03 8.650000000e+03 
9.249000000e+03 8.997000000e+03 
9.218000000e+03 9.015000000e+03 
9.514000000e+03 8.650000000e+03 
9.172000000e+03 9.062000000e+03 
9.736000000e+03 8.540000000e+03 
9.256000000e+03 8.921000000e+03 
9.256000000e+03 8.921000000e+03 
9.350000000e+03 8.794000000e+03 
9.360000000e+03 8.779000000e+03 
9.610000000e+03 8.591000000e+03 
9.253000000e+03 8.946000000e+03 
9.218000000e+03 9.015000000e+03 
9.253000000e+03 8.946000000e+03 
9.312000000e+03 8.795000000e+03 
9.278000000e+03 8.917000000e+03 
9.700000000e+03 8.541000000e+03 
9.253000000e+03 8.946000000e+03 

8.900000000e+03 8.824000000e+03 
8.900000000e+03 8.824000000e+03 
8.999000000e+03 8.710000000e+03 
8.844000000e+03 9.005000000e+03 
9.701000000e+03 8.350000000e+03 
9.053000000e+03 8.612000000e+03 
9.243000000e+03 8.473000000e+03 
9.691000000e+03 8.373000000e+03 
8.880000000e+03 8.885000000e+03 
8.900000000e+03 8.824000000e+03 
8.900000000e+03 8.824000000e+03 
8.900000000e+03 8.824000000e+03 
8.920000000e+03 8.744000000e+03 
9.691000000e+03 8.373000000e+03 
8.892000000e+03 8.841000000e+03 
8.870000000e+03 8.973000000e+03 
8.900000000e+03 8.824000000e+03 
9.284000000e+03 8.404000000e+03 
9.004000000e+03 8.643000000e+03 
9.203000000e+03 8.497000000e+03 
8.880000000e+03 8.885000000e+03 
8.987000000e+03 8.715000000e+03 
9.136000000e+03 8.535000000e+03 
8.795000000e+03 9.119000000e+03 
8.844000000e+03 9.005000000e+03 
8.900000000e+03 8.824000000e+03 
8.900000000e+03 8.824000000e+03 
9.214000000e+03 8.492000000e+03 
8.900000000e+03 8.824000000e+03 
9.128000000e+03 8.556000000e+03 
9.203000000e+03 8.497000000e+03 
8.808000000e+03 9.078000000e+03 
8.900000000e+03 8.824000000e+03 
9.259000000e+03 8.466000000e+03 
9.691000000e+03 8.373000000e+03 
9.025000000e+03 8.627000000e+03 
8.900000000e+03 8.824000000e+03 
9.200000000e+03 8.525000000e+03 
8.999000000e+03 8.710000000e+03 
9.214000000e+03 8.492000000e+03 
8.948000000e+03 8.738000000e+03 
9.267000000e+03 8.462000000e+03 
9.691000000e+03 8.373000000e+03 
9.061000000e+03 8.558000000e+03 
8.900000000e+03 8.824000000e+03 
9.691000000e+03 8.373000000e+03 

