9.802000000e+03 9.527000000e+03 
9.367000000e+03 1.011800000e+04 
9.807000000e+03 9.503000000e+03 
9.785000000e+03 9.578000000e+03 
9.507000000e+03 9.766000000e+03 
9.660000000e+03 9.705000000e+03 
9.507000000e+03 9.766000000e+03 
9.769000000e+03 9.639000000e+03 
9.842000000e+03 9.422000000e+03 
9.568000000e+03 9.731000000e+03 
9.612000000e+03 9.729000000e+03 
1.017800000e+04 9.374000000e+03 

9.925000000e+03 9.965000000e+03 
9.721000000e+03 1.008500000e+04 
9.624000000e+03 1.026800000e+04 
1.043300000e+04 9.833000000e+03 
9.729000000e+03 1.004700000e+04 
1.040400000e+04 9.878000000e+03 
9.925000000e+03 9.965000000e+03 
9.733000000e+03 1.003500000e+04 
9.778000000e+03 9.988000000e+03 
9.453000000e+03 1.041700000e+04 
9.463000000e+03 1.035200000e+04 
9.483000000e+03 1.033700000e+04 
1.011500000e+04 9.892000000e+03 
1.028200000e+04 9.883000000e+03 
9.643000000e+03 1.011800000e+04 

1.011500000e+04 1.027700000e+04 
1.026800000e+04 1.019700000e+04 
9.876000000e+03 1.055300000e+04 
1.034100000e+04 1.012400000e+04 
1.026800000e+04 1.019700000e+04 
1.009200000e+04 1.033800000e+04 
9.933000000e+03 1.044200000e+04 
1.043700000e+04 1.012200000e+04 
9.970000000e+03 1.041500000e+04 
1.013800000e+04 1.023200000e+04 
1.008200000e+04 1.037700000e+04 
9.929000000e+03 1.054500000e+04 
1.050600000e+04 9.978000000e+03 
1.009400000e+04 1.028400000e+04 
1.034100000e+04 1.012400000e+04 

1.051500000e+04 1.033400000e+04 
1.064500000e+04 1.025400000e+04 
1.051500000e+04 1.033400000e+04 
1.048100000e+04 1.041900000e+04 
1.040600000e+04 1.059100000e+04 
1.046200000e+04 1.046800000e+04 
1.058400000e+04 1.027800000e+04 
1.024700000e+04 1.074400000e+04 
1.030200000e+04 1.072700000e+04 
1.069700000e+04 1.016700000e+04 
1.056800000e+04 1.028800000e+04 
1.066900000e+04 1.018200000e+04 
1.071000000e+04 1.014400000e+04 
1.051500000e+04 1.033400000e+04 
1.133300000e+04 1.002100000e+04 
1.063500000e+04 1.025500000e+04 
1.037400000e+04 1.060000000e+04 
1.043400000e+04 1.050200000e+04 
1.082900000e+04 1.010500000e+04 
1.103900000e+04 1.005700000e+04 
1.024700000e+04 1.074400000e+04 
1.056100000e+04 1.031700000e+04 

1.008100000e+04 8.998000000e+03 
1.074800000e+04 8.778000000e+03 
1.007800000e+04 9.688000000e+03 
1.036600000e+04 8.782000000e+03 
1.022000000e+04 8.959000000e+03 
1.000100000e+04 9.689000000e+03 
1.034400000e+04 8.919000000e+03 

9.889000000e+03 9.528000000e+03 
9.310000000e+03 1.014200000e+04 
9.868000000e+03 9.533000000e+03 
9.763000000e+03 9.563000000e+03 
9.630000000e+03 9.681000000e+03 
9.801000000e+03 9.544000000e+03 
9.425000000e+03 9.877000000e+03 
9.532000000e+03 9.743000000e+03 
9.672000000e+03 9.598000000e+03 
9.321000000e+03 9.924000000e+03 

1.067200000e+04 9.813000000e+03 
9.579000000e+03 1.064100000e+04 
9.812000000e+03 1.028600000e+04 
1.009200000e+04 1.008000000e+04 
1.012400000e+04 1.003100000e+04 
1.002600000e+04 1.008200000e+04 
1.036100000e+04 9.926000000e+03 
1.013500000e+04 9.971000000e+03 
1.001700000e+04 1.018800000e+04 
9.908000000e+03 1.027900000e+04 
1.016400000e+04 9.942000000e+03 
9.812000000e+03 1.028600000e+04 
9.696000000e+03 1.038700000e+04 
9.923000000e+03 1.023900000e+04 
9.597000000e+03 1.047400000e+04 
1.030400000e+04 9.930000000e+03 
9.694000000e+03 1.044800000e+04 
1.042500000e+04 9.821000000e+03 

9.545000000e+03 1.061500000e+04 
9.618000000e+03 1.028300000e+04 
9.878000000e+03 1.002100000e+04 
9.549000000e+03 1.056900000e+04 
9.978000000e+03 9.943000000e+03 
1.001600000e+04 9.860000000e+03 
9.583000000e+03 1.053900000e+04 
9.803000000e+03 1.019400000e+04 
9.524000000e+03 1.082200000e+04 
1.015000000e+04 9.830000000e+03 
9.726000000e+03 1.021300000e+04 
9.838000000e+03 1.007600000e+04 
9.474000000e+03 1.083000000e+04 

1.011700000e+04 9.893000000e+03 
1.027800000e+04 9.770000000e+03 
1.025100000e+04 9.803000000e+03 
1.073600000e+04 9.638000000e+03 
1.036400000e+04 9.722000000e+03 
1.003500000e+04 1.010400000e+04 
1.059500000e+04 9.678000000e+03 
1.017200000e+04 9.825000000e+03 
1.045800000e+04 9.708000000e+03 
1.011700000e+04 9.893000000e+03 
1.001100000e+04 1.020100000e+04 

1.045700000e+04 9.318000000e+03 
9.929000000e+03 9.627000000e+03 
9.859000000e+03 9.778000000e+03 
9.621000000e+03 1.002000000e+04 
1.075200000e+04 9.294000000e+03 
9.732000000e+03 9.780000000e+03 
9.967000000e+03 9.607000000e+03 
1.011700000e+04 9.374000000e+03 
1.045700000e+04 9.318000000e+03 
1.007200000e+04 9.408000000e+03 
1.054500000e+04 9.317000000e+03 
9.670000000e+03 9.935000000e+03 
1.038700000e+04 9.372000000e+03 
9.719000000e+03 9.844000000e+03 
1.002300000e+04 9.429000000e+03 
1.000300000e+04 9.473000000e+03 
9.886000000e+03 9.708000000e+03 

1.058200000e+04 1.009000000e+04 
1.031300000e+04 1.040100000e+04 
1.044000000e+04 1.021200000e+04 
1.030900000e+04 1.043300000e+04 
1.048200000e+04 1.013000000e+04 
1.049400000e+04 1.010700000e+04 
1.064000000e+04 1.004000000e+04 
1.070000000e+04 1.001600000e+04 
1.032200000e+04 1.025900000e+04 
1.072300000e+04 9.969000000e+03 
1.078000000e+04 9.899000000e+03 

9.999000000e+03 1.002100000e+04 
9.610000000e+03 1.013200000e+04 
9.477000000e+03 1.049300000e+04 
9.422000000e+03 1.060200000e+04 
9.344000000e+03 1.089900000e+04 
1.017100000e+04 9.991000000e+03 
9.359000000e+03 1.088800000e+04 
9.474000000e+03 1.057900000e+04 
9.982000000e+03 1.003400000e+04 
9.642000000e+03 1.011500000e+04 
9.328000000e+03 1.092800000e+04 
9.394000000e+03 1.074000000e+04 

9.916000000e+03 9.722000000e+03 
9.898000000e+03 9.735000000e+03 
9.966000000e+03 9.677000000e+03 
9.660000000e+03 1.000000000e+04 
1.028500000e+04 9.632000000e+03 
9.718000000e+03 9.852000000e+03 
1.030300000e+04 9.616000000e+03 
1.009200000e+04 9.652000000e+03 
1.001900000e+04 9.662000000e+03 
9.866000000e+03 9.805000000e+03 
1.024600000e+04 9.645000000e+03 

9.225000000e+03 1.052500000e+04 
9.168000000e+03 1.073800000e+04 
9.192000000e+03 1.064900000e+04 
9.228000000e+03 1.049400000e+04 
9.616000000e+03 1.025900000e+04 
9.225000000e+03 1.052500000e+04 
9.115000000e+03 1.081800000e+04 
9.194000000e+03 1.055600000e+04 
9.366000000e+03 1.041400000e+04 
1.020100000e+04 1.025300000e+04 
9.351000000e+03 1.047500000e+04 
9.518000000e+03 1.035100000e+04 
9.228000000e+03 1.049400000e+04 
9.144000000e+03 1.077700000e+04 

1.039100000e+04 9.558000000e+03 
1.027900000e+04 9.563000000e+03 
1.013200000e+04 9.630000000e+03 
1.003900000e+04 9.701000000e+03 
1.002600000e+04 9.775000000e+03 
9.991000000e+03 9.848000000e+03 
1.011800000e+04 9.697000000e+03 
1.019300000e+04 9.588000000e+03 
1.002600000e+04 9.775000000e+03 
9.797000000e+03 9.986000000e+03 
1.021600000e+04 9.582000000e+03 
9.787000000e+03 1.023200000e+04 
9.994000000e+03 9.777000000e+03 
9.796000000e+03 1.002000000e+04 
9.825000000e+03 9.912000000e+03 

1.038200000e+04 1.072000000e+04 
1.056400000e+04 1.007100000e+04 
1.068100000e+04 9.995000000e+03 
1.040500000e+04 1.028100000e+04 
1.052500000e+04 1.016700000e+04 
1.051000000e+04 1.020900000e+04 
1.047500000e+04 1.025700000e+04 
1.059600000e+04 1.005700000e+04 
1.051300000e+04 1.020000000e+04 
1.071700000e+04 9.932000000e+03 
1.039300000e+04 1.045300000e+04 
1.067200000e+04 1.001100000e+04 
1.063600000e+04 1.002300000e+04 
1.041000000e+04 1.025900000e+04 
1.047500000e+04 1.025700000e+04 

9.689000000e+03 1.059000000e+04 
9.911000000e+03 1.036600000e+04 
9.430000000e+03 1.087100000e+04 
9.583000000e+03 1.076000000e+04 
9.475000000e+03 1.085200000e+04 
9.477000000e+03 1.079700000e+04 
1.009600000e+04 1.036200000e+04 
9.617000000e+03 1.066200000e+04 
1.011800000e+04 1.031900000e+04 
9.652000000e+03 1.064400000e+04 
1.041600000e+04 1.027300000e+04 
9.756000000e+03 1.045400000e+04 
1.028700000e+04 1.029300000e+04 

9.480000000e+03 9.734000000e+03 
9.500000000e+03 9.526000000e+03 
9.863000000e+03 9.262000000e+03 
9.712000000e+03 9.277000000e+03 
9.626000000e+03 9.317000000e+03 

9.822000000e+03 1.063900000e+04 
9.736000000e+03 1.067200000e+04 
9.807000000e+03 1.066900000e+04 
9.823000000e+03 1.062400000e+04 
1.003100000e+04 1.050400000e+04 
9.873000000e+03 1.051200000e+04 
1.013900000e+04 1.037800000e+04 
1.013700000e+04 1.049300000e+04 

9.757000000e+03 1.097900000e+04 
9.995000000e+03 1.047100000e+04 
1.013200000e+04 1.031900000e+04 
9.999000000e+03 1.040800000e+04 
1.011100000e+04 1.034400000e+04 
9.689000000e+03 1.106200000e+04 
1.035900000e+04 1.028000000e+04 
9.985000000e+03 1.048500000e+04 
1.007100000e+04 1.036600000e+04 
1.020400000e+04 1.029900000e+04 
9.759000000e+03 1.088900000e+04 
1.002500000e+04 1.040400000e+04 
9.783000000e+03 1.057400000e+04 

1.083700000e+04 9.707000000e+03 
1.061500000e+04 9.868000000e+03 
1.075200000e+04 9.725000000e+03 
1.052600000e+04 1.001700000e+04 
1.078900000e+04 9.714000000e+03 
1.065500000e+04 9.837000000e+03 
1.069200000e+04 9.783000000e+03 
1.089900000e+04 9.610000000e+03 
1.058300000e+04 9.927000000e+03 
1.087800000e+04 9.653000000e+03 

1.004100000e+04 1.012600000e+04 
1.007000000e+04 1.003800000e+04 
1.012200000e+04 9.936000000e+03 
1.006000000e+04 1.005300000e+04 
9.970000000e+03 1.062500000e+04 
1.033000000e+04 9.664000000e+03 
1.048100000e+04 9.613000000e+03 
1.012300000e+04 9.787000000e+03 
1.058500000e+04 9.611000000e+03 
1.073800000e+04 9.597000000e+03 
1.001200000e+04 1.022100000e+04 
1.011000000e+04 1.002200000e+04 
1.002000000e+04 1.014200000e+04 
1.078300000e+04 9.522000000e+03 
1.018300000e+04 9.767000000e+03 
9.959000000e+03 1.121100000e+04 
1.022900000e+04 9.727000000e+03 
1.000500000e+04 1.025300000e+04 
1.008700000e+04 1.002400000e+04 
1.018600000e+04 9.750000000e+03 
1.012300000e+04 9.787000000e+03 

1.056400000e+04 9.396000000e+03 
1.033400000e+04 9.414000000e+03 
9.909000000e+03 9.705000000e+03 
9.857000000e+03 1.001000000e+04 
9.857000000e+03 1.001000000e+04 
1.035000000e+04 9.413000000e+03 
9.950000000e+03 9.676000000e+03 
9.860000000e+03 9.723000000e+03 
1.000100000e+04 9.639000000e+03 
1.059100000e+04 9.373000000e+03 
1.030700000e+04 9.433000000e+03 
1.033100000e+04 9.424000000e+03 
1.000200000e+04 9.538000000e+03 
1.023900000e+04 9.448000000e+03 

1.050000000e+04 1.001900000e+04 
9.570000000e+03 1.054400000e+04 
9.682000000e+03 1.019100000e+04 
9.634000000e+03 1.043800000e+04 
9.570000000e+03 1.054400000e+04 
9.584000000e+03 1.054200000e+04 
9.833000000e+03 1.014300000e+04 
9.638000000e+03 1.042300000e+04 
1.008900000e+04 1.002700000e+04 
9.656000000e+03 1.022400000e+04 
9.590000000e+03 1.054000000e+04 
9.842000000e+03 1.009400000e+04 
9.592000000e+03 1.046500000e+04 
9.682000000e+03 1.019100000e+04 

1.011500000e+04 1.031800000e+04 
1.015600000e+04 9.995000000e+03 
1.025000000e+04 9.765000000e+03 
1.014300000e+04 1.005200000e+04 

1.001200000e+04 1.033400000e+04 
9.878000000e+03 1.041100000e+04 
9.859000000e+03 1.050300000e+04 
9.859000000e+03 1.050300000e+04 
1.012700000e+04 1.030900000e+04 
9.757000000e+03 1.054300000e+04 
9.812000000e+03 1.051500000e+04 
9.651000000e+03 1.064400000e+04 
9.866000000e+03 1.042700000e+04 
9.863000000e+03 1.046500000e+04 
1.016700000e+04 1.026900000e+04 
9.676000000e+03 1.056900000e+04 
9.963000000e+03 1.038400000e+04 
1.042300000e+04 1.025800000e+04 

1.043800000e+04 9.963000000e+03 
1.046800000e+04 9.856000000e+03 
1.043800000e+04 9.963000000e+03 
9.925000000e+03 1.009000000e+04 
9.986000000e+03 1.002300000e+04 

9.799000000e+03 9.553000000e+03 
9.799000000e+03 9.553000000e+03 
1.006300000e+04 9.471000000e+03 
9.596000000e+03 9.636000000e+03 
9.573000000e+03 9.875000000e+03 
9.582000000e+03 9.825000000e+03 
9.748000000e+03 9.634000000e+03 
9.739000000e+03 9.635000000e+03 
1.024000000e+04 9.453000000e+03 

1.007500000e+04 9.927000000e+03 
1.027400000e+04 9.702000000e+03 
1.035100000e+04 9.662000000e+03 
1.008700000e+04 9.910000000e+03 
1.019300000e+04 9.728000000e+03 
1.011600000e+04 9.734000000e+03 
1.030300000e+04 9.675000000e+03 
1.038000000e+04 9.632000000e+03 
1.052100000e+04 9.401000000e+03 
1.010000000e+04 9.858000000e+03 
1.022200000e+04 9.722000000e+03 
1.069000000e+04 9.381000000e+03 
1.049200000e+04 9.496000000e+03 
1.038400000e+04 9.503000000e+03 
1.052800000e+04 9.393000000e+03 

1.005900000e+04 9.897000000e+03 
1.035800000e+04 9.501000000e+03 
1.004200000e+04 9.913000000e+03 
1.002500000e+04 1.012100000e+04 
1.030000000e+04 9.537000000e+03 
1.028700000e+04 9.562000000e+03 
1.012000000e+04 9.821000000e+03 
1.012100000e+04 9.748000000e+03 
1.033500000e+04 9.511000000e+03 
1.009700000e+04 9.841000000e+03 
1.013900000e+04 9.574000000e+03 
1.013300000e+04 9.732000000e+03 
1.006900000e+04 9.873000000e+03 

