1.076000000e+04 1.022700000e+04 
1.105500000e+04 1.002200000e+04 
1.018000000e+04 1.042500000e+04 
1.102900000e+04 1.006200000e+04 
1.015200000e+04 1.059000000e+04 
1.069200000e+04 1.022800000e+04 
1.076900000e+04 1.009600000e+04 
1.019400000e+04 1.040900000e+04 
1.056200000e+04 1.026000000e+04 
1.022600000e+04 1.038200000e+04 
1.029000000e+04 1.032400000e+04 
1.060500000e+04 1.023400000e+04 
1.055700000e+04 1.027000000e+04 
1.042800000e+04 1.027500000e+04 

1.067200000e+04 1.049000000e+04 
1.067000000e+04 1.061100000e+04 
1.029100000e+04 1.110500000e+04 
1.040400000e+04 1.065800000e+04 
1.033900000e+04 1.081200000e+04 
1.025000000e+04 1.116600000e+04 
1.033100000e+04 1.105500000e+04 
1.025000000e+04 1.116600000e+04 
1.040400000e+04 1.065800000e+04 
1.077900000e+04 1.042600000e+04 
1.005100000e+04 1.118800000e+04 

1.093200000e+04 1.110600000e+04 
1.091200000e+04 1.117800000e+04 
1.076000000e+04 1.119400000e+04 
1.097600000e+04 1.094300000e+04 
1.063100000e+04 1.124400000e+04 
1.093900000e+04 1.105100000e+04 
1.057800000e+04 1.128700000e+04 
1.107300000e+04 1.057400000e+04 

1.088800000e+04 1.138700000e+04 
1.095000000e+04 1.097100000e+04 
1.121700000e+04 1.080100000e+04 
1.146600000e+04 1.068800000e+04 
1.095500000e+04 1.081000000e+04 
1.149800000e+04 1.063500000e+04 
1.136100000e+04 1.070500000e+04 
1.126100000e+04 1.077500000e+04 

1.109400000e+04 9.408000000e+03 
1.108000000e+04 9.431000000e+03 
1.085000000e+04 9.580000000e+03 
1.055800000e+04 1.009300000e+04 
1.108000000e+04 9.431000000e+03 
1.066500000e+04 9.693000000e+03 
1.080700000e+04 9.635000000e+03 
1.066000000e+04 1.002900000e+04 

1.036600000e+04 1.044500000e+04 
1.028800000e+04 1.074800000e+04 
1.044900000e+04 1.016400000e+04 
1.041500000e+04 1.028100000e+04 
1.048800000e+04 1.011600000e+04 
1.037800000e+04 1.041600000e+04 
1.037800000e+04 1.041600000e+04 
1.025600000e+04 1.084900000e+04 
1.029400000e+04 1.046100000e+04 
1.038900000e+04 1.028500000e+04 

1.096400000e+04 1.027100000e+04 
1.093300000e+04 1.047400000e+04 
1.094800000e+04 1.045400000e+04 
1.028200000e+04 1.167900000e+04 
1.053200000e+04 1.094600000e+04 
1.053800000e+04 1.074200000e+04 
1.031100000e+04 1.147500000e+04 
1.069300000e+04 1.049400000e+04 
1.052400000e+04 1.096400000e+04 
1.060800000e+04 1.054300000e+04 
1.042900000e+04 1.096800000e+04 
1.028200000e+04 1.167900000e+04 

1.026800000e+04 1.128400000e+04 
1.050000000e+04 1.080600000e+04 
1.132600000e+04 1.058100000e+04 
1.045800000e+04 1.090800000e+04 
1.116400000e+04 1.069300000e+04 
1.076700000e+04 1.070800000e+04 
1.063600000e+04 1.071100000e+04 
1.054000000e+04 1.076800000e+04 
1.028600000e+04 1.109400000e+04 
1.125000000e+04 1.068700000e+04 
1.061600000e+04 1.072600000e+04 
1.056900000e+04 1.076200000e+04 
1.052400000e+04 1.077200000e+04 

1.151200000e+04 1.030000000e+04 
1.082500000e+04 1.064300000e+04 
1.117900000e+04 1.038100000e+04 
1.122600000e+04 1.031000000e+04 
1.087400000e+04 1.050400000e+04 
1.080700000e+04 1.066100000e+04 
1.098500000e+04 1.049100000e+04 
1.117900000e+04 1.038100000e+04 
1.100900000e+04 1.041300000e+04 
1.069700000e+04 1.082400000e+04 
1.067500000e+04 1.109300000e+04 

1.062200000e+04 1.021100000e+04 
1.067100000e+04 1.012900000e+04 
1.033800000e+04 1.036500000e+04 
1.112800000e+04 1.002800000e+04 
1.032400000e+04 1.045900000e+04 
1.029100000e+04 1.076500000e+04 
1.033800000e+04 1.036500000e+04 
1.045800000e+04 1.035400000e+04 
1.114800000e+04 1.001200000e+04 
1.102700000e+04 1.004700000e+04 
1.084100000e+04 1.006500000e+04 

1.110500000e+04 1.067100000e+04 
1.150400000e+04 1.057100000e+04 
1.192200000e+04 1.049500000e+04 
1.136100000e+04 1.062100000e+04 
1.083500000e+04 1.106900000e+04 
1.172200000e+04 1.053500000e+04 
1.146500000e+04 1.059600000e+04 
1.157700000e+04 1.054900000e+04 
1.105600000e+04 1.089100000e+04 
1.091800000e+04 1.095900000e+04 
1.068500000e+04 1.126600000e+04 
1.073600000e+04 1.116600000e+04 
1.108700000e+04 1.088500000e+04 
1.215700000e+04 1.043400000e+04 
1.105200000e+04 1.089200000e+04 

1.025200000e+04 1.081300000e+04 
1.012900000e+04 1.102400000e+04 
9.941000000e+03 1.130000000e+04 
9.996000000e+03 1.110700000e+04 
1.020600000e+04 1.091500000e+04 
1.010400000e+04 1.107100000e+04 
1.029800000e+04 1.080900000e+04 
1.039500000e+04 1.071000000e+04 
1.046600000e+04 1.069100000e+04 
1.048000000e+04 1.042000000e+04 
1.035000000e+04 1.080800000e+04 
1.019000000e+04 1.102200000e+04 

1.074900000e+04 1.034800000e+04 
1.043700000e+04 1.068800000e+04 
1.106500000e+04 1.020200000e+04 
1.065800000e+04 1.036500000e+04 
1.046800000e+04 1.051000000e+04 
1.062400000e+04 1.041300000e+04 
1.057600000e+04 1.049500000e+04 
1.075000000e+04 1.023100000e+04 

9.503000000e+03 1.191700000e+04 
1.026700000e+04 1.097900000e+04 
9.937000000e+03 1.126700000e+04 
1.023500000e+04 1.104400000e+04 
9.749000000e+03 1.131400000e+04 
1.019900000e+04 1.112100000e+04 
1.057000000e+04 1.091300000e+04 
1.018300000e+04 1.116200000e+04 
1.029700000e+04 1.096800000e+04 
1.063300000e+04 1.085900000e+04 
1.029900000e+04 1.094300000e+04 
1.006700000e+04 1.116600000e+04 
1.002200000e+04 1.122000000e+04 

1.062800000e+04 1.060400000e+04 
1.130300000e+04 1.032100000e+04 
1.105800000e+04 1.035100000e+04 
1.090900000e+04 1.039000000e+04 
1.115600000e+04 1.034700000e+04 
1.076100000e+04 1.043600000e+04 
1.063300000e+04 1.049400000e+04 
1.038900000e+04 1.064000000e+04 
1.056600000e+04 1.060700000e+04 
1.033300000e+04 1.101100000e+04 

1.088600000e+04 1.121200000e+04 
1.092400000e+04 1.118400000e+04 
1.098400000e+04 1.107400000e+04 
1.093300000e+04 1.114000000e+04 
1.129400000e+04 1.084800000e+04 
1.134500000e+04 1.073600000e+04 
1.103600000e+04 1.094400000e+04 
1.117900000e+04 1.088900000e+04 
1.124800000e+04 1.086800000e+04 
1.132500000e+04 1.075700000e+04 

1.031200000e+04 1.138500000e+04 
1.036800000e+04 1.108900000e+04 
1.042800000e+04 1.095200000e+04 
1.031300000e+04 1.135700000e+04 
1.030500000e+04 1.140600000e+04 
1.067200000e+04 1.082100000e+04 

1.012100000e+04 1.061700000e+04 
1.034900000e+04 1.005100000e+04 
1.014700000e+04 1.059000000e+04 
1.015200000e+04 1.055600000e+04 
1.025400000e+04 1.014300000e+04 
1.017400000e+04 1.051500000e+04 
1.077400000e+04 9.942000000e+03 
1.017900000e+04 1.036300000e+04 
1.049200000e+04 1.001700000e+04 

1.071600000e+04 1.136300000e+04 
1.043800000e+04 1.155300000e+04 
1.061300000e+04 1.144400000e+04 
1.043800000e+04 1.155300000e+04 
1.043800000e+04 1.155300000e+04 
1.144900000e+04 1.115400000e+04 
1.163400000e+04 1.111900000e+04 
1.117000000e+04 1.123300000e+04 
1.134400000e+04 1.118200000e+04 
1.071700000e+04 1.124600000e+04 
1.092700000e+04 1.123900000e+04 

1.065700000e+04 1.098400000e+04 
1.075200000e+04 1.095600000e+04 
1.033100000e+04 1.218200000e+04 
1.038400000e+04 1.125300000e+04 
1.046400000e+04 1.103800000e+04 
1.075100000e+04 1.097100000e+04 
1.060600000e+04 1.101900000e+04 
1.031500000e+04 1.255500000e+04 

1.208200000e+04 1.012300000e+04 
1.158800000e+04 1.029400000e+04 
1.142000000e+04 1.068800000e+04 
1.143300000e+04 1.065100000e+04 
1.181300000e+04 1.019800000e+04 
1.128000000e+04 1.083100000e+04 
1.208300000e+04 1.011400000e+04 
1.138700000e+04 1.078100000e+04 
1.147500000e+04 1.032000000e+04 

1.089500000e+04 1.039500000e+04 
1.072800000e+04 1.045600000e+04 
1.102900000e+04 1.020000000e+04 
1.104500000e+04 1.013500000e+04 
1.081100000e+04 1.039800000e+04 
1.107800000e+04 1.013000000e+04 
1.093000000e+04 1.025000000e+04 
1.065400000e+04 1.139000000e+04 
1.092200000e+04 1.030200000e+04 

1.094400000e+04 9.987000000e+03 
1.081200000e+04 1.015300000e+04 
1.057500000e+04 1.046400000e+04 
1.115300000e+04 9.971000000e+03 
1.070800000e+04 1.025200000e+04 
1.060800000e+04 1.034600000e+04 
1.088100000e+04 1.002300000e+04 

1.022300000e+04 1.126900000e+04 
1.015700000e+04 1.146900000e+04 
1.025400000e+04 1.123700000e+04 
1.025300000e+04 1.126500000e+04 
1.020700000e+04 1.132300000e+04 
1.038600000e+04 1.078300000e+04 
1.019900000e+04 1.135600000e+04 
1.055900000e+04 1.076400000e+04 
1.028200000e+04 1.122400000e+04 
1.027500000e+04 1.122900000e+04 
1.028500000e+04 1.095700000e+04 
1.056800000e+04 1.050300000e+04 
1.007000000e+04 1.152100000e+04 

1.107900000e+04 1.070600000e+04 
1.119500000e+04 1.054400000e+04 
1.103200000e+04 1.084100000e+04 
1.129000000e+04 1.049400000e+04 
1.117500000e+04 1.066800000e+04 
1.118600000e+04 1.063800000e+04 

1.037600000e+04 1.139700000e+04 
1.038100000e+04 1.125800000e+04 
1.033800000e+04 1.140100000e+04 
1.050200000e+04 1.076800000e+04 
1.023700000e+04 1.141100000e+04 
1.039900000e+04 1.106500000e+04 

1.074500000e+04 1.065600000e+04 
1.114900000e+04 1.057100000e+04 
1.065000000e+04 1.075800000e+04 
1.063800000e+04 1.105500000e+04 
1.059600000e+04 1.119700000e+04 
1.065600000e+04 1.074400000e+04 
1.060300000e+04 1.116000000e+04 
1.067900000e+04 1.070500000e+04 
1.085200000e+04 1.060100000e+04 

1.095400000e+04 1.029000000e+04 
1.046500000e+04 1.076500000e+04 
1.120000000e+04 1.025700000e+04 
1.061100000e+04 1.031400000e+04 
1.101000000e+04 1.026500000e+04 
1.046600000e+04 1.041800000e+04 
1.055700000e+04 1.038700000e+04 
1.127400000e+04 1.014100000e+04 

1.117600000e+04 1.026300000e+04 
1.073700000e+04 1.105500000e+04 
1.090700000e+04 1.030900000e+04 
1.121300000e+04 1.021500000e+04 
1.136700000e+04 1.018900000e+04 
1.090700000e+04 1.030900000e+04 
1.106500000e+04 1.030000000e+04 
1.074800000e+04 1.041300000e+04 

1.113300000e+04 1.017500000e+04 
1.110400000e+04 1.019200000e+04 
1.110400000e+04 1.019200000e+04 
1.059400000e+04 1.042100000e+04 
1.066400000e+04 1.022400000e+04 
1.064800000e+04 1.041300000e+04 
1.110400000e+04 1.019200000e+04 

