1.080700000e+04 1.167200000e+04 
1.092300000e+04 1.138300000e+04 
1.206800000e+04 1.119700000e+04 
1.184000000e+04 1.128500000e+04 

1.127700000e+04 1.192600000e+04 
1.198000000e+04 1.149200000e+04 
1.156400000e+04 1.166000000e+04 
1.184200000e+04 1.151400000e+04 
1.173700000e+04 1.157000000e+04 
1.157900000e+04 1.159700000e+04 
1.128700000e+04 1.170900000e+04 
1.114900000e+04 1.208800000e+04 
1.188100000e+04 1.149300000e+04 

1.250500000e+04 1.220100000e+04 
1.181200000e+04 1.253600000e+04 
1.275900000e+04 1.205500000e+04 
1.177400000e+04 1.253700000e+04 
1.149300000e+04 1.312900000e+04 
1.177300000e+04 1.257900000e+04 
1.186500000e+04 1.220900000e+04 
1.267000000e+04 1.210800000e+04 
1.268900000e+04 1.208100000e+04 
1.175800000e+04 1.291300000e+04 

1.211400000e+04 1.186000000e+04 
1.211400000e+04 1.186000000e+04 
1.214200000e+04 1.164500000e+04 
1.192000000e+04 1.195400000e+04 
1.198900000e+04 1.191600000e+04 
1.200300000e+04 1.189600000e+04 
1.282400000e+04 1.163400000e+04 

1.257800000e+04 1.096100000e+04 
1.188600000e+04 1.097000000e+04 
1.183800000e+04 1.118600000e+04 
1.188100000e+04 1.117400000e+04 
1.156900000e+04 1.173000000e+04 
1.160500000e+04 1.128000000e+04 
1.269300000e+04 1.083600000e+04 

1.218400000e+04 1.174500000e+04 
1.244700000e+04 1.162800000e+04 
1.157600000e+04 1.229000000e+04 
1.199300000e+04 1.190200000e+04 
1.157100000e+04 1.247900000e+04 
1.171700000e+04 1.195500000e+04 
1.210900000e+04 1.185700000e+04 

1.166100000e+04 1.143200000e+04 
1.133600000e+04 1.234100000e+04 
1.152600000e+04 1.178100000e+04 
1.150500000e+04 1.181800000e+04 

1.173300000e+04 1.247300000e+04 
1.161000000e+04 1.256100000e+04 
1.188300000e+04 1.242300000e+04 
1.169200000e+04 1.251600000e+04 
1.154600000e+04 1.270700000e+04 
1.189000000e+04 1.222700000e+04 
1.197600000e+04 1.174800000e+04 

1.242900000e+04 1.152200000e+04 
1.235400000e+04 1.163900000e+04 
1.190900000e+04 1.196300000e+04 
1.227700000e+04 1.164200000e+04 
1.235400000e+04 1.163900000e+04 
1.193800000e+04 1.181000000e+04 

1.143300000e+04 1.151200000e+04 
1.225800000e+04 1.094500000e+04 
1.150000000e+04 1.116700000e+04 
1.220600000e+04 1.113700000e+04 

1.193300000e+04 1.187900000e+04 
1.187300000e+04 1.197800000e+04 
1.177600000e+04 1.199900000e+04 
1.189400000e+04 1.193500000e+04 
1.206400000e+04 1.166100000e+04 
1.190500000e+04 1.193200000e+04 
1.195100000e+04 1.184000000e+04 
1.259700000e+04 1.156600000e+04 

1.110100000e+04 1.166700000e+04 
1.152600000e+04 1.146400000e+04 

1.186500000e+04 1.166900000e+04 
1.178000000e+04 1.193600000e+04 
1.160600000e+04 1.196900000e+04 
1.180100000e+04 1.169800000e+04 
1.190400000e+04 1.149000000e+04 
1.240100000e+04 1.132800000e+04 
1.234100000e+04 1.146200000e+04 

1.105800000e+04 1.351200000e+04 
1.187000000e+04 1.186600000e+04 
1.186900000e+04 1.205700000e+04 
1.106700000e+04 1.217000000e+04 
1.156500000e+04 1.210300000e+04 

1.223800000e+04 1.192000000e+04 
1.202900000e+04 1.224800000e+04 
1.248900000e+04 1.158700000e+04 
1.183200000e+04 1.227700000e+04 
1.233200000e+04 1.181400000e+04 
1.220700000e+04 1.208900000e+04 
1.214800000e+04 1.211200000e+04 

1.224200000e+04 1.163000000e+04 
1.193200000e+04 1.181300000e+04 
1.173800000e+04 1.202900000e+04 
1.203900000e+04 1.170600000e+04 

1.156000000e+04 1.267800000e+04 
1.164600000e+04 1.236700000e+04 
1.152000000e+04 1.277600000e+04 
1.149200000e+04 1.302200000e+04 
1.170900000e+04 1.217900000e+04 
1.193900000e+04 1.188100000e+04 
1.192700000e+04 1.202700000e+04 
1.159100000e+04 1.267200000e+04 

1.109400000e+04 1.278400000e+04 
1.134200000e+04 1.142900000e+04 
1.160900000e+04 1.125500000e+04 
1.116700000e+04 1.193400000e+04 
1.122400000e+04 1.188900000e+04 
1.127500000e+04 1.162900000e+04 

1.187000000e+04 1.227900000e+04 
1.279000000e+04 1.191800000e+04 
1.219200000e+04 1.206500000e+04 
1.212400000e+04 1.219400000e+04 
1.159500000e+04 1.271800000e+04 
1.248900000e+04 1.194300000e+04 
1.183700000e+04 1.241900000e+04 
1.266500000e+04 1.194100000e+04 
1.179200000e+04 1.251900000e+04 
1.246600000e+04 1.198400000e+04 
1.219700000e+04 1.205200000e+04 
1.182700000e+04 1.243400000e+04 
1.234400000e+04 1.199400000e+04 

1.186800000e+04 1.236500000e+04 
1.117100000e+04 1.298300000e+04 
1.137200000e+04 1.250000000e+04 
1.118100000e+04 1.297800000e+04 

1.250900000e+04 1.166600000e+04 
1.331300000e+04 1.151800000e+04 
1.289500000e+04 1.157000000e+04 

1.132900000e+04 1.195200000e+04 
1.202400000e+04 1.168100000e+04 
1.248600000e+04 1.125800000e+04 
1.217200000e+04 1.164300000e+04 
1.231500000e+04 1.161200000e+04 
1.185800000e+04 1.176900000e+04 

1.203500000e+04 1.187400000e+04 
1.211600000e+04 1.170400000e+04 
1.253600000e+04 1.139100000e+04 
1.203900000e+04 1.184600000e+04 
1.267700000e+04 1.125300000e+04 
1.228400000e+04 1.139300000e+04 
1.193700000e+04 1.190200000e+04 
1.275200000e+04 1.118400000e+04 
1.217300000e+04 1.154100000e+04 
1.173000000e+04 1.192500000e+04 

1.150900000e+04 1.179900000e+04 
1.117500000e+04 1.213800000e+04 
1.146300000e+04 1.192200000e+04 
1.149500000e+04 1.190000000e+04 
1.136300000e+04 1.197600000e+04 
1.114500000e+04 1.239300000e+04 

1.213000000e+04 1.238400000e+04 
1.258000000e+04 1.169700000e+04 
1.291100000e+04 1.144200000e+04 
1.228500000e+04 1.176400000e+04 
1.252100000e+04 1.174500000e+04 
1.291100000e+04 1.144200000e+04 
1.287200000e+04 1.146100000e+04 

1.192500000e+04 1.184300000e+04 
1.134700000e+04 1.203000000e+04 

1.206300000e+04 1.168600000e+04 
1.277400000e+04 1.162800000e+04 
1.275000000e+04 1.164100000e+04 
1.278100000e+04 1.162700000e+04 
1.175400000e+04 1.226500000e+04 
1.196200000e+04 1.193900000e+04 
1.183200000e+04 1.221800000e+04 

1.168600000e+04 1.247600000e+04 
1.221500000e+04 1.125400000e+04 
1.185700000e+04 1.181700000e+04 
1.184200000e+04 1.197000000e+04 
1.181000000e+04 1.198200000e+04 
1.168600000e+04 1.247600000e+04 
1.162100000e+04 1.258500000e+04 
1.172900000e+04 1.203200000e+04 
1.187800000e+04 1.149000000e+04 

1.186900000e+04 1.184000000e+04 
1.201600000e+04 1.143300000e+04 
1.184200000e+04 1.237800000e+04 
1.195800000e+04 1.180500000e+04 
1.200800000e+04 1.160800000e+04 
1.179900000e+04 1.239800000e+04 
1.205100000e+04 1.096000000e+04 

1.260000000e+04 1.165000000e+04 
1.214500000e+04 1.195800000e+04 
1.239200000e+04 1.182100000e+04 
1.210000000e+04 1.200800000e+04 
1.219200000e+04 1.182300000e+04 
1.195600000e+04 1.206500000e+04 
1.252900000e+04 1.178500000e+04 

