9.737000000e+03 8.843000000e+03 
9.193000000e+03 9.104000000e+03 
9.323000000e+03 9.021000000e+03 
9.275000000e+03 9.055000000e+03 
9.016000000e+03 9.518000000e+03 
9.056000000e+03 9.243000000e+03 
9.030000000e+03 9.475000000e+03 
9.030000000e+03 9.475000000e+03 
9.082000000e+03 9.236000000e+03 
9.499000000e+03 8.955000000e+03 
9.323000000e+03 9.021000000e+03 
9.280000000e+03 9.047000000e+03 
9.670000000e+03 8.891000000e+03 
9.472000000e+03 8.972000000e+03 
9.323000000e+03 9.021000000e+03 
9.576000000e+03 8.945000000e+03 
9.409000000e+03 9.013000000e+03 
9.043000000e+03 9.357000000e+03 
9.729000000e+03 8.844000000e+03 
9.117000000e+03 9.169000000e+03 
9.051000000e+03 9.316000000e+03 
9.597000000e+03 8.911000000e+03 
9.728000000e+03 8.869000000e+03 
9.155000000e+03 9.159000000e+03 
9.275000000e+03 9.055000000e+03 
9.229000000e+03 9.059000000e+03 
9.179000000e+03 9.144000000e+03 
9.085000000e+03 9.220000000e+03 
9.052000000e+03 9.307000000e+03 
9.676000000e+03 8.878000000e+03 

9.178000000e+03 9.409000000e+03 
9.137000000e+03 9.440000000e+03 
9.041000000e+03 9.642000000e+03 
9.623000000e+03 9.085000000e+03 
9.045000000e+03 9.589000000e+03 
9.240000000e+03 9.403000000e+03 
9.041000000e+03 9.642000000e+03 
9.243000000e+03 9.390000000e+03 
8.998000000e+03 9.676000000e+03 
9.062000000e+03 9.507000000e+03 
9.546000000e+03 9.137000000e+03 
9.041000000e+03 9.642000000e+03 
9.131000000e+03 9.454000000e+03 
9.243000000e+03 9.390000000e+03 
9.243000000e+03 9.390000000e+03 
9.322000000e+03 9.348000000e+03 
9.243000000e+03 9.390000000e+03 
9.248000000e+03 9.362000000e+03 
8.854000000e+03 9.804000000e+03 
9.334000000e+03 9.244000000e+03 
9.607000000e+03 9.109000000e+03 
9.243000000e+03 9.390000000e+03 
9.112000000e+03 9.480000000e+03 
9.010000000e+03 9.657000000e+03 
8.945000000e+03 9.679000000e+03 
9.387000000e+03 9.144000000e+03 
9.041000000e+03 9.642000000e+03 
9.143000000e+03 9.414000000e+03 

9.366000000e+03 9.724000000e+03 
9.183000000e+03 9.816000000e+03 
9.732000000e+03 9.463000000e+03 
9.439000000e+03 9.669000000e+03 
9.869000000e+03 9.403000000e+03 
9.438000000e+03 9.695000000e+03 
9.237000000e+03 9.808000000e+03 
9.827000000e+03 9.418000000e+03 
9.370000000e+03 9.707000000e+03 
9.182000000e+03 1.000300000e+04 
9.500000000e+03 9.534000000e+03 
9.455000000e+03 9.659000000e+03 
9.707000000e+03 9.479000000e+03 
9.623000000e+03 9.494000000e+03 
9.318000000e+03 9.735000000e+03 
9.292000000e+03 9.805000000e+03 
9.464000000e+03 9.629000000e+03 

9.921000000e+03 1.011700000e+04 
9.922000000e+03 1.005700000e+04 
1.045900000e+04 9.615000000e+03 
1.002700000e+04 9.875000000e+03 
1.000700000e+04 1.001700000e+04 
1.035400000e+04 9.633000000e+03 
1.029800000e+04 9.647000000e+03 
1.020100000e+04 9.731000000e+03 
9.800000000e+03 1.039400000e+04 
1.014800000e+04 9.757000000e+03 
1.026500000e+04 9.671000000e+03 
1.010500000e+04 9.776000000e+03 
1.029900000e+04 9.636000000e+03 
1.026100000e+04 9.711000000e+03 
1.044300000e+04 9.617000000e+03 
9.875000000e+03 1.012300000e+04 
1.020300000e+04 9.719000000e+03 
1.008500000e+04 9.778000000e+03 
9.756000000e+03 1.054300000e+04 
9.720000000e+03 1.072200000e+04 
1.029900000e+04 9.636000000e+03 
1.006900000e+04 9.831000000e+03 
1.003500000e+04 9.842000000e+03 
1.048700000e+04 9.597000000e+03 
1.045900000e+04 9.615000000e+03 
1.018000000e+04 9.747000000e+03 
9.739000000e+03 1.062000000e+04 
9.727000000e+03 1.065700000e+04 
9.922000000e+03 1.005700000e+04 
9.803000000e+03 1.012600000e+04 
9.765000000e+03 1.041700000e+04 
1.002100000e+04 1.000000000e+04 
9.941000000e+03 1.003900000e+04 
9.934000000e+03 1.004300000e+04 

9.471000000e+03 9.235000000e+03 
1.001600000e+04 8.525000000e+03 
1.004900000e+04 8.433000000e+03 
1.001300000e+04 8.530000000e+03 
9.389000000e+03 9.515000000e+03 
9.851000000e+03 8.593000000e+03 
9.494000000e+03 9.123000000e+03 
9.473000000e+03 9.131000000e+03 
1.003200000e+04 8.520000000e+03 
1.001300000e+04 8.530000000e+03 
9.849000000e+03 8.684000000e+03 
9.940000000e+03 8.544000000e+03 
9.851000000e+03 8.593000000e+03 
9.499000000e+03 9.032000000e+03 
9.595000000e+03 8.766000000e+03 
9.766000000e+03 8.716000000e+03 
9.767000000e+03 8.693000000e+03 
9.538000000e+03 8.896000000e+03 
9.472000000e+03 9.190000000e+03 
9.408000000e+03 9.247000000e+03 
9.686000000e+03 8.729000000e+03 
9.499000000e+03 9.032000000e+03 

8.765000000e+03 9.168000000e+03 
8.911000000e+03 8.993000000e+03 
9.192000000e+03 8.934000000e+03 
9.192000000e+03 8.934000000e+03 
9.036000000e+03 8.958000000e+03 
9.304000000e+03 8.888000000e+03 
9.049000000e+03 8.957000000e+03 
9.113000000e+03 8.949000000e+03 
9.166000000e+03 8.937000000e+03 
8.817000000e+03 9.063000000e+03 
9.299000000e+03 8.924000000e+03 
8.651000000e+03 9.508000000e+03 
8.766000000e+03 9.127000000e+03 
8.817000000e+03 9.063000000e+03 
8.874000000e+03 9.053000000e+03 
8.726000000e+03 9.339000000e+03 
8.655000000e+03 9.343000000e+03 
8.874000000e+03 9.053000000e+03 
9.021000000e+03 8.965000000e+03 
8.752000000e+03 9.319000000e+03 
9.014000000e+03 8.986000000e+03 
8.653000000e+03 9.475000000e+03 

9.333000000e+03 9.447000000e+03 
9.157000000e+03 9.624000000e+03 
9.404000000e+03 9.355000000e+03 
8.995000000e+03 9.942000000e+03 
9.457000000e+03 9.330000000e+03 
9.529000000e+03 9.223000000e+03 
9.270000000e+03 9.471000000e+03 
9.333000000e+03 9.447000000e+03 
8.985000000e+03 1.008400000e+04 
9.554000000e+03 9.196000000e+03 
8.985000000e+03 1.008400000e+04 
9.043000000e+03 9.865000000e+03 
9.294000000e+03 9.459000000e+03 
9.244000000e+03 9.522000000e+03 
9.480000000e+03 9.267000000e+03 
1.001400000e+04 9.145000000e+03 
8.985000000e+03 1.008400000e+04 
9.294000000e+03 9.459000000e+03 
9.537000000e+03 9.212000000e+03 
9.204000000e+03 9.551000000e+03 
9.458000000e+03 9.292000000e+03 
9.294000000e+03 9.459000000e+03 
9.480000000e+03 9.267000000e+03 
9.049000000e+03 9.752000000e+03 
9.103000000e+03 9.628000000e+03 
9.537000000e+03 9.212000000e+03 
9.063000000e+03 9.669000000e+03 
9.339000000e+03 9.365000000e+03 

9.519000000e+03 9.230000000e+03 
9.383000000e+03 9.306000000e+03 
9.519000000e+03 9.230000000e+03 
9.116000000e+03 9.358000000e+03 
9.519000000e+03 9.230000000e+03 
9.112000000e+03 9.404000000e+03 
9.519000000e+03 9.230000000e+03 
9.175000000e+03 9.334000000e+03 
9.289000000e+03 9.307000000e+03 
8.975000000e+03 9.430000000e+03 
8.873000000e+03 9.566000000e+03 
8.756000000e+03 9.642000000e+03 
8.794000000e+03 9.598000000e+03 
8.960000000e+03 9.493000000e+03 
8.970000000e+03 9.455000000e+03 
9.426000000e+03 9.266000000e+03 
9.931000000e+03 9.210000000e+03 
9.931000000e+03 9.210000000e+03 
9.388000000e+03 9.299000000e+03 
8.924000000e+03 9.497000000e+03 
9.038000000e+03 9.410000000e+03 
9.451000000e+03 9.236000000e+03 
8.805000000e+03 9.569000000e+03 

9.563000000e+03 9.281000000e+03 
9.930000000e+03 9.070000000e+03 
9.227000000e+03 9.495000000e+03 
9.292000000e+03 9.438000000e+03 
9.817000000e+03 9.145000000e+03 
9.568000000e+03 9.258000000e+03 
9.201000000e+03 9.523000000e+03 
9.680000000e+03 9.195000000e+03 
9.545000000e+03 9.284000000e+03 
9.400000000e+03 9.333000000e+03 
9.480000000e+03 9.320000000e+03 
9.713000000e+03 9.187000000e+03 
9.623000000e+03 9.213000000e+03 
9.300000000e+03 9.429000000e+03 
9.392000000e+03 9.337000000e+03 
9.757000000e+03 9.176000000e+03 
9.880000000e+03 9.097000000e+03 
9.784000000e+03 9.169000000e+03 
9.470000000e+03 9.321000000e+03 
9.300000000e+03 9.429000000e+03 
9.227000000e+03 9.495000000e+03 
9.347000000e+03 9.348000000e+03 
9.718000000e+03 9.185000000e+03 
9.339000000e+03 9.410000000e+03 
9.227000000e+03 9.495000000e+03 
9.575000000e+03 9.242000000e+03 
9.503000000e+03 9.286000000e+03 
9.602000000e+03 9.240000000e+03 
9.623000000e+03 9.213000000e+03 
9.149000000e+03 9.560000000e+03 
9.796000000e+03 9.153000000e+03 
9.623000000e+03 9.213000000e+03 

9.235000000e+03 8.852000000e+03 
9.081000000e+03 9.181000000e+03 
9.009000000e+03 9.198000000e+03 
9.068000000e+03 9.193000000e+03 
9.509000000e+03 8.811000000e+03 
9.149000000e+03 9.099000000e+03 
9.487000000e+03 8.819000000e+03 
9.068000000e+03 9.193000000e+03 
9.624000000e+03 8.709000000e+03 
9.526000000e+03 8.800000000e+03 
8.944000000e+03 9.222000000e+03 
9.125000000e+03 9.118000000e+03 
9.214000000e+03 8.889000000e+03 
9.536000000e+03 8.738000000e+03 
9.781000000e+03 8.663000000e+03 
9.184000000e+03 8.980000000e+03 
9.009000000e+03 9.198000000e+03 
9.214000000e+03 8.889000000e+03 
9.203000000e+03 8.894000000e+03 

1.002100000e+04 9.435000000e+03 
9.917000000e+03 9.561000000e+03 
9.523000000e+03 1.005500000e+04 
9.538000000e+03 1.001700000e+04 
9.756000000e+03 9.759000000e+03 
9.895000000e+03 9.621000000e+03 
1.021500000e+04 9.313000000e+03 
1.010500000e+04 9.407000000e+03 
9.720000000e+03 9.781000000e+03 
9.900000000e+03 9.585000000e+03 
9.935000000e+03 9.523000000e+03 
9.977000000e+03 9.488000000e+03 
9.809000000e+03 9.632000000e+03 
1.033200000e+04 9.207000000e+03 
9.779000000e+03 9.662000000e+03 
9.717000000e+03 9.796000000e+03 
9.688000000e+03 9.833000000e+03 
9.934000000e+03 9.543000000e+03 
9.894000000e+03 9.627000000e+03 
9.774000000e+03 9.704000000e+03 
9.747000000e+03 9.761000000e+03 
1.010700000e+04 9.332000000e+03 
9.699000000e+03 9.799000000e+03 
9.645000000e+03 9.841000000e+03 
1.002100000e+04 9.435000000e+03 
9.666000000e+03 9.837000000e+03 
9.819000000e+03 9.628000000e+03 
9.571000000e+03 9.888000000e+03 

8.773000000e+03 9.975000000e+03 
8.850000000e+03 9.836000000e+03 
8.761000000e+03 1.008200000e+04 
8.725000000e+03 1.030600000e+04 
8.866000000e+03 9.786000000e+03 
8.745000000e+03 1.027100000e+04 
8.753000000e+03 1.013000000e+04 
9.295000000e+03 9.383000000e+03 
8.907000000e+03 9.696000000e+03 
8.761000000e+03 1.008200000e+04 
8.907000000e+03 9.696000000e+03 
8.832000000e+03 9.945000000e+03 
8.914000000e+03 9.505000000e+03 
8.861000000e+03 9.790000000e+03 
9.181000000e+03 9.464000000e+03 
8.626000000e+03 1.031400000e+04 
9.241000000e+03 9.413000000e+03 

9.228000000e+03 9.238000000e+03 
9.294000000e+03 9.132000000e+03 
9.844000000e+03 9.024000000e+03 
9.352000000e+03 9.027000000e+03 
9.103000000e+03 9.774000000e+03 
9.256000000e+03 9.224000000e+03 
9.113000000e+03 9.430000000e+03 
9.103000000e+03 9.774000000e+03 
9.113000000e+03 9.430000000e+03 
9.352000000e+03 9.027000000e+03 
9.307000000e+03 9.126000000e+03 
9.198000000e+03 9.334000000e+03 
9.145000000e+03 9.422000000e+03 
9.214000000e+03 9.316000000e+03 
9.175000000e+03 9.381000000e+03 
9.216000000e+03 9.279000000e+03 
9.323000000e+03 9.096000000e+03 

8.833000000e+03 9.687000000e+03 
8.847000000e+03 9.658000000e+03 
8.585000000e+03 9.842000000e+03 
8.847000000e+03 9.658000000e+03 
8.488000000e+03 1.031900000e+04 
8.809000000e+03 9.780000000e+03 
8.566000000e+03 1.015600000e+04 
8.847000000e+03 9.658000000e+03 
8.847000000e+03 9.658000000e+03 
8.660000000e+03 9.834000000e+03 
8.504000000e+03 1.029200000e+04 
8.715000000e+03 9.812000000e+03 
8.528000000e+03 1.019200000e+04 
8.847000000e+03 9.658000000e+03 
8.824000000e+03 9.729000000e+03 
8.842000000e+03 9.672000000e+03 
8.576000000e+03 9.991000000e+03 
8.954000000e+03 9.648000000e+03 

9.248000000e+03 9.394000000e+03 
9.726000000e+03 8.958000000e+03 
9.393000000e+03 9.040000000e+03 
9.279000000e+03 9.388000000e+03 
9.248000000e+03 9.394000000e+03 
9.290000000e+03 9.222000000e+03 
9.282000000e+03 9.376000000e+03 
9.298000000e+03 9.165000000e+03 
9.693000000e+03 8.979000000e+03 
9.289000000e+03 9.251000000e+03 
9.272000000e+03 9.392000000e+03 
9.488000000e+03 9.027000000e+03 
9.285000000e+03 9.351000000e+03 
9.237000000e+03 9.494000000e+03 
9.360000000e+03 9.134000000e+03 
9.588000000e+03 8.987000000e+03 

9.874000000e+03 9.672000000e+03 
9.744000000e+03 9.997000000e+03 
9.763000000e+03 9.972000000e+03 
1.007000000e+04 9.410000000e+03 
1.007000000e+04 9.410000000e+03 
9.838000000e+03 9.724000000e+03 
9.909000000e+03 9.531000000e+03 
9.846000000e+03 9.699000000e+03 
9.804000000e+03 9.808000000e+03 
9.805000000e+03 9.763000000e+03 
1.022700000e+04 9.333000000e+03 
9.833000000e+03 9.748000000e+03 
9.797000000e+03 9.970000000e+03 
1.007000000e+04 9.410000000e+03 
1.014400000e+04 9.341000000e+03 
1.007900000e+04 9.360000000e+03 
1.000500000e+04 9.415000000e+03 
1.022700000e+04 9.333000000e+03 
9.805000000e+03 9.763000000e+03 
1.029900000e+04 9.243000000e+03 

9.125000000e+03 1.002900000e+04 
9.005000000e+03 1.014000000e+04 
9.144000000e+03 1.001600000e+04 
9.758000000e+03 9.636000000e+03 
9.125000000e+03 1.002900000e+04 
9.123000000e+03 1.005100000e+04 
9.144000000e+03 1.001600000e+04 
8.999000000e+03 1.015900000e+04 
9.144000000e+03 1.001600000e+04 
9.200000000e+03 9.981000000e+03 
9.703000000e+03 9.723000000e+03 
9.110000000e+03 1.010700000e+04 
8.808000000e+03 1.031300000e+04 
9.439000000e+03 9.780000000e+03 
9.331000000e+03 9.856000000e+03 
9.255000000e+03 9.917000000e+03 
8.808000000e+03 1.031300000e+04 
8.910000000e+03 1.020600000e+04 
9.703000000e+03 9.723000000e+03 
9.144000000e+03 1.001600000e+04 
9.175000000e+03 9.998000000e+03 
8.985000000e+03 1.019700000e+04 
1.004500000e+04 9.552000000e+03 
8.908000000e+03 1.026800000e+04 
9.876000000e+03 9.629000000e+03 
9.041000000e+03 1.013100000e+04 
9.235000000e+03 9.970000000e+03 
9.709000000e+03 9.709000000e+03 
9.243000000e+03 9.921000000e+03 
9.563000000e+03 9.752000000e+03 
8.908000000e+03 1.026800000e+04 
8.874000000e+03 1.027000000e+04 

9.088000000e+03 8.465000000e+03 
8.960000000e+03 8.659000000e+03 
8.795000000e+03 8.873000000e+03 
9.088000000e+03 8.465000000e+03 
8.866000000e+03 8.762000000e+03 
8.756000000e+03 8.961000000e+03 
8.873000000e+03 8.707000000e+03 
9.044000000e+03 8.596000000e+03 
8.699000000e+03 9.102000000e+03 
9.010000000e+03 8.610000000e+03 
8.837000000e+03 8.805000000e+03 
8.699000000e+03 9.102000000e+03 
9.078000000e+03 8.538000000e+03 

9.156000000e+03 1.010000000e+04 
9.518000000e+03 9.611000000e+03 
9.067000000e+03 1.023700000e+04 
8.997000000e+03 1.038400000e+04 
9.012000000e+03 1.036600000e+04 
9.136000000e+03 1.010900000e+04 
9.036000000e+03 1.034300000e+04 
9.295000000e+03 9.827000000e+03 
9.516000000e+03 9.616000000e+03 
9.171000000e+03 9.984000000e+03 
9.136000000e+03 1.010900000e+04 
9.227000000e+03 9.836000000e+03 
9.410000000e+03 9.743000000e+03 
9.159000000e+03 1.008400000e+04 
9.040000000e+03 1.030300000e+04 
9.191000000e+03 9.932000000e+03 
9.419000000e+03 9.681000000e+03 
9.347000000e+03 9.793000000e+03 

9.381000000e+03 9.772000000e+03 
9.117000000e+03 1.014000000e+04 
9.129000000e+03 1.011100000e+04 
9.150000000e+03 9.962000000e+03 
9.255000000e+03 9.856000000e+03 
9.102000000e+03 1.018700000e+04 
9.157000000e+03 9.955000000e+03 
9.078000000e+03 1.020600000e+04 
9.486000000e+03 9.615000000e+03 
9.129000000e+03 1.011100000e+04 
9.063000000e+03 1.061100000e+04 
9.220000000e+03 9.873000000e+03 
9.129000000e+03 1.011100000e+04 
9.393000000e+03 9.719000000e+03 
9.292000000e+03 9.801000000e+03 
9.276000000e+03 9.851000000e+03 
9.398000000e+03 9.652000000e+03 

9.831000000e+03 9.598000000e+03 
1.023500000e+04 9.142000000e+03 
1.023400000e+04 9.162000000e+03 
1.008700000e+04 9.181000000e+03 
1.037100000e+04 9.024000000e+03 
1.055700000e+04 8.974000000e+03 
9.907000000e+03 9.477000000e+03 
1.024700000e+04 9.132000000e+03 
9.831000000e+03 9.598000000e+03 
9.815000000e+03 9.632000000e+03 
1.030600000e+04 9.091000000e+03 
1.025700000e+04 9.121000000e+03 
1.032600000e+04 9.042000000e+03 
9.920000000e+03 9.416000000e+03 
9.933000000e+03 9.367000000e+03 
1.040600000e+04 9.008000000e+03 
9.857000000e+03 9.506000000e+03 
1.022600000e+04 9.177000000e+03 
9.907000000e+03 9.477000000e+03 
1.003300000e+04 9.302000000e+03 
1.053700000e+04 8.984000000e+03 
9.989000000e+03 9.357000000e+03 
1.023500000e+04 9.142000000e+03 
1.043600000e+04 9.003000000e+03 

9.485000000e+03 9.209000000e+03 
9.935000000e+03 9.042000000e+03 
9.893000000e+03 9.078000000e+03 
9.622000000e+03 9.169000000e+03 
9.415000000e+03 9.950000000e+03 
9.991000000e+03 9.018000000e+03 
9.696000000e+03 9.089000000e+03 
9.606000000e+03 9.180000000e+03 
9.466000000e+03 9.891000000e+03 

9.465000000e+03 8.704000000e+03 
9.363000000e+03 8.863000000e+03 
9.214000000e+03 8.955000000e+03 
9.006000000e+03 9.277000000e+03 
9.706000000e+03 8.620000000e+03 
9.134000000e+03 8.958000000e+03 
9.236000000e+03 8.918000000e+03 
9.444000000e+03 8.853000000e+03 
9.447000000e+03 8.817000000e+03 
9.292000000e+03 8.867000000e+03 
9.072000000e+03 8.967000000e+03 
9.037000000e+03 9.031000000e+03 
9.583000000e+03 8.646000000e+03 
9.006000000e+03 9.277000000e+03 
9.555000000e+03 8.665000000e+03 
9.363000000e+03 8.863000000e+03 

9.336000000e+03 9.505000000e+03 
9.817000000e+03 9.258000000e+03 
1.005500000e+04 9.202000000e+03 
9.566000000e+03 9.340000000e+03 
9.314000000e+03 9.542000000e+03 
9.488000000e+03 9.379000000e+03 
9.393000000e+03 9.381000000e+03 
1.018200000e+04 9.182000000e+03 
9.546000000e+03 9.360000000e+03 
9.203000000e+03 9.598000000e+03 
9.126000000e+03 9.682000000e+03 
9.684000000e+03 9.264000000e+03 
9.218000000e+03 9.588000000e+03 
9.071000000e+03 1.004500000e+04 

9.561000000e+03 9.352000000e+03 
9.740000000e+03 9.205000000e+03 
9.740000000e+03 9.205000000e+03 
9.910000000e+03 9.176000000e+03 
9.476000000e+03 9.367000000e+03 
9.740000000e+03 9.205000000e+03 
9.922000000e+03 9.171000000e+03 
9.649000000e+03 9.260000000e+03 
1.019800000e+04 9.122000000e+03 
9.740000000e+03 9.205000000e+03 
9.976000000e+03 9.158000000e+03 
9.675000000e+03 9.237000000e+03 
9.583000000e+03 9.263000000e+03 
9.787000000e+03 9.185000000e+03 

9.369000000e+03 9.673000000e+03 
9.095000000e+03 1.015600000e+04 
9.245000000e+03 9.781000000e+03 
9.113000000e+03 9.917000000e+03 
9.449000000e+03 9.568000000e+03 
9.647000000e+03 9.488000000e+03 
9.569000000e+03 9.545000000e+03 
9.659000000e+03 9.448000000e+03 
9.390000000e+03 9.649000000e+03 
9.385000000e+03 9.653000000e+03 
9.173000000e+03 9.837000000e+03 
9.301000000e+03 9.731000000e+03 
9.712000000e+03 9.367000000e+03 
9.337000000e+03 9.724000000e+03 
9.630000000e+03 9.538000000e+03 
9.358000000e+03 9.700000000e+03 
9.664000000e+03 9.417000000e+03 
9.664000000e+03 9.417000000e+03 
9.168000000e+03 9.881000000e+03 
9.642000000e+03 9.503000000e+03 
9.220000000e+03 9.823000000e+03 
9.664000000e+03 9.417000000e+03 
9.278000000e+03 9.745000000e+03 

9.572000000e+03 9.308000000e+03 
9.449000000e+03 9.484000000e+03 
9.268000000e+03 9.739000000e+03 
9.449000000e+03 9.484000000e+03 
9.560000000e+03 9.395000000e+03 
9.449000000e+03 9.484000000e+03 
9.520000000e+03 9.469000000e+03 
9.449000000e+03 9.484000000e+03 
9.520000000e+03 9.469000000e+03 
9.929000000e+03 9.261000000e+03 
9.929000000e+03 9.261000000e+03 
9.320000000e+03 9.675000000e+03 
9.450000000e+03 9.474000000e+03 
9.451000000e+03 9.471000000e+03 
9.939000000e+03 9.211000000e+03 
9.703000000e+03 9.263000000e+03 
9.571000000e+03 9.354000000e+03 
9.656000000e+03 9.292000000e+03 
9.268000000e+03 9.739000000e+03 
9.523000000e+03 9.439000000e+03 
9.357000000e+03 9.550000000e+03 
9.268000000e+03 9.739000000e+03 

8.890000000e+03 9.582000000e+03 
8.914000000e+03 9.477000000e+03 
9.069000000e+03 9.028000000e+03 
9.379000000e+03 8.839000000e+03 
8.933000000e+03 9.461000000e+03 
9.240000000e+03 8.891000000e+03 
9.069000000e+03 9.028000000e+03 
9.373000000e+03 8.848000000e+03 
8.933000000e+03 9.461000000e+03 
8.947000000e+03 9.295000000e+03 
8.995000000e+03 9.076000000e+03 
9.203000000e+03 8.920000000e+03 
9.069000000e+03 9.028000000e+03 
9.089000000e+03 8.944000000e+03 
9.372000000e+03 8.887000000e+03 

9.501000000e+03 9.113000000e+03 
9.979000000e+03 8.856000000e+03 
9.460000000e+03 9.160000000e+03 
9.546000000e+03 9.052000000e+03 
9.979000000e+03 8.856000000e+03 
9.737000000e+03 8.902000000e+03 
9.655000000e+03 8.934000000e+03 
9.739000000e+03 8.897000000e+03 
9.655000000e+03 8.934000000e+03 
9.570000000e+03 8.936000000e+03 
9.534000000e+03 9.068000000e+03 
9.501000000e+03 9.113000000e+03 
9.420000000e+03 9.181000000e+03 
9.737000000e+03 8.902000000e+03 
9.549000000e+03 9.025000000e+03 
9.528000000e+03 9.078000000e+03 

9.332000000e+03 8.953000000e+03 
9.515000000e+03 8.823000000e+03 
9.416000000e+03 8.836000000e+03 
9.806000000e+03 8.775000000e+03 
9.515000000e+03 8.823000000e+03 
9.394000000e+03 8.911000000e+03 
9.330000000e+03 8.971000000e+03 
9.304000000e+03 9.021000000e+03 
9.327000000e+03 8.996000000e+03 
9.270000000e+03 9.085000000e+03 
9.554000000e+03 8.814000000e+03 
9.258000000e+03 9.247000000e+03 
9.647000000e+03 8.795000000e+03 
9.363000000e+03 8.922000000e+03 
9.755000000e+03 8.788000000e+03 
9.330000000e+03 8.971000000e+03 
9.273000000e+03 9.084000000e+03 
9.327000000e+03 8.996000000e+03 

