5.179696000e-01 3.838947000e+00 
2.809433000e-01 3.849975000e+00 
5.554146000e-01 3.796948000e+00 
6.153568000e-01 3.794001000e+00 
2.807753000e-01 3.915988000e+00 
8.011130000e-01 3.652984000e+00 
2.809195000e-01 3.860979000e+00 
9.800791000e-01 3.605031000e+00 
6.408183000e-01 3.704342000e+00 
9.848377000e-01 3.567304000e+00 
2.808245000e-01 3.865395000e+00 

7.534310000e-01 3.941353000e+00 
2.807766000e-01 4.378708000e+00 
2.807753000e-01 5.191956000e+00 
2.807754000e-01 4.626302000e+00 
2.807758000e-01 4.619230000e+00 
9.729065000e-01 3.903913000e+00 
5.780137000e-01 3.962096000e+00 
9.999888000e-01 3.848554000e+00 
9.999776000e-01 3.872080000e+00 
4.702973000e-01 4.030297000e+00 
9.710097000e-01 3.908385000e+00 
2.808072000e-01 4.082652000e+00 
2.807771000e-01 4.142413000e+00 
8.394424000e-01 3.913873000e+00 
3.371678000e-01 4.051800000e+00 
9.975596000e-01 3.894649000e+00 
8.290517000e-01 3.935126000e+00 
2.807800000e-01 4.133649000e+00 

2.807753000e-01 5.729769000e+00 
2.807754000e-01 4.847595000e+00 
9.694083000e-01 4.154104000e+00 
6.732385000e-01 4.243369000e+00 
2.829241000e-01 4.310121000e+00 
9.581156000e-01 4.164560000e+00 
2.809429000e-01 4.372056000e+00 
6.261986000e-01 4.266095000e+00 
2.812541000e-01 4.353734000e+00 
2.807758000e-01 4.407436000e+00 
8.259542000e-01 4.175653000e+00 
2.807755000e-01 4.494725000e+00 
2.807777000e-01 4.378212000e+00 
4.888891000e-01 4.283279000e+00 
2.810561000e-01 4.356098000e+00 
9.405832000e-01 4.173724000e+00 
6.779393000e-01 4.186836000e+00 
2.814787000e-01 4.340269000e+00 
9.943512000e-01 4.123080000e+00 

2.808638000e-01 4.070291000e+00 
2.807759000e-01 4.232630000e+00 
8.362602000e-01 3.900419000e+00 
7.443059000e-01 3.918002000e+00 
2.807764000e-01 4.085160000e+00 
2.807753000e-01 4.476776000e+00 
2.807754000e-01 4.296974000e+00 
7.983608000e-01 3.902663000e+00 
6.357043000e-01 3.955532000e+00 
9.348587000e-01 3.799299000e+00 
6.008486000e-01 4.011634000e+00 
2.813493000e-01 4.016315000e+00 
2.809214000e-01 4.056206000e+00 
2.831235000e-01 4.013035000e+00 
8.377259000e-01 3.857983000e+00 
7.424649000e-01 3.952801000e+00 

2.832262000e-01 3.990903000e+00 
8.425950000e-01 3.832494000e+00 
7.835904000e-01 3.893900000e+00 
2.807753000e-01 4.790643000e+00 
2.807796000e-01 4.082337000e+00 
8.146618000e-01 3.877479000e+00 
2.807754000e-01 4.257289000e+00 
5.705496000e-01 3.968352000e+00 
6.660861000e-01 3.921088000e+00 
3.481804000e-01 3.971006000e+00 
9.107394000e-01 3.788701000e+00 
8.002735000e-01 3.879950000e+00 
7.610185000e-01 3.916865000e+00 
9.709865000e-01 3.775103000e+00 
2.809994000e-01 4.017964000e+00 
8.339630000e-01 3.871171000e+00 
2.807826000e-01 4.026744000e+00 
5.882669000e-01 3.934204000e+00 

2.808402000e-01 4.120343000e+00 
2.807753000e-01 4.609812000e+00 
2.807755000e-01 4.373674000e+00 
2.808058000e-01 4.162335000e+00 
6.107579000e-01 4.015146000e+00 
5.451532000e-01 4.063508000e+00 
6.964198000e-01 3.976238000e+00 
2.807756000e-01 4.361512000e+00 
6.986994000e-01 3.974383000e+00 
2.807761000e-01 4.174599000e+00 
2.809963000e-01 4.074137000e+00 
8.580997000e-01 3.917739000e+00 
9.568691000e-01 3.894545000e+00 
6.932452000e-01 3.996343000e+00 
5.610690000e-01 4.023412000e+00 
8.310517000e-01 3.931759000e+00 
7.796571000e-01 3.969484000e+00 
4.835805000e-01 4.073484000e+00 
9.578680000e-01 3.836127000e+00 
2.808383000e-01 4.147187000e+00 
9.427731000e-01 3.898889000e+00 

6.004249000e-01 4.084630000e+00 
8.530936000e-01 4.001792000e+00 
2.807763000e-01 4.489961000e+00 
2.808483000e-01 4.213451000e+00 
2.807795000e-01 4.274662000e+00 
2.807753000e-01 4.533419000e+00 
9.999973000e-01 3.961684000e+00 
2.807876000e-01 4.270344000e+00 
2.807757000e-01 4.523002000e+00 
2.865476000e-01 4.118191000e+00 
6.988078000e-01 4.082866000e+00 
8.124054000e-01 4.062777000e+00 
2.807765000e-01 4.436438000e+00 
2.813092000e-01 4.194589000e+00 
8.448124000e-01 4.039124000e+00 
2.851954000e-01 4.171833000e+00 
5.856747000e-01 4.108391000e+00 
9.999710000e-01 3.965782000e+00 
9.985809000e-01 3.985978000e+00 

