2.853661000e-01 7.900570000e+00 
2.808098000e-01 8.054061000e+00 
2.831967000e-01 7.909570000e+00 
2.807754000e-01 8.440098000e+00 
2.807777000e-01 8.072868000e+00 
2.820318000e-01 7.958423000e+00 
9.943637000e-01 7.692914000e+00 
2.808173000e-01 7.960918000e+00 
2.807756000e-01 8.170888000e+00 
8.190090000e-01 7.792908000e+00 
4.497887000e-01 7.828127000e+00 
2.807772000e-01 8.110054000e+00 
3.004173000e-01 7.854782000e+00 

9.988806000e-01 7.730778000e+00 
9.259956000e-01 7.780612000e+00 
2.807756000e-01 8.054488000e+00 
2.815803000e-01 7.899191000e+00 
2.834426000e-01 7.874131000e+00 
9.999990000e-01 7.687694000e+00 
8.567064000e-01 7.870398000e+00 
9.999881000e-01 7.704502000e+00 
2.807841000e-01 7.957292000e+00 
9.399498000e-01 7.777342000e+00 

3.410950000e-01 7.897671000e+00 
3.420933000e-01 7.852031000e+00 
9.293220000e-01 7.769541000e+00 
2.807764000e-01 8.253776000e+00 
2.807753000e-01 8.349423000e+00 
9.866583000e-01 7.700159000e+00 
2.886328000e-01 7.922362000e+00 
2.807765000e-01 8.083490000e+00 
2.809220000e-01 7.936962000e+00 
2.808119000e-01 7.969979000e+00 
9.923265000e-01 7.691406000e+00 
3.192985000e-01 7.920291000e+00 
2.817191000e-01 7.935065000e+00 

2.862148000e-01 7.959372000e+00 
2.868708000e-01 7.841581000e+00 
2.807820000e-01 8.032265000e+00 
2.823713000e-01 7.977159000e+00 

2.808067000e-01 8.063418000e+00 
2.807891000e-01 8.191452000e+00 
9.998766000e-01 7.747490000e+00 
4.868867000e-01 7.858779000e+00 
2.807761000e-01 8.301317000e+00 
9.864491000e-01 7.747561000e+00 
8.891643000e-01 7.820003000e+00 
2.809226000e-01 7.888326000e+00 
2.808058000e-01 8.175277000e+00 
2.807811000e-01 8.200566000e+00 

3.838286000e-01 7.863194000e+00 
2.807914000e-01 8.065531000e+00 
6.310521000e-01 7.833000000e+00 
2.807754000e-01 8.199549000e+00 
2.814793000e-01 8.043466000e+00 
2.822281000e-01 7.937499000e+00 
2.807794000e-01 8.197762000e+00 
9.999979000e-01 7.778235000e+00 
6.312129000e-01 7.812445000e+00 
2.820423000e-01 7.945773000e+00 
2.817308000e-01 7.975511000e+00 
9.313856000e-01 7.780843000e+00 
2.869926000e-01 7.935710000e+00 
8.348069000e-01 7.782030000e+00 

2.864703000e-01 7.941423000e+00 
2.807761000e-01 8.385522000e+00 
9.933903000e-01 7.778141000e+00 
3.530072000e-01 7.855001000e+00 
2.807795000e-01 8.215495000e+00 
2.898206000e-01 7.896610000e+00 
2.896132000e-01 7.928900000e+00 
2.807779000e-01 8.251230000e+00 
9.781381000e-01 7.819256000e+00 
9.768199000e-01 7.837767000e+00 
2.808938000e-01 7.960021000e+00 
2.807784000e-01 8.242005000e+00 
2.814036000e-01 7.959666000e+00 
2.807809000e-01 8.046281000e+00 
8.179081000e-01 7.847219000e+00 
2.807808000e-01 8.130846000e+00 

9.650962000e-01 7.784972000e+00 
2.816697000e-01 7.965891000e+00 
2.829647000e-01 7.931231000e+00 
2.838758000e-01 7.831329000e+00 
2.807755000e-01 8.195502000e+00 
7.744814000e-01 7.787982000e+00 
2.807756000e-01 8.066115000e+00 
2.808469000e-01 8.041667000e+00 

