5.190842000e-01 3.780053000e+00 
5.987786000e-01 3.692687000e+00 
2.808999000e-01 3.843316000e+00 
2.808245000e-01 3.865395000e+00 
2.807753000e-01 3.915988000e+00 
8.011130000e-01 3.652984000e+00 
2.807757000e-01 3.867768000e+00 
2.809843000e-01 3.839910000e+00 
9.789788000e-01 3.588420000e+00 
6.591456000e-01 3.681177000e+00 
9.838426000e-01 3.555499000e+00 
5.194250000e-01 3.755144000e+00 
8.030581000e-01 3.646132000e+00 
2.813977000e-01 3.834891000e+00 
2.814103000e-01 3.802667000e+00 

5.575845000e-01 3.997862000e+00 
2.807766000e-01 4.378708000e+00 
2.807753000e-01 5.191956000e+00 
2.807754000e-01 4.626302000e+00 
2.807758000e-01 4.619230000e+00 
5.726121000e-01 3.978494000e+00 
5.780137000e-01 3.962096000e+00 
2.807800000e-01 4.133649000e+00 
9.069190000e-01 3.877218000e+00 
9.904024000e-01 3.834114000e+00 
4.686525000e-01 4.010386000e+00 
2.808072000e-01 4.082652000e+00 
2.807771000e-01 4.142413000e+00 
9.541896000e-01 3.848687000e+00 
7.417039000e-01 3.938693000e+00 
5.494454000e-01 4.009192000e+00 
7.885071000e-01 3.883178000e+00 
7.560486000e-01 3.932113000e+00 
2.821013000e-01 4.010984000e+00 
9.985862000e-01 3.829336000e+00 

2.807753000e-01 5.729769000e+00 
2.807754000e-01 4.847595000e+00 
2.814787000e-01 4.340269000e+00 
9.958744000e-01 4.097916000e+00 
2.829241000e-01 4.310121000e+00 
2.818689000e-01 4.329207000e+00 
2.808701000e-01 4.364803000e+00 
2.858300000e-01 4.272939000e+00 
2.812541000e-01 4.353734000e+00 
2.807758000e-01 4.407436000e+00 
9.975984000e-01 4.083916000e+00 
2.807755000e-01 4.494725000e+00 
2.807777000e-01 4.378212000e+00 
8.877542000e-01 4.128709000e+00 
2.810561000e-01 4.356098000e+00 
7.922258000e-01 4.133508000e+00 
6.779393000e-01 4.186836000e+00 
7.632984000e-01 4.135967000e+00 
9.436395000e-01 4.113291000e+00 
4.867521000e-01 4.228829000e+00 
6.498452000e-01 4.216831000e+00 
7.047223000e-01 4.158519000e+00 
3.714348000e-01 4.251910000e+00 
7.396385000e-01 4.139276000e+00 
9.544227000e-01 4.104173000e+00 
6.754522000e-01 4.203756000e+00 

2.808638000e-01 4.070291000e+00 
2.807759000e-01 4.232630000e+00 
7.227586000e-01 3.902951000e+00 
7.289977000e-01 3.893117000e+00 
2.807764000e-01 4.085160000e+00 
2.807753000e-01 4.476776000e+00 
2.807754000e-01 4.296974000e+00 
7.015666000e-01 3.932941000e+00 
9.756034000e-01 3.738005000e+00 
9.348587000e-01 3.799299000e+00 
6.728182000e-01 3.942814000e+00 
2.813493000e-01 4.016315000e+00 
6.106984000e-01 3.954882000e+00 
2.808664000e-01 4.050795000e+00 
6.356978000e-01 3.952783000e+00 
8.227836000e-01 3.860201000e+00 
8.361061000e-01 3.854707000e+00 
2.808455000e-01 4.077059000e+00 
9.261678000e-01 3.812137000e+00 
9.668950000e-01 3.769239000e+00 
7.846299000e-01 3.888298000e+00 
9.220327000e-01 3.838843000e+00 
2.808869000e-01 4.036525000e+00 
2.831171000e-01 3.971292000e+00 

9.987693000e-01 3.738149000e+00 
8.335546000e-01 3.808388000e+00 
8.615273000e-01 3.788318000e+00 
2.807753000e-01 4.790643000e+00 
2.807796000e-01 4.082337000e+00 
9.999903000e-01 3.713810000e+00 
2.807754000e-01 4.257289000e+00 
2.809731000e-01 4.001158000e+00 
2.847566000e-01 3.984447000e+00 
3.481804000e-01 3.971006000e+00 
8.290409000e-01 3.834303000e+00 
8.311301000e-01 3.830467000e+00 
7.532719000e-01 3.839462000e+00 
9.709865000e-01 3.775103000e+00 
8.348353000e-01 3.799747000e+00 
2.808480000e-01 4.010859000e+00 
2.807826000e-01 4.026744000e+00 
5.678492000e-01 3.902907000e+00 
6.803772000e-01 3.890668000e+00 
2.811246000e-01 3.986897000e+00 
3.483742000e-01 3.928258000e+00 
8.276488000e-01 3.837643000e+00 
2.807863000e-01 4.014611000e+00 
9.030635000e-01 3.782649000e+00 
5.814473000e-01 3.899412000e+00 
9.999976000e-01 3.702587000e+00 

2.808073000e-01 4.080087000e+00 
2.807753000e-01 4.609812000e+00 
2.807755000e-01 4.373674000e+00 
2.808058000e-01 4.162335000e+00 
2.807785000e-01 4.173338000e+00 
8.127370000e-01 3.901680000e+00 
2.838269000e-01 4.023117000e+00 
2.807756000e-01 4.361512000e+00 
5.792627000e-01 3.939471000e+00 
2.807761000e-01 4.174599000e+00 
2.808517000e-01 4.062993000e+00 
2.808090000e-01 4.065357000e+00 
9.578680000e-01 3.836127000e+00 
9.301395000e-01 3.867428000e+00 
5.715838000e-01 4.008505000e+00 
8.130878000e-01 3.894702000e+00 
6.715367000e-01 3.938747000e+00 
9.566393000e-01 3.859669000e+00 
6.985260000e-01 3.921362000e+00 
7.678639000e-01 3.918072000e+00 
2.813492000e-01 4.061924000e+00 

6.004249000e-01 4.084630000e+00 
8.530936000e-01 4.001792000e+00 
2.807763000e-01 4.489961000e+00 
9.973932000e-01 3.955380000e+00 
2.807782000e-01 4.178015000e+00 
2.807753000e-01 4.533419000e+00 
8.680439000e-01 3.971274000e+00 
9.999566000e-01 3.904707000e+00 
2.807757000e-01 4.523002000e+00 
2.865476000e-01 4.118191000e+00 
2.824979000e-01 4.150360000e+00 
3.404692000e-01 4.091297000e+00 
2.807765000e-01 4.436438000e+00 
7.941357000e-01 4.025814000e+00 
9.097101000e-01 3.968833000e+00 
2.816801000e-01 4.167650000e+00 
6.056542000e-01 4.074078000e+00 
9.987410000e-01 3.938264000e+00 
2.850847000e-01 4.123095000e+00 
6.778836000e-01 4.047260000e+00 

