2.807753000e-01 4.761742000e+00 
6.571663000e-01 4.331200000e+00 
2.807755000e-01 4.583590000e+00 
2.807768000e-01 4.551660000e+00 
2.811221000e-01 4.451322000e+00 
2.807780000e-01 4.507168000e+00 
6.199457000e-01 4.387168000e+00 
2.807762000e-01 4.554207000e+00 
5.537139000e-01 4.401782000e+00 
2.809171000e-01 4.460841000e+00 
2.847197000e-01 4.418882000e+00 
6.212497000e-01 4.373674000e+00 
2.807888000e-01 4.506955000e+00 
8.948158000e-01 4.197501000e+00 
2.808373000e-01 4.492162000e+00 
7.514675000e-01 4.289086000e+00 
6.218512000e-01 4.352388000e+00 

7.353835000e-01 4.404259000e+00 
7.075040000e-01 4.454528000e+00 
2.807753000e-01 5.191956000e+00 
2.807754000e-01 4.626302000e+00 
2.818583000e-01 4.490840000e+00 
7.052437000e-01 4.459453000e+00 
2.807805000e-01 4.557285000e+00 
9.268840000e-01 4.339200000e+00 
6.157201000e-01 4.462952000e+00 
7.210774000e-01 4.443648000e+00 
2.922617000e-01 4.481863000e+00 
7.028379000e-01 4.460593000e+00 
7.455052000e-01 4.351112000e+00 
3.761915000e-01 4.474100000e+00 
6.050600000e-01 4.472036000e+00 
2.807904000e-01 4.545885000e+00 
9.918898000e-01 4.275681000e+00 
7.290869000e-01 4.412636000e+00 
2.808082000e-01 4.530465000e+00 
2.810138000e-01 4.494672000e+00 

2.807753000e-01 5.729769000e+00 
7.851870000e-01 4.556209000e+00 
7.728606000e-01 4.602521000e+00 
9.767188000e-01 4.498332000e+00 
4.683415000e-01 4.680400000e+00 
2.807758000e-01 4.805894000e+00 
5.287150000e-01 4.646256000e+00 
2.807755000e-01 4.838466000e+00 
9.549284000e-01 4.520328000e+00 
7.788457000e-01 4.601646000e+00 
2.807822000e-01 4.727201000e+00 
7.831587000e-01 4.600937000e+00 
2.807754000e-01 4.847595000e+00 
9.363118000e-01 4.547186000e+00 
2.807758000e-01 4.805894000e+00 
2.807827000e-01 4.699111000e+00 
6.589469000e-01 4.626967000e+00 
4.267883000e-01 4.682639000e+00 
5.140583000e-01 4.650857000e+00 

4.979426000e-01 4.561782000e+00 
2.807753000e-01 5.528856000e+00 
5.863918000e-01 4.496432000e+00 
7.369563000e-01 4.403495000e+00 
7.277604000e-01 4.460332000e+00 
2.807777000e-01 4.602901000e+00 
2.808650000e-01 4.562861000e+00 
2.807846000e-01 4.595623000e+00 
5.075394000e-01 4.559812000e+00 
9.586046000e-01 4.388189000e+00 
2.807755000e-01 4.605507000e+00 
9.552445000e-01 4.399050000e+00 
7.102149000e-01 4.461822000e+00 
2.807754000e-01 4.640284000e+00 
5.100416000e-01 4.509398000e+00 

2.808010000e-01 4.489939000e+00 
5.971632000e-01 4.379526000e+00 
9.998072000e-01 4.277384000e+00 
2.807753000e-01 4.790643000e+00 
2.807780000e-01 4.551253000e+00 
9.245162000e-01 4.307381000e+00 
9.839480000e-01 4.299246000e+00 
8.617451000e-01 4.372640000e+00 
8.921666000e-01 4.336126000e+00 
2.807754000e-01 4.556915000e+00 
5.239368000e-01 4.429035000e+00 
2.811159000e-01 4.467913000e+00 
2.807791000e-01 4.505432000e+00 
7.325863000e-01 4.374811000e+00 
2.919752000e-01 4.451791000e+00 
9.997356000e-01 4.298499000e+00 
9.236073000e-01 4.316241000e+00 
8.646584000e-01 4.340254000e+00 

8.115418000e-01 4.430990000e+00 
2.807753000e-01 4.609812000e+00 
6.346675000e-01 4.453510000e+00 
9.798820000e-01 4.324526000e+00 
6.221400000e-01 4.485589000e+00 
8.313826000e-01 4.413622000e+00 
8.591038000e-01 4.400699000e+00 
9.719365000e-01 4.336754000e+00 
5.627218000e-01 4.508386000e+00 
5.151563000e-01 4.518595000e+00 
9.822798000e-01 4.287859000e+00 
9.753331000e-01 4.336311000e+00 
2.869449000e-01 4.526415000e+00 
9.252390000e-01 4.349409000e+00 
2.807900000e-01 4.540430000e+00 

2.807756000e-01 4.841886000e+00 
7.836208000e-01 4.552318000e+00 
2.807768000e-01 4.754098000e+00 
2.807758000e-01 4.815685000e+00 
2.807754000e-01 4.926395000e+00 
2.808165000e-01 4.653578000e+00 
2.807753000e-01 4.945725000e+00 
7.840236000e-01 4.496123000e+00 
6.686778000e-01 4.607313000e+00 
5.916867000e-01 4.634580000e+00 
5.991763000e-01 4.610122000e+00 

