2.809043000e-01 3.775917000e+00 
6.361490000e-01 3.577575000e+00 
9.749501000e-01 3.515616000e+00 
6.845017000e-01 3.568655000e+00 
2.807753000e-01 3.915988000e+00 
2.807787000e-01 3.788352000e+00 
2.809890000e-01 3.723613000e+00 
2.808728000e-01 3.783634000e+00 
2.807754000e-01 3.833860000e+00 
9.801933000e-01 3.416971000e+00 
5.228190000e-01 3.690217000e+00 
2.847760000e-01 3.706209000e+00 
2.808362000e-01 3.784064000e+00 
5.232550000e-01 3.630841000e+00 
9.702742000e-01 3.540671000e+00 
9.668534000e-01 3.557333000e+00 

9.992725000e-01 3.717050000e+00 
2.807766000e-01 4.378708000e+00 
2.807753000e-01 5.191956000e+00 
2.807754000e-01 4.626302000e+00 
2.807758000e-01 4.619230000e+00 
6.031692000e-01 3.898445000e+00 
2.820888000e-01 3.923306000e+00 
2.807800000e-01 4.133649000e+00 
9.078039000e-01 3.819557000e+00 
8.330969000e-01 3.864466000e+00 
5.751543000e-01 3.919628000e+00 
2.808072000e-01 4.082652000e+00 
2.807771000e-01 4.142413000e+00 
2.808244000e-01 4.059101000e+00 
9.793790000e-01 3.741713000e+00 
7.639531000e-01 3.868538000e+00 
9.178072000e-01 3.751013000e+00 
2.810201000e-01 4.041108000e+00 
8.583482000e-01 3.820221000e+00 
6.047837000e-01 3.872627000e+00 

2.807753000e-01 5.729769000e+00 
2.807754000e-01 4.847595000e+00 
6.182203000e-01 4.139800000e+00 
9.593846000e-01 4.018161000e+00 
2.807761000e-01 4.369858000e+00 
4.563376000e-01 4.162216000e+00 
2.807789000e-01 4.235586000e+00 
9.983212000e-01 3.982357000e+00 
6.372973000e-01 4.127916000e+00 
2.807758000e-01 4.407436000e+00 
9.650035000e-01 3.998290000e+00 
2.807755000e-01 4.494725000e+00 
7.289119000e-01 4.062665000e+00 
2.813658000e-01 4.187458000e+00 
6.420440000e-01 4.105304000e+00 
6.731991000e-01 4.096904000e+00 

2.813553000e-01 3.890288000e+00 
2.807759000e-01 4.232630000e+00 
2.815882000e-01 3.865929000e+00 
8.353626000e-01 3.770802000e+00 
7.426169000e-01 3.799952000e+00 
2.807753000e-01 4.476776000e+00 
2.807754000e-01 4.296974000e+00 
9.839767000e-01 3.709190000e+00 
9.756034000e-01 3.738005000e+00 
9.543836000e-01 3.761688000e+00 
2.807761000e-01 3.976061000e+00 
9.333166000e-01 3.769730000e+00 
7.315864000e-01 3.800114000e+00 
6.880239000e-01 3.827051000e+00 
6.916820000e-01 3.822520000e+00 
9.971215000e-01 3.695247000e+00 
9.617066000e-01 3.747120000e+00 
7.308253000e-01 3.811169000e+00 
7.654620000e-01 3.790663000e+00 
9.974712000e-01 3.686528000e+00 
2.808286000e-01 3.901258000e+00 
6.264249000e-01 3.861657000e+00 
9.838004000e-01 3.713138000e+00 
2.807977000e-01 3.951764000e+00 

9.990449000e-01 3.648282000e+00 
2.807826000e-01 4.026744000e+00 
2.808563000e-01 3.927626000e+00 
2.807753000e-01 4.790643000e+00 
2.807796000e-01 4.082337000e+00 
2.818328000e-01 3.898810000e+00 
2.807754000e-01 4.257289000e+00 
5.657373000e-01 3.832079000e+00 
2.821696000e-01 3.888194000e+00 
4.296850000e-01 3.849174000e+00 
5.743456000e-01 3.806372000e+00 
8.274928000e-01 3.748156000e+00 
2.807863000e-01 4.014611000e+00 
8.174952000e-01 3.777038000e+00 
8.569065000e-01 3.715374000e+00 
2.808480000e-01 4.010859000e+00 
3.329139000e-01 3.874571000e+00 
6.445439000e-01 3.781795000e+00 
9.987609000e-01 3.648722000e+00 
8.904150000e-01 3.710172000e+00 
9.061951000e-01 3.704364000e+00 
9.686085000e-01 3.685697000e+00 

8.229419000e-01 3.817310000e+00 
2.807753000e-01 4.609812000e+00 
2.807755000e-01 4.373674000e+00 
2.807830000e-01 3.983751000e+00 
2.807785000e-01 4.173338000e+00 
2.827858000e-01 3.932095000e+00 
8.597222000e-01 3.791984000e+00 
2.807756000e-01 4.361512000e+00 
8.733564000e-01 3.753993000e+00 
2.807761000e-01 4.174599000e+00 
8.476941000e-01 3.800674000e+00 
8.072932000e-01 3.821982000e+00 
6.611690000e-01 3.893097000e+00 
2.808264000e-01 3.975220000e+00 
5.790922000e-01 3.896571000e+00 
2.938666000e-01 3.899984000e+00 
9.724098000e-01 3.707805000e+00 
6.958187000e-01 3.875101000e+00 

6.836943000e-01 3.978282000e+00 
2.808510000e-01 4.139333000e+00 
2.807763000e-01 4.489961000e+00 
7.866125000e-01 3.973406000e+00 
2.807782000e-01 4.178015000e+00 
2.807753000e-01 4.533419000e+00 
8.566678000e-01 3.952457000e+00 
9.999998000e-01 3.819521000e+00 
2.807757000e-01 4.523002000e+00 
3.074287000e-01 4.043497000e+00 
8.693797000e-01 3.912757000e+00 
8.777092000e-01 3.887522000e+00 
2.807765000e-01 4.436438000e+00 
8.755512000e-01 3.906919000e+00 
6.277338000e-01 3.991599000e+00 
2.810903000e-01 4.128662000e+00 
2.808325000e-01 4.173024000e+00 
2.840345000e-01 4.086021000e+00 
9.980836000e-01 3.838918000e+00 
2.827437000e-01 4.096811000e+00 
9.999928000e-01 3.831773000e+00 
6.144367000e-01 4.023869000e+00 
2.817412000e-01 4.113712000e+00 
7.837557000e-01 3.973594000e+00 
2.861437000e-01 4.071913000e+00 
7.866706000e-01 3.963341000e+00 
8.671402000e-01 3.937792000e+00 

