5.867754000e-01 3.313709000e+00 
2.817343000e-01 3.359418000e+00 
7.994720000e-01 3.178225000e+00 
6.810405000e-01 3.213719000e+00 
2.807805000e-01 3.362358000e+00 
9.039526000e-01 3.135757000e+00 
2.807756000e-01 3.618572000e+00 
5.974589000e-01 3.308872000e+00 
9.040036000e-01 3.126922000e+00 
5.984704000e-01 3.279219000e+00 
6.666374000e-01 3.241956000e+00 
8.118321000e-01 3.176471000e+00 
2.807753000e-01 3.631489000e+00 
2.807772000e-01 3.460250000e+00 
5.685885000e-01 3.325878000e+00 
4.822812000e-01 3.332035000e+00 
8.947498000e-01 3.160216000e+00 
6.597855000e-01 3.266945000e+00 
7.860867000e-01 3.188815000e+00 
9.696657000e-01 3.102386000e+00 

2.807755000e-01 3.817478000e+00 
9.987918000e-01 3.313645000e+00 
9.885486000e-01 3.371730000e+00 
8.186327000e-01 3.459014000e+00 
9.887480000e-01 3.334886000e+00 
2.807788000e-01 3.688187000e+00 
9.485532000e-01 3.374922000e+00 
2.807753000e-01 3.881897000e+00 
8.360663000e-01 3.425851000e+00 
2.812122000e-01 3.533363000e+00 
8.915705000e-01 3.387870000e+00 
2.808549000e-01 3.553059000e+00 
9.115020000e-01 3.385475000e+00 
3.305243000e-01 3.497733000e+00 
6.815534000e-01 3.487714000e+00 
9.889534000e-01 3.318452000e+00 
8.496017000e-01 3.393433000e+00 
2.808136000e-01 3.650645000e+00 

2.807753000e-01 5.729769000e+00 
2.807754000e-01 3.828404000e+00 
9.933364000e-01 3.570458000e+00 
8.552507000e-01 3.640879000e+00 
2.812420000e-01 3.806986000e+00 
9.238054000e-01 3.605477000e+00 
9.940647000e-01 3.536882000e+00 
9.709746000e-01 3.577397000e+00 
4.742679000e-01 3.700060000e+00 
2.809861000e-01 3.822982000e+00 
9.880729000e-01 3.572802000e+00 
8.982356000e-01 3.617098000e+00 
2.815397000e-01 3.733661000e+00 
8.785380000e-01 3.622615000e+00 
9.600014000e-01 3.598750000e+00 

9.066161000e-01 3.344814000e+00 
9.978971000e-01 3.297971000e+00 
5.268021000e-01 3.445744000e+00 
5.665229000e-01 3.421041000e+00 
2.807755000e-01 3.795233000e+00 
2.807753000e-01 4.476776000e+00 
2.807754000e-01 4.296974000e+00 
2.807769000e-01 3.786723000e+00 
2.807852000e-01 3.544438000e+00 
2.846067000e-01 3.497105000e+00 
2.807757000e-01 3.793589000e+00 
7.558115000e-01 3.358794000e+00 
9.898972000e-01 3.302789000e+00 
7.216908000e-01 3.383795000e+00 
9.998288000e-01 3.283157000e+00 

2.807800000e-01 3.593887000e+00 
9.667965000e-01 3.331486000e+00 
2.807757000e-01 3.701767000e+00 
2.807753000e-01 4.790643000e+00 
2.807918000e-01 3.579956000e+00 
7.297254000e-01 3.443405000e+00 
2.807754000e-01 4.257289000e+00 
9.999671000e-01 3.301847000e+00 
9.580237000e-01 3.348324000e+00 
8.510546000e-01 3.353909000e+00 
2.821175000e-01 3.573274000e+00 
3.996726000e-01 3.465050000e+00 
9.999691000e-01 3.294852000e+00 
2.881055000e-01 3.527918000e+00 
2.812900000e-01 3.573661000e+00 
9.999999000e-01 3.289717000e+00 
9.436033000e-01 3.349439000e+00 
9.956619000e-01 3.329484000e+00 
6.685714000e-01 3.447931000e+00 
6.113163000e-01 3.463106000e+00 
9.958098000e-01 3.307738000e+00 
7.410805000e-01 3.392778000e+00 

2.807754000e-01 3.854617000e+00 
2.807753000e-01 4.609812000e+00 
2.815279000e-01 3.581692000e+00 
2.807861000e-01 3.808427000e+00 
7.803965000e-01 3.426566000e+00 
7.998573000e-01 3.407975000e+00 
2.807782000e-01 3.828265000e+00 
6.437128000e-01 3.502235000e+00 
6.794039000e-01 3.441545000e+00 
9.991866000e-01 3.334241000e+00 
9.543452000e-01 3.372049000e+00 
2.808130000e-01 3.615022000e+00 
9.999422000e-01 3.300689000e+00 
2.809458000e-01 3.585397000e+00 
8.772968000e-01 3.400867000e+00 
9.975674000e-01 3.364709000e+00 
2.808026000e-01 3.748764000e+00 
9.030267000e-01 3.384306000e+00 
9.978625000e-01 3.362254000e+00 
2.808041000e-01 3.660375000e+00 
2.868072000e-01 3.505210000e+00 

2.807753000e-01 3.848019000e+00 
9.999288000e-01 3.513171000e+00 
9.984559000e-01 3.538720000e+00 
3.666913000e-01 3.746577000e+00 
8.846781000e-01 3.549915000e+00 
2.808133000e-01 3.773209000e+00 
8.247992000e-01 3.610974000e+00 
9.988127000e-01 3.535673000e+00 
2.807765000e-01 3.798715000e+00 
6.610491000e-01 3.679381000e+00 
8.538489000e-01 3.587326000e+00 
7.322769000e-01 3.619791000e+00 
9.100880000e-01 3.544725000e+00 
2.875252000e-01 3.757512000e+00 
2.807788000e-01 3.784578000e+00 
4.237380000e-01 3.694495000e+00 
3.737855000e-01 3.710646000e+00 

