8.029473000e-01 4.743675000e+00 
2.807753000e-01 5.029823000e+00 
9.337613000e-01 4.670563000e+00 
7.980303000e-01 4.789129000e+00 
2.823109000e-01 4.871856000e+00 
2.807782000e-01 4.960891000e+00 
7.275996000e-01 4.792106000e+00 
7.944910000e-01 4.791578000e+00 
2.807760000e-01 5.013985000e+00 
2.807829000e-01 4.902315000e+00 
4.563424000e-01 4.818206000e+00 

2.807757000e-01 5.008376000e+00 
2.812006000e-01 4.910600000e+00 
2.807753000e-01 5.191956000e+00 
8.304833000e-01 4.812266000e+00 
2.807761000e-01 4.970557000e+00 
7.053849000e-01 4.846574000e+00 
2.807755000e-01 5.095730000e+00 
5.820114000e-01 4.897251000e+00 
9.999997000e-01 4.802876000e+00 
1.000000000e+00 4.738460000e+00 
7.853188000e-01 4.816880000e+00 

9.151412000e-01 4.971532000e+00 
2.807754000e-01 5.626074000e+00 
2.808437000e-01 5.164048000e+00 
8.897042000e-01 4.995646000e+00 
6.233455000e-01 5.096409000e+00 
2.807849000e-01 5.227172000e+00 
2.807753000e-01 5.729769000e+00 
3.010964000e-01 5.118467000e+00 
2.807757000e-01 5.268622000e+00 
9.281965000e-01 4.931964000e+00 
2.808465000e-01 5.147574000e+00 
2.808053000e-01 5.185898000e+00 
6.166011000e-01 5.112990000e+00 
6.216643000e-01 5.101390000e+00 
8.589130000e-01 5.036269000e+00 
7.760132000e-01 5.041355000e+00 
6.417987000e-01 5.084327000e+00 
9.856833000e-01 4.931656000e+00 
2.856019000e-01 5.143476000e+00 
6.945722000e-01 5.076568000e+00 

2.809073000e-01 5.018639000e+00 
2.807753000e-01 5.528856000e+00 
2.807762000e-01 5.297253000e+00 
2.807755000e-01 5.453659000e+00 
2.807772000e-01 5.057363000e+00 
2.807769000e-01 5.198396000e+00 
2.808030000e-01 5.052143000e+00 
2.808108000e-01 5.032935000e+00 
2.816689000e-01 4.994231000e+00 
7.777622000e-01 4.918840000e+00 
7.715210000e-01 4.920537000e+00 
3.201489000e-01 4.972626000e+00 
8.125117000e-01 4.864957000e+00 
7.794994000e-01 4.917785000e+00 
6.336572000e-01 4.941127000e+00 
8.633689000e-01 4.851159000e+00 
6.289778000e-01 4.964117000e+00 
7.851985000e-01 4.907697000e+00 

7.157927000e-01 4.848991000e+00 
8.220130000e-01 4.812079000e+00 
2.816562000e-01 4.877115000e+00 
2.807753000e-01 5.058036000e+00 
2.807908000e-01 4.966632000e+00 
2.808507000e-01 4.930384000e+00 
2.807854000e-01 4.984762000e+00 
8.108960000e-01 4.824151000e+00 
2.807754000e-01 5.009811000e+00 
2.808052000e-01 4.959804000e+00 

2.807771000e-01 5.415402000e+00 
2.807754000e-01 5.493891000e+00 
8.895589000e-01 4.884085000e+00 
2.808910000e-01 5.003063000e+00 
2.807753000e-01 5.709258000e+00 
2.807756000e-01 5.460721000e+00 
2.807772000e-01 5.216134000e+00 
2.807809000e-01 5.123209000e+00 
7.370460000e-01 4.936160000e+00 
2.807797000e-01 5.196368000e+00 
8.327064000e-01 4.903906000e+00 
9.811390000e-01 4.882531000e+00 
6.914683000e-01 4.982839000e+00 
8.103252000e-01 4.909409000e+00 
2.808085000e-01 5.040237000e+00 
9.956074000e-01 4.876206000e+00 

2.807754000e-01 5.265968000e+00 
2.807753000e-01 5.350052000e+00 
8.766241000e-01 5.023181000e+00 
3.028613000e-01 5.151566000e+00 
7.543322000e-01 5.100949000e+00 
2.817869000e-01 5.168517000e+00 
8.676229000e-01 5.051550000e+00 
2.808020000e-01 5.229760000e+00 
2.807971000e-01 5.260679000e+00 
2.811453000e-01 5.185054000e+00 
7.958448000e-01 5.053585000e+00 
2.810255000e-01 5.212008000e+00 
7.498388000e-01 5.122785000e+00 
8.722540000e-01 5.036644000e+00 
6.729920000e-01 5.149091000e+00 
7.788628000e-01 5.087848000e+00 

