2.946245000e-01 4.107031000e+00 
4.433682000e-01 4.089976000e+00 
6.187296000e-01 4.079346000e+00 
2.807753000e-01 4.277310000e+00 
8.182872000e-01 3.922238000e+00 
9.761860000e-01 3.843019000e+00 
7.962938000e-01 3.965024000e+00 
6.553087000e-01 4.009106000e+00 
2.808108000e-01 4.129915000e+00 
8.468832000e-01 3.906554000e+00 
2.807758000e-01 4.145802000e+00 
6.805537000e-01 3.977286000e+00 
3.192056000e-01 4.091713000e+00 
6.043331000e-01 4.081947000e+00 
6.204273000e-01 4.058302000e+00 
6.353905000e-01 4.012554000e+00 

2.808391000e-01 4.267802000e+00 
2.807766000e-01 4.378708000e+00 
2.807753000e-01 5.191956000e+00 
2.807754000e-01 4.626302000e+00 
2.807758000e-01 4.619230000e+00 
9.797994000e-01 3.993323000e+00 
9.571943000e-01 4.070903000e+00 
9.633704000e-01 4.055541000e+00 
9.642666000e-01 4.043673000e+00 
9.575420000e-01 4.062888000e+00 
9.768273000e-01 4.027414000e+00 
2.808607000e-01 4.266353000e+00 
2.807917000e-01 4.320818000e+00 
7.228097000e-01 4.092679000e+00 
2.808049000e-01 4.294580000e+00 
9.999985000e-01 3.986825000e+00 
5.680299000e-01 4.135647000e+00 
8.340550000e-01 4.078250000e+00 
2.853146000e-01 4.225286000e+00 
4.868901000e-01 4.181052000e+00 
9.686409000e-01 4.038706000e+00 
2.856394000e-01 4.224567000e+00 

2.807753000e-01 5.729769000e+00 
7.161837000e-01 4.361033000e+00 
2.807777000e-01 4.509682000e+00 
7.050512000e-01 4.393336000e+00 
6.703142000e-01 4.394958000e+00 
8.059979000e-01 4.342361000e+00 
8.104248000e-01 4.341390000e+00 
8.136442000e-01 4.333368000e+00 
5.258385000e-01 4.413191000e+00 
4.692794000e-01 4.415496000e+00 
2.807755000e-01 4.549666000e+00 
8.059449000e-01 4.347534000e+00 
2.807754000e-01 4.847595000e+00 
2.838919000e-01 4.466378000e+00 
7.075586000e-01 4.369928000e+00 
2.807970000e-01 4.467864000e+00 
2.807763000e-01 4.514623000e+00 
9.419289000e-01 4.267119000e+00 
7.735292000e-01 4.353346000e+00 
8.871006000e-01 4.304094000e+00 
8.337026000e-01 4.330716000e+00 
8.107824000e-01 4.333385000e+00 
8.846282000e-01 4.321446000e+00 
9.272609000e-01 4.299109000e+00 
8.819419000e-01 4.323799000e+00 
5.443887000e-01 4.401312000e+00 
2.807785000e-01 4.490698000e+00 
7.315897000e-01 4.360254000e+00 
9.360585000e-01 4.276771000e+00 

2.807777000e-01 4.321317000e+00 
2.807755000e-01 4.360836000e+00 
7.602753000e-01 4.103710000e+00 
4.925319000e-01 4.175095000e+00 
7.135728000e-01 4.126620000e+00 
2.807753000e-01 4.476776000e+00 
7.338804000e-01 4.105217000e+00 
9.186997000e-01 4.075659000e+00 
8.414469000e-01 4.076244000e+00 
2.807754000e-01 4.367479000e+00 
8.170350000e-01 4.084025000e+00 
6.171553000e-01 4.148425000e+00 
2.807789000e-01 4.266502000e+00 
2.808000000e-01 4.176815000e+00 
9.595320000e-01 4.028932000e+00 
9.807108000e-01 4.003896000e+00 

9.990612000e-01 3.956193000e+00 
6.745126000e-01 4.094783000e+00 
9.013167000e-01 4.008913000e+00 
2.807753000e-01 4.790643000e+00 
9.944825000e-01 3.980787000e+00 
2.809000000e-01 4.200709000e+00 
2.807754000e-01 4.257289000e+00 
8.784333000e-01 4.009467000e+00 
7.954748000e-01 4.086921000e+00 
9.902335000e-01 4.006570000e+00 
7.988878000e-01 4.013890000e+00 
5.880156000e-01 4.117918000e+00 
5.980313000e-01 4.116371000e+00 
5.746661000e-01 4.137383000e+00 
2.821825000e-01 4.172485000e+00 
5.865967000e-01 4.133630000e+00 
5.505513000e-01 4.138546000e+00 

3.048086000e-01 4.228112000e+00 
2.807753000e-01 4.609812000e+00 
2.808432000e-01 4.299114000e+00 
8.011285000e-01 4.078535000e+00 
9.733380000e-01 4.022071000e+00 
7.893505000e-01 4.118170000e+00 
8.212385000e-01 4.063259000e+00 
5.447893000e-01 4.174864000e+00 
2.934252000e-01 4.232666000e+00 
2.807761000e-01 4.331057000e+00 
5.136567000e-01 4.222776000e+00 
9.684642000e-01 4.032897000e+00 
2.807755000e-01 4.373674000e+00 
2.812414000e-01 4.242478000e+00 
2.807756000e-01 4.361512000e+00 
2.809975000e-01 4.284613000e+00 
6.532355000e-01 4.152039000e+00 
2.811072000e-01 4.245612000e+00 
5.256505000e-01 4.180262000e+00 
9.649112000e-01 4.036519000e+00 
6.869398000e-01 4.141024000e+00 

2.807810000e-01 4.428918000e+00 
2.807934000e-01 4.410328000e+00 
2.807763000e-01 4.489961000e+00 
2.807955000e-01 4.352363000e+00 
7.976356000e-01 4.256203000e+00 
2.807753000e-01 4.533419000e+00 
2.925218000e-01 4.295388000e+00 
9.999993000e-01 4.125249000e+00 
2.807757000e-01 4.523002000e+00 
2.807826000e-01 4.419071000e+00 
6.913841000e-01 4.288302000e+00 
9.999999000e-01 4.111385000e+00 
2.807765000e-01 4.436438000e+00 
8.939292000e-01 4.199205000e+00 
8.300521000e-01 4.230805000e+00 
8.331107000e-01 4.215649000e+00 
2.807973000e-01 4.343363000e+00 
9.129301000e-01 4.154249000e+00 
9.999695000e-01 4.144216000e+00 
8.640075000e-01 4.214181000e+00 

