2.807974000e-01 3.935372000e+00 
6.414218000e-01 3.736425000e+00 
9.922942000e-01 3.664570000e+00 
9.998831000e-01 3.640665000e+00 
2.807754000e-01 3.981204000e+00 
2.811475000e-01 3.856287000e+00 
2.807753000e-01 4.028083000e+00 
5.560969000e-01 3.833157000e+00 
9.831435000e-01 3.701031000e+00 
9.879302000e-01 3.688447000e+00 

4.187034000e-01 4.083109000e+00 
2.807766000e-01 4.378708000e+00 
2.807753000e-01 5.191956000e+00 
2.807754000e-01 4.626302000e+00 
2.807758000e-01 4.619230000e+00 
8.412436000e-01 3.955160000e+00 
8.456022000e-01 3.951929000e+00 
9.999888000e-01 3.848554000e+00 
2.854773000e-01 4.113952000e+00 
9.135291000e-01 3.942533000e+00 
5.815727000e-01 4.036220000e+00 
9.678779000e-01 3.940424000e+00 
2.807771000e-01 4.142413000e+00 
6.022332000e-01 4.024603000e+00 
3.491778000e-01 4.107528000e+00 
2.815293000e-01 4.127639000e+00 
8.773215000e-01 3.944582000e+00 
8.089207000e-01 3.974806000e+00 
2.821204000e-01 4.124798000e+00 
4.661715000e-01 4.060551000e+00 
8.111758000e-01 3.973581000e+00 
9.729065000e-01 3.903913000e+00 
7.556755000e-01 3.983495000e+00 

2.807753000e-01 5.729769000e+00 
2.807754000e-01 4.847595000e+00 
6.127443000e-01 4.308473000e+00 
6.445638000e-01 4.301668000e+00 
9.392994000e-01 4.208080000e+00 
6.906872000e-01 4.235730000e+00 
2.808195000e-01 4.384182000e+00 
8.869097000e-01 4.228857000e+00 
9.552329000e-01 4.187695000e+00 
2.807758000e-01 4.407436000e+00 
9.972018000e-01 4.173948000e+00 
2.807755000e-01 4.494725000e+00 
2.829241000e-01 4.310121000e+00 
9.874655000e-01 4.181752000e+00 
9.207405000e-01 4.219188000e+00 
2.809500000e-01 4.384134000e+00 
9.933996000e-01 4.177577000e+00 
2.815840000e-01 4.372447000e+00 
2.807826000e-01 4.406187000e+00 

8.453572000e-01 3.909531000e+00 
9.748119000e-01 3.837122000e+00 
7.638552000e-01 3.975758000e+00 
2.834193000e-01 4.054137000e+00 
2.807764000e-01 4.085160000e+00 
2.807753000e-01 4.476776000e+00 
2.807754000e-01 4.296974000e+00 
6.513283000e-01 4.002468000e+00 
9.690458000e-01 3.855565000e+00 
7.330573000e-01 3.998957000e+00 
8.605681000e-01 3.896916000e+00 
6.481055000e-01 4.014494000e+00 
2.807759000e-01 4.232630000e+00 
7.533557000e-01 3.985048000e+00 
6.318933000e-01 4.026308000e+00 
8.018242000e-01 3.969584000e+00 
2.810355000e-01 4.056387000e+00 
2.874585000e-01 4.046807000e+00 

3.955073000e-01 3.980454000e+00 
8.425950000e-01 3.832494000e+00 
8.224742000e-01 3.914294000e+00 
2.807753000e-01 4.790643000e+00 
2.807796000e-01 4.082337000e+00 
9.981352000e-01 3.811748000e+00 
2.807754000e-01 4.257289000e+00 
3.516799000e-01 3.999791000e+00 
6.660861000e-01 3.921088000e+00 
6.129605000e-01 3.980195000e+00 
2.813815000e-01 4.028403000e+00 
2.809150000e-01 4.056016000e+00 
2.967491000e-01 4.026802000e+00 
9.999373000e-01 3.777456000e+00 
3.154566000e-01 4.024025000e+00 
8.353399000e-01 3.892542000e+00 

2.808402000e-01 4.120343000e+00 
2.807753000e-01 4.609812000e+00 
2.807755000e-01 4.373674000e+00 
2.808058000e-01 4.162335000e+00 
6.107579000e-01 4.015146000e+00 
5.451532000e-01 4.063508000e+00 
9.580799000e-01 3.906104000e+00 
2.807756000e-01 4.361512000e+00 
6.986994000e-01 3.974383000e+00 
9.364389000e-01 3.944877000e+00 
2.809963000e-01 4.074137000e+00 
2.807761000e-01 4.174599000e+00 

6.043388000e-01 4.132307000e+00 
5.993105000e-01 4.134451000e+00 
2.807763000e-01 4.489961000e+00 
8.490180000e-01 4.108427000e+00 
6.107396000e-01 4.114399000e+00 
2.807753000e-01 4.533419000e+00 
9.999973000e-01 3.961684000e+00 
2.807876000e-01 4.270344000e+00 
2.807757000e-01 4.523002000e+00 
2.809259000e-01 4.263881000e+00 
2.810967000e-01 4.226910000e+00 
6.099530000e-01 4.121505000e+00 
2.807765000e-01 4.436438000e+00 
8.936137000e-01 4.049725000e+00 
5.579104000e-01 4.180289000e+00 
8.584647000e-01 4.098078000e+00 
9.999866000e-01 3.988249000e+00 
2.808726000e-01 4.264762000e+00 
9.999818000e-01 4.006047000e+00 
2.809747000e-01 4.259846000e+00 
7.724993000e-01 4.113230000e+00 
9.999274000e-01 4.008008000e+00 
2.810769000e-01 4.258999000e+00 
9.999922000e-01 3.981024000e+00 
2.807795000e-01 4.274662000e+00 
9.940542000e-01 4.017612000e+00 
8.728387000e-01 4.085417000e+00 
5.698640000e-01 4.165113000e+00 
8.704260000e-01 4.090795000e+00 
2.813092000e-01 4.194589000e+00 

