2.808496000e-01 3.598126000e+00 
2.811048000e-01 3.595639000e+00 
2.813952000e-01 3.594713000e+00 
2.807758000e-01 3.664623000e+00 
2.807753000e-01 3.915988000e+00 
9.731245000e-01 3.335033000e+00 
8.007099000e-01 3.393741000e+00 
7.528355000e-01 3.442687000e+00 
2.807754000e-01 3.833860000e+00 
7.219874000e-01 3.449277000e+00 
2.807756000e-01 3.774648000e+00 
2.807790000e-01 3.651908000e+00 
2.852797000e-01 3.576763000e+00 
2.807822000e-01 3.620302000e+00 
7.816611000e-01 3.418340000e+00 
2.807799000e-01 3.647247000e+00 
2.807819000e-01 3.637538000e+00 
9.876430000e-01 3.316200000e+00 
9.045607000e-01 3.387741000e+00 
2.868454000e-01 3.549242000e+00 
7.182038000e-01 3.456749000e+00 
9.522392000e-01 3.371141000e+00 
4.893733000e-01 3.514534000e+00 
5.014312000e-01 3.512714000e+00 
9.282838000e-01 3.377052000e+00 
9.574828000e-01 3.341109000e+00 
5.045714000e-01 3.487891000e+00 
5.661649000e-01 3.461090000e+00 

2.811981000e-01 3.828970000e+00 
5.312969000e-01 3.767397000e+00 
2.807753000e-01 5.191956000e+00 
2.812668000e-01 3.818354000e+00 
3.408850000e-01 3.786546000e+00 
6.901406000e-01 3.707171000e+00 
8.088962000e-01 3.661607000e+00 
7.669354000e-01 3.700460000e+00 
9.022657000e-01 3.608887000e+00 
2.807754000e-01 3.885484000e+00 
5.763596000e-01 3.722752000e+00 
7.720628000e-01 3.672541000e+00 
9.966851000e-01 3.568114000e+00 
2.807769000e-01 3.852448000e+00 

2.807753000e-01 5.729769000e+00 
2.807754000e-01 4.847595000e+00 
2.831209000e-01 4.081606000e+00 
5.877048000e-01 3.954085000e+00 
2.995016000e-01 4.016566000e+00 
9.004847000e-01 3.839840000e+00 
7.043211000e-01 3.943182000e+00 
3.481959000e-01 3.991945000e+00 
8.866456000e-01 3.876367000e+00 
2.938443000e-01 4.035365000e+00 
2.807757000e-01 4.112906000e+00 
2.807755000e-01 4.494725000e+00 
2.809019000e-01 4.092805000e+00 
8.496763000e-01 3.877733000e+00 
6.558489000e-01 3.947559000e+00 
9.265567000e-01 3.830898000e+00 
9.730466000e-01 3.783268000e+00 
9.644675000e-01 3.826611000e+00 
2.832379000e-01 4.056044000e+00 
3.634874000e-01 3.960903000e+00 

5.492871000e-01 3.721960000e+00 
2.820728000e-01 3.797089000e+00 
2.829551000e-01 3.772602000e+00 
2.809224000e-01 3.805721000e+00 
8.966683000e-01 3.542570000e+00 
2.807753000e-01 4.476776000e+00 
2.807754000e-01 4.296974000e+00 
2.807757000e-01 3.865033000e+00 
2.808071000e-01 3.827852000e+00 
6.216632000e-01 3.714103000e+00 
6.848212000e-01 3.594203000e+00 
6.443057000e-01 3.682488000e+00 
6.205738000e-01 3.714531000e+00 
2.819615000e-01 3.802602000e+00 
2.863894000e-01 3.772415000e+00 
2.881338000e-01 3.757214000e+00 
8.019003000e-01 3.590397000e+00 
6.483718000e-01 3.679848000e+00 
6.234370000e-01 3.692080000e+00 
8.883709000e-01 3.581512000e+00 

4.851099000e-01 3.696896000e+00 
2.812796000e-01 3.765013000e+00 
7.934522000e-01 3.601198000e+00 
2.807753000e-01 4.790643000e+00 
2.807796000e-01 4.082337000e+00 
7.611467000e-01 3.625664000e+00 
2.807754000e-01 4.257289000e+00 
5.815239000e-01 3.672656000e+00 
2.809428000e-01 3.796753000e+00 
2.809430000e-01 3.773647000e+00 
2.807811000e-01 3.802086000e+00 
9.996169000e-01 3.499607000e+00 
8.481724000e-01 3.569418000e+00 
9.808715000e-01 3.552349000e+00 
8.034368000e-01 3.585034000e+00 
9.996946000e-01 3.495308000e+00 
4.398179000e-01 3.697728000e+00 
9.922544000e-01 3.546997000e+00 
9.949984000e-01 3.542945000e+00 
8.372282000e-01 3.582905000e+00 
3.264739000e-01 3.710313000e+00 
3.183896000e-01 3.735654000e+00 
3.159416000e-01 3.746703000e+00 
9.697348000e-01 3.568712000e+00 
7.690401000e-01 3.615376000e+00 
5.882704000e-01 3.626965000e+00 
8.035220000e-01 3.584652000e+00 
5.636296000e-01 3.693064000e+00 

9.975745000e-01 3.567623000e+00 
2.807753000e-01 4.609812000e+00 
2.807755000e-01 4.373674000e+00 
5.999131000e-01 3.751165000e+00 
6.029816000e-01 3.740065000e+00 
2.807826000e-01 3.837427000e+00 
6.929057000e-01 3.718546000e+00 
9.999827000e-01 3.554246000e+00 
5.955642000e-01 3.757007000e+00 
2.807756000e-01 3.943206000e+00 
8.006884000e-01 3.587410000e+00 
2.886265000e-01 3.816809000e+00 
6.496448000e-01 3.728801000e+00 
4.726319000e-01 3.808678000e+00 
2.837918000e-01 3.817017000e+00 
4.938007000e-01 3.807323000e+00 
6.996145000e-01 3.694543000e+00 
5.420883000e-01 3.783194000e+00 
5.644343000e-01 3.770159000e+00 
6.130651000e-01 3.732235000e+00 

6.103343000e-01 3.835484000e+00 
2.809767000e-01 3.903539000e+00 
9.392347000e-01 3.746279000e+00 
2.807762000e-01 4.014208000e+00 
6.887573000e-01 3.795902000e+00 
2.807753000e-01 4.533419000e+00 
9.069143000e-01 3.765942000e+00 
8.546268000e-01 3.784685000e+00 
2.807756000e-01 4.050229000e+00 
9.936757000e-01 3.724066000e+00 
9.953230000e-01 3.690192000e+00 
8.720388000e-01 3.769252000e+00 
4.780604000e-01 3.876819000e+00 
5.796774000e-01 3.837191000e+00 
6.495065000e-01 3.825144000e+00 
6.689954000e-01 3.820995000e+00 
8.479428000e-01 3.786796000e+00 
9.916500000e-01 3.729404000e+00 
9.999964000e-01 3.684781000e+00 

