7.378711000e-01 3.526205000e+00 
6.361490000e-01 3.577575000e+00 
5.214964000e-01 3.581094000e+00 
9.761354000e-01 3.447288000e+00 
2.807753000e-01 3.915988000e+00 
6.641007000e-01 3.560189000e+00 
9.590728000e-01 3.480521000e+00 
9.702876000e-01 3.451600000e+00 
2.807754000e-01 3.833860000e+00 
9.801933000e-01 3.416971000e+00 
2.807756000e-01 3.774648000e+00 
2.807790000e-01 3.651908000e+00 
8.047396000e-01 3.512286000e+00 
2.807766000e-01 3.770271000e+00 
6.830768000e-01 3.543031000e+00 
7.814428000e-01 3.520610000e+00 
2.811048000e-01 3.595639000e+00 
6.957749000e-01 3.529036000e+00 
2.808816000e-01 3.637728000e+00 
9.763113000e-01 3.423368000e+00 

9.393405000e-01 3.695489000e+00 
2.807766000e-01 4.378708000e+00 
2.807753000e-01 5.191956000e+00 
2.807754000e-01 4.626302000e+00 
2.807758000e-01 4.619230000e+00 
6.017364000e-01 3.837765000e+00 
9.994075000e-01 3.689031000e+00 
2.807800000e-01 4.133649000e+00 
5.018792000e-01 3.864894000e+00 
2.814748000e-01 3.943604000e+00 
6.999716000e-01 3.836821000e+00 
2.808072000e-01 4.082652000e+00 
2.807771000e-01 4.142413000e+00 
2.808244000e-01 4.059101000e+00 
2.817689000e-01 3.917573000e+00 
2.810949000e-01 3.964719000e+00 
7.240172000e-01 3.826712000e+00 
8.458428000e-01 3.781271000e+00 
8.579285000e-01 3.716007000e+00 
2.812061000e-01 3.963792000e+00 
7.411438000e-01 3.785793000e+00 
2.817689000e-01 3.917573000e+00 
3.381154000e-01 3.896922000e+00 
7.402914000e-01 3.799919000e+00 
9.999991000e-01 3.677281000e+00 
4.938620000e-01 3.881682000e+00 
2.809928000e-01 3.982497000e+00 

2.807753000e-01 5.729769000e+00 
2.807754000e-01 4.847595000e+00 
3.008060000e-01 4.094993000e+00 
9.598498000e-01 3.975242000e+00 
2.807761000e-01 4.369858000e+00 
7.176503000e-01 4.060482000e+00 
2.807789000e-01 4.235586000e+00 
8.126186000e-01 3.993777000e+00 
2.807798000e-01 4.127122000e+00 
2.807758000e-01 4.407436000e+00 
6.433440000e-01 4.073732000e+00 
2.807755000e-01 4.494725000e+00 
9.311090000e-01 3.979238000e+00 
6.072411000e-01 4.086358000e+00 
2.807783000e-01 4.248999000e+00 
7.332470000e-01 4.019353000e+00 
9.562416000e-01 3.976303000e+00 
7.146994000e-01 4.064628000e+00 
9.635161000e-01 3.944655000e+00 
9.870571000e-01 3.903487000e+00 
9.102387000e-01 3.984669000e+00 

2.808102000e-01 3.913339000e+00 
2.807759000e-01 4.232630000e+00 
2.810550000e-01 3.857769000e+00 
9.529044000e-01 3.669571000e+00 
8.030202000e-01 3.717944000e+00 
2.807753000e-01 4.476776000e+00 
2.807754000e-01 4.296974000e+00 
9.896359000e-01 3.606673000e+00 
2.809556000e-01 3.876794000e+00 
2.808286000e-01 3.901258000e+00 
2.807761000e-01 3.976061000e+00 
9.867872000e-01 3.620546000e+00 
5.747560000e-01 3.825910000e+00 
6.394617000e-01 3.781081000e+00 
9.776648000e-01 3.662264000e+00 
5.735747000e-01 3.838023000e+00 
9.277607000e-01 3.685034000e+00 
2.831362000e-01 3.857671000e+00 
9.574731000e-01 3.669267000e+00 
5.748348000e-01 3.792391000e+00 
6.937714000e-01 3.743272000e+00 
2.808358000e-01 3.882257000e+00 
6.896519000e-01 3.765039000e+00 
7.928577000e-01 3.723180000e+00 
2.807764000e-01 3.924964000e+00 

9.885860000e-01 3.627057000e+00 
2.807826000e-01 4.026744000e+00 
5.163806000e-01 3.780112000e+00 
2.807753000e-01 4.790643000e+00 
2.807796000e-01 4.082337000e+00 
8.164457000e-01 3.631722000e+00 
2.807754000e-01 4.257289000e+00 
3.333150000e-01 3.813935000e+00 
6.565647000e-01 3.767187000e+00 
6.596507000e-01 3.759070000e+00 
2.808367000e-01 3.837760000e+00 
2.807852000e-01 3.864736000e+00 
8.133711000e-01 3.696893000e+00 
2.867868000e-01 3.833168000e+00 
7.104753000e-01 3.728867000e+00 
5.581079000e-01 3.779560000e+00 
7.489116000e-01 3.700394000e+00 
9.949312000e-01 3.566324000e+00 

8.679499000e-01 3.729200000e+00 
2.807753000e-01 4.609812000e+00 
2.807755000e-01 4.373674000e+00 
2.807830000e-01 3.983751000e+00 
2.807785000e-01 4.173338000e+00 
2.808254000e-01 3.905589000e+00 
9.759027000e-01 3.684315000e+00 
2.807756000e-01 4.361512000e+00 
8.339920000e-01 3.738476000e+00 
2.807761000e-01 4.174599000e+00 
2.807865000e-01 3.916279000e+00 
9.984206000e-01 3.667964000e+00 
9.512146000e-01 3.719678000e+00 
2.903382000e-01 3.892355000e+00 
2.808779000e-01 3.893776000e+00 
6.465990000e-01 3.820133000e+00 
9.724098000e-01 3.707805000e+00 
5.850308000e-01 3.829872000e+00 
6.979710000e-01 3.773340000e+00 
8.306663000e-01 3.766155000e+00 
9.806890000e-01 3.668045000e+00 
6.622307000e-01 3.809059000e+00 
5.268722000e-01 3.879683000e+00 
8.339348000e-01 3.765790000e+00 
9.798874000e-01 3.684225000e+00 

2.859526000e-01 4.038768000e+00 
9.998075000e-01 3.794837000e+00 
2.807763000e-01 4.489961000e+00 
2.808343000e-01 4.107756000e+00 
2.807782000e-01 4.178015000e+00 
2.807753000e-01 4.533419000e+00 
7.606833000e-01 3.882861000e+00 
2.862843000e-01 4.036487000e+00 
2.807757000e-01 4.523002000e+00 
2.893799000e-01 4.029195000e+00 
2.815174000e-01 4.070882000e+00 
6.991715000e-01 3.917534000e+00 
2.807765000e-01 4.436438000e+00 
7.439509000e-01 3.911190000e+00 
9.306219000e-01 3.842963000e+00 
8.774835000e-01 3.861845000e+00 
2.808051000e-01 4.120343000e+00 
9.998711000e-01 3.789728000e+00 
9.980836000e-01 3.838918000e+00 
9.999291000e-01 3.736175000e+00 
2.813741000e-01 4.092451000e+00 
9.054469000e-01 3.850978000e+00 
6.108597000e-01 3.945789000e+00 
6.730142000e-01 3.938978000e+00 
4.803628000e-01 3.986118000e+00 
2.858118000e-01 4.046928000e+00 
8.656066000e-01 3.863729000e+00 
2.818661000e-01 4.058572000e+00 
2.896845000e-01 3.996512000e+00 
6.728932000e-01 3.939563000e+00 

