2.807782000e-01 5.330791000e+00 
9.918868000e-01 4.956986000e+00 
2.833031000e-01 5.123855000e+00 
9.994323000e-01 4.956576000e+00 
6.848465000e-01 5.002382000e+00 
2.807808000e-01 5.148596000e+00 
7.391073000e-01 4.971044000e+00 
2.807753000e-01 5.371555000e+00 
9.999674000e-01 4.934240000e+00 
2.808079000e-01 5.138917000e+00 
2.843331000e-01 5.094708000e+00 
2.807783000e-01 5.182702000e+00 

2.809422000e-01 5.164960000e+00 
2.807753000e-01 5.576593000e+00 
2.807933000e-01 5.248308000e+00 
2.807755000e-01 5.414718000e+00 
7.333742000e-01 5.025815000e+00 
2.807759000e-01 5.276230000e+00 
2.813448000e-01 5.122962000e+00 
7.047611000e-01 5.105027000e+00 
2.807777000e-01 5.264349000e+00 

8.014097000e-01 5.304236000e+00 
2.807754000e-01 5.626074000e+00 
2.807760000e-01 5.621567000e+00 
2.807761000e-01 5.578622000e+00 
8.682144000e-01 5.271929000e+00 
2.960268000e-01 5.396006000e+00 
2.807753000e-01 5.729769000e+00 
2.834028000e-01 5.400954000e+00 
2.807785000e-01 5.427788000e+00 
8.825926000e-01 5.244905000e+00 
7.603101000e-01 5.304504000e+00 
9.722836000e-01 5.221831000e+00 
6.087276000e-01 5.352798000e+00 
7.582676000e-01 5.313149000e+00 
2.908430000e-01 5.398558000e+00 
6.546003000e-01 5.318290000e+00 
2.807893000e-01 5.407061000e+00 
5.975157000e-01 5.391533000e+00 
8.676574000e-01 5.299158000e+00 

2.807791000e-01 5.277196000e+00 
2.807753000e-01 5.528856000e+00 
2.807763000e-01 5.405400000e+00 
2.807755000e-01 5.453659000e+00 
9.969238000e-01 5.069728000e+00 
2.807765000e-01 5.379355000e+00 
2.808303000e-01 5.253778000e+00 
2.808666000e-01 5.253105000e+00 
9.939271000e-01 5.090465000e+00 
7.681914000e-01 5.151170000e+00 
2.887414000e-01 5.222116000e+00 
9.969884000e-01 5.059730000e+00 
8.865115000e-01 5.128047000e+00 
9.761962000e-01 5.108054000e+00 
2.872650000e-01 5.240125000e+00 
5.566192000e-01 5.181671000e+00 
2.820350000e-01 5.244947000e+00 

2.807753000e-01 5.540987000e+00 
8.036691000e-01 5.104102000e+00 
2.808613000e-01 5.223048000e+00 
2.807774000e-01 5.315187000e+00 
2.807758000e-01 5.378813000e+00 
6.538546000e-01 5.123154000e+00 
7.357210000e-01 5.110280000e+00 
2.861054000e-01 5.210710000e+00 
2.807817000e-01 5.238689000e+00 
8.130611000e-01 5.065828000e+00 
8.553711000e-01 5.052395000e+00 
2.817647000e-01 5.210952000e+00 

9.287529000e-01 5.100765000e+00 
2.807754000e-01 5.493891000e+00 
9.536066000e-01 5.092640000e+00 
8.822806000e-01 5.181848000e+00 
2.807753000e-01 5.709258000e+00 
2.809278000e-01 5.266521000e+00 
2.972922000e-01 5.254055000e+00 
2.807890000e-01 5.281410000e+00 
8.728422000e-01 5.222380000e+00 
8.846271000e-01 5.120568000e+00 
2.807756000e-01 5.460721000e+00 
2.807771000e-01 5.415402000e+00 
8.790396000e-01 5.187568000e+00 

2.807753000e-01 5.939019000e+00 
2.808961000e-01 5.454789000e+00 
8.006153000e-01 5.386954000e+00 
8.052885000e-01 5.380832000e+00 
5.522480000e-01 5.415216000e+00 
6.351868000e-01 5.401506000e+00 
1.000000000e+00 5.279309000e+00 
8.149102000e-01 5.364027000e+00 
2.807754000e-01 5.455510000e+00 
2.810202000e-01 5.420915000e+00 
7.961044000e-01 5.396446000e+00 
8.209128000e-01 5.297146000e+00 
7.833044000e-01 5.399867000e+00 

7.958692000e-01 4.949902000e+00 
2.807781000e-01 5.108745000e+00 
2.807753000e-01 5.364275000e+00 
2.830929000e-01 5.052261000e+00 
2.807754000e-01 5.279609000e+00 
9.561636000e-01 4.888447000e+00 
2.898303000e-01 5.028622000e+00 
6.965781000e-01 4.959600000e+00 
2.809550000e-01 5.097777000e+00 
2.814087000e-01 5.081586000e+00 
9.893218000e-01 4.878183000e+00 
6.562548000e-01 4.982863000e+00 
2.819144000e-01 5.069271000e+00 

