2.808816000e-01 3.637728000e+00 
9.846474000e-01 3.400236000e+00 
5.214964000e-01 3.581094000e+00 
7.220588000e-01 3.510808000e+00 
2.807753000e-01 3.915988000e+00 
6.641007000e-01 3.560189000e+00 
9.636255000e-01 3.437043000e+00 
9.705409000e-01 3.417015000e+00 
2.807754000e-01 3.833860000e+00 
8.064810000e-01 3.509825000e+00 
2.807756000e-01 3.774648000e+00 
2.807790000e-01 3.651908000e+00 
9.460749000e-01 3.449801000e+00 
2.807766000e-01 3.770271000e+00 
6.788579000e-01 3.525757000e+00 
6.126586000e-01 3.565179000e+00 
2.811048000e-01 3.595639000e+00 
9.749756000e-01 3.415736000e+00 

9.393405000e-01 3.695489000e+00 
2.807766000e-01 4.378708000e+00 
2.807753000e-01 5.191956000e+00 
2.807754000e-01 4.626302000e+00 
2.807758000e-01 4.619230000e+00 
2.807846000e-01 3.972456000e+00 
9.994075000e-01 3.689031000e+00 
2.807800000e-01 4.133649000e+00 
5.018792000e-01 3.864894000e+00 
7.258587000e-01 3.795062000e+00 
6.704321000e-01 3.827395000e+00 
6.165716000e-01 3.827794000e+00 
2.807771000e-01 4.142413000e+00 
7.300519000e-01 3.776212000e+00 
2.901495000e-01 3.890351000e+00 
5.051848000e-01 3.835492000e+00 
7.240172000e-01 3.826712000e+00 
2.813099000e-01 3.890728000e+00 
8.579285000e-01 3.716007000e+00 
2.808404000e-01 3.940582000e+00 
4.938620000e-01 3.881682000e+00 
8.387690000e-01 3.759842000e+00 
9.994929000e-01 3.656818000e+00 
2.928872000e-01 3.882738000e+00 

2.807753000e-01 5.729769000e+00 
2.807754000e-01 4.847595000e+00 
3.008060000e-01 4.094993000e+00 
9.102387000e-01 3.984669000e+00 
2.807761000e-01 4.369858000e+00 
9.870571000e-01 3.903487000e+00 
2.807789000e-01 4.235586000e+00 
9.309303000e-01 3.951408000e+00 
2.807798000e-01 4.127122000e+00 
2.807758000e-01 4.407436000e+00 
7.721639000e-01 3.987089000e+00 
2.807755000e-01 4.494725000e+00 
9.635161000e-01 3.944655000e+00 
9.970178000e-01 3.900707000e+00 
2.807783000e-01 4.248999000e+00 
7.332470000e-01 4.019353000e+00 
9.996086000e-01 3.879509000e+00 
5.860406000e-01 4.020338000e+00 
2.962577000e-01 4.120793000e+00 
3.495607000e-01 4.062990000e+00 

2.808102000e-01 3.913339000e+00 
2.807759000e-01 4.232630000e+00 
2.810550000e-01 3.857769000e+00 
9.529044000e-01 3.669571000e+00 
8.030202000e-01 3.717944000e+00 
2.807753000e-01 4.476776000e+00 
2.807754000e-01 4.296974000e+00 
2.807764000e-01 3.924964000e+00 
2.808222000e-01 3.876076000e+00 
7.928577000e-01 3.723180000e+00 
2.807761000e-01 3.976061000e+00 
9.867872000e-01 3.620546000e+00 
9.566541000e-01 3.635724000e+00 
8.119728000e-01 3.682821000e+00 
2.810827000e-01 3.848693000e+00 
5.735747000e-01 3.838023000e+00 
9.931808000e-01 3.598943000e+00 
9.891208000e-01 3.601289000e+00 
9.970100000e-01 3.560446000e+00 
6.879227000e-01 3.750788000e+00 
6.937714000e-01 3.743272000e+00 
5.746034000e-01 3.771838000e+00 
7.058932000e-01 3.735340000e+00 
2.807822000e-01 3.917964000e+00 
6.868996000e-01 3.761785000e+00 
8.037756000e-01 3.691890000e+00 

9.885860000e-01 3.627057000e+00 
2.807826000e-01 4.026744000e+00 
7.104753000e-01 3.728867000e+00 
2.807753000e-01 4.790643000e+00 
2.807796000e-01 4.082337000e+00 
8.164457000e-01 3.631722000e+00 
2.807754000e-01 4.257289000e+00 
6.351629000e-01 3.737117000e+00 
7.914931000e-01 3.665964000e+00 
8.472360000e-01 3.631097000e+00 
2.808367000e-01 3.837760000e+00 
2.807852000e-01 3.864736000e+00 
7.489116000e-01 3.700394000e+00 
9.949312000e-01 3.566324000e+00 
2.812796000e-01 3.765013000e+00 

8.960931000e-01 3.683145000e+00 
2.807753000e-01 4.609812000e+00 
2.807755000e-01 4.373674000e+00 
5.782635000e-01 3.794900000e+00 
9.806890000e-01 3.668045000e+00 
2.808254000e-01 3.905589000e+00 
6.979710000e-01 3.773340000e+00 
9.789665000e-01 3.676754000e+00 
8.339920000e-01 3.738476000e+00 
2.807756000e-01 3.943206000e+00 
2.807865000e-01 3.916279000e+00 
8.256368000e-01 3.753190000e+00 
8.563389000e-01 3.702852000e+00 
9.951365000e-01 3.643099000e+00 
2.808779000e-01 3.893776000e+00 
5.403853000e-01 3.867289000e+00 
9.960971000e-01 3.634374000e+00 
2.811333000e-01 3.878500000e+00 

9.999291000e-01 3.736175000e+00 
7.585436000e-01 3.842666000e+00 
6.090870000e-01 3.907651000e+00 
6.242025000e-01 3.897049000e+00 
8.847576000e-01 3.806476000e+00 
2.807753000e-01 4.533419000e+00 
9.069143000e-01 3.765942000e+00 
2.896845000e-01 3.996512000e+00 
2.807756000e-01 4.050229000e+00 
7.008802000e-01 3.884925000e+00 
6.839781000e-01 3.894421000e+00 
4.803628000e-01 3.986118000e+00 
9.973074000e-01 3.763895000e+00 
2.811888000e-01 4.027206000e+00 

