2.933902000e-01 3.038823000e+00 
9.968644000e-01 2.745700000e+00 
2.807970000e-01 3.159611000e+00 
2.808975000e-01 3.074945000e+00 
6.062655000e-01 2.957245000e+00 
9.686597000e-01 2.790377000e+00 
2.807753000e-01 3.164314000e+00 
4.582650000e-01 3.032337000e+00 
2.808018000e-01 3.111478000e+00 
4.944110000e-01 2.993777000e+00 
6.447815000e-01 2.940440000e+00 
4.525010000e-01 3.037180000e+00 
9.663169000e-01 2.801160000e+00 
2.807759000e-01 3.160843000e+00 
2.860732000e-01 3.046283000e+00 
8.354138000e-01 2.849534000e+00 
2.816580000e-01 3.065965000e+00 
9.721957000e-01 2.785640000e+00 
9.905468000e-01 2.755473000e+00 
2.808047000e-01 3.091015000e+00 
2.811270000e-01 3.069297000e+00 
7.035954000e-01 2.865796000e+00 
6.412500000e-01 2.949376000e+00 
5.798763000e-01 2.980169000e+00 
4.816654000e-01 3.021429000e+00 
8.429022000e-01 2.815997000e+00 
5.822503000e-01 2.965166000e+00 

7.546216000e-01 2.968517000e+00 
9.316249000e-01 2.872071000e+00 
6.662371000e-01 3.052098000e+00 
5.626572000e-01 3.118989000e+00 
6.956415000e-01 3.044949000e+00 
6.377189000e-01 3.091025000e+00 
2.807771000e-01 3.137092000e+00 
8.790672000e-01 2.951994000e+00 
6.609142000e-01 3.062354000e+00 
2.807753000e-01 3.244870000e+00 
7.275110000e-01 2.999557000e+00 
6.256234000e-01 3.099603000e+00 

2.807753000e-01 5.729769000e+00 
2.807754000e-01 3.828404000e+00 
2.922619000e-01 3.329910000e+00 
3.434027000e-01 3.328478000e+00 
7.066444000e-01 3.260014000e+00 
2.807817000e-01 3.569501000e+00 
2.808572000e-01 3.402450000e+00 
2.807900000e-01 3.480749000e+00 
7.236074000e-01 3.231335000e+00 
2.807774000e-01 3.571396000e+00 
6.612713000e-01 3.266615000e+00 
9.635915000e-01 3.089500000e+00 
9.894611000e-01 3.082029000e+00 
2.807764000e-01 3.761126000e+00 
7.221061000e-01 3.244553000e+00 
2.833736000e-01 3.398586000e+00 
7.635882000e-01 3.198231000e+00 
9.953656000e-01 3.058878000e+00 
7.591393000e-01 3.224747000e+00 
9.578918000e-01 3.146612000e+00 
8.697492000e-01 3.150956000e+00 
6.677046000e-01 3.264403000e+00 
9.620392000e-01 3.091167000e+00 
6.452653000e-01 3.273939000e+00 
5.266723000e-01 3.283293000e+00 

9.955505000e-01 2.842149000e+00 
9.192033000e-01 2.885771000e+00 
9.673743000e-01 2.880039000e+00 
6.511742000e-01 3.012320000e+00 
8.672376000e-01 2.937404000e+00 
9.122270000e-01 2.889509000e+00 
6.756893000e-01 3.006223000e+00 
2.807754000e-01 3.377962000e+00 
7.999032000e-01 2.950119000e+00 
9.091013000e-01 2.929719000e+00 
7.206316000e-01 2.999361000e+00 
9.957223000e-01 2.830738000e+00 
2.807753000e-01 3.489766000e+00 
9.942050000e-01 2.868898000e+00 
4.860626000e-01 3.071257000e+00 
7.304337000e-01 2.960767000e+00 
2.807757000e-01 3.364530000e+00 
2.823464000e-01 3.077945000e+00 
2.807763000e-01 3.197328000e+00 
2.807863000e-01 3.126543000e+00 

2.807890000e-01 3.218821000e+00 
6.775347000e-01 3.039464000e+00 
8.756390000e-01 2.961436000e+00 
5.090809000e-01 3.099398000e+00 
9.213993000e-01 2.935193000e+00 
5.590155000e-01 3.077109000e+00 
9.808338000e-01 2.889706000e+00 
8.402537000e-01 2.972538000e+00 
2.807753000e-01 3.341673000e+00 
9.450672000e-01 2.912375000e+00 
8.355224000e-01 2.982822000e+00 
2.809619000e-01 3.181927000e+00 
9.786813000e-01 2.894209000e+00 
9.419307000e-01 2.931779000e+00 
4.662854000e-01 3.127590000e+00 
9.779261000e-01 2.901295000e+00 
2.807754000e-01 3.255876000e+00 
7.865171000e-01 2.983427000e+00 
3.943898000e-01 3.142016000e+00 
5.274635000e-01 3.096625000e+00 
3.020169000e-01 3.150171000e+00 
2.950279000e-01 3.173897000e+00 
7.275287000e-01 3.035505000e+00 
8.977442000e-01 2.940934000e+00 
2.808945000e-01 3.204276000e+00 
6.393696000e-01 3.067329000e+00 
7.606743000e-01 2.983501000e+00 
6.770301000e-01 3.060929000e+00 

7.555096000e-01 3.060823000e+00 
2.807753000e-01 4.609812000e+00 
2.807771000e-01 3.321518000e+00 
5.219741000e-01 3.189099000e+00 
5.788778000e-01 3.127336000e+00 
6.731694000e-01 3.101876000e+00 
2.807754000e-01 3.403495000e+00 
2.810316000e-01 3.251020000e+00 
9.123371000e-01 2.963357000e+00 
6.418081000e-01 3.106214000e+00 
2.856799000e-01 3.200752000e+00 
8.009922000e-01 3.055286000e+00 
8.649881000e-01 3.004879000e+00 
2.841423000e-01 3.248508000e+00 
8.018777000e-01 3.036289000e+00 
7.548267000e-01 3.065993000e+00 
9.994034000e-01 2.896594000e+00 
5.342340000e-01 3.173535000e+00 
2.807912000e-01 3.307162000e+00 
9.398480000e-01 2.915965000e+00 
8.660365000e-01 2.982337000e+00 
6.803189000e-01 3.100926000e+00 
7.984279000e-01 3.056045000e+00 
5.246888000e-01 3.184820000e+00 
2.808072000e-01 3.270211000e+00 
2.807998000e-01 3.292227000e+00 
7.028602000e-01 3.092605000e+00 

6.250775000e-01 3.324893000e+00 
9.996249000e-01 3.153470000e+00 
7.260718000e-01 3.243149000e+00 
2.810163000e-01 3.438057000e+00 
2.807756000e-01 3.513900000e+00 
5.904988000e-01 3.343469000e+00 
6.563655000e-01 3.304963000e+00 
9.996486000e-01 3.150863000e+00 
6.568854000e-01 3.299874000e+00 
2.840454000e-01 3.381165000e+00 
7.591938000e-01 3.243044000e+00 
2.807754000e-01 3.591007000e+00 
6.115008000e-01 3.342950000e+00 
2.807753000e-01 3.774284000e+00 
2.810571000e-01 3.419810000e+00 
8.834508000e-01 3.157654000e+00 
8.205426000e-01 3.197250000e+00 
6.192638000e-01 3.329307000e+00 
6.115336000e-01 3.337127000e+00 
2.807808000e-01 3.443845000e+00 
6.189342000e-01 3.332779000e+00 
9.999834000e-01 3.149993000e+00 
2.965872000e-01 3.347867000e+00 
6.455371000e-01 3.311665000e+00 
8.252434000e-01 3.169669000e+00 
6.858064000e-01 3.294042000e+00 

