6.484940000e-01 4.824670000e+00 
2.807753000e-01 5.029823000e+00 
9.323766000e-01 4.755263000e+00 
5.049119000e-01 4.857223000e+00 
7.682255000e-01 4.813128000e+00 
9.812805000e-01 4.740061000e+00 
7.635083000e-01 4.824326000e+00 
2.878875000e-01 4.891659000e+00 
2.807760000e-01 5.013985000e+00 
2.807829000e-01 4.902315000e+00 
7.946782000e-01 4.793721000e+00 
7.980303000e-01 4.789129000e+00 
2.807782000e-01 4.960891000e+00 
6.407442000e-01 4.857208000e+00 
8.673399000e-01 4.776650000e+00 
6.450859000e-01 4.841154000e+00 
9.963367000e-01 4.711083000e+00 

2.807757000e-01 5.008376000e+00 
9.999999000e-01 4.809642000e+00 
2.807753000e-01 5.191956000e+00 
8.304833000e-01 4.812266000e+00 
2.807761000e-01 4.970557000e+00 
2.845608000e-01 4.954091000e+00 
2.807755000e-01 5.095730000e+00 
5.512528000e-01 4.934557000e+00 
7.963388000e-01 4.821318000e+00 
6.383465000e-01 4.900254000e+00 
7.053849000e-01 4.846574000e+00 
1.000000000e+00 4.738460000e+00 

9.315062000e-01 4.947661000e+00 
2.807754000e-01 5.626074000e+00 
2.808437000e-01 5.164048000e+00 
8.623741000e-01 5.072423000e+00 
6.233455000e-01 5.096409000e+00 
2.807849000e-01 5.227172000e+00 
2.807753000e-01 5.729769000e+00 
3.010964000e-01 5.118467000e+00 
2.807757000e-01 5.268622000e+00 
6.421061000e-01 5.090206000e+00 
8.809720000e-01 5.062843000e+00 
2.808053000e-01 5.185898000e+00 
7.622333000e-01 5.083715000e+00 
6.216643000e-01 5.101390000e+00 
8.234803000e-01 5.072801000e+00 
8.897042000e-01 4.995646000e+00 
2.808465000e-01 5.147574000e+00 

2.817128000e-01 5.050267000e+00 
2.807753000e-01 5.528856000e+00 
2.807762000e-01 5.297253000e+00 
2.807755000e-01 5.453659000e+00 
2.807772000e-01 5.057363000e+00 
2.807769000e-01 5.198396000e+00 
6.344175000e-01 4.971687000e+00 
8.348235000e-01 4.913230000e+00 
3.007572000e-01 5.013560000e+00 
7.777622000e-01 4.918840000e+00 
2.809169000e-01 5.055999000e+00 
7.315896000e-01 4.961279000e+00 
9.956452000e-01 4.852805000e+00 
7.794994000e-01 4.917785000e+00 
8.838610000e-01 4.865400000e+00 
9.532236000e-01 4.856947000e+00 
2.977293000e-01 5.017874000e+00 
6.191391000e-01 5.003172000e+00 
6.764163000e-01 4.962355000e+00 
8.486824000e-01 4.902856000e+00 
2.817958000e-01 5.046921000e+00 

7.157927000e-01 4.848991000e+00 
8.220130000e-01 4.812079000e+00 
2.816562000e-01 4.877115000e+00 
2.807753000e-01 5.058036000e+00 
2.809618000e-01 4.933414000e+00 
2.807931000e-01 5.052558000e+00 
2.808042000e-01 5.037871000e+00 
2.807758000e-01 5.054626000e+00 
2.808049000e-01 4.971965000e+00 

2.807771000e-01 5.415402000e+00 
2.807754000e-01 5.493891000e+00 
7.414327000e-01 4.984875000e+00 
2.808608000e-01 5.106797000e+00 
2.807753000e-01 5.709258000e+00 
2.807756000e-01 5.460721000e+00 
2.807772000e-01 5.216134000e+00 
7.351806000e-01 4.999103000e+00 
6.734760000e-01 5.027482000e+00 
2.807797000e-01 5.196368000e+00 
2.842530000e-01 5.050839000e+00 
7.611806000e-01 4.981343000e+00 
2.810093000e-01 5.063136000e+00 
2.853220000e-01 5.046394000e+00 
8.895589000e-01 4.884085000e+00 
8.021845000e-01 4.959823000e+00 
2.807809000e-01 5.123209000e+00 
2.809642000e-01 5.087602000e+00 
2.808683000e-01 5.100594000e+00 
8.103252000e-01 4.909409000e+00 

2.807754000e-01 5.265968000e+00 
2.807753000e-01 5.350052000e+00 
8.766241000e-01 5.023181000e+00 
2.814519000e-01 5.235495000e+00 
7.543322000e-01 5.100949000e+00 
8.476808000e-01 5.058187000e+00 
2.810584000e-01 5.238247000e+00 
2.824949000e-01 5.222237000e+00 
2.810836000e-01 5.235776000e+00 
3.028613000e-01 5.151566000e+00 
8.676229000e-01 5.051550000e+00 
2.809516000e-01 5.258931000e+00 
2.829814000e-01 5.195611000e+00 

