2.807888000e-01 5.647490000e+00 
2.807759000e-01 5.731040000e+00 
2.807753000e-01 5.744433000e+00 
2.807810000e-01 5.709599000e+00 
9.825323000e-01 5.608331000e+00 
9.887217000e-01 5.537001000e+00 

2.807783000e-01 5.736361000e+00 
2.807754000e-01 5.913342000e+00 
9.328897000e-01 5.639247000e+00 
2.807753000e-01 5.949007000e+00 
2.807769000e-01 5.780284000e+00 
2.809700000e-01 5.690572000e+00 
9.942840000e-01 5.610714000e+00 
2.807755000e-01 5.800509000e+00 
9.962062000e-01 5.556373000e+00 

8.807164000e-01 5.770943000e+00 
8.629869000e-01 5.785731000e+00 
2.811276000e-01 5.806635000e+00 
2.807760000e-01 5.954796000e+00 
2.807758000e-01 5.961972000e+00 
2.807753000e-01 6.024110000e+00 
2.810733000e-01 5.822463000e+00 
2.808939000e-01 5.848524000e+00 
2.807768000e-01 5.896182000e+00 
8.734372000e-01 5.772979000e+00 
2.807901000e-01 5.879124000e+00 
8.809012000e-01 5.645330000e+00 

2.807785000e-01 6.817518000e+00 
2.807753000e-01 6.891155000e+00 
2.807951000e-01 5.914542000e+00 
2.807955000e-01 5.882367000e+00 
2.807793000e-01 6.228886000e+00 
2.807900000e-01 5.918245000e+00 
2.808898000e-01 5.751513000e+00 
2.807796000e-01 5.985130000e+00 
9.950789000e-01 5.668519000e+00 
2.808139000e-01 5.788343000e+00 
2.807959000e-01 5.830633000e+00 

2.807753000e-01 6.288128000e+00 
2.814236000e-01 5.726757000e+00 
2.807782000e-01 5.727479000e+00 
9.688211000e-01 5.613055000e+00 
2.818947000e-01 5.703992000e+00 
9.154584000e-01 5.622773000e+00 
2.844610000e-01 5.678185000e+00 
9.702635000e-01 5.507435000e+00 
2.807754000e-01 5.755761000e+00 
9.048207000e-01 5.648678000e+00 

2.807753000e-01 5.945317000e+00 
2.807782000e-01 5.812501000e+00 
2.807754000e-01 5.818328000e+00 
9.657102000e-01 5.704402000e+00 
9.720256000e-01 5.616367000e+00 
2.807797000e-01 5.724822000e+00 

2.807818000e-01 5.902289000e+00 
2.821535000e-01 5.872638000e+00 
2.807753000e-01 6.536482000e+00 
2.807790000e-01 6.044451000e+00 
2.807755000e-01 6.153946000e+00 
6.697381000e-01 5.778083000e+00 
2.807836000e-01 5.872824000e+00 
2.807808000e-01 5.906496000e+00 
2.807806000e-01 5.945663000e+00 
2.807791000e-01 5.974825000e+00 
9.999520000e-01 5.721461000e+00 
8.905710000e-01 5.732898000e+00 

2.807779000e-01 5.732851000e+00 
2.807755000e-01 5.801795000e+00 
2.807753000e-01 5.871222000e+00 
2.926229000e-01 5.526648000e+00 
2.807767000e-01 5.774356000e+00 
7.397353000e-01 5.461316000e+00 
2.807816000e-01 5.700013000e+00 
7.384042000e-01 5.508639000e+00 
2.810242000e-01 5.577624000e+00 
2.807888000e-01 5.668324000e+00 
2.807822000e-01 5.678388000e+00 
2.809021000e-01 5.623099000e+00 
2.845182000e-01 5.574330000e+00 
2.808194000e-01 5.662247000e+00 

