2.824386000e-01 7.416618000e+00 
2.828620000e-01 7.368305000e+00 
2.836594000e-01 7.337586000e+00 
2.807753000e-01 7.635763000e+00 
2.807756000e-01 7.591657000e+00 
2.848708000e-01 7.291226000e+00 
9.978689000e-01 7.247954000e+00 
2.860351000e-01 7.259559000e+00 
2.813188000e-01 7.440872000e+00 

3.248798000e-01 7.268185000e+00 
2.808045000e-01 7.526919000e+00 
2.881351000e-01 7.394082000e+00 
2.807755000e-01 7.700467000e+00 
2.809995000e-01 7.397442000e+00 
2.808799000e-01 7.511177000e+00 
2.809914000e-01 7.508700000e+00 
2.807756000e-01 7.536567000e+00 

2.807764000e-01 7.557179000e+00 
2.819084000e-01 7.236198000e+00 
2.807768000e-01 7.412781000e+00 
9.892014000e-01 7.182144000e+00 
2.807753000e-01 7.653675000e+00 
2.819086000e-01 7.221823000e+00 
2.808685000e-01 7.383995000e+00 
2.819569000e-01 7.198719000e+00 

2.807780000e-01 7.747713000e+00 
3.003169000e-01 7.407815000e+00 
2.807753000e-01 7.777964000e+00 
2.808112000e-01 7.499357000e+00 
2.807783000e-01 7.517356000e+00 
2.884009000e-01 7.439284000e+00 
2.954149000e-01 7.430083000e+00 
3.763219000e-01 7.345804000e+00 
2.810232000e-01 7.473290000e+00 

2.808059000e-01 7.391344000e+00 
2.808507000e-01 7.313460000e+00 
2.807755000e-01 7.518761000e+00 
2.807753000e-01 7.914518000e+00 
2.807800000e-01 7.418632000e+00 
2.808677000e-01 7.163589000e+00 
9.675728000e-01 6.995081000e+00 

2.807754000e-01 8.199549000e+00 
2.811153000e-01 7.407337000e+00 
2.807766000e-01 7.418564000e+00 
2.829256000e-01 7.340062000e+00 
2.807758000e-01 7.691367000e+00 
2.815065000e-01 7.349234000e+00 
2.841460000e-01 7.278107000e+00 
1.000000000e+00 7.272185000e+00 

2.830969000e-01 7.378617000e+00 
2.808263000e-01 7.518805000e+00 
9.921048000e-01 7.265938000e+00 
2.807753000e-01 7.761366000e+00 
6.885282000e-01 7.280520000e+00 
2.807754000e-01 7.706603000e+00 
2.807798000e-01 7.601391000e+00 
2.807842000e-01 7.574366000e+00 
2.807758000e-01 7.607220000e+00 
2.809894000e-01 7.486602000e+00 
3.125764000e-01 7.339665000e+00 

2.952606000e-01 7.328305000e+00 
2.813198000e-01 7.334515000e+00 
2.809180000e-01 7.347651000e+00 
2.807847000e-01 7.378791000e+00 
2.807753000e-01 7.531419000e+00 
2.808049000e-01 7.351593000e+00 
2.807754000e-01 7.398322000e+00 
3.754930000e-01 7.314253000e+00 
2.820082000e-01 7.334382000e+00 
9.976811000e-01 7.228735000e+00 

