6.484940000e-01 4.824670000e+00 
2.807753000e-01 5.029823000e+00 
9.323766000e-01 4.755263000e+00 
8.678643000e-01 4.790169000e+00 
8.066475000e-01 4.806001000e+00 
9.812805000e-01 4.740061000e+00 
8.210335000e-01 4.805024000e+00 
7.984858000e-01 4.812658000e+00 
2.807760000e-01 5.013985000e+00 
2.807829000e-01 4.902315000e+00 
5.668484000e-01 4.862218000e+00 
7.635083000e-01 4.824326000e+00 

6.853803000e-01 4.909923000e+00 
2.807758000e-01 5.042089000e+00 
2.807753000e-01 5.191956000e+00 
8.304833000e-01 4.812266000e+00 
6.554815000e-01 4.919124000e+00 
2.812316000e-01 4.996812000e+00 
2.807755000e-01 5.095730000e+00 
2.886096000e-01 4.969092000e+00 
6.526274000e-01 4.931070000e+00 
2.807757000e-01 5.063601000e+00 
5.975457000e-01 4.938356000e+00 
2.807761000e-01 5.017865000e+00 
7.053849000e-01 4.846574000e+00 
2.873612000e-01 4.988443000e+00 

9.245910000e-01 4.998813000e+00 
2.807754000e-01 5.626074000e+00 
2.926366000e-01 5.163782000e+00 
8.352922000e-01 5.088734000e+00 
8.901246000e-01 5.046400000e+00 
2.807849000e-01 5.227172000e+00 
2.807753000e-01 5.729769000e+00 
3.010964000e-01 5.118467000e+00 
2.807757000e-01 5.268622000e+00 
8.543800000e-01 5.087686000e+00 
8.809720000e-01 5.062843000e+00 
9.681837000e-01 4.992220000e+00 
2.808099000e-01 5.207348000e+00 
6.216643000e-01 5.101390000e+00 
2.808437000e-01 5.164048000e+00 

9.801461000e-01 4.899888000e+00 
2.807753000e-01 5.528856000e+00 
2.807762000e-01 5.297253000e+00 
2.807755000e-01 5.453659000e+00 
2.807772000e-01 5.057363000e+00 
2.807769000e-01 5.198396000e+00 
9.843685000e-01 4.894387000e+00 
8.348235000e-01 4.913230000e+00 
6.367675000e-01 4.990927000e+00 
7.671712000e-01 4.967020000e+00 
3.016597000e-01 5.033982000e+00 
9.943710000e-01 4.887178000e+00 
9.956452000e-01 4.852805000e+00 
7.794994000e-01 4.917785000e+00 
2.817128000e-01 5.050267000e+00 

7.157927000e-01 4.848991000e+00 
2.809246000e-01 4.999921000e+00 
2.807767000e-01 5.075646000e+00 
2.807753000e-01 5.119085000e+00 
7.142780000e-01 4.926516000e+00 
2.807920000e-01 5.061437000e+00 
2.808042000e-01 5.037871000e+00 
2.807756000e-01 5.090973000e+00 
2.807859000e-01 5.074673000e+00 
2.808080000e-01 5.027869000e+00 
2.809618000e-01 4.933414000e+00 

2.807771000e-01 5.415402000e+00 
2.807754000e-01 5.493891000e+00 
8.197501000e-01 4.951413000e+00 
2.808608000e-01 5.106797000e+00 
2.807753000e-01 5.709258000e+00 
2.807756000e-01 5.460721000e+00 
2.807772000e-01 5.216134000e+00 
7.351806000e-01 4.999103000e+00 
8.588130000e-01 4.909839000e+00 
2.807797000e-01 5.196368000e+00 
2.842530000e-01 5.050839000e+00 
8.377285000e-01 4.941708000e+00 
7.477118000e-01 4.989968000e+00 
2.853220000e-01 5.046394000e+00 
2.836617000e-01 5.069283000e+00 
8.021845000e-01 4.959823000e+00 
2.807809000e-01 5.123209000e+00 
2.809642000e-01 5.087602000e+00 
9.803421000e-01 4.903039000e+00 
6.893169000e-01 5.034055000e+00 
2.830788000e-01 5.081771000e+00 

2.807754000e-01 5.265968000e+00 
2.807753000e-01 5.350052000e+00 
8.019638000e-01 5.145139000e+00 
2.812495000e-01 5.238549000e+00 
7.650863000e-01 5.155436000e+00 
8.476808000e-01 5.058187000e+00 
5.932272000e-01 5.164362000e+00 
2.814415000e-01 5.236522000e+00 
2.814519000e-01 5.235495000e+00 
8.766241000e-01 5.023181000e+00 
2.835983000e-01 5.225500000e+00 
8.233198000e-01 5.122295000e+00 

