6.450799000e-01 3.920377000e+00 
9.733526000e-01 3.822193000e+00 
7.973994000e-01 3.869659000e+00 
2.807753000e-01 4.277310000e+00 
5.562926000e-01 3.926431000e+00 
6.735949000e-01 3.914780000e+00 
2.807786000e-01 4.121024000e+00 
6.413039000e-01 3.925327000e+00 
2.807841000e-01 4.003643000e+00 
7.750178000e-01 3.911473000e+00 
2.807758000e-01 4.145802000e+00 
2.807756000e-01 4.195801000e+00 
9.275595000e-01 3.857634000e+00 
9.998869000e-01 3.778289000e+00 
2.807803000e-01 4.104484000e+00 

2.808391000e-01 4.267802000e+00 
2.807766000e-01 4.378708000e+00 
2.807753000e-01 5.191956000e+00 
2.807754000e-01 4.626302000e+00 
2.807758000e-01 4.619230000e+00 
5.648818000e-01 4.096237000e+00 
6.480484000e-01 4.093690000e+00 
2.809437000e-01 4.250571000e+00 
8.405250000e-01 4.024012000e+00 
2.809146000e-01 4.263613000e+00 
8.430130000e-01 4.021272000e+00 
2.808607000e-01 4.266353000e+00 
2.807917000e-01 4.320818000e+00 
5.540721000e-01 4.118501000e+00 
2.808049000e-01 4.294580000e+00 
4.869463000e-01 4.120619000e+00 
9.451514000e-01 3.949022000e+00 
2.822667000e-01 4.157884000e+00 
8.728095000e-01 4.018810000e+00 
3.230110000e-01 4.153133000e+00 
7.195811000e-01 4.047905000e+00 
8.728229000e-01 4.002531000e+00 
7.182776000e-01 4.059592000e+00 
2.810806000e-01 4.203806000e+00 

2.807753000e-01 5.729769000e+00 
2.807785000e-01 4.490698000e+00 
5.373739000e-01 4.361297000e+00 
8.097887000e-01 4.281378000e+00 
8.846442000e-01 4.246350000e+00 
8.004710000e-01 4.311799000e+00 
2.808195000e-01 4.384182000e+00 
2.808083000e-01 4.445545000e+00 
8.015813000e-01 4.304393000e+00 
8.015298000e-01 4.306719000e+00 
9.551337000e-01 4.245623000e+00 
2.807755000e-01 4.494725000e+00 
2.807754000e-01 4.847595000e+00 
9.781922000e-01 4.223517000e+00 
9.770985000e-01 4.224681000e+00 
5.428532000e-01 4.325474000e+00 
2.807799000e-01 4.460558000e+00 
9.650981000e-01 4.239120000e+00 
6.712908000e-01 4.314221000e+00 

8.468626000e-01 3.978603000e+00 
2.923870000e-01 4.151750000e+00 
8.032781000e-01 3.990071000e+00 
2.835172000e-01 4.175084000e+00 
2.874319000e-01 4.168556000e+00 
2.807753000e-01 4.476776000e+00 
2.807754000e-01 4.296974000e+00 
2.860054000e-01 4.169424000e+00 
2.808000000e-01 4.176815000e+00 
7.330573000e-01 3.998957000e+00 
2.807805000e-01 4.210156000e+00 
9.737538000e-01 3.958143000e+00 
2.807789000e-01 4.266502000e+00 
4.696647000e-01 4.095450000e+00 
8.430666000e-01 3.982688000e+00 

5.860067000e-01 4.042198000e+00 
4.084682000e-01 4.101715000e+00 
2.808290000e-01 4.158011000e+00 
2.807753000e-01 4.790643000e+00 
9.985764000e-01 3.918415000e+00 
3.290327000e-01 4.109623000e+00 
2.807754000e-01 4.257289000e+00 
8.099534000e-01 3.976108000e+00 
6.042152000e-01 4.029711000e+00 
8.264541000e-01 3.948163000e+00 
7.988878000e-01 4.013890000e+00 
7.898842000e-01 4.020924000e+00 
5.508056000e-01 4.098304000e+00 
7.901042000e-01 4.017261000e+00 
5.790744000e-01 4.061687000e+00 
2.938399000e-01 4.133485000e+00 
8.915819000e-01 3.927711000e+00 
3.022496000e-01 4.132563000e+00 
7.990366000e-01 3.992294000e+00 
8.086462000e-01 3.985906000e+00 
8.746970000e-01 3.933509000e+00 
2.808062000e-01 4.177635000e+00 
8.118718000e-01 3.969536000e+00 
2.809017000e-01 4.142361000e+00 
2.831688000e-01 4.140901000e+00 
8.311163000e-01 3.936792000e+00 
7.280214000e-01 4.029170000e+00 
9.998517000e-01 3.914829000e+00 

5.288286000e-01 4.155125000e+00 
2.807753000e-01 4.609812000e+00 
9.685152000e-01 3.980335000e+00 
5.864597000e-01 4.118307000e+00 
9.880787000e-01 3.975982000e+00 
9.488198000e-01 4.022191000e+00 
9.565353000e-01 3.988977000e+00 
8.135252000e-01 4.055342000e+00 
9.954606000e-01 3.949041000e+00 
2.807761000e-01 4.331057000e+00 
7.548574000e-01 4.068375000e+00 
2.809715000e-01 4.236593000e+00 
2.807755000e-01 4.373674000e+00 
2.815044000e-01 4.206810000e+00 
2.807756000e-01 4.361512000e+00 
2.816615000e-01 4.161751000e+00 
2.808879000e-01 4.238666000e+00 
5.320922000e-01 4.135282000e+00 
8.216825000e-01 4.055133000e+00 
6.347677000e-01 4.106085000e+00 
4.812750000e-01 4.156808000e+00 
7.075430000e-01 4.079158000e+00 
2.808351000e-01 4.277368000e+00 
8.397245000e-01 4.027160000e+00 
2.815929000e-01 4.182614000e+00 

2.807810000e-01 4.428918000e+00 
2.807934000e-01 4.410328000e+00 
2.807763000e-01 4.489961000e+00 
2.807955000e-01 4.352363000e+00 
9.996210000e-01 4.086619000e+00 
2.807753000e-01 4.533419000e+00 
2.808334000e-01 4.328225000e+00 
2.810357000e-01 4.319728000e+00 
2.807757000e-01 4.523002000e+00 
2.807826000e-01 4.419071000e+00 
4.472049000e-01 4.216573000e+00 
2.823556000e-01 4.297963000e+00 
2.807765000e-01 4.436438000e+00 
6.101661000e-01 4.184908000e+00 
7.461675000e-01 4.124539000e+00 
2.812512000e-01 4.303130000e+00 
2.807973000e-01 4.343363000e+00 
8.378214000e-01 4.114601000e+00 
9.999885000e-01 4.061695000e+00 
8.910406000e-01 4.106845000e+00 
2.832849000e-01 4.292940000e+00 
2.812219000e-01 4.309314000e+00 

