3.212155000e-01 7.964253000e+00 
2.808098000e-01 8.054061000e+00 
9.137276000e-01 7.873005000e+00 
2.807754000e-01 8.440098000e+00 
9.948114000e-01 7.841634000e+00 
2.808848000e-01 8.029079000e+00 
8.274345000e-01 7.880697000e+00 
2.820392000e-01 8.012249000e+00 
2.807756000e-01 8.170888000e+00 
3.034248000e-01 7.974213000e+00 
3.218500000e-01 7.897848000e+00 
2.807921000e-01 8.160694000e+00 

2.809274000e-01 8.013949000e+00 
9.259956000e-01 7.780612000e+00 
5.105199000e-01 7.896670000e+00 
3.430020000e-01 7.984945000e+00 
7.338690000e-01 7.882515000e+00 
2.825635000e-01 7.988527000e+00 
8.567064000e-01 7.870398000e+00 
2.807960000e-01 8.291258000e+00 
2.807829000e-01 8.314985000e+00 
2.808727000e-01 8.159533000e+00 
2.808728000e-01 8.087198000e+00 
9.988806000e-01 7.730778000e+00 
2.810355000e-01 8.011403000e+00 

3.410950000e-01 7.897671000e+00 
3.420933000e-01 7.852031000e+00 
3.006808000e-01 7.937569000e+00 
2.877451000e-01 7.938351000e+00 
2.807753000e-01 8.349423000e+00 
9.693693000e-01 7.788690000e+00 
2.812243000e-01 7.992379000e+00 
9.501506000e-01 7.806591000e+00 
2.808489000e-01 8.036880000e+00 
9.473947000e-01 7.842548000e+00 
9.866583000e-01 7.700159000e+00 
2.807765000e-01 8.083490000e+00 

2.862148000e-01 7.959372000e+00 
2.868708000e-01 7.841581000e+00 
2.807820000e-01 8.032265000e+00 

2.808067000e-01 8.063418000e+00 
2.807891000e-01 8.191452000e+00 
5.412918000e-01 7.902427000e+00 
2.807811000e-01 8.281501000e+00 
4.407975000e-01 7.959522000e+00 
9.864491000e-01 7.747561000e+00 
2.852055000e-01 8.007745000e+00 
2.954553000e-01 7.984451000e+00 
8.891643000e-01 7.820003000e+00 
2.807761000e-01 8.301317000e+00 
2.832157000e-01 8.013082000e+00 

8.193530000e-01 7.817757000e+00 
2.807914000e-01 8.065531000e+00 
6.310521000e-01 7.833000000e+00 
2.807754000e-01 8.199549000e+00 
9.451784000e-01 7.786293000e+00 
2.822281000e-01 7.937499000e+00 
2.807794000e-01 8.197762000e+00 
9.999979000e-01 7.778235000e+00 
3.838286000e-01 7.863194000e+00 

2.807795000e-01 8.231354000e+00 
2.807761000e-01 8.385522000e+00 
9.933903000e-01 7.778141000e+00 
3.530072000e-01 7.855001000e+00 
2.810461000e-01 8.088722000e+00 
2.807822000e-01 8.198690000e+00 
2.896132000e-01 7.928900000e+00 
2.807779000e-01 8.251230000e+00 
2.820360000e-01 7.986301000e+00 
2.807851000e-01 8.103756000e+00 
2.808019000e-01 8.099932000e+00 

2.808850000e-01 8.085793000e+00 
2.811306000e-01 8.059858000e+00 
2.807846000e-01 8.160733000e+00 
2.838758000e-01 7.831329000e+00 
2.807755000e-01 8.195502000e+00 
2.809073000e-01 8.072588000e+00 
2.838719000e-01 7.934718000e+00 
9.650962000e-01 7.784972000e+00 
2.818760000e-01 8.016850000e+00 

