6.429257000e-01 3.142429000e+00 
2.807756000e-01 3.387693000e+00 
2.807933000e-01 3.280228000e+00 
9.069375000e-01 3.011373000e+00 
2.807805000e-01 3.362358000e+00 
6.861065000e-01 3.109250000e+00 
5.052552000e-01 3.197609000e+00 
5.666216000e-01 3.166443000e+00 
2.807893000e-01 3.310648000e+00 
8.405480000e-01 3.097922000e+00 
8.615532000e-01 3.089562000e+00 
9.950063000e-01 2.985193000e+00 
2.807753000e-01 3.631489000e+00 
2.821979000e-01 3.236879000e+00 
2.807930000e-01 3.294401000e+00 
2.808228000e-01 3.269193000e+00 
8.584936000e-01 3.092944000e+00 
8.366042000e-01 3.098727000e+00 
2.807784000e-01 3.367370000e+00 
2.813228000e-01 3.257454000e+00 
7.925430000e-01 3.103504000e+00 
4.796043000e-01 3.215096000e+00 
8.669688000e-01 3.055949000e+00 
8.634454000e-01 3.078009000e+00 
4.778262000e-01 3.222714000e+00 
9.319224000e-01 2.990915000e+00 

2.807755000e-01 3.817478000e+00 
2.807776000e-01 3.477172000e+00 
7.868622000e-01 3.281836000e+00 
9.562206000e-01 3.194033000e+00 
8.471484000e-01 3.268527000e+00 
9.254032000e-01 3.225995000e+00 
2.808250000e-01 3.442118000e+00 
2.807753000e-01 3.881897000e+00 
9.530583000e-01 3.194474000e+00 
2.813045000e-01 3.414870000e+00 
2.807836000e-01 3.473578000e+00 
8.527590000e-01 3.258892000e+00 
6.239714000e-01 3.310675000e+00 
9.201068000e-01 3.254071000e+00 
8.389296000e-01 3.278162000e+00 
6.198164000e-01 3.373708000e+00 

2.807753000e-01 5.729769000e+00 
2.807754000e-01 3.828404000e+00 
9.983647000e-01 3.351271000e+00 
2.807776000e-01 3.751177000e+00 
2.808407000e-01 3.622076000e+00 
8.599848000e-01 3.475387000e+00 
2.807870000e-01 3.643268000e+00 
6.172501000e-01 3.555798000e+00 
6.357771000e-01 3.546820000e+00 
2.807788000e-01 3.727109000e+00 
6.462682000e-01 3.534615000e+00 
8.633058000e-01 3.463418000e+00 
7.329570000e-01 3.528833000e+00 
2.807764000e-01 3.761126000e+00 
5.435675000e-01 3.584488000e+00 
7.826292000e-01 3.504103000e+00 
8.647206000e-01 3.392183000e+00 
2.808579000e-01 3.591209000e+00 
4.455683000e-01 3.588533000e+00 
8.238050000e-01 3.488764000e+00 
7.149130000e-01 3.533837000e+00 

2.808096000e-01 3.482390000e+00 
2.808342000e-01 3.457130000e+00 
7.664499000e-01 3.268330000e+00 
7.890574000e-01 3.228017000e+00 
4.993810000e-01 3.365219000e+00 
5.420285000e-01 3.310797000e+00 
7.543313000e-01 3.279775000e+00 
9.911843000e-01 3.148056000e+00 
8.073673000e-01 3.202493000e+00 
2.831500000e-01 3.371205000e+00 
9.951848000e-01 3.106165000e+00 
5.586753000e-01 3.303187000e+00 
2.807753000e-01 3.489766000e+00 
2.808377000e-01 3.377843000e+00 
9.950453000e-01 3.141414000e+00 
5.101237000e-01 3.362296000e+00 
9.573676000e-01 3.168663000e+00 

8.069962000e-01 3.217503000e+00 
2.923341000e-01 3.335359000e+00 
2.807757000e-01 3.701767000e+00 
2.807753000e-01 4.790643000e+00 
9.657705000e-01 3.141884000e+00 
6.288654000e-01 3.278967000e+00 
2.807754000e-01 4.257289000e+00 
2.807794000e-01 3.533402000e+00 
6.232644000e-01 3.282933000e+00 
2.811890000e-01 3.449940000e+00 
2.807824000e-01 3.505223000e+00 
2.809315000e-01 3.478028000e+00 
2.817944000e-01 3.409808000e+00 
8.171899000e-01 3.205559000e+00 
9.557295000e-01 3.190508000e+00 
2.808193000e-01 3.486001000e+00 
2.838021000e-01 3.392953000e+00 
5.601568000e-01 3.334741000e+00 
7.568053000e-01 3.259865000e+00 
9.267311000e-01 3.196241000e+00 

2.807754000e-01 3.854617000e+00 
2.807753000e-01 4.609812000e+00 
8.497430000e-01 3.276687000e+00 
9.705104000e-01 3.212413000e+00 
5.616700000e-01 3.389888000e+00 
7.318204000e-01 3.315594000e+00 
2.807755000e-01 3.594850000e+00 
2.807761000e-01 3.568737000e+00 
2.815028000e-01 3.456006000e+00 
6.402470000e-01 3.378969000e+00 
8.080078000e-01 3.290171000e+00 
2.814074000e-01 3.468093000e+00 
9.793726000e-01 3.194478000e+00 
8.899225000e-01 3.229965000e+00 
2.837197000e-01 3.437218000e+00 
5.118478000e-01 3.405330000e+00 
7.254605000e-01 3.322594000e+00 
3.025406000e-01 3.413745000e+00 
2.807774000e-01 3.474123000e+00 
7.683345000e-01 3.303183000e+00 
6.567692000e-01 3.332045000e+00 
9.001730000e-01 3.216298000e+00 
8.737706000e-01 3.259208000e+00 

6.989921000e-01 3.524592000e+00 
2.807765000e-01 3.612598000e+00 
5.470029000e-01 3.562488000e+00 
4.568181000e-01 3.589987000e+00 
4.141572000e-01 3.608714000e+00 
6.989030000e-01 3.527938000e+00 
8.992592000e-01 3.395718000e+00 
6.984295000e-01 3.558722000e+00 
2.807763000e-01 3.712122000e+00 
7.404105000e-01 3.490722000e+00 
9.976722000e-01 3.344405000e+00 
7.879204000e-01 3.445344000e+00 
1.000000000e+00 3.326152000e+00 
2.807753000e-01 3.774284000e+00 
5.333806000e-01 3.582161000e+00 
7.149763000e-01 3.504246000e+00 
7.301745000e-01 3.502820000e+00 

