2.819945000e-01 6.726893000e+00 
2.816142000e-01 6.766982000e+00 
2.857873000e-01 6.685130000e+00 
2.807753000e-01 6.843139000e+00 
2.807757000e-01 6.785151000e+00 
2.812249000e-01 6.779054000e+00 

2.810616000e-01 6.846768000e+00 
2.807761000e-01 6.861996000e+00 
2.935253000e-01 6.678769000e+00 
2.810633000e-01 6.831157000e+00 
2.807753000e-01 6.908394000e+00 
2.811012000e-01 6.713713000e+00 
2.807755000e-01 6.902043000e+00 

9.923715000e-01 6.655169000e+00 
2.807754000e-01 7.499557000e+00 
2.807755000e-01 6.973353000e+00 
9.559380000e-01 6.722168000e+00 
2.807753000e-01 7.653675000e+00 
2.807759000e-01 6.737171000e+00 

2.807889000e-01 6.965669000e+00 
2.809361000e-01 6.958830000e+00 
2.807753000e-01 7.777964000e+00 
2.809350000e-01 6.962061000e+00 
2.807799000e-01 6.977634000e+00 
2.807867000e-01 6.974962000e+00 
2.807755000e-01 7.226737000e+00 
2.810728000e-01 6.766674000e+00 
2.809401000e-01 6.884994000e+00 

2.807753000e-01 6.900435000e+00 
2.807756000e-01 6.762419000e+00 
2.816614000e-01 6.679263000e+00 
2.808047000e-01 6.693776000e+00 

2.817154000e-01 6.677253000e+00 
2.807760000e-01 7.038805000e+00 
2.807753000e-01 7.289160000e+00 
2.807995000e-01 6.836849000e+00 
2.809482000e-01 6.696485000e+00 
2.808202000e-01 6.771226000e+00 
2.807848000e-01 7.011937000e+00 

2.807823000e-01 7.073902000e+00 
2.808432000e-01 6.880733000e+00 
2.807754000e-01 7.337176000e+00 
2.808220000e-01 6.921482000e+00 
9.124337000e-01 6.753528000e+00 
9.389597000e-01 6.680360000e+00 
2.807753000e-01 7.443334000e+00 
2.819556000e-01 6.805628000e+00 
2.807881000e-01 6.997925000e+00 
2.807777000e-01 7.087196000e+00 
2.807760000e-01 7.187343000e+00 

2.807755000e-01 6.979061000e+00 
2.808054000e-01 6.795659000e+00 
2.808258000e-01 6.750028000e+00 
2.807753000e-01 7.058496000e+00 
2.807768000e-01 6.819315000e+00 
9.997949000e-01 6.627518000e+00 
2.807756000e-01 6.942110000e+00 
2.811383000e-01 6.691387000e+00 
2.807766000e-01 6.893192000e+00 
2.807975000e-01 6.807269000e+00 

