9.952041000e-01 5.724835000e+00 
2.807754000e-01 5.891232000e+00 
2.807781000e-01 5.876587000e+00 
2.857182000e-01 5.807357000e+00 
2.824762000e-01 5.828032000e+00 
2.807753000e-01 6.006234000e+00 
2.818962000e-01 5.831620000e+00 
9.929936000e-01 5.745066000e+00 
2.807887000e-01 5.837601000e+00 

9.956765000e-01 5.725934000e+00 
2.807754000e-01 5.913342000e+00 
2.807850000e-01 5.864654000e+00 
2.807798000e-01 5.905139000e+00 
2.807753000e-01 5.967306000e+00 
2.812665000e-01 5.846767000e+00 

2.807753000e-01 6.273145000e+00 
2.807769000e-01 6.066812000e+00 
9.357207000e-01 5.847301000e+00 
2.807764000e-01 6.192551000e+00 
2.807761000e-01 6.211141000e+00 
2.807766000e-01 6.092188000e+00 
2.807765000e-01 6.110411000e+00 
9.922604000e-01 5.811337000e+00 
9.232498000e-01 5.954904000e+00 
9.903538000e-01 5.818060000e+00 
2.815716000e-01 5.965318000e+00 
2.807813000e-01 5.995677000e+00 
2.807881000e-01 5.988699000e+00 
9.324787000e-01 5.943743000e+00 

2.807785000e-01 6.817518000e+00 
2.807753000e-01 6.891155000e+00 
2.808051000e-01 6.067760000e+00 
2.807804000e-01 6.209669000e+00 
2.807793000e-01 6.228886000e+00 
2.807842000e-01 6.149890000e+00 
2.807837000e-01 6.197251000e+00 
2.807966000e-01 6.077161000e+00 
2.807832000e-01 6.202690000e+00 
2.807956000e-01 6.097244000e+00 
2.808065000e-01 5.991472000e+00 
2.807877000e-01 6.128037000e+00 
9.964384000e-01 5.900082000e+00 

2.807753000e-01 6.288128000e+00 
2.807786000e-01 5.975809000e+00 
9.487380000e-01 5.795296000e+00 
2.807754000e-01 6.038394000e+00 
2.807766000e-01 6.020961000e+00 
9.992372000e-01 5.723714000e+00 
2.817295000e-01 5.822793000e+00 
2.808514000e-01 5.904393000e+00 
2.808042000e-01 5.905140000e+00 
2.812168000e-01 5.888084000e+00 
2.813779000e-01 5.874062000e+00 
9.660859000e-01 5.737775000e+00 
9.700474000e-01 5.725471000e+00 
2.812135000e-01 5.892633000e+00 
2.807962000e-01 5.969540000e+00 

2.809319000e-01 5.936025000e+00 
2.807753000e-01 6.079591000e+00 
2.809946000e-01 5.920503000e+00 
2.807784000e-01 5.963709000e+00 
2.807757000e-01 5.997894000e+00 
2.807755000e-01 6.041467000e+00 
2.807754000e-01 6.064862000e+00 
9.808722000e-01 5.801196000e+00 
2.807854000e-01 5.951167000e+00 
2.807771000e-01 5.987345000e+00 

8.855882000e-01 5.930926000e+00 
2.810017000e-01 6.036503000e+00 
2.807753000e-01 6.536482000e+00 
2.809290000e-01 6.050138000e+00 
2.807864000e-01 6.137877000e+00 
9.816527000e-01 5.843398000e+00 
2.808512000e-01 6.051561000e+00 
2.807755000e-01 6.153946000e+00 
2.823098000e-01 6.009517000e+00 
2.816301000e-01 6.034727000e+00 
9.056130000e-01 5.897854000e+00 
2.824360000e-01 5.938788000e+00 
2.808032000e-01 6.064433000e+00 
8.922295000e-01 5.927849000e+00 
2.807929000e-01 6.081647000e+00 

2.807857000e-01 5.853352000e+00 
2.808674000e-01 5.792483000e+00 
2.807753000e-01 5.871222000e+00 
2.881210000e-01 5.771783000e+00 
2.808338000e-01 5.849356000e+00 
6.837126000e-01 5.764593000e+00 
7.399854000e-01 5.573339000e+00 
2.831788000e-01 5.790242000e+00 

