2.807753000e-01 5.848593000e+00 
9.916425000e-01 5.606203000e+00 
2.817900000e-01 5.760913000e+00 
9.914434000e-01 5.691206000e+00 
2.820443000e-01 5.755087000e+00 
2.807786000e-01 5.773015000e+00 
2.822613000e-01 5.708185000e+00 
2.807754000e-01 5.783831000e+00 

2.807761000e-01 5.842795000e+00 
2.807754000e-01 5.913342000e+00 
2.807923000e-01 5.774737000e+00 
2.807753000e-01 5.949007000e+00 
2.807834000e-01 5.794593000e+00 
9.920932000e-01 5.713405000e+00 
9.976748000e-01 5.676348000e+00 
9.862883000e-01 5.771824000e+00 

9.241202000e-01 5.753715000e+00 
2.815986000e-01 5.918367000e+00 
9.150080000e-01 5.808271000e+00 
2.807760000e-01 5.954796000e+00 
2.810700000e-01 5.932463000e+00 
2.807753000e-01 6.024110000e+00 
2.829949000e-01 5.901205000e+00 
2.889506000e-01 5.894342000e+00 
3.817244000e-01 5.836962000e+00 
2.807832000e-01 5.938132000e+00 

2.807785000e-01 6.817518000e+00 
2.807753000e-01 6.891155000e+00 
2.807877000e-01 6.128037000e+00 
2.807804000e-01 6.209669000e+00 
2.807793000e-01 6.228886000e+00 
2.807842000e-01 6.149890000e+00 
2.807837000e-01 6.197251000e+00 
2.808129000e-01 5.897188000e+00 
2.807832000e-01 6.202690000e+00 
2.808143000e-01 5.846768000e+00 
2.807947000e-01 6.011204000e+00 
2.807951000e-01 5.914542000e+00 

2.807753000e-01 6.288128000e+00 
2.807786000e-01 5.975809000e+00 
9.532907000e-01 5.738702000e+00 
2.807754000e-01 6.038394000e+00 
2.807766000e-01 6.020961000e+00 
2.807805000e-01 5.808932000e+00 
9.635996000e-01 5.678354000e+00 
9.997988000e-01 5.641665000e+00 
9.640636000e-01 5.658309000e+00 
2.819867000e-01 5.754761000e+00 

9.841165000e-01 5.738129000e+00 
2.807754000e-01 5.885917000e+00 
2.807769000e-01 5.847501000e+00 
9.774163000e-01 5.767296000e+00 
2.807753000e-01 5.977100000e+00 
2.810522000e-01 5.800786000e+00 

2.807796000e-01 5.994286000e+00 
2.816124000e-01 5.922468000e+00 
2.807753000e-01 6.536482000e+00 
2.807790000e-01 6.044451000e+00 
2.807839000e-01 5.937153000e+00 
9.816527000e-01 5.843398000e+00 
8.628422000e-01 5.884328000e+00 
2.807755000e-01 6.153946000e+00 
8.856919000e-01 5.849737000e+00 
9.827413000e-01 5.789334000e+00 
2.813737000e-01 5.928208000e+00 

2.847516000e-01 5.682890000e+00 
2.807791000e-01 5.802958000e+00 
2.807753000e-01 5.871222000e+00 
2.808654000e-01 5.739398000e+00 
7.065552000e-01 5.536793000e+00 
7.397353000e-01 5.461316000e+00 
2.807793000e-01 5.764424000e+00 
2.808127000e-01 5.762044000e+00 
2.810695000e-01 5.684094000e+00 
2.808473000e-01 5.747135000e+00 
6.835665000e-01 5.626612000e+00 
2.809919000e-01 5.716767000e+00 

