2.807773000e-01 6.566675000e+00 
2.807753000e-01 6.820608000e+00 
2.807754000e-01 6.658763000e+00 
2.807769000e-01 6.582381000e+00 
2.819611000e-01 6.479964000e+00 
2.816280000e-01 6.481629000e+00 

2.941462000e-01 6.625093000e+00 
2.807753000e-01 6.725844000e+00 
2.807764000e-01 6.630279000e+00 
2.807754000e-01 6.657663000e+00 

9.982061000e-01 6.453977000e+00 
2.807754000e-01 6.736208000e+00 
2.852353000e-01 6.492686000e+00 
2.807755000e-01 6.724850000e+00 
2.807753000e-01 7.653675000e+00 
9.970757000e-01 6.478168000e+00 
2.807759000e-01 6.583243000e+00 

2.807785000e-01 6.817518000e+00 
2.814505000e-01 6.632296000e+00 
2.807753000e-01 7.777964000e+00 
2.807755000e-01 7.226737000e+00 
2.807765000e-01 6.933551000e+00 
2.807840000e-01 6.652269000e+00 

2.808050000e-01 6.571395000e+00 
2.807753000e-01 6.696357000e+00 
2.807759000e-01 6.661076000e+00 
2.807754000e-01 6.668433000e+00 
2.812135000e-01 6.559048000e+00 
2.808008000e-01 6.571700000e+00 
2.807765000e-01 6.638272000e+00 
2.807986000e-01 6.574118000e+00 

2.807759000e-01 6.800897000e+00 
2.807861000e-01 6.704938000e+00 
2.807753000e-01 7.289160000e+00 
2.807772000e-01 6.785192000e+00 
2.807870000e-01 6.648103000e+00 
2.809980000e-01 6.506363000e+00 
2.808309000e-01 6.530091000e+00 

2.807823000e-01 7.073902000e+00 
2.811107000e-01 6.702515000e+00 
2.807754000e-01 7.337176000e+00 
2.809199000e-01 6.704714000e+00 
2.807756000e-01 7.092052000e+00 
2.807843000e-01 6.893894000e+00 
2.807753000e-01 7.443334000e+00 
6.609910000e-01 6.547411000e+00 
2.852245000e-01 6.563509000e+00 
2.807777000e-01 7.087196000e+00 
2.807846000e-01 6.762046000e+00 

9.999705000e-01 6.453249000e+00 
2.807753000e-01 6.764630000e+00 
2.807757000e-01 6.702041000e+00 
2.809516000e-01 6.492091000e+00 
2.807978000e-01 6.597789000e+00 
2.807766000e-01 6.639825000e+00 
2.808636000e-01 6.541712000e+00 

