2.818954000e-01 6.077681000e+00 
2.807760000e-01 6.289086000e+00 
2.807778000e-01 6.243365000e+00 
2.819554000e-01 6.044840000e+00 
2.807753000e-01 6.349262000e+00 
2.807819000e-01 6.110003000e+00 

2.807753000e-01 6.261212000e+00 
2.807755000e-01 6.235503000e+00 
2.807757000e-01 6.177067000e+00 
2.807783000e-01 6.140719000e+00 

2.807843000e-01 6.243142000e+00 
2.807753000e-01 6.404840000e+00 
2.807784000e-01 6.268533000e+00 
2.807757000e-01 6.304080000e+00 
9.733860000e-01 6.091576000e+00 
9.985999000e-01 6.076950000e+00 
9.684298000e-01 6.172644000e+00 
9.665537000e-01 6.177687000e+00 
2.807890000e-01 6.182929000e+00 

2.807785000e-01 6.817518000e+00 
2.807753000e-01 6.891155000e+00 
2.807852000e-01 6.427260000e+00 
2.807848000e-01 6.444141000e+00 
2.807794000e-01 6.649575000e+00 
2.808053000e-01 6.315144000e+00 
2.807860000e-01 6.357753000e+00 
2.814257000e-01 6.302435000e+00 
2.807823000e-01 6.481837000e+00 

2.807753000e-01 6.288128000e+00 
2.807755000e-01 6.267182000e+00 
2.826422000e-01 6.089401000e+00 
2.807864000e-01 6.247775000e+00 
2.808492000e-01 6.207879000e+00 
2.817152000e-01 6.117497000e+00 
2.808496000e-01 6.167367000e+00 
2.812447000e-01 6.132738000e+00 

2.807753000e-01 7.289160000e+00 
2.807776000e-01 6.233099000e+00 
2.807754000e-01 6.318808000e+00 
2.809184000e-01 6.172760000e+00 
2.807786000e-01 6.232383000e+00 

2.808072000e-01 6.364271000e+00 
2.809703000e-01 6.241302000e+00 
2.807753000e-01 6.536482000e+00 
2.807776000e-01 6.448078000e+00 
2.825833000e-01 6.200695000e+00 

2.807756000e-01 6.328845000e+00 
2.807753000e-01 6.764630000e+00 
9.991355000e-01 6.055049000e+00 
2.808561000e-01 6.107541000e+00 
9.996101000e-01 5.947212000e+00 
2.808134000e-01 6.222691000e+00 
2.807793000e-01 6.244450000e+00 
2.808354000e-01 6.167778000e+00 
2.808411000e-01 6.113696000e+00 
2.808074000e-01 6.240590000e+00 
2.807769000e-01 6.267491000e+00 
2.811238000e-01 6.085179000e+00 
2.808289000e-01 6.174880000e+00 

