5.594346000e-01 3.250043000e+00 
2.807756000e-01 3.387693000e+00 
9.712149000e-01 3.051915000e+00 
6.239007000e-01 3.217651000e+00 
2.807805000e-01 3.362358000e+00 
8.253038000e-01 3.147587000e+00 
9.708021000e-01 3.055772000e+00 
2.807904000e-01 3.342472000e+00 
9.982196000e-01 3.039144000e+00 
6.682626000e-01 3.185364000e+00 
8.870471000e-01 3.137888000e+00 
5.684479000e-01 3.221901000e+00 
2.807753000e-01 3.631489000e+00 
7.870277000e-01 3.149567000e+00 
4.886449000e-01 3.269585000e+00 
9.416159000e-01 3.072225000e+00 
6.577472000e-01 3.210606000e+00 
7.738328000e-01 3.171837000e+00 
2.807784000e-01 3.367370000e+00 
2.807933000e-01 3.280228000e+00 
8.927701000e-01 3.084943000e+00 
9.701927000e-01 3.058461000e+00 
9.762579000e-01 3.040042000e+00 

2.807755000e-01 3.817478000e+00 
6.086771000e-01 3.438710000e+00 
6.822089000e-01 3.434606000e+00 
2.812637000e-01 3.512492000e+00 
9.647208000e-01 3.240633000e+00 
2.807788000e-01 3.688187000e+00 
5.866123000e-01 3.454229000e+00 
2.807753000e-01 3.881897000e+00 
2.808958000e-01 3.521193000e+00 
9.581344000e-01 3.284241000e+00 
6.293554000e-01 3.436209000e+00 
2.808549000e-01 3.553059000e+00 
2.807853000e-01 3.665308000e+00 
7.803275000e-01 3.397383000e+00 
7.606253000e-01 3.420298000e+00 
2.825383000e-01 3.491910000e+00 
2.808430000e-01 3.588323000e+00 
2.808136000e-01 3.650645000e+00 
2.808503000e-01 3.581329000e+00 
2.863148000e-01 3.457911000e+00 
9.593619000e-01 3.255890000e+00 
8.943530000e-01 3.318362000e+00 
9.143332000e-01 3.304346000e+00 
7.856814000e-01 3.326435000e+00 
7.249022000e-01 3.427725000e+00 

2.807753000e-01 5.729769000e+00 
2.807754000e-01 3.828404000e+00 
6.934226000e-01 3.609538000e+00 
2.807776000e-01 3.751177000e+00 
4.990178000e-01 3.619419000e+00 
8.929110000e-01 3.539870000e+00 
8.740017000e-01 3.550176000e+00 
2.809869000e-01 3.719474000e+00 
9.367518000e-01 3.502497000e+00 
2.807788000e-01 3.727109000e+00 
8.509627000e-01 3.605254000e+00 
4.722052000e-01 3.669524000e+00 
2.839353000e-01 3.711467000e+00 
2.843410000e-01 3.687855000e+00 
9.163195000e-01 3.522158000e+00 

5.721513000e-01 3.378694000e+00 
2.866062000e-01 3.472607000e+00 
6.526385000e-01 3.373635000e+00 
2.808670000e-01 3.506977000e+00 
2.807755000e-01 3.795233000e+00 
2.807753000e-01 4.476776000e+00 
2.807754000e-01 4.296974000e+00 
7.296049000e-01 3.334723000e+00 
2.807852000e-01 3.544438000e+00 
4.737441000e-01 3.411252000e+00 
2.807757000e-01 3.793589000e+00 
5.637403000e-01 3.399642000e+00 
2.807767000e-01 3.577749000e+00 
9.978101000e-01 3.190306000e+00 
8.239627000e-01 3.302920000e+00 
2.807891000e-01 3.519223000e+00 
5.666478000e-01 3.387444000e+00 
9.945679000e-01 3.227988000e+00 
6.958814000e-01 3.349003000e+00 
2.813598000e-01 3.491161000e+00 
2.807831000e-01 3.554756000e+00 
8.915577000e-01 3.276157000e+00 
7.869878000e-01 3.316656000e+00 
5.312349000e-01 3.405404000e+00 
2.891257000e-01 3.427182000e+00 

2.807800000e-01 3.593887000e+00 
2.836070000e-01 3.466974000e+00 
2.807757000e-01 3.701767000e+00 
2.807753000e-01 4.790643000e+00 
3.954789000e-01 3.450333000e+00 
5.736556000e-01 3.428800000e+00 
2.807754000e-01 4.257289000e+00 
5.749738000e-01 3.411061000e+00 
2.821447000e-01 3.498995000e+00 
6.758982000e-01 3.349701000e+00 
2.807824000e-01 3.505223000e+00 
8.164347000e-01 3.325105000e+00 
2.813938000e-01 3.504998000e+00 
5.893547000e-01 3.408885000e+00 
6.669219000e-01 3.403485000e+00 
8.171899000e-01 3.205559000e+00 
9.421419000e-01 3.203576000e+00 
7.922975000e-01 3.333167000e+00 
3.761540000e-01 3.455195000e+00 

2.807754000e-01 3.854617000e+00 
2.807753000e-01 4.609812000e+00 
9.051879000e-01 3.325959000e+00 
7.037680000e-01 3.361746000e+00 
9.984473000e-01 3.287431000e+00 
6.964621000e-01 3.389045000e+00 
2.807755000e-01 3.594850000e+00 
9.482354000e-01 3.290652000e+00 
8.781343000e-01 3.340722000e+00 
3.119388000e-01 3.426789000e+00 
9.993042000e-01 3.286921000e+00 
9.291921000e-01 3.323024000e+00 
8.632284000e-01 3.347290000e+00 
2.807761000e-01 3.568737000e+00 
2.808166000e-01 3.491952000e+00 
2.818241000e-01 3.469800000e+00 
9.372203000e-01 3.303052000e+00 
8.885839000e-01 3.340048000e+00 
5.616700000e-01 3.389888000e+00 
9.994588000e-01 3.261636000e+00 

2.807753000e-01 3.848019000e+00 
7.796493000e-01 3.552520000e+00 
2.883265000e-01 3.685487000e+00 
7.358598000e-01 3.554128000e+00 
8.573519000e-01 3.532352000e+00 
2.884808000e-01 3.684420000e+00 
9.987007000e-01 3.429772000e+00 
9.993408000e-01 3.415654000e+00 
2.807763000e-01 3.712122000e+00 
9.981343000e-01 3.442051000e+00 
8.616444000e-01 3.478499000e+00 
7.311185000e-01 3.619367000e+00 
4.752234000e-01 3.619939000e+00 
4.536234000e-01 3.641673000e+00 
2.825277000e-01 3.694469000e+00 
3.127853000e-01 3.653550000e+00 
8.393248000e-01 3.536381000e+00 
2.833340000e-01 3.691831000e+00 

