2.807753000e-01 6.440434000e+00 
2.807844000e-01 6.279677000e+00 
2.861223000e-01 6.193784000e+00 
2.807760000e-01 6.343563000e+00 
2.816704000e-01 6.236603000e+00 
2.828913000e-01 6.206008000e+00 

2.807754000e-01 6.355246000e+00 
2.807753000e-01 6.460601000e+00 
2.807769000e-01 6.313601000e+00 

2.807762000e-01 6.365544000e+00 
2.807753000e-01 6.404840000e+00 
2.807784000e-01 6.268533000e+00 
9.978453000e-01 6.239620000e+00 

2.807785000e-01 6.817518000e+00 
2.807753000e-01 6.891155000e+00 
2.807983000e-01 6.469617000e+00 
2.808130000e-01 6.407109000e+00 
2.808116000e-01 6.424303000e+00 
2.807826000e-01 6.660947000e+00 
2.807823000e-01 6.688124000e+00 
2.807828000e-01 6.508728000e+00 
2.810376000e-01 6.403564000e+00 

2.807753000e-01 6.432836000e+00 
2.812960000e-01 6.182611000e+00 
2.807771000e-01 6.390842000e+00 
2.807905000e-01 6.390521000e+00 
2.808051000e-01 6.324636000e+00 
2.808026000e-01 6.329838000e+00 
2.808329000e-01 6.267148000e+00 
2.808252000e-01 6.298847000e+00 

2.807759000e-01 6.800897000e+00 
2.807786000e-01 6.467699000e+00 
2.807753000e-01 7.289160000e+00 
2.807772000e-01 6.785192000e+00 
2.821775000e-01 6.255975000e+00 
2.807787000e-01 6.411961000e+00 
2.809773000e-01 6.322581000e+00 
2.807794000e-01 6.384991000e+00 
2.807797000e-01 6.363363000e+00 
2.807780000e-01 6.470553000e+00 
2.815960000e-01 6.271336000e+00 
2.809687000e-01 6.341145000e+00 
2.808447000e-01 6.352960000e+00 

2.807753000e-01 6.551969000e+00 
2.807846000e-01 6.505184000e+00 
2.815397000e-01 6.331018000e+00 
2.809011000e-01 6.401459000e+00 
2.812460000e-01 6.384882000e+00 

2.807756000e-01 6.328845000e+00 
2.807753000e-01 6.764630000e+00 
2.808364000e-01 6.212977000e+00 
9.999824000e-01 6.092997000e+00 
9.995981000e-01 6.128012000e+00 
2.808134000e-01 6.222691000e+00 

