9.930362000e-01 4.583703000e+00 
2.807753000e-01 5.029823000e+00 
2.807783000e-01 4.919009000e+00 
6.313369000e-01 4.728400000e+00 
8.197906000e-01 4.681127000e+00 
2.807782000e-01 4.960891000e+00 
9.215311000e-01 4.626721000e+00 
2.811526000e-01 4.838262000e+00 
2.807760000e-01 5.013985000e+00 
2.861881000e-01 4.776280000e+00 
2.807786000e-01 4.864991000e+00 
4.569750000e-01 4.754810000e+00 
8.814588000e-01 4.675550000e+00 
8.471428000e-01 4.676902000e+00 
8.832693000e-01 4.659933000e+00 
2.879886000e-01 4.770374000e+00 
2.853115000e-01 4.792940000e+00 
8.888176000e-01 4.654177000e+00 
2.818864000e-01 4.828883000e+00 
2.807889000e-01 4.848512000e+00 
8.979419000e-01 4.634825000e+00 
7.552382000e-01 4.681649000e+00 
7.049635000e-01 4.688011000e+00 

5.026944000e-01 4.844266000e+00 
6.048877000e-01 4.798227000e+00 
2.807753000e-01 5.191956000e+00 
2.808725000e-01 4.886066000e+00 
2.807761000e-01 4.970557000e+00 
9.999911000e-01 4.674834000e+00 
5.595587000e-01 4.830531000e+00 
9.999988000e-01 4.653317000e+00 
2.869316000e-01 4.847251000e+00 
5.581617000e-01 4.839090000e+00 
9.600096000e-01 4.698709000e+00 
8.881638000e-01 4.701600000e+00 
7.521867000e-01 4.759638000e+00 
2.807755000e-01 4.974520000e+00 
7.863154000e-01 4.742645000e+00 
6.254338000e-01 4.784937000e+00 
2.807948000e-01 4.909060000e+00 
2.829997000e-01 4.873881000e+00 
9.999980000e-01 4.656075000e+00 
5.786062000e-01 4.821898000e+00 
7.897550000e-01 4.725702000e+00 
5.632879000e-01 4.825255000e+00 
2.811359000e-01 4.874333000e+00 
8.082286000e-01 4.722718000e+00 

2.807753000e-01 5.729769000e+00 
9.716508000e-01 4.846806000e+00 
6.589201000e-01 4.953380000e+00 
9.239425000e-01 4.862895000e+00 
8.844542000e-01 4.905701000e+00 
2.818901000e-01 4.993859000e+00 
2.807754000e-01 5.121825000e+00 
6.633134000e-01 4.933784000e+00 
9.069857000e-01 4.894672000e+00 
2.807844000e-01 5.088455000e+00 
9.190156000e-01 4.880949000e+00 
6.563538000e-01 4.991883000e+00 
6.896151000e-01 4.910860000e+00 
2.807872000e-01 5.029445000e+00 
6.564523000e-01 4.962287000e+00 
9.225585000e-01 4.879518000e+00 
9.297956000e-01 4.861196000e+00 
2.810243000e-01 5.021855000e+00 

2.873731000e-01 4.910018000e+00 
2.807753000e-01 5.528856000e+00 
2.807767000e-01 4.959099000e+00 
9.525482000e-01 4.757914000e+00 
5.941832000e-01 4.846126000e+00 
7.643167000e-01 4.793899000e+00 
9.882314000e-01 4.756416000e+00 
2.807755000e-01 5.096958000e+00 
9.914655000e-01 4.720686000e+00 
5.913938000e-01 4.864330000e+00 
5.111455000e-01 4.867175000e+00 
6.113620000e-01 4.813868000e+00 
2.807826000e-01 4.923218000e+00 

7.516828000e-01 4.752622000e+00 
2.808092000e-01 4.869616000e+00 
2.821046000e-01 4.830009000e+00 
2.807753000e-01 5.058036000e+00 
2.807764000e-01 4.896657000e+00 
7.215577000e-01 4.770925000e+00 
2.808817000e-01 4.861135000e+00 
9.395804000e-01 4.677315000e+00 
2.807754000e-01 5.009811000e+00 
2.807880000e-01 4.890232000e+00 
8.022647000e-01 4.714230000e+00 
2.807759000e-01 4.947447000e+00 
2.813841000e-01 4.849513000e+00 
6.400214000e-01 4.790109000e+00 
8.003038000e-01 4.748314000e+00 
6.901491000e-01 4.783179000e+00 

2.807760000e-01 4.931980000e+00 
2.807754000e-01 5.493891000e+00 
2.807757000e-01 5.032237000e+00 
6.915889000e-01 4.847040000e+00 
2.807753000e-01 5.709258000e+00 
2.807756000e-01 5.460721000e+00 
9.822586000e-01 4.676209000e+00 
6.840124000e-01 4.897824000e+00 
6.676371000e-01 4.898277000e+00 
9.782954000e-01 4.797027000e+00 
7.141558000e-01 4.805291000e+00 
2.809884000e-01 4.904205000e+00 

9.103769000e-01 4.917124000e+00 
2.807753000e-01 5.350052000e+00 
2.808328000e-01 5.052287000e+00 
8.677251000e-01 4.941819000e+00 
2.807983000e-01 5.126802000e+00 
8.390568000e-01 4.942118000e+00 
2.835739000e-01 5.026444000e+00 
2.807754000e-01 5.193528000e+00 
7.945198000e-01 4.946799000e+00 
2.807780000e-01 5.129665000e+00 
7.225409000e-01 4.999236000e+00 
7.658965000e-01 4.970618000e+00 
8.692558000e-01 4.938531000e+00 

