7.947206000e-01 2.815751000e+00 
4.617780000e-01 2.964529000e+00 
4.656752000e-01 2.963174000e+00 
2.808024000e-01 3.075428000e+00 
7.501166000e-01 2.846077000e+00 
6.085608000e-01 2.878721000e+00 
2.807753000e-01 3.164314000e+00 
9.655735000e-01 2.671786000e+00 
9.026874000e-01 2.762849000e+00 
7.554910000e-01 2.817192000e+00 
2.808069000e-01 3.063438000e+00 
8.261198000e-01 2.799400000e+00 
7.325350000e-01 2.851740000e+00 
2.807759000e-01 3.160843000e+00 
4.836022000e-01 2.955195000e+00 
3.940972000e-01 2.971136000e+00 
5.356240000e-01 2.927119000e+00 
8.195716000e-01 2.799553000e+00 
5.211741000e-01 2.941821000e+00 
2.807916000e-01 3.108813000e+00 
2.809095000e-01 3.040026000e+00 
4.742036000e-01 2.956980000e+00 
4.862945000e-01 2.952953000e+00 
8.551060000e-01 2.795675000e+00 
5.567959000e-01 2.886173000e+00 
2.894642000e-01 2.976544000e+00 
9.622300000e-01 2.689588000e+00 
9.133366000e-01 2.721131000e+00 
5.018256000e-01 2.948443000e+00 
2.809168000e-01 2.996884000e+00 
6.627207000e-01 2.852818000e+00 
2.851305000e-01 2.981832000e+00 
8.615933000e-01 2.783988000e+00 

9.635663000e-01 2.842405000e+00 
7.940527000e-01 2.906990000e+00 
7.257533000e-01 2.950688000e+00 
6.512416000e-01 2.976627000e+00 
6.548751000e-01 2.952240000e+00 
7.622083000e-01 2.913844000e+00 
2.807771000e-01 3.137092000e+00 
5.342567000e-01 3.069035000e+00 
5.101373000e-01 3.083448000e+00 
8.514893000e-01 2.864930000e+00 
2.926753000e-01 3.085534000e+00 
5.347634000e-01 3.055305000e+00 
2.807753000e-01 3.168936000e+00 
5.375144000e-01 3.047961000e+00 
7.464681000e-01 2.941341000e+00 
9.328897000e-01 2.853849000e+00 
2.809071000e-01 3.091196000e+00 
7.534577000e-01 2.924614000e+00 
2.842009000e-01 3.091185000e+00 
9.664876000e-01 2.785261000e+00 
9.478899000e-01 2.848302000e+00 
5.611381000e-01 3.020279000e+00 
8.826653000e-01 2.861553000e+00 

2.807753000e-01 5.729769000e+00 
2.807754000e-01 3.828404000e+00 
2.807763000e-01 3.358934000e+00 
7.830912000e-01 3.110731000e+00 
8.549982000e-01 3.100212000e+00 
6.659431000e-01 3.147853000e+00 
6.127961000e-01 3.203897000e+00 
2.918817000e-01 3.221730000e+00 
6.410026000e-01 3.201697000e+00 
9.454235000e-01 3.052604000e+00 
7.261551000e-01 3.130112000e+00 
4.844650000e-01 3.206689000e+00 
4.631878000e-01 3.213837000e+00 
9.372430000e-01 3.064150000e+00 
9.848517000e-01 3.000954000e+00 
2.808049000e-01 3.232072000e+00 
8.577939000e-01 3.080683000e+00 
9.890512000e-01 2.959074000e+00 
9.622608000e-01 3.002647000e+00 

6.076277000e-01 2.950086000e+00 
7.678303000e-01 2.907424000e+00 
6.054547000e-01 2.997233000e+00 
6.070097000e-01 2.976815000e+00 
5.980704000e-01 2.997621000e+00 
2.807837000e-01 3.119746000e+00 
9.566155000e-01 2.780285000e+00 
2.807754000e-01 3.377962000e+00 
2.807817000e-01 3.127576000e+00 
2.807922000e-01 3.114211000e+00 
8.408481000e-01 2.882625000e+00 
5.329239000e-01 3.006714000e+00 
2.807753000e-01 3.489766000e+00 
5.630233000e-01 3.004080000e+00 
2.807761000e-01 3.168836000e+00 
8.033756000e-01 2.890639000e+00 
2.807757000e-01 3.364530000e+00 
2.808606000e-01 3.106045000e+00 
2.936594000e-01 3.050729000e+00 
4.327476000e-01 3.035208000e+00 
8.618126000e-01 2.841879000e+00 
2.810186000e-01 3.066009000e+00 
9.626119000e-01 2.737698000e+00 
4.766863000e-01 3.032715000e+00 
7.418288000e-01 2.916510000e+00 
6.844271000e-01 2.934867000e+00 
9.139644000e-01 2.831386000e+00 
7.131846000e-01 2.919973000e+00 
2.853973000e-01 3.057784000e+00 

8.802702000e-01 2.883068000e+00 
7.470887000e-01 2.941288000e+00 
9.517431000e-01 2.849848000e+00 
9.759856000e-01 2.837530000e+00 
6.535802000e-01 2.992850000e+00 
7.949937000e-01 2.925820000e+00 
5.991562000e-01 3.045753000e+00 
2.807899000e-01 3.119965000e+00 
2.807753000e-01 3.341673000e+00 
9.793521000e-01 2.831019000e+00 
9.838411000e-01 2.817940000e+00 
7.251794000e-01 2.975010000e+00 
2.807761000e-01 3.144657000e+00 
6.239987000e-01 3.038677000e+00 
2.991070000e-01 3.074514000e+00 
8.636779000e-01 2.906106000e+00 
2.807754000e-01 3.255876000e+00 
3.655402000e-01 3.073302000e+00 
8.637500000e-01 2.883570000e+00 
9.274096000e-01 2.870065000e+00 
9.403669000e-01 2.860116000e+00 
2.818261000e-01 3.081373000e+00 
6.630025000e-01 2.980883000e+00 
7.539774000e-01 2.938173000e+00 
6.317076000e-01 3.005591000e+00 
8.088093000e-01 2.912710000e+00 
2.812036000e-01 3.114108000e+00 
5.042532000e-01 3.064659000e+00 
5.243511000e-01 3.049744000e+00 

2.807758000e-01 3.172098000e+00 
2.807753000e-01 4.609812000e+00 
7.018711000e-01 3.047618000e+00 
7.530811000e-01 3.009274000e+00 
5.136164000e-01 3.101600000e+00 
6.616701000e-01 3.064592000e+00 
2.807754000e-01 3.403495000e+00 
9.983854000e-01 2.861184000e+00 
2.809998000e-01 3.157822000e+00 
9.387835000e-01 2.901182000e+00 
4.185472000e-01 3.150136000e+00 
5.178352000e-01 3.082090000e+00 
6.977150000e-01 3.063512000e+00 
8.377692000e-01 3.000452000e+00 
4.543368000e-01 3.125611000e+00 
2.807755000e-01 3.199294000e+00 
6.651216000e-01 3.064465000e+00 
7.544285000e-01 3.002959000e+00 
6.374457000e-01 3.069883000e+00 
5.148870000e-01 3.098232000e+00 
8.660365000e-01 2.982337000e+00 
9.414420000e-01 2.900623000e+00 
4.277978000e-01 3.132717000e+00 
6.545737000e-01 3.066070000e+00 
9.460904000e-01 2.890340000e+00 
8.718283000e-01 2.916901000e+00 
5.952183000e-01 3.071130000e+00 
9.378347000e-01 2.908372000e+00 
7.236902000e-01 3.014648000e+00 
8.614893000e-01 2.986352000e+00 
8.693948000e-01 2.950460000e+00 

2.843188000e-01 3.303193000e+00 
8.155404000e-01 3.165688000e+00 
8.171379000e-01 3.133758000e+00 
4.755368000e-01 3.297707000e+00 
2.807756000e-01 3.513900000e+00 
9.420304000e-01 3.106939000e+00 
6.504527000e-01 3.181361000e+00 
7.419934000e-01 3.177934000e+00 
4.773152000e-01 3.291300000e+00 
7.710825000e-01 3.171115000e+00 
2.979098000e-01 3.301211000e+00 
2.807754000e-01 3.591007000e+00 
6.189969000e-01 3.226173000e+00 
2.807753000e-01 3.774284000e+00 
4.908260000e-01 3.269039000e+00 
2.809517000e-01 3.313824000e+00 
8.615794000e-01 3.109970000e+00 
9.509373000e-01 3.050909000e+00 
9.802288000e-01 3.036914000e+00 
5.197200000e-01 3.232825000e+00 
8.201294000e-01 3.117448000e+00 
2.807766000e-01 3.346225000e+00 
3.012343000e-01 3.300855000e+00 

