2.843331000e-01 5.094708000e+00 
5.750260000e-01 5.041368000e+00 
2.833031000e-01 5.123855000e+00 
2.814483000e-01 5.125109000e+00 
6.848465000e-01 5.002382000e+00 
2.807808000e-01 5.148596000e+00 
7.391073000e-01 4.971044000e+00 
2.807753000e-01 5.371555000e+00 
2.808139000e-01 5.127561000e+00 
2.808079000e-01 5.138917000e+00 
2.807772000e-01 5.161795000e+00 
5.598375000e-01 5.084233000e+00 
9.807360000e-01 4.896566000e+00 

2.809422000e-01 5.164960000e+00 
2.807753000e-01 5.576593000e+00 
7.762539000e-01 5.023829000e+00 
2.807755000e-01 5.414718000e+00 
7.333742000e-01 5.025815000e+00 
2.807759000e-01 5.276230000e+00 
2.813448000e-01 5.122962000e+00 
7.047611000e-01 5.105027000e+00 
2.807777000e-01 5.264349000e+00 
8.908551000e-01 5.011213000e+00 
2.807981000e-01 5.225493000e+00 
2.807897000e-01 5.240849000e+00 

6.316028000e-01 5.312892000e+00 
2.807754000e-01 5.626074000e+00 
2.807760000e-01 5.621567000e+00 
2.807761000e-01 5.578622000e+00 
5.673314000e-01 5.321901000e+00 
2.807893000e-01 5.407061000e+00 
2.807753000e-01 5.729769000e+00 
2.810687000e-01 5.381114000e+00 
2.807785000e-01 5.427788000e+00 
8.825926000e-01 5.244905000e+00 
2.813091000e-01 5.349497000e+00 
9.722836000e-01 5.221831000e+00 
7.153964000e-01 5.285892000e+00 
5.919421000e-01 5.316111000e+00 
7.788128000e-01 5.274175000e+00 
6.631807000e-01 5.309897000e+00 
7.811467000e-01 5.256845000e+00 

2.807791000e-01 5.277196000e+00 
2.807753000e-01 5.528856000e+00 
2.807762000e-01 5.297253000e+00 
2.807755000e-01 5.453659000e+00 
9.969238000e-01 5.069728000e+00 
9.870646000e-01 5.072971000e+00 
2.808303000e-01 5.253778000e+00 
2.808666000e-01 5.253105000e+00 
9.723574000e-01 5.114270000e+00 
7.681914000e-01 5.151170000e+00 
9.998943000e-01 5.030803000e+00 
9.969884000e-01 5.059730000e+00 
8.865115000e-01 5.128047000e+00 
9.761962000e-01 5.108054000e+00 
2.810977000e-01 5.152263000e+00 

2.807753000e-01 5.540987000e+00 
6.507169000e-01 5.156993000e+00 
2.808613000e-01 5.223048000e+00 
2.807774000e-01 5.315187000e+00 
2.807758000e-01 5.378813000e+00 
6.538546000e-01 5.123154000e+00 
7.357210000e-01 5.110280000e+00 
2.861054000e-01 5.210710000e+00 
2.807817000e-01 5.238689000e+00 
2.807793000e-01 5.239720000e+00 
2.816046000e-01 5.214375000e+00 
2.817647000e-01 5.210952000e+00 
7.631942000e-01 5.110079000e+00 
7.752334000e-01 5.037974000e+00 
8.727668000e-01 4.996778000e+00 
2.808223000e-01 5.228634000e+00 
2.866664000e-01 5.183429000e+00 

2.807771000e-01 5.415402000e+00 
2.807754000e-01 5.493891000e+00 
8.794886000e-01 5.128741000e+00 
2.810647000e-01 5.263063000e+00 
2.807753000e-01 5.709258000e+00 
2.809278000e-01 5.266521000e+00 
8.780076000e-01 5.162062000e+00 
2.807890000e-01 5.281410000e+00 
9.983364000e-01 5.068777000e+00 
8.846271000e-01 5.120568000e+00 
2.807756000e-01 5.460721000e+00 
8.910347000e-01 5.079713000e+00 
2.807849000e-01 5.311895000e+00 
8.710352000e-01 5.164754000e+00 
2.939938000e-01 5.227436000e+00 
8.344437000e-01 5.172759000e+00 
2.823615000e-01 5.227866000e+00 

2.807753000e-01 5.939019000e+00 
2.808961000e-01 5.454789000e+00 
8.337547000e-01 5.296400000e+00 
8.209128000e-01 5.297146000e+00 
9.717729000e-01 5.254770000e+00 
8.426547000e-01 5.292154000e+00 
7.882905000e-01 5.354542000e+00 
9.127232000e-01 5.277840000e+00 
2.807754000e-01 5.455510000e+00 
2.810162000e-01 5.377466000e+00 
7.808214000e-01 5.355099000e+00 
7.999170000e-01 5.349424000e+00 

9.741553000e-01 4.888299000e+00 
2.811203000e-01 5.001119000e+00 
2.830759000e-01 4.998477000e+00 
9.272355000e-01 4.902334000e+00 
6.747484000e-01 4.945236000e+00 
9.561636000e-01 4.888447000e+00 
6.562548000e-01 4.982863000e+00 
2.807753000e-01 5.091224000e+00 
9.786675000e-01 4.844530000e+00 

