2.809043000e-01 3.775917000e+00 
5.987786000e-01 3.692687000e+00 
9.826460000e-01 3.528122000e+00 
2.812282000e-01 3.759639000e+00 
2.807753000e-01 3.915988000e+00 
2.807787000e-01 3.788352000e+00 
2.807757000e-01 3.867768000e+00 
5.754765000e-01 3.695316000e+00 
5.438586000e-01 3.719697000e+00 
6.414544000e-01 3.648444000e+00 
9.863224000e-01 3.495010000e+00 
8.031029000e-01 3.627634000e+00 
8.030581000e-01 3.646132000e+00 
6.056642000e-01 3.681068000e+00 
2.808728000e-01 3.783634000e+00 
9.738370000e-01 3.554659000e+00 
2.812468000e-01 3.734566000e+00 

8.874126000e-01 3.846222000e+00 
2.807766000e-01 4.378708000e+00 
2.807753000e-01 5.191956000e+00 
2.807754000e-01 4.626302000e+00 
2.807758000e-01 4.619230000e+00 
7.572581000e-01 3.891860000e+00 
5.403065000e-01 3.954352000e+00 
2.807800000e-01 4.133649000e+00 
9.999864000e-01 3.794629000e+00 
9.071575000e-01 3.843754000e+00 
9.738141000e-01 3.819227000e+00 
2.808072000e-01 4.082652000e+00 
2.807771000e-01 4.142413000e+00 
8.595635000e-01 3.870802000e+00 
9.347574000e-01 3.836576000e+00 
9.999947000e-01 3.788568000e+00 
7.885071000e-01 3.883178000e+00 
8.605954000e-01 3.858159000e+00 
2.821013000e-01 4.010984000e+00 
5.645445000e-01 3.938735000e+00 
2.810201000e-01 4.041108000e+00 
7.743386000e-01 3.890259000e+00 
6.031692000e-01 3.898445000e+00 
5.128499000e-01 3.999849000e+00 
2.979872000e-01 4.000148000e+00 
9.977897000e-01 3.817539000e+00 
8.727273000e-01 3.856946000e+00 

2.807753000e-01 5.729769000e+00 
2.807754000e-01 4.847595000e+00 
2.821907000e-01 4.275182000e+00 
7.048400000e-01 4.121044000e+00 
8.961547000e-01 4.108599000e+00 
2.819642000e-01 4.288331000e+00 
7.047223000e-01 4.158519000e+00 
6.773772000e-01 4.174500000e+00 
2.813212000e-01 4.305892000e+00 
2.807758000e-01 4.407436000e+00 
9.508753000e-01 4.105786000e+00 
2.807755000e-01 4.494725000e+00 
2.817841000e-01 4.297551000e+00 
9.972437000e-01 4.011378000e+00 
2.859920000e-01 4.239378000e+00 
9.544227000e-01 4.104173000e+00 
9.593846000e-01 4.018161000e+00 
8.756945000e-01 4.115780000e+00 
7.433567000e-01 4.116296000e+00 
2.813056000e-01 4.307969000e+00 
2.807761000e-01 4.369858000e+00 
2.807804000e-01 4.322619000e+00 
2.812015000e-01 4.319772000e+00 
2.850087000e-01 4.266647000e+00 
2.853952000e-01 4.259205000e+00 
2.920021000e-01 4.193849000e+00 
6.492326000e-01 4.187277000e+00 
2.832423000e-01 4.269728000e+00 

7.639715000e-01 3.831327000e+00 
2.807759000e-01 4.232630000e+00 
7.648143000e-01 3.816018000e+00 
9.668950000e-01 3.769239000e+00 
6.671045000e-01 3.903616000e+00 
2.807753000e-01 4.476776000e+00 
2.807754000e-01 4.296974000e+00 
9.960890000e-01 3.722039000e+00 
9.756034000e-01 3.738005000e+00 
6.847860000e-01 3.889663000e+00 
5.719195000e-01 3.904515000e+00 
8.480859000e-01 3.803526000e+00 
8.250872000e-01 3.805117000e+00 
2.813972000e-01 3.949457000e+00 
9.333166000e-01 3.769730000e+00 
7.293882000e-01 3.850327000e+00 
2.807761000e-01 3.976061000e+00 
2.873628000e-01 3.907724000e+00 

9.980084000e-01 3.736749000e+00 
2.807826000e-01 4.026744000e+00 
8.079739000e-01 3.795936000e+00 
2.807753000e-01 4.790643000e+00 
2.807796000e-01 4.082337000e+00 
9.075352000e-01 3.738500000e+00 
2.807754000e-01 4.257289000e+00 
5.657373000e-01 3.832079000e+00 
9.053008000e-01 3.763198000e+00 
2.841009000e-01 3.923095000e+00 
4.577299000e-01 3.875172000e+00 
8.313749000e-01 3.765505000e+00 
2.807863000e-01 4.014611000e+00 
8.174952000e-01 3.777038000e+00 
6.777790000e-01 3.811587000e+00 
2.808480000e-01 4.010859000e+00 
2.808875000e-01 3.932614000e+00 
2.937266000e-01 3.910326000e+00 
9.987609000e-01 3.648722000e+00 

6.610874000e-01 3.913051000e+00 
2.807753000e-01 4.609812000e+00 
2.807755000e-01 4.373674000e+00 
9.741736000e-01 3.789960000e+00 
2.807785000e-01 4.173338000e+00 
5.605126000e-01 3.957299000e+00 
2.807859000e-01 4.107016000e+00 
2.807756000e-01 4.361512000e+00 
5.792627000e-01 3.939471000e+00 
2.807761000e-01 4.174599000e+00 
5.952871000e-01 3.936367000e+00 
6.141029000e-01 3.928502000e+00 
2.860140000e-01 3.965138000e+00 
2.809930000e-01 3.979871000e+00 
2.808374000e-01 4.025455000e+00 
8.469237000e-01 3.836533000e+00 
2.807862000e-01 4.026637000e+00 
8.939463000e-01 3.825887000e+00 
9.871600000e-01 3.786539000e+00 
7.531388000e-01 3.877092000e+00 
8.229409000e-01 3.844055000e+00 

6.858979000e-01 4.034787000e+00 
2.808510000e-01 4.139333000e+00 
2.807763000e-01 4.489961000e+00 
2.857556000e-01 4.117307000e+00 
2.807782000e-01 4.178015000e+00 
2.807753000e-01 4.533419000e+00 
8.044149000e-01 3.995000000e+00 
7.445992000e-01 4.002284000e+00 
2.807757000e-01 4.523002000e+00 
2.849259000e-01 4.118468000e+00 
9.999926000e-01 3.843767000e+00 
8.777092000e-01 3.887522000e+00 
2.807765000e-01 4.436438000e+00 
2.830656000e-01 4.121909000e+00 
8.573641000e-01 3.955017000e+00 
2.810903000e-01 4.128662000e+00 
2.808325000e-01 4.173024000e+00 
7.002375000e-01 4.012340000e+00 
9.998554000e-01 3.871553000e+00 
8.470801000e-01 3.990939000e+00 
3.074287000e-01 4.043497000e+00 

