2.847528000e-01 7.696263000e+00 
2.807753000e-01 8.127519000e+00 
8.549576000e-01 7.646988000e+00 
2.824289000e-01 7.767729000e+00 
2.825235000e-01 7.703990000e+00 
2.807754000e-01 8.022781000e+00 
2.821149000e-01 7.771706000e+00 
2.819921000e-01 7.803497000e+00 
2.807905000e-01 7.837189000e+00 
8.712019000e-01 7.541853000e+00 
2.807759000e-01 7.847485000e+00 

6.547078000e-01 7.627053000e+00 
8.789551000e-01 7.530077000e+00 
2.807756000e-01 8.054488000e+00 
2.807842000e-01 7.861926000e+00 
2.807841000e-01 7.957292000e+00 
2.808250000e-01 7.760378000e+00 
2.807855000e-01 7.850619000e+00 
2.808460000e-01 7.672756000e+00 
2.808068000e-01 7.829708000e+00 

2.807765000e-01 8.083490000e+00 
2.809741000e-01 7.788703000e+00 
2.807819000e-01 7.977382000e+00 
9.575397000e-01 7.611707000e+00 
2.807753000e-01 8.349423000e+00 
2.807789000e-01 8.048667000e+00 
2.807760000e-01 8.087371000e+00 
2.808070000e-01 7.923246000e+00 
9.173381000e-01 7.642915000e+00 
2.809052000e-01 7.832341000e+00 
2.813249000e-01 7.680108000e+00 
2.808304000e-01 7.877603000e+00 
2.809383000e-01 7.813816000e+00 
9.663624000e-01 7.574342000e+00 
2.811334000e-01 7.775094000e+00 
2.826841000e-01 7.657626000e+00 

2.807762000e-01 8.052802000e+00 
2.807756000e-01 8.062624000e+00 
2.867944000e-01 7.699658000e+00 
2.967843000e-01 7.657391000e+00 
2.807767000e-01 7.971425000e+00 
2.809619000e-01 7.772101000e+00 
2.807784000e-01 7.907371000e+00 

2.807766000e-01 8.137786000e+00 
2.816561000e-01 7.787394000e+00 
2.807871000e-01 7.956693000e+00 
9.840646000e-01 7.507079000e+00 
2.807761000e-01 8.301317000e+00 
2.827260000e-01 7.720706000e+00 
2.807773000e-01 7.991375000e+00 
2.808195000e-01 7.819434000e+00 
8.673782000e-01 7.586030000e+00 
2.808055000e-01 7.940026000e+00 
2.811357000e-01 7.806245000e+00 
6.630535000e-01 7.606112000e+00 
2.816550000e-01 7.795362000e+00 

2.807754000e-01 8.199549000e+00 
2.808109000e-01 7.745960000e+00 
2.807759000e-01 7.910894000e+00 
2.809837000e-01 7.705873000e+00 
3.090605000e-01 7.613322000e+00 
2.807758000e-01 8.072649000e+00 
9.999961000e-01 7.486328000e+00 
6.935304000e-01 7.600230000e+00 
8.765437000e-01 7.585697000e+00 
2.811281000e-01 7.673245000e+00 
2.823128000e-01 7.671681000e+00 
9.857338000e-01 7.550423000e+00 
2.807846000e-01 7.855078000e+00 

8.166314000e-01 7.699354000e+00 
2.807858000e-01 7.831588000e+00 
9.931103000e-01 7.615497000e+00 
2.807753000e-01 7.859119000e+00 
2.808688000e-01 7.721620000e+00 
2.807990000e-01 7.772784000e+00 
9.809057000e-01 7.691536000e+00 

2.807753000e-01 7.899415000e+00 
9.938998000e-01 7.589665000e+00 
2.807829000e-01 7.682782000e+00 
2.813479000e-01 7.682348000e+00 
2.807766000e-01 7.722309000e+00 
2.905230000e-01 7.680517000e+00 
2.928447000e-01 7.675230000e+00 
9.989164000e-01 7.539089000e+00 

