5.542339000e-01 3.149975000e+00 
2.807756000e-01 3.387693000e+00 
2.808590000e-01 3.218374000e+00 
4.663445000e-01 3.173381000e+00 
8.570979000e-01 3.005799000e+00 
4.901778000e-01 3.150010000e+00 
9.069457000e-01 2.959834000e+00 
6.396058000e-01 3.102560000e+00 
2.808991000e-01 3.174908000e+00 
8.366668000e-01 3.015586000e+00 
5.766990000e-01 3.148415000e+00 
4.797454000e-01 3.172461000e+00 
2.807753000e-01 3.631489000e+00 
2.807761000e-01 3.224223000e+00 
6.836786000e-01 3.090032000e+00 
5.925609000e-01 3.125571000e+00 
7.885944000e-01 3.040892000e+00 
6.992352000e-01 3.088209000e+00 
6.394089000e-01 3.111700000e+00 
5.778673000e-01 3.138319000e+00 
7.298047000e-01 3.080737000e+00 
9.910244000e-01 2.941840000e+00 
9.939306000e-01 2.902539000e+00 
8.574611000e-01 2.989098000e+00 

2.807755000e-01 3.817478000e+00 
7.632150000e-01 3.224020000e+00 
2.872259000e-01 3.351658000e+00 
9.691996000e-01 3.123262000e+00 
2.807773000e-01 3.448181000e+00 
8.944836000e-01 3.154686000e+00 
2.808199000e-01 3.431812000e+00 
2.807753000e-01 3.881897000e+00 
2.812325000e-01 3.373870000e+00 
7.094683000e-01 3.260556000e+00 
9.509062000e-01 3.153322000e+00 
2.813176000e-01 3.353594000e+00 
8.549708000e-01 3.167344000e+00 
8.800921000e-01 3.162467000e+00 
2.809055000e-01 3.393730000e+00 
2.807778000e-01 3.444732000e+00 
8.180423000e-01 3.200289000e+00 
6.514874000e-01 3.292542000e+00 
6.006410000e-01 3.310309000e+00 
6.303268000e-01 3.294712000e+00 

2.807753000e-01 5.729769000e+00 
2.807754000e-01 3.828404000e+00 
8.077160000e-01 3.408972000e+00 
2.807776000e-01 3.751177000e+00 
8.310580000e-01 3.405876000e+00 
8.566412000e-01 3.375786000e+00 
2.807870000e-01 3.643268000e+00 
9.754576000e-01 3.321321000e+00 
6.590527000e-01 3.437406000e+00 
2.807788000e-01 3.727109000e+00 
2.809187000e-01 3.575060000e+00 
2.807886000e-01 3.598372000e+00 
8.491767000e-01 3.401915000e+00 
2.807764000e-01 3.761126000e+00 
2.808503000e-01 3.586973000e+00 
8.615193000e-01 3.361514000e+00 
2.817300000e-01 3.574510000e+00 
6.028262000e-01 3.446376000e+00 
8.646390000e-01 3.337075000e+00 
4.622812000e-01 3.475765000e+00 
9.983170000e-01 3.294328000e+00 
2.870879000e-01 3.531606000e+00 
2.824158000e-01 3.545319000e+00 
9.758743000e-01 3.306505000e+00 
5.986346000e-01 3.460275000e+00 
9.634632000e-01 3.334937000e+00 
4.090277000e-01 3.522589000e+00 
2.824066000e-01 3.562116000e+00 

9.980293000e-01 3.048159000e+00 
2.807907000e-01 3.295773000e+00 
8.211138000e-01 3.159112000e+00 
5.681107000e-01 3.223318000e+00 
2.807764000e-01 3.367053000e+00 
9.901986000e-01 3.084208000e+00 
7.856763000e-01 3.182687000e+00 
7.785023000e-01 3.198036000e+00 
7.852159000e-01 3.188366000e+00 
4.969883000e-01 3.291997000e+00 
9.906247000e-01 3.058484000e+00 
5.599441000e-01 3.251726000e+00 
2.807753000e-01 3.489766000e+00 
5.036100000e-01 3.260299000e+00 
8.275307000e-01 3.154686000e+00 
9.121683000e-01 3.139299000e+00 
9.554269000e-01 3.090893000e+00 
7.917624000e-01 3.163111000e+00 

5.383618000e-01 3.233397000e+00 
8.194332000e-01 3.182003000e+00 
2.807757000e-01 3.701767000e+00 
2.807753000e-01 4.790643000e+00 
7.467632000e-01 3.214890000e+00 
2.807776000e-01 3.378238000e+00 
2.807754000e-01 4.257289000e+00 
9.613329000e-01 3.078942000e+00 
7.511003000e-01 3.194700000e+00 
7.277990000e-01 3.218196000e+00 
2.807781000e-01 3.287474000e+00 
2.807769000e-01 3.400769000e+00 
9.416484000e-01 3.115432000e+00 
8.836084000e-01 3.140053000e+00 
8.673699000e-01 3.171990000e+00 
9.629611000e-01 3.067900000e+00 
8.089099000e-01 3.182928000e+00 
9.811142000e-01 3.025115000e+00 
7.631529000e-01 3.189489000e+00 

2.807754000e-01 3.854617000e+00 
2.807753000e-01 4.609812000e+00 
5.325498000e-01 3.365350000e+00 
5.347807000e-01 3.353486000e+00 
6.856988000e-01 3.296304000e+00 
5.666251000e-01 3.330021000e+00 
2.807755000e-01 3.594850000e+00 
2.807761000e-01 3.568737000e+00 
6.483513000e-01 3.310727000e+00 
2.807763000e-01 3.449462000e+00 
4.518921000e-01 3.366898000e+00 
8.931320000e-01 3.183156000e+00 
6.894514000e-01 3.261394000e+00 
2.807909000e-01 3.415845000e+00 
9.988142000e-01 3.127103000e+00 
2.808712000e-01 3.378845000e+00 
6.897836000e-01 3.223911000e+00 
8.939339000e-01 3.163105000e+00 
6.460371000e-01 3.321328000e+00 
6.767526000e-01 3.299414000e+00 
8.481723000e-01 3.221659000e+00 
9.697397000e-01 3.133332000e+00 

9.126571000e-01 3.327077000e+00 
2.807765000e-01 3.612598000e+00 
7.869323000e-01 3.401269000e+00 
5.331885000e-01 3.509253000e+00 
6.933281000e-01 3.460907000e+00 
5.394022000e-01 3.501924000e+00 
2.808072000e-01 3.582247000e+00 
2.807754000e-01 3.652438000e+00 
8.093718000e-01 3.399316000e+00 
9.103006000e-01 3.368003000e+00 
8.520204000e-01 3.386265000e+00 
9.108101000e-01 3.359426000e+00 
6.610981000e-01 3.465176000e+00 
2.807753000e-01 3.774284000e+00 
2.809310000e-01 3.542697000e+00 
9.711398000e-01 3.274505000e+00 
2.807760000e-01 3.622077000e+00 
5.493891000e-01 3.481815000e+00 
4.336119000e-01 3.510128000e+00 
6.990881000e-01 3.406235000e+00 

