2.807753000e-01 4.761742000e+00 
2.808242000e-01 4.437698000e+00 
2.807755000e-01 4.583590000e+00 
2.807768000e-01 4.551660000e+00 
2.808570000e-01 4.432389000e+00 
2.807780000e-01 4.507168000e+00 
2.818853000e-01 4.390440000e+00 
2.807762000e-01 4.554207000e+00 
6.050224000e-01 4.306012000e+00 
9.114831000e-01 4.178086000e+00 
2.833266000e-01 4.324464000e+00 
2.807956000e-01 4.446146000e+00 
2.807888000e-01 4.506955000e+00 
8.948158000e-01 4.197501000e+00 
2.810338000e-01 4.391192000e+00 
2.824062000e-01 4.386751000e+00 
6.898023000e-01 4.214192000e+00 
9.999999000e-01 4.167469000e+00 
6.221372000e-01 4.283395000e+00 
2.807954000e-01 4.496508000e+00 

2.807775000e-01 4.540299000e+00 
2.826379000e-01 4.434347000e+00 
2.807753000e-01 5.191956000e+00 
2.807754000e-01 4.626302000e+00 
2.807758000e-01 4.619230000e+00 
9.999910000e-01 4.226073000e+00 
6.468782000e-01 4.399186000e+00 
2.808328000e-01 4.450601000e+00 
2.807957000e-01 4.534315000e+00 
2.807968000e-01 4.527246000e+00 
7.949334000e-01 4.266766000e+00 
7.745798000e-01 4.312202000e+00 
6.454541000e-01 4.399899000e+00 
6.478728000e-01 4.347782000e+00 
2.829363000e-01 4.418704000e+00 

2.807753000e-01 5.729769000e+00 
2.807977000e-01 4.646280000e+00 
2.807758000e-01 4.805894000e+00 
2.811050000e-01 4.640383000e+00 
2.807827000e-01 4.699111000e+00 
2.807758000e-01 4.805894000e+00 
2.807793000e-01 4.700673000e+00 
2.807755000e-01 4.838466000e+00 
2.807788000e-01 4.744616000e+00 
9.180310000e-01 4.474179000e+00 
8.795427000e-01 4.509012000e+00 
7.190309000e-01 4.588915000e+00 
2.807754000e-01 4.847595000e+00 
7.189832000e-01 4.588934000e+00 
6.105707000e-01 4.609166000e+00 
9.854607000e-01 4.461835000e+00 
9.111730000e-01 4.482926000e+00 
7.285048000e-01 4.537961000e+00 
9.028926000e-01 4.495425000e+00 
2.879086000e-01 4.632431000e+00 
6.445092000e-01 4.597174000e+00 
4.992585000e-01 4.629396000e+00 

7.194481000e-01 4.414132000e+00 
8.008558000e-01 4.389175000e+00 
2.807753000e-01 4.540865000e+00 
8.676174000e-01 4.368098000e+00 
9.596741000e-01 4.304066000e+00 
9.413737000e-01 4.316404000e+00 
7.223266000e-01 4.402738000e+00 
2.809806000e-01 4.485891000e+00 
5.860843000e-01 4.443565000e+00 
7.410346000e-01 4.390988000e+00 
2.810049000e-01 4.462293000e+00 
9.761201000e-01 4.290705000e+00 
8.677466000e-01 4.346049000e+00 
7.221372000e-01 4.412951000e+00 

7.927239000e-01 4.292883000e+00 
2.807755000e-01 4.521275000e+00 
8.024664000e-01 4.238370000e+00 
2.807753000e-01 4.790643000e+00 
2.808011000e-01 4.446406000e+00 
6.801919000e-01 4.328264000e+00 
9.288526000e-01 4.238320000e+00 
2.890993000e-01 4.372892000e+00 
6.195278000e-01 4.352487000e+00 
2.807754000e-01 4.556915000e+00 
2.807784000e-01 4.462117000e+00 
9.986517000e-01 4.166992000e+00 
2.807820000e-01 4.446611000e+00 
2.809004000e-01 4.394514000e+00 
7.388779000e-01 4.298456000e+00 
9.667945000e-01 4.207611000e+00 

9.252390000e-01 4.349409000e+00 
2.807753000e-01 4.609812000e+00 
2.842475000e-01 4.485548000e+00 
6.413226000e-01 4.435155000e+00 
2.809350000e-01 4.517853000e+00 
2.807900000e-01 4.540430000e+00 
9.799544000e-01 4.309914000e+00 
6.066831000e-01 4.474460000e+00 
6.246743000e-01 4.472215000e+00 
2.807834000e-01 4.585275000e+00 
2.824069000e-01 4.503837000e+00 
2.812234000e-01 4.504902000e+00 
5.642131000e-01 4.483422000e+00 
2.808092000e-01 4.520205000e+00 
5.449442000e-01 4.483443000e+00 
2.807895000e-01 4.545661000e+00 
9.673131000e-01 4.310276000e+00 
7.989142000e-01 4.423384000e+00 
8.016490000e-01 4.358366000e+00 
7.250300000e-01 4.430881000e+00 
8.405415000e-01 4.355729000e+00 
9.475627000e-01 4.326116000e+00 
6.265780000e-01 4.443266000e+00 
9.821158000e-01 4.280392000e+00 

2.807756000e-01 4.841886000e+00 
2.807774000e-01 4.682447000e+00 
2.807768000e-01 4.754098000e+00 
2.807758000e-01 4.815685000e+00 
2.807754000e-01 4.926395000e+00 
6.428801000e-01 4.577787000e+00 
2.807753000e-01 4.945725000e+00 
2.808130000e-01 4.644172000e+00 
2.807801000e-01 4.670374000e+00 
7.660804000e-01 4.478512000e+00 
3.099641000e-01 4.578232000e+00 
6.573613000e-01 4.541835000e+00 
2.809998000e-01 4.596565000e+00 
3.077154000e-01 4.593144000e+00 

