2.807753000e-01 5.036989000e+00 
6.364633000e-01 4.914909000e+00 
2.807774000e-01 5.031688000e+00 
3.214170000e-01 4.955894000e+00 
2.808044000e-01 5.030092000e+00 
8.778001000e-01 4.857934000e+00 
7.889430000e-01 4.863791000e+00 
9.998996000e-01 4.784973000e+00 
2.828786000e-01 4.980727000e+00 
8.787770000e-01 4.847571000e+00 
9.999992000e-01 4.784828000e+00 
2.811550000e-01 5.009342000e+00 
7.420462000e-01 4.872091000e+00 
2.813007000e-01 5.000192000e+00 
9.745106000e-01 4.846569000e+00 
5.627661000e-01 4.940468000e+00 

2.810085000e-01 5.081567000e+00 
2.807984000e-01 5.092824000e+00 
2.807753000e-01 5.191956000e+00 
2.898162000e-01 5.028869000e+00 
7.699184000e-01 4.960177000e+00 
7.794437000e-01 4.920893000e+00 
6.433649000e-01 4.970847000e+00 
2.819909000e-01 5.039221000e+00 
6.320312000e-01 5.011499000e+00 
7.500482000e-01 4.965503000e+00 
2.807755000e-01 5.095730000e+00 
2.810221000e-01 5.059590000e+00 
1.000000000e+00 4.913809000e+00 

6.424224000e-01 5.168231000e+00 
2.807754000e-01 5.626074000e+00 
6.395297000e-01 5.203693000e+00 
8.758368000e-01 5.140084000e+00 
2.807758000e-01 5.379769000e+00 
2.807957000e-01 5.303863000e+00 
2.807753000e-01 5.729769000e+00 
2.808021000e-01 5.271538000e+00 
9.703784000e-01 5.086855000e+00 
2.807832000e-01 5.345661000e+00 
2.807825000e-01 5.348991000e+00 
9.108866000e-01 5.122342000e+00 
2.808927000e-01 5.206654000e+00 

7.995453000e-01 5.044560000e+00 
2.807753000e-01 5.528856000e+00 
2.807762000e-01 5.297253000e+00 
2.807755000e-01 5.453659000e+00 
7.752574000e-01 5.051384000e+00 
2.983530000e-01 5.093576000e+00 
9.999464000e-01 4.933194000e+00 
2.807864000e-01 5.144738000e+00 
9.916171000e-01 4.945393000e+00 
9.999058000e-01 4.933198000e+00 
2.808061000e-01 5.118445000e+00 
8.039530000e-01 4.971609000e+00 
6.393323000e-01 5.056864000e+00 
2.816848000e-01 5.106457000e+00 
8.662123000e-01 4.959392000e+00 
2.818744000e-01 5.103306000e+00 
9.898078000e-01 4.956030000e+00 
6.866331000e-01 5.056005000e+00 
2.807769000e-01 5.198396000e+00 
9.948164000e-01 4.941189000e+00 

7.452535000e-01 4.944130000e+00 
2.908508000e-01 5.070955000e+00 
2.808868000e-01 5.075687000e+00 
2.807753000e-01 5.119085000e+00 
9.199932000e-01 4.888968000e+00 
2.807992000e-01 5.091244000e+00 
2.809327000e-01 5.073117000e+00 
7.061255000e-01 5.035455000e+00 
7.214589000e-01 4.993935000e+00 
7.841046000e-01 4.922616000e+00 

2.807771000e-01 5.415402000e+00 
2.807754000e-01 5.493891000e+00 
7.547211000e-01 5.119233000e+00 
9.595694000e-01 4.994446000e+00 
2.807753000e-01 5.709258000e+00 
2.807756000e-01 5.460721000e+00 
2.807772000e-01 5.216134000e+00 
2.809619000e-01 5.135423000e+00 
9.388920000e-01 5.006366000e+00 
8.523754000e-01 5.045168000e+00 
8.695013000e-01 5.038578000e+00 
9.576563000e-01 5.003907000e+00 
2.808106000e-01 5.161132000e+00 
2.808343000e-01 5.142104000e+00 
7.868102000e-01 5.074403000e+00 
2.807797000e-01 5.196368000e+00 
8.718725000e-01 5.031917000e+00 
8.786672000e-01 5.014029000e+00 
7.713295000e-01 5.079819000e+00 
8.135884000e-01 5.060197000e+00 
9.026208000e-01 5.007628000e+00 
3.068878000e-01 5.123742000e+00 
2.836475000e-01 5.126625000e+00 
8.458374000e-01 5.056508000e+00 

7.892646000e-01 5.189934000e+00 
2.807753000e-01 5.350052000e+00 
7.647480000e-01 5.200965000e+00 
2.811058000e-01 5.326633000e+00 
2.807757000e-01 5.349687000e+00 
6.159743000e-01 5.273139000e+00 
2.812613000e-01 5.288478000e+00 
7.179057000e-01 5.260024000e+00 
2.807901000e-01 5.338121000e+00 
9.036919000e-01 5.140591000e+00 
8.413894000e-01 5.173978000e+00 
5.445643000e-01 5.287391000e+00 
8.472635000e-01 5.170481000e+00 

2.807780000e-01 5.036267000e+00 
2.807840000e-01 4.976138000e+00 
2.816279000e-01 4.891740000e+00 
2.808221000e-01 4.927028000e+00 
2.807892000e-01 4.958584000e+00 
6.853953000e-01 4.784466000e+00 
2.810012000e-01 4.897928000e+00 
2.807753000e-01 5.091224000e+00 
2.807938000e-01 4.957089000e+00 
8.350644000e-01 4.746156000e+00 
9.800248000e-01 4.745821000e+00 
2.809691000e-01 4.925299000e+00 
2.808123000e-01 4.933838000e+00 
9.811767000e-01 4.674695000e+00 
6.668602000e-01 4.842201000e+00 
2.899602000e-01 4.849308000e+00 

