2.807753000e-01 4.761742000e+00 
2.823540000e-01 4.550024000e+00 
2.807806000e-01 4.587591000e+00 
2.807756000e-01 4.746035000e+00 
6.004105000e-01 4.510457000e+00 
2.807759000e-01 4.719674000e+00 
5.939016000e-01 4.512394000e+00 
9.721758000e-01 4.369254000e+00 
9.992644000e-01 4.311193000e+00 
6.018669000e-01 4.456587000e+00 
8.901048000e-01 4.393958000e+00 
8.640249000e-01 4.446353000e+00 
5.879455000e-01 4.524230000e+00 
2.807761000e-01 4.607326000e+00 
2.812988000e-01 4.554952000e+00 

7.839022000e-01 4.467807000e+00 
2.807756000e-01 4.878212000e+00 
2.807753000e-01 5.191956000e+00 
2.807799000e-01 4.761686000e+00 
6.232495000e-01 4.556214000e+00 
6.013647000e-01 4.571046000e+00 
9.256248000e-01 4.416507000e+00 
2.807755000e-01 4.974520000e+00 
2.807771000e-01 4.764351000e+00 
3.027417000e-01 4.605087000e+00 
2.821817000e-01 4.609668000e+00 
2.807868000e-01 4.706409000e+00 
8.336184000e-01 4.450521000e+00 
4.298201000e-01 4.588457000e+00 
2.808939000e-01 4.620712000e+00 
2.807805000e-01 4.739515000e+00 
9.109890000e-01 4.426783000e+00 
9.998758000e-01 4.411150000e+00 

2.807753000e-01 5.729769000e+00 
9.510629000e-01 4.609088000e+00 
8.462565000e-01 4.688583000e+00 
2.807843000e-01 4.861911000e+00 
6.894307000e-01 4.725911000e+00 
8.781951000e-01 4.675314000e+00 
2.807754000e-01 5.121825000e+00 
2.807759000e-01 5.030704000e+00 
9.024737000e-01 4.658161000e+00 
9.380559000e-01 4.655328000e+00 
2.807782000e-01 4.885057000e+00 
2.807773000e-01 4.912031000e+00 
2.808358000e-01 4.829748000e+00 
6.230119000e-01 4.766148000e+00 
5.929047000e-01 4.773753000e+00 
5.633075000e-01 4.796486000e+00 
2.808068000e-01 4.861757000e+00 
7.524122000e-01 4.693911000e+00 
5.736730000e-01 4.783018000e+00 
2.815073000e-01 4.802655000e+00 

7.333839000e-01 4.629234000e+00 
2.807753000e-01 5.528856000e+00 
2.991715000e-01 4.668984000e+00 
8.266360000e-01 4.480934000e+00 
2.807758000e-01 4.726670000e+00 
7.394360000e-01 4.605200000e+00 
2.810646000e-01 4.701336000e+00 
2.807755000e-01 5.096958000e+00 
2.808878000e-01 4.703889000e+00 
2.836301000e-01 4.674548000e+00 
2.807756000e-01 4.896111000e+00 
9.794560000e-01 4.459428000e+00 
8.215549000e-01 4.590348000e+00 
5.053957000e-01 4.636747000e+00 

2.807760000e-01 4.715031000e+00 
8.561945000e-01 4.438129000e+00 
9.263063000e-01 4.415576000e+00 
2.807753000e-01 4.790643000e+00 
2.807795000e-01 4.644221000e+00 
6.732804000e-01 4.510705000e+00 
7.051427000e-01 4.505470000e+00 
9.621204000e-01 4.414969000e+00 
2.808107000e-01 4.588555000e+00 
9.248551000e-01 4.432977000e+00 
5.928276000e-01 4.544892000e+00 
2.808577000e-01 4.573365000e+00 
7.604995000e-01 4.500965000e+00 

8.759022000e-01 4.523193000e+00 
5.466182000e-01 4.639353000e+00 
6.864105000e-01 4.580490000e+00 
8.569555000e-01 4.532302000e+00 
8.063858000e-01 4.561515000e+00 
2.832728000e-01 4.641542000e+00 
9.847373000e-01 4.469294000e+00 
6.457929000e-01 4.586975000e+00 
9.267086000e-01 4.522604000e+00 
9.744867000e-01 4.476488000e+00 
7.036265000e-01 4.564237000e+00 
5.540690000e-01 4.590323000e+00 
9.488305000e-01 4.522533000e+00 
8.161329000e-01 4.555137000e+00 
9.673204000e-01 4.520234000e+00 
9.682681000e-01 4.487134000e+00 
9.904914000e-01 4.448348000e+00 
8.177433000e-01 4.535851000e+00 
2.807753000e-01 4.643371000e+00 

9.288864000e-01 4.659230000e+00 
6.493138000e-01 4.714594000e+00 
8.849940000e-01 4.704406000e+00 
6.192401000e-01 4.800410000e+00 
2.807754000e-01 4.926395000e+00 
2.807983000e-01 4.878136000e+00 
2.807753000e-01 4.945725000e+00 
2.807767000e-01 4.917802000e+00 
2.811952000e-01 4.833196000e+00 
2.846975000e-01 4.807430000e+00 
8.786447000e-01 4.709071000e+00 
6.257340000e-01 4.751249000e+00 
2.807773000e-01 4.893013000e+00 
6.247018000e-01 4.795633000e+00 
2.810464000e-01 4.837763000e+00 

