8.272937000e-01 5.274166000e+00 
2.817839000e-01 5.350914000e+00 
9.581248000e-01 5.204952000e+00 
2.808495000e-01 5.400586000e+00 
9.353158000e-01 5.236735000e+00 
2.807753000e-01 5.685961000e+00 
2.807754000e-01 5.444403000e+00 
2.814030000e-01 5.387627000e+00 
8.802426000e-01 5.253024000e+00 
9.657452000e-01 5.172129000e+00 
9.999956000e-01 5.136457000e+00 
9.912954000e-01 5.148355000e+00 
2.820230000e-01 5.295075000e+00 
1.000000000e+00 5.136453000e+00 
2.814117000e-01 5.354739000e+00 
8.786084000e-01 5.268279000e+00 
2.807759000e-01 5.425174000e+00 
9.577942000e-01 5.233302000e+00 
2.807999000e-01 5.406959000e+00 

9.071787000e-01 5.227375000e+00 
2.807753000e-01 5.576593000e+00 
7.908893000e-01 5.259165000e+00 
9.928911000e-01 5.210698000e+00 
2.925739000e-01 5.388342000e+00 
7.874945000e-01 5.316643000e+00 
3.132723000e-01 5.330434000e+00 
2.807755000e-01 5.417072000e+00 

2.807798000e-01 5.616920000e+00 
9.754333000e-01 5.392486000e+00 
9.326865000e-01 5.429442000e+00 
2.807761000e-01 5.627870000e+00 
2.807757000e-01 5.645258000e+00 
6.840926000e-01 5.525207000e+00 
2.807753000e-01 5.729769000e+00 
6.312346000e-01 5.546726000e+00 
8.814998000e-01 5.440752000e+00 
2.807865000e-01 5.548577000e+00 
9.668575000e-01 5.396044000e+00 
8.740217000e-01 5.445107000e+00 
6.959541000e-01 5.451111000e+00 
9.194919000e-01 5.430432000e+00 

9.790009000e-01 5.336736000e+00 
2.807753000e-01 5.528856000e+00 
9.138740000e-01 5.372154000e+00 
2.812127000e-01 5.444425000e+00 
9.192340000e-01 5.337459000e+00 
2.808302000e-01 5.484737000e+00 
9.792449000e-01 5.322321000e+00 
9.991790000e-01 5.287520000e+00 
9.127836000e-01 5.391938000e+00 
2.821727000e-01 5.419173000e+00 
2.807855000e-01 5.503151000e+00 

2.807753000e-01 5.540987000e+00 
2.807811000e-01 5.454963000e+00 
2.807771000e-01 5.496263000e+00 
8.450040000e-01 5.283729000e+00 
2.807868000e-01 5.453612000e+00 
8.960599000e-01 5.226052000e+00 
2.807877000e-01 5.422110000e+00 
2.812175000e-01 5.389684000e+00 
2.815087000e-01 5.367086000e+00 
9.308988000e-01 5.198229000e+00 
2.825132000e-01 5.358738000e+00 
7.314461000e-01 5.351703000e+00 
2.808675000e-01 5.400720000e+00 
8.457901000e-01 5.267145000e+00 
8.816836000e-01 5.227320000e+00 
2.814266000e-01 5.387721000e+00 

9.898167000e-01 5.298156000e+00 
2.807754000e-01 5.493891000e+00 
9.259331000e-01 5.413819000e+00 
9.861864000e-01 5.307221000e+00 
2.807753000e-01 5.709258000e+00 
9.434354000e-01 5.368307000e+00 
9.525872000e-01 5.347787000e+00 
9.994340000e-01 5.279364000e+00 
9.407368000e-01 5.394396000e+00 
9.622503000e-01 5.316494000e+00 
2.807866000e-01 5.484566000e+00 
9.862481000e-01 5.302005000e+00 
2.820680000e-01 5.444077000e+00 
9.601489000e-01 5.343753000e+00 
9.289529000e-01 5.407780000e+00 

2.807753000e-01 5.939019000e+00 
2.807781000e-01 5.587058000e+00 
8.376887000e-01 5.480400000e+00 
8.057302000e-01 5.513424000e+00 
2.807754000e-01 5.717659000e+00 
8.641926000e-01 5.459760000e+00 
2.816756000e-01 5.566529000e+00 
2.807757000e-01 5.707276000e+00 
2.807760000e-01 5.605095000e+00 
6.629249000e-01 5.558049000e+00 
8.365938000e-01 5.491466000e+00 

7.804884000e-01 5.155078000e+00 
8.099567000e-01 5.108403000e+00 
2.807753000e-01 5.364275000e+00 
7.602032000e-01 5.179791000e+00 
7.321044000e-01 5.204410000e+00 
7.271054000e-01 5.209293000e+00 
2.833315000e-01 5.212695000e+00 
7.837306000e-01 5.132389000e+00 
7.161765000e-01 5.211800000e+00 
2.807754000e-01 5.279609000e+00 

