8.574611000e-01 2.989098000e+00 
2.807756000e-01 3.387693000e+00 
9.974615000e-01 2.847715000e+00 
2.807825000e-01 3.189089000e+00 
8.570979000e-01 3.005799000e+00 
9.621941000e-01 2.934852000e+00 
9.069457000e-01 2.959834000e+00 
6.832323000e-01 3.077661000e+00 
2.808991000e-01 3.174908000e+00 
8.366668000e-01 3.015586000e+00 
2.808501000e-01 3.188596000e+00 
6.077261000e-01 3.096508000e+00 
2.807753000e-01 3.631489000e+00 
2.807761000e-01 3.224223000e+00 
4.877265000e-01 3.125222000e+00 
7.467118000e-01 3.070941000e+00 
7.885944000e-01 3.040892000e+00 
8.760481000e-01 2.981183000e+00 
9.939306000e-01 2.902539000e+00 
9.939480000e-01 2.883199000e+00 
2.809903000e-01 3.168795000e+00 
7.945093000e-01 3.036954000e+00 

2.807755000e-01 3.817478000e+00 
7.632150000e-01 3.224020000e+00 
2.949971000e-01 3.329155000e+00 
8.595106000e-01 3.147761000e+00 
2.807773000e-01 3.448181000e+00 
2.813253000e-01 3.350792000e+00 
9.498918000e-01 3.143402000e+00 
2.807753000e-01 3.881897000e+00 
2.812325000e-01 3.373870000e+00 
2.810355000e-01 3.383080000e+00 
5.975394000e-01 3.309218000e+00 
2.813176000e-01 3.353594000e+00 
8.549708000e-01 3.167344000e+00 
7.097464000e-01 3.237734000e+00 
2.809055000e-01 3.393730000e+00 
2.807778000e-01 3.444732000e+00 
8.180423000e-01 3.200289000e+00 
9.674454000e-01 3.088316000e+00 
6.107664000e-01 3.240404000e+00 
2.807999000e-01 3.417346000e+00 
7.663085000e-01 3.209375000e+00 

2.807753000e-01 5.729769000e+00 
2.807754000e-01 3.828404000e+00 
8.077160000e-01 3.408972000e+00 
2.807776000e-01 3.751177000e+00 
8.310580000e-01 3.405876000e+00 
8.566412000e-01 3.375786000e+00 
2.807870000e-01 3.643268000e+00 
5.986346000e-01 3.460275000e+00 
6.590527000e-01 3.437406000e+00 
2.807788000e-01 3.727109000e+00 
2.809187000e-01 3.575060000e+00 
2.807886000e-01 3.598372000e+00 
8.491767000e-01 3.401915000e+00 
2.807764000e-01 3.761126000e+00 
2.808503000e-01 3.586973000e+00 
8.566412000e-01 3.375786000e+00 
6.535635000e-01 3.444364000e+00 
6.028262000e-01 3.446376000e+00 
8.646390000e-01 3.337075000e+00 
4.622812000e-01 3.475765000e+00 
9.473420000e-01 3.284405000e+00 
2.809579000e-01 3.543267000e+00 
8.569030000e-01 3.346293000e+00 
2.836038000e-01 3.520855000e+00 
8.017236000e-01 3.417633000e+00 
2.807857000e-01 3.656611000e+00 
5.967363000e-01 3.473408000e+00 
2.811906000e-01 3.526398000e+00 
2.908046000e-01 3.490793000e+00 
9.771958000e-01 3.273320000e+00 
7.511640000e-01 3.424252000e+00 

7.707363000e-01 3.159573000e+00 
2.807859000e-01 3.268740000e+00 
7.653730000e-01 3.208457000e+00 
5.681107000e-01 3.223318000e+00 
2.807764000e-01 3.367053000e+00 
9.901986000e-01 3.084208000e+00 
9.554269000e-01 3.090893000e+00 
2.807754000e-01 3.377962000e+00 
9.970810000e-01 3.021534000e+00 
7.727939000e-01 3.131327000e+00 
9.906247000e-01 3.058484000e+00 
7.463014000e-01 3.218898000e+00 
2.807753000e-01 3.489766000e+00 
5.036100000e-01 3.260299000e+00 
5.365765000e-01 3.240788000e+00 
5.106989000e-01 3.242254000e+00 
9.068151000e-01 3.117157000e+00 
5.575727000e-01 3.236321000e+00 

9.396876000e-01 3.089168000e+00 
9.629611000e-01 3.067900000e+00 
9.224773000e-01 3.095627000e+00 
2.964156000e-01 3.281066000e+00 
9.651415000e-01 3.062659000e+00 
9.778066000e-01 3.012065000e+00 
8.071969000e-01 3.134881000e+00 
9.613329000e-01 3.078942000e+00 
2.807753000e-01 3.341673000e+00 
7.742276000e-01 3.159612000e+00 
2.807781000e-01 3.287474000e+00 
5.370762000e-01 3.176935000e+00 
9.451057000e-01 3.081994000e+00 
3.149339000e-01 3.278128000e+00 

2.807754000e-01 3.854617000e+00 
2.807753000e-01 4.609812000e+00 
5.695886000e-01 3.313172000e+00 
9.697397000e-01 3.133332000e+00 
7.150368000e-01 3.181713000e+00 
5.666251000e-01 3.330021000e+00 
2.807755000e-01 3.594850000e+00 
2.807761000e-01 3.568737000e+00 
2.811936000e-01 3.346792000e+00 
2.807763000e-01 3.449462000e+00 
9.655711000e-01 3.135491000e+00 
9.979807000e-01 3.094477000e+00 
9.056020000e-01 3.136214000e+00 
2.807909000e-01 3.415845000e+00 
4.508199000e-01 3.346509000e+00 
2.808712000e-01 3.378845000e+00 
6.897836000e-01 3.223911000e+00 
8.939339000e-01 3.163105000e+00 
6.316440000e-01 3.261371000e+00 
2.808347000e-01 3.383496000e+00 
5.591357000e-01 3.340650000e+00 
2.810938000e-01 3.377400000e+00 

9.126571000e-01 3.327077000e+00 
2.807765000e-01 3.612598000e+00 
7.869323000e-01 3.401269000e+00 
5.331885000e-01 3.509253000e+00 
2.901927000e-01 3.537227000e+00 
5.394022000e-01 3.501924000e+00 
2.808072000e-01 3.582247000e+00 
2.807754000e-01 3.652438000e+00 
8.093718000e-01 3.399316000e+00 
6.986357000e-01 3.427306000e+00 
6.869447000e-01 3.451001000e+00 
6.942418000e-01 3.438510000e+00 
6.610981000e-01 3.465176000e+00 
2.807753000e-01 3.774284000e+00 
2.809310000e-01 3.542697000e+00 
9.711398000e-01 3.274505000e+00 
2.807760000e-01 3.622077000e+00 
5.493891000e-01 3.481815000e+00 
4.336119000e-01 3.510128000e+00 
6.990881000e-01 3.406235000e+00 
8.150840000e-01 3.395995000e+00 
8.285817000e-01 3.333629000e+00 
8.232504000e-01 3.392277000e+00 
4.316332000e-01 3.521103000e+00 
6.574810000e-01 3.465225000e+00 

