2.808496000e-01 3.598126000e+00 
2.811048000e-01 3.595639000e+00 
5.184112000e-01 3.512419000e+00 
2.807758000e-01 3.664623000e+00 
2.807753000e-01 3.915988000e+00 
6.892668000e-01 3.477613000e+00 
9.801287000e-01 3.335221000e+00 
8.301061000e-01 3.426194000e+00 
2.807754000e-01 3.833860000e+00 
7.219874000e-01 3.449277000e+00 
2.807756000e-01 3.774648000e+00 
2.807790000e-01 3.651908000e+00 
2.852797000e-01 3.576763000e+00 
2.807822000e-01 3.620302000e+00 
4.813521000e-01 3.574229000e+00 
2.807799000e-01 3.647247000e+00 
2.807819000e-01 3.637538000e+00 
6.446511000e-01 3.482652000e+00 
9.449259000e-01 3.377530000e+00 
9.351245000e-01 3.407966000e+00 
9.786743000e-01 3.337624000e+00 
9.522392000e-01 3.371141000e+00 
8.060925000e-01 3.440650000e+00 
5.014312000e-01 3.512714000e+00 
7.528355000e-01 3.442687000e+00 
9.619831000e-01 3.341888000e+00 

9.994222000e-01 3.587897000e+00 
2.807766000e-01 4.378708000e+00 
2.807753000e-01 5.191956000e+00 
2.807754000e-01 4.626302000e+00 
2.807758000e-01 4.619230000e+00 
2.807769000e-01 3.920559000e+00 
5.345240000e-01 3.783472000e+00 
7.669354000e-01 3.700460000e+00 
5.929814000e-01 3.744595000e+00 
9.996584000e-01 3.577702000e+00 
2.809269000e-01 3.871510000e+00 
6.645516000e-01 3.733448000e+00 
8.583627000e-01 3.670907000e+00 
7.720737000e-01 3.696314000e+00 
2.962570000e-01 3.827912000e+00 
9.972159000e-01 3.627175000e+00 
9.449666000e-01 3.663714000e+00 
2.811253000e-01 3.861299000e+00 

2.807753000e-01 5.729769000e+00 
2.807754000e-01 4.847595000e+00 
2.831209000e-01 4.081606000e+00 
9.564506000e-01 3.890715000e+00 
2.995016000e-01 4.016566000e+00 
9.711298000e-01 3.889766000e+00 
9.775172000e-01 3.810159000e+00 
5.811656000e-01 3.986591000e+00 
9.769849000e-01 3.842696000e+00 
8.658928000e-01 3.911959000e+00 
2.807757000e-01 4.112906000e+00 
2.807755000e-01 4.494725000e+00 
8.801446000e-01 3.903939000e+00 
5.877048000e-01 3.954085000e+00 
5.732119000e-01 4.012686000e+00 
2.938443000e-01 4.035365000e+00 
2.809019000e-01 4.092805000e+00 

5.492871000e-01 3.721960000e+00 
6.419746000e-01 3.713388000e+00 
8.224051000e-01 3.597233000e+00 
8.022063000e-01 3.647726000e+00 
6.695357000e-01 3.711497000e+00 
2.807753000e-01 4.476776000e+00 
2.807754000e-01 4.296974000e+00 
2.807757000e-01 3.865033000e+00 
2.808071000e-01 3.827852000e+00 
6.216632000e-01 3.714103000e+00 
7.872784000e-01 3.667704000e+00 
2.829551000e-01 3.772602000e+00 
6.861018000e-01 3.680922000e+00 
2.812463000e-01 3.814184000e+00 
9.362363000e-01 3.554437000e+00 

4.851099000e-01 3.696896000e+00 
2.812796000e-01 3.765013000e+00 
7.934522000e-01 3.601198000e+00 
2.807753000e-01 4.790643000e+00 
2.807796000e-01 4.082337000e+00 
7.611467000e-01 3.625664000e+00 
2.807754000e-01 4.257289000e+00 
7.364646000e-01 3.678522000e+00 
9.997957000e-01 3.507992000e+00 
2.809430000e-01 3.773647000e+00 
2.807811000e-01 3.802086000e+00 
3.432685000e-01 3.721722000e+00 
8.481724000e-01 3.569418000e+00 
7.543862000e-01 3.639433000e+00 
8.034368000e-01 3.585034000e+00 
9.996479000e-01 3.525977000e+00 
6.385276000e-01 3.695253000e+00 
4.649622000e-01 3.707682000e+00 
9.994249000e-01 3.546791000e+00 
9.808715000e-01 3.552349000e+00 

9.975745000e-01 3.567623000e+00 
2.807753000e-01 4.609812000e+00 
2.807755000e-01 4.373674000e+00 
5.999131000e-01 3.751165000e+00 
5.430508000e-01 3.785694000e+00 
2.807826000e-01 3.837427000e+00 
6.929057000e-01 3.718546000e+00 
9.999827000e-01 3.554246000e+00 
5.955642000e-01 3.757007000e+00 
2.807756000e-01 3.943206000e+00 
8.006884000e-01 3.587410000e+00 
2.843549000e-01 3.836082000e+00 
6.496448000e-01 3.728801000e+00 
4.726319000e-01 3.808678000e+00 
2.886265000e-01 3.816809000e+00 

6.489601000e-01 3.880431000e+00 
6.230375000e-01 3.891407000e+00 
9.392347000e-01 3.746279000e+00 
2.807762000e-01 4.014208000e+00 
6.887573000e-01 3.795902000e+00 
2.807753000e-01 4.533419000e+00 
9.069143000e-01 3.765942000e+00 
6.881282000e-01 3.826663000e+00 
2.807756000e-01 4.050229000e+00 
9.936757000e-01 3.724066000e+00 
9.953230000e-01 3.690192000e+00 
8.720388000e-01 3.769252000e+00 
6.230976000e-01 3.889458000e+00 
2.809767000e-01 3.903539000e+00 
6.496101000e-01 3.826772000e+00 

