5.542339000e-01 3.149975000e+00 
2.807756000e-01 3.387693000e+00 
9.319071000e-01 2.965307000e+00 
9.072448000e-01 2.986451000e+00 
8.570979000e-01 3.005799000e+00 
4.901778000e-01 3.150010000e+00 
4.334862000e-01 3.202938000e+00 
6.396058000e-01 3.102560000e+00 
9.950128000e-01 2.921653000e+00 
8.859335000e-01 3.003743000e+00 
8.903595000e-01 2.995542000e+00 
4.797454000e-01 3.172461000e+00 
2.807753000e-01 3.631489000e+00 
2.807761000e-01 3.224223000e+00 
2.815240000e-01 3.207519000e+00 
5.925609000e-01 3.125571000e+00 
7.885944000e-01 3.040892000e+00 
4.759152000e-01 3.202260000e+00 
6.394089000e-01 3.111700000e+00 
5.778673000e-01 3.138319000e+00 
7.298047000e-01 3.080737000e+00 
9.910244000e-01 2.941840000e+00 

2.807755000e-01 3.817478000e+00 
7.632150000e-01 3.224020000e+00 
6.136909000e-01 3.345727000e+00 
9.691996000e-01 3.123262000e+00 
2.807773000e-01 3.448181000e+00 
6.151070000e-01 3.328523000e+00 
9.389118000e-01 3.159472000e+00 
2.807753000e-01 3.881897000e+00 
2.812325000e-01 3.373870000e+00 
7.094683000e-01 3.260556000e+00 
6.239714000e-01 3.310675000e+00 
2.813176000e-01 3.353594000e+00 
8.549708000e-01 3.167344000e+00 
8.800921000e-01 3.162467000e+00 
2.809055000e-01 3.393730000e+00 
2.807778000e-01 3.444732000e+00 
8.180423000e-01 3.200289000e+00 
6.514874000e-01 3.292542000e+00 
6.196541000e-01 3.322063000e+00 
2.808199000e-01 3.431812000e+00 

2.807753000e-01 5.729769000e+00 
2.807754000e-01 3.828404000e+00 
6.522796000e-01 3.461790000e+00 
2.807776000e-01 3.751177000e+00 
8.310580000e-01 3.405876000e+00 
7.182850000e-01 3.457600000e+00 
2.807870000e-01 3.643268000e+00 
9.754576000e-01 3.321321000e+00 
4.494251000e-01 3.542164000e+00 
2.807788000e-01 3.727109000e+00 
2.809187000e-01 3.575060000e+00 
2.807886000e-01 3.598372000e+00 
8.491767000e-01 3.401915000e+00 
2.807764000e-01 3.761126000e+00 
2.808503000e-01 3.586973000e+00 
8.615193000e-01 3.361514000e+00 
2.817300000e-01 3.574510000e+00 
2.850534000e-01 3.550689000e+00 
8.646390000e-01 3.337075000e+00 
4.622812000e-01 3.475765000e+00 

9.980293000e-01 3.048159000e+00 
9.902746000e-01 3.099581000e+00 
8.211138000e-01 3.159112000e+00 
5.170824000e-01 3.289388000e+00 
2.807764000e-01 3.367053000e+00 
8.132091000e-01 3.181175000e+00 
7.837258000e-01 3.208265000e+00 
9.649692000e-01 3.114395000e+00 
7.852159000e-01 3.188366000e+00 
4.969883000e-01 3.291997000e+00 
9.906247000e-01 3.058484000e+00 
9.497021000e-01 3.145620000e+00 
2.807753000e-01 3.489766000e+00 
7.819199000e-01 3.258433000e+00 
8.275307000e-01 3.154686000e+00 
5.308471000e-01 3.262569000e+00 
2.883030000e-01 3.311690000e+00 
9.854176000e-01 3.107926000e+00 
2.807938000e-01 3.340883000e+00 

5.383618000e-01 3.233397000e+00 
8.194332000e-01 3.182003000e+00 
2.807757000e-01 3.701767000e+00 
2.807753000e-01 4.790643000e+00 
9.450168000e-01 3.130667000e+00 
9.614842000e-01 3.105398000e+00 
2.807754000e-01 4.257289000e+00 
2.808302000e-01 3.370481000e+00 
9.632107000e-01 3.081946000e+00 
3.197621000e-01 3.301322000e+00 
9.790762000e-01 3.075882000e+00 
2.807769000e-01 3.400769000e+00 
2.825828000e-01 3.319134000e+00 
8.836084000e-01 3.140053000e+00 
8.673699000e-01 3.171990000e+00 
8.098087000e-01 3.184591000e+00 
9.996367000e-01 3.054930000e+00 
9.606147000e-01 3.123612000e+00 
7.467632000e-01 3.214890000e+00 
2.807776000e-01 3.378238000e+00 

2.807754000e-01 3.854617000e+00 
2.807753000e-01 4.609812000e+00 
5.325498000e-01 3.365350000e+00 
9.738731000e-01 3.159682000e+00 
5.703928000e-01 3.352234000e+00 
2.808387000e-01 3.416531000e+00 
2.807755000e-01 3.594850000e+00 
2.807761000e-01 3.568737000e+00 
5.544909000e-01 3.357792000e+00 
2.807763000e-01 3.449462000e+00 
5.729909000e-01 3.342704000e+00 
6.464041000e-01 3.323195000e+00 
6.894514000e-01 3.261394000e+00 
6.891173000e-01 3.304424000e+00 
6.689190000e-01 3.322830000e+00 
2.808712000e-01 3.378845000e+00 
6.897836000e-01 3.223911000e+00 
8.939339000e-01 3.163105000e+00 

2.808699000e-01 3.585268000e+00 
2.807765000e-01 3.612598000e+00 
9.902802000e-01 3.363681000e+00 
5.331885000e-01 3.509253000e+00 
6.933281000e-01 3.460907000e+00 
5.394022000e-01 3.501924000e+00 
8.992592000e-01 3.395718000e+00 
2.807754000e-01 3.652438000e+00 
2.846044000e-01 3.547117000e+00 
9.103006000e-01 3.368003000e+00 
2.809587000e-01 3.573857000e+00 
7.879204000e-01 3.445344000e+00 
2.808403000e-01 3.593258000e+00 
2.807753000e-01 3.774284000e+00 
5.185387000e-01 3.530011000e+00 
5.276156000e-01 3.515042000e+00 
2.807760000e-01 3.622077000e+00 
9.910333000e-01 3.322505000e+00 
8.093718000e-01 3.399316000e+00 
5.262730000e-01 3.524939000e+00 
7.234580000e-01 3.453847000e+00 
6.610981000e-01 3.465176000e+00 

