9.998429000e-01 7.381688000e+00 
2.873410000e-01 7.404421000e+00 
2.831534000e-01 7.564943000e+00 
2.831301000e-01 7.567549000e+00 
2.814013000e-01 7.579695000e+00 
2.807753000e-01 7.635763000e+00 
2.838318000e-01 7.485399000e+00 

2.875940000e-01 7.401499000e+00 
2.808354000e-01 7.552397000e+00 
2.808257000e-01 7.616885000e+00 
2.807857000e-01 7.834747000e+00 
2.807895000e-01 7.665548000e+00 
2.807795000e-01 7.838960000e+00 
2.807755000e-01 7.844197000e+00 

2.807765000e-01 8.083490000e+00 
2.812736000e-01 7.416437000e+00 
9.265513000e-01 7.356731000e+00 
2.807760000e-01 8.087371000e+00 
2.807753000e-01 8.349423000e+00 
2.807774000e-01 7.529051000e+00 

2.956405000e-01 7.569082000e+00 
2.807756000e-01 8.062624000e+00 
2.807979000e-01 7.722622000e+00 
2.808094000e-01 7.631606000e+00 
2.868986000e-01 7.569256000e+00 
5.871984000e-01 7.529748000e+00 
2.807761000e-01 7.844215000e+00 
2.807780000e-01 7.747713000e+00 
2.820014000e-01 7.573056000e+00 
2.813959000e-01 7.583152000e+00 
2.998255000e-01 7.555054000e+00 
2.811390000e-01 7.623586000e+00 

2.813733000e-01 7.491814000e+00 
9.239631000e-01 7.435203000e+00 
2.807755000e-01 7.729336000e+00 
2.807753000e-01 7.914518000e+00 
2.808077000e-01 7.542665000e+00 
2.807811000e-01 7.609637000e+00 
2.808091000e-01 7.509312000e+00 
2.807783000e-01 7.624587000e+00 
9.473305000e-01 7.432245000e+00 
1.000000000e+00 7.348099000e+00 

2.807754000e-01 8.199549000e+00 
9.855027000e-01 7.449289000e+00 
2.807759000e-01 7.910894000e+00 
2.807778000e-01 7.727954000e+00 
2.809014000e-01 7.646838000e+00 
2.807758000e-01 8.072649000e+00 
2.811606000e-01 7.644613000e+00 
2.811655000e-01 7.585822000e+00 
2.807770000e-01 7.781768000e+00 
9.999987000e-01 7.416439000e+00 
2.808159000e-01 7.700190000e+00 
9.999819000e-01 7.441982000e+00 
2.812643000e-01 7.457040000e+00 

9.999727000e-01 7.325396000e+00 
2.936779000e-01 7.515226000e+00 
2.807898000e-01 7.653221000e+00 
2.807753000e-01 7.761366000e+00 
2.807828000e-01 7.686899000e+00 
9.048982000e-01 7.404377000e+00 
2.809691000e-01 7.576076000e+00 

2.807753000e-01 7.899415000e+00 
2.807755000e-01 7.454535000e+00 
9.958012000e-01 7.356619000e+00 
4.099833000e-01 7.405563000e+00 
2.813365000e-01 7.442794000e+00 

