9.046280000e-01 3.273520000e+00 
2.807973000e-01 3.539641000e+00 
5.180547000e-01 3.429925000e+00 
8.273835000e-01 3.322545000e+00 
9.814182000e-01 3.253038000e+00 
2.851405000e-01 3.474256000e+00 
2.807756000e-01 3.618572000e+00 
2.872531000e-01 3.435803000e+00 
5.495774000e-01 3.405042000e+00 
2.816206000e-01 3.512375000e+00 
2.807781000e-01 3.608387000e+00 
9.655723000e-01 3.268496000e+00 
2.807753000e-01 3.631489000e+00 
2.808439000e-01 3.518306000e+00 
2.807851000e-01 3.585840000e+00 
7.914788000e-01 3.340276000e+00 
9.706010000e-01 3.253681000e+00 
9.814470000e-01 3.239414000e+00 
7.892177000e-01 3.346867000e+00 
8.868203000e-01 3.315856000e+00 
6.725155000e-01 3.356683000e+00 

2.810374000e-01 3.788722000e+00 
2.807864000e-01 3.806194000e+00 
2.812006000e-01 3.730621000e+00 
5.223441000e-01 3.702666000e+00 
9.098433000e-01 3.536124000e+00 
9.919256000e-01 3.471972000e+00 
6.676243000e-01 3.618443000e+00 
2.807753000e-01 3.881897000e+00 
7.550981000e-01 3.592524000e+00 
2.807755000e-01 3.817478000e+00 
2.956979000e-01 3.720625000e+00 
2.810591000e-01 3.769192000e+00 
3.960118000e-01 3.719734000e+00 
5.809244000e-01 3.660167000e+00 
8.356837000e-01 3.542377000e+00 
5.591002000e-01 3.686668000e+00 

2.807753000e-01 5.729769000e+00 
2.807754000e-01 4.847595000e+00 
2.807829000e-01 3.983363000e+00 
9.748087000e-01 3.781533000e+00 
9.730466000e-01 3.783268000e+00 
9.668434000e-01 3.788709000e+00 
9.831347000e-01 3.734896000e+00 
8.814880000e-01 3.806999000e+00 
9.915023000e-01 3.727176000e+00 
9.131996000e-01 3.803080000e+00 
2.807757000e-01 4.112906000e+00 
2.807755000e-01 4.494725000e+00 
9.747220000e-01 3.781787000e+00 
2.808000000e-01 3.971658000e+00 
9.729554000e-01 3.783525000e+00 
2.820519000e-01 3.923577000e+00 
6.363664000e-01 3.898462000e+00 
9.667740000e-01 3.794754000e+00 
2.807761000e-01 4.060154000e+00 
8.350994000e-01 3.817482000e+00 
8.494368000e-01 3.812100000e+00 
6.464455000e-01 3.838071000e+00 
2.807797000e-01 4.003752000e+00 

5.210190000e-01 3.638224000e+00 
9.967930000e-01 3.403270000e+00 
7.920741000e-01 3.528235000e+00 
9.783245000e-01 3.501559000e+00 
2.807954000e-01 3.779033000e+00 
2.807753000e-01 4.476776000e+00 
2.807754000e-01 4.296974000e+00 
2.807769000e-01 3.786723000e+00 
2.814525000e-01 3.716968000e+00 
9.849045000e-01 3.451714000e+00 
2.807757000e-01 3.793589000e+00 
5.838808000e-01 3.590356000e+00 
2.807755000e-01 3.795233000e+00 
9.455855000e-01 3.514224000e+00 
8.928646000e-01 3.522018000e+00 
2.808014000e-01 3.717913000e+00 
4.625809000e-01 3.685451000e+00 
6.605861000e-01 3.587785000e+00 
3.069816000e-01 3.692897000e+00 
6.890127000e-01 3.545341000e+00 
2.853734000e-01 3.700057000e+00 
6.705007000e-01 3.584532000e+00 
5.484434000e-01 3.615665000e+00 

9.998179000e-01 3.415621000e+00 
8.115607000e-01 3.509933000e+00 
5.430252000e-01 3.596380000e+00 
2.807753000e-01 4.790643000e+00 
6.889163000e-01 3.595078000e+00 
7.526788000e-01 3.527862000e+00 
2.807754000e-01 4.257289000e+00 
6.896921000e-01 3.586249000e+00 
7.543346000e-01 3.522314000e+00 
2.808044000e-01 3.683427000e+00 
2.807945000e-01 3.773811000e+00 
8.174495000e-01 3.464609000e+00 
2.807775000e-01 3.779389000e+00 
2.829111000e-01 3.644864000e+00 
3.996548000e-01 3.617422000e+00 
9.997469000e-01 3.418737000e+00 
9.904495000e-01 3.431807000e+00 
6.907618000e-01 3.566037000e+00 
9.438685000e-01 3.441882000e+00 

2.807754000e-01 3.854617000e+00 
2.807753000e-01 4.609812000e+00 
7.613719000e-01 3.534362000e+00 
2.807861000e-01 3.808427000e+00 
9.546838000e-01 3.530249000e+00 
2.807826000e-01 3.837427000e+00 
9.740344000e-01 3.516122000e+00 
5.281079000e-01 3.676831000e+00 
9.875050000e-01 3.512720000e+00 
2.812988000e-01 3.698087000e+00 
2.809035000e-01 3.774712000e+00 
6.398670000e-01 3.620615000e+00 
2.809554000e-01 3.766547000e+00 
5.958870000e-01 3.671069000e+00 
4.992023000e-01 3.677131000e+00 
5.312665000e-01 3.671576000e+00 
9.992537000e-01 3.502352000e+00 
6.195956000e-01 3.636167000e+00 
6.673010000e-01 3.593745000e+00 

9.978541000e-01 3.629395000e+00 
4.862458000e-01 3.811302000e+00 
9.955808000e-01 3.633748000e+00 
9.561931000e-01 3.673323000e+00 
5.037244000e-01 3.807349000e+00 
2.829974000e-01 3.845344000e+00 
9.936631000e-01 3.652423000e+00 
2.807753000e-01 3.944171000e+00 
2.807874000e-01 3.896885000e+00 
8.575683000e-01 3.698095000e+00 
8.512484000e-01 3.701466000e+00 
9.552306000e-01 3.684287000e+00 
2.808699000e-01 3.880550000e+00 
9.682792000e-01 3.665377000e+00 
6.995906000e-01 3.752901000e+00 
2.807755000e-01 3.921254000e+00 
6.337817000e-01 3.783473000e+00 
9.993583000e-01 3.617820000e+00 
4.710343000e-01 3.830735000e+00 
8.446467000e-01 3.744804000e+00 
6.886705000e-01 3.764085000e+00 

