2.841183000e-01 5.562054000e+00 
9.999955000e-01 5.384400000e+00 
9.874388000e-01 5.468069000e+00 
9.698100000e-01 5.540090000e+00 
9.757883000e-01 5.510836000e+00 
2.807753000e-01 5.685961000e+00 
2.830946000e-01 5.563095000e+00 
2.807756000e-01 5.681406000e+00 
2.807778000e-01 5.608010000e+00 

2.807762000e-01 5.799424000e+00 
2.807753000e-01 5.819485000e+00 
2.807953000e-01 5.682108000e+00 
9.204166000e-01 5.551981000e+00 
2.807769000e-01 5.780284000e+00 
9.068383000e-01 5.592557000e+00 
1.000000000e+00 5.505112000e+00 
2.807755000e-01 5.800509000e+00 
2.807775000e-01 5.731075000e+00 
2.853612000e-01 5.658539000e+00 
9.928218000e-01 5.535180000e+00 
2.807773000e-01 5.737166000e+00 

2.809077000e-01 5.839448000e+00 
2.809907000e-01 5.806029000e+00 
8.673266000e-01 5.643441000e+00 
2.807768000e-01 5.896182000e+00 
8.135295000e-01 5.746143000e+00 
2.807753000e-01 6.024110000e+00 
2.808336000e-01 5.854433000e+00 
2.808939000e-01 5.848524000e+00 
2.807755000e-01 5.920063000e+00 
2.961939000e-01 5.765415000e+00 
2.926312000e-01 5.786599000e+00 
2.807812000e-01 5.874558000e+00 
3.296339000e-01 5.750602000e+00 

2.807808000e-01 5.794722000e+00 
2.807753000e-01 6.891155000e+00 
9.998036000e-01 5.597454000e+00 
9.083240000e-01 5.714503000e+00 
2.808190000e-01 5.730278000e+00 
2.807783000e-01 5.858203000e+00 
2.808051000e-01 5.788532000e+00 
2.808136000e-01 5.782703000e+00 
9.832668000e-01 5.620622000e+00 

2.807753000e-01 6.288128000e+00 
2.807796000e-01 5.717627000e+00 
2.807782000e-01 5.727479000e+00 
2.808080000e-01 5.703984000e+00 
2.822919000e-01 5.608643000e+00 
2.807754000e-01 5.755761000e+00 
9.321397000e-01 5.520927000e+00 
2.819817000e-01 5.611403000e+00 
2.808064000e-01 5.704774000e+00 
9.301588000e-01 5.591463000e+00 
9.329259000e-01 5.451343000e+00 
2.810460000e-01 5.688937000e+00 

2.807754000e-01 5.818328000e+00 
9.764319000e-01 5.589375000e+00 
2.807754000e-01 5.818328000e+00 
2.807759000e-01 5.769218000e+00 
9.707727000e-01 5.611377000e+00 
2.807797000e-01 5.724822000e+00 
2.807753000e-01 5.862515000e+00 
2.807817000e-01 5.682438000e+00 
9.871404000e-01 5.520237000e+00 
2.807755000e-01 5.806720000e+00 
9.431500000e-01 5.641658000e+00 

2.808413000e-01 5.862084000e+00 
2.808041000e-01 5.862370000e+00 
2.807759000e-01 5.867587000e+00 
8.297840000e-01 5.661063000e+00 
6.533104000e-01 5.828288000e+00 
6.697381000e-01 5.778083000e+00 
2.810557000e-01 5.835386000e+00 
2.809058000e-01 5.844490000e+00 
2.807753000e-01 5.939019000e+00 

2.807754000e-01 5.631831000e+00 
2.807986000e-01 5.545788000e+00 
2.807753000e-01 5.871222000e+00 
2.807760000e-01 5.598215000e+00 
7.124140000e-01 5.463213000e+00 
7.397353000e-01 5.461316000e+00 
7.487031000e-01 5.426335000e+00 
2.820896000e-01 5.464213000e+00 

