2.807753000e-01 4.761742000e+00 
9.100919000e-01 4.052979000e+00 
2.807755000e-01 4.583590000e+00 
9.531714000e-01 4.045295000e+00 
7.129950000e-01 4.117316000e+00 
2.807963000e-01 4.256204000e+00 
2.807911000e-01 4.272388000e+00 
2.867039000e-01 4.190896000e+00 
2.810109000e-01 4.214451000e+00 
8.345699000e-01 4.101764000e+00 
2.807760000e-01 4.287523000e+00 
9.999999000e-01 4.006531000e+00 
6.402681000e-01 4.121848000e+00 
2.808077000e-01 4.253731000e+00 
9.993385000e-01 4.016479000e+00 

2.808395000e-01 4.417356000e+00 
2.852370000e-01 4.337920000e+00 
2.807753000e-01 5.191956000e+00 
2.807754000e-01 4.626302000e+00 
2.807758000e-01 4.619230000e+00 
2.811032000e-01 4.344825000e+00 
7.451973000e-01 4.198920000e+00 
2.808328000e-01 4.450601000e+00 
2.808659000e-01 4.414283000e+00 
2.807927000e-01 4.456773000e+00 
6.464598000e-01 4.252762000e+00 
2.810023000e-01 4.357761000e+00 
6.704751000e-01 4.250133000e+00 
2.884427000e-01 4.308565000e+00 
2.807769000e-01 4.458925000e+00 
9.999999000e-01 4.096811000e+00 
5.586453000e-01 4.267870000e+00 
7.213762000e-01 4.239390000e+00 
2.808850000e-01 4.404786000e+00 
9.667775000e-01 4.125736000e+00 
9.644217000e-01 4.148553000e+00 
6.834804000e-01 4.246114000e+00 
2.809381000e-01 4.369776000e+00 
9.905233000e-01 4.099313000e+00 
2.809137000e-01 4.386849000e+00 

2.807753000e-01 5.729769000e+00 
9.965814000e-01 4.335421000e+00 
9.563726000e-01 4.335782000e+00 
8.409397000e-01 4.420854000e+00 
2.807755000e-01 4.636262000e+00 
6.909832000e-01 4.442182000e+00 
2.808546000e-01 4.546699000e+00 
5.111125000e-01 4.522325000e+00 
8.486824000e-01 4.396203000e+00 
8.640494000e-01 4.361146000e+00 
6.062021000e-01 4.516678000e+00 
6.374322000e-01 4.488338000e+00 
2.807754000e-01 4.847595000e+00 
7.127007000e-01 4.435559000e+00 
9.493744000e-01 4.354523000e+00 
8.530640000e-01 4.388644000e+00 
2.807769000e-01 4.583849000e+00 
6.260908000e-01 4.496636000e+00 
8.539408000e-01 4.378594000e+00 
2.808223000e-01 4.565881000e+00 
6.530668000e-01 4.452133000e+00 
2.824292000e-01 4.540182000e+00 
6.402889000e-01 4.470134000e+00 
6.260104000e-01 4.507542000e+00 
8.191453000e-01 4.430199000e+00 

6.893400000e-01 4.299707000e+00 
8.709817000e-01 4.204595000e+00 
2.807796000e-01 4.421989000e+00 
4.899709000e-01 4.300266000e+00 
9.657133000e-01 4.149959000e+00 
2.807753000e-01 4.476776000e+00 
2.807777000e-01 4.446355000e+00 
7.101382000e-01 4.245064000e+00 
2.813807000e-01 4.328400000e+00 
2.807992000e-01 4.386722000e+00 
9.799819000e-01 4.131221000e+00 
9.471296000e-01 4.198258000e+00 
8.010801000e-01 4.227244000e+00 
9.492802000e-01 4.186225000e+00 
2.811197000e-01 4.369208000e+00 

8.859637000e-01 4.111050000e+00 
2.807755000e-01 4.521275000e+00 
8.822265000e-01 4.128251000e+00 
2.807753000e-01 4.790643000e+00 
8.340786000e-01 4.130653000e+00 
7.718895000e-01 4.185706000e+00 
5.932592000e-01 4.237217000e+00 
2.822002000e-01 4.294753000e+00 
8.836758000e-01 4.115259000e+00 
2.807754000e-01 4.556915000e+00 
6.794948000e-01 4.197790000e+00 
5.866456000e-01 4.244683000e+00 
5.774249000e-01 4.257245000e+00 
8.125086000e-01 4.159858000e+00 
9.999101000e-01 4.071026000e+00 
2.807756000e-01 4.331438000e+00 
3.154043000e-01 4.285133000e+00 
5.976736000e-01 4.199859000e+00 
5.856773000e-01 4.248626000e+00 
9.981841000e-01 4.071822000e+00 
5.759994000e-01 4.266778000e+00 
2.814810000e-01 4.296910000e+00 

2.901327000e-01 4.324183000e+00 
2.807753000e-01 4.609812000e+00 
7.744566000e-01 4.233652000e+00 
7.729849000e-01 4.247361000e+00 
2.807787000e-01 4.487836000e+00 
8.328723000e-01 4.172878000e+00 
8.287537000e-01 4.219978000e+00 
2.807759000e-01 4.569008000e+00 
2.807919000e-01 4.445918000e+00 
2.820940000e-01 4.330926000e+00 
6.194442000e-01 4.266200000e+00 
9.577191000e-01 4.103448000e+00 
5.770383000e-01 4.317105000e+00 
3.038916000e-01 4.317264000e+00 
8.301967000e-01 4.188813000e+00 
7.761096000e-01 4.231899000e+00 
2.809137000e-01 4.361768000e+00 
2.808196000e-01 4.381264000e+00 
6.182519000e-01 4.276549000e+00 
7.932575000e-01 4.231152000e+00 
2.807975000e-01 4.397850000e+00 

8.744866000e-01 4.330296000e+00 
2.814914000e-01 4.475342000e+00 
8.601203000e-01 4.368073000e+00 
5.872263000e-01 4.435414000e+00 
9.999404000e-01 4.270960000e+00 
2.807753000e-01 4.533419000e+00 
5.862422000e-01 4.465026000e+00 
6.188534000e-01 4.409943000e+00 
2.807757000e-01 4.523002000e+00 
8.740823000e-01 4.347652000e+00 
1.000000000e+00 4.245516000e+00 
9.338753000e-01 4.296710000e+00 
7.165320000e-01 4.383929000e+00 
2.815955000e-01 4.475102000e+00 
2.832564000e-01 4.468543000e+00 
6.901406000e-01 4.388409000e+00 
2.807965000e-01 4.492071000e+00 
6.626525000e-01 4.390610000e+00 
8.937241000e-01 4.316187000e+00 

