2.841183000e-01 5.562054000e+00 
9.999955000e-01 5.384400000e+00 
9.874388000e-01 5.468069000e+00 
2.807778000e-01 5.608010000e+00 
9.999999000e-01 5.338209000e+00 
2.807753000e-01 5.685961000e+00 
2.830946000e-01 5.563095000e+00 
2.807756000e-01 5.681406000e+00 
9.694039000e-01 5.501805000e+00 
2.810063000e-01 5.598841000e+00 
9.785340000e-01 5.481533000e+00 
9.920215000e-01 5.430504000e+00 
9.865670000e-01 5.477440000e+00 
2.818802000e-01 5.584964000e+00 

9.901678000e-01 5.487087000e+00 
2.807753000e-01 5.819485000e+00 
2.853612000e-01 5.658539000e+00 
9.999999000e-01 5.466918000e+00 
9.190096000e-01 5.555899000e+00 
9.068383000e-01 5.592557000e+00 
2.807771000e-01 5.670819000e+00 
2.807755000e-01 5.800509000e+00 
9.047368000e-01 5.595039000e+00 
8.958046000e-01 5.635941000e+00 
9.202266000e-01 5.542928000e+00 
9.533221000e-01 5.521403000e+00 
2.850407000e-01 5.665387000e+00 
2.807769000e-01 5.705032000e+00 
2.807759000e-01 5.710600000e+00 
2.823174000e-01 5.665912000e+00 

2.809077000e-01 5.839448000e+00 
2.809907000e-01 5.806029000e+00 
8.673266000e-01 5.643441000e+00 
2.807768000e-01 5.896182000e+00 
2.810838000e-01 5.801880000e+00 
2.807753000e-01 6.024110000e+00 
2.870430000e-01 5.750927000e+00 
2.807831000e-01 5.843784000e+00 
2.807755000e-01 5.920063000e+00 
2.907161000e-01 5.726547000e+00 
2.807757000e-01 5.906197000e+00 
2.807812000e-01 5.874558000e+00 
2.816033000e-01 5.784102000e+00 
2.811683000e-01 5.800598000e+00 
9.287437000e-01 5.616276000e+00 
8.728942000e-01 5.631165000e+00 

2.808115000e-01 5.715409000e+00 
2.807753000e-01 6.891155000e+00 
9.071008000e-01 5.638790000e+00 
2.807793000e-01 5.786520000e+00 
9.832668000e-01 5.620622000e+00 
2.807783000e-01 5.858203000e+00 
9.981197000e-01 5.556573000e+00 
9.968543000e-01 5.571886000e+00 
2.807787000e-01 5.805406000e+00 

2.807753000e-01 6.288128000e+00 
2.807796000e-01 5.717627000e+00 
2.807782000e-01 5.727479000e+00 
2.808080000e-01 5.703984000e+00 
9.290446000e-01 5.515524000e+00 
2.807754000e-01 5.755761000e+00 
2.819023000e-01 5.577172000e+00 
2.807781000e-01 5.739149000e+00 
2.808064000e-01 5.704774000e+00 
2.807947000e-01 5.712316000e+00 
9.329259000e-01 5.451343000e+00 
2.810460000e-01 5.688937000e+00 
2.811237000e-01 5.644292000e+00 
9.374034000e-01 5.430938000e+00 
3.704679000e-01 5.529834000e+00 

2.807754000e-01 5.818328000e+00 
9.764319000e-01 5.589375000e+00 
2.807754000e-01 5.818328000e+00 
9.676539000e-01 5.618963000e+00 
9.707727000e-01 5.611377000e+00 
2.807797000e-01 5.724822000e+00 
2.807753000e-01 5.862515000e+00 
2.807817000e-01 5.682438000e+00 
9.871404000e-01 5.520237000e+00 
2.807755000e-01 5.806720000e+00 
2.807796000e-01 5.736715000e+00 
9.796832000e-01 5.562076000e+00 
9.556674000e-01 5.620880000e+00 
2.888501000e-01 5.638207000e+00 
2.807757000e-01 5.744946000e+00 

2.807753000e-01 5.939019000e+00 
2.808041000e-01 5.862370000e+00 
2.807759000e-01 5.867587000e+00 
8.297840000e-01 5.661063000e+00 
2.808384000e-01 5.846832000e+00 
6.697381000e-01 5.778083000e+00 
6.762630000e-01 5.764991000e+00 
5.517994000e-01 5.824268000e+00 
2.808732000e-01 5.828438000e+00 

2.807754000e-01 5.631831000e+00 
7.513441000e-01 5.380068000e+00 
2.807753000e-01 5.871222000e+00 
2.807760000e-01 5.598215000e+00 
7.124140000e-01 5.463213000e+00 
7.397353000e-01 5.461316000e+00 
7.487031000e-01 5.426335000e+00 
2.820896000e-01 5.464213000e+00 
2.807801000e-01 5.511483000e+00 
2.807827000e-01 5.486118000e+00 

