7.289275000e-01 4.555182000e+00 
8.054689000e-01 4.532403000e+00 
8.229746000e-01 4.485995000e+00 
2.807756000e-01 4.746035000e+00 
2.838223000e-01 4.648391000e+00 
6.622822000e-01 4.630621000e+00 
2.809204000e-01 4.699963000e+00 
7.396667000e-01 4.551803000e+00 
7.079676000e-01 4.565507000e+00 
9.038920000e-01 4.473953000e+00 
7.037287000e-01 4.565520000e+00 
6.693963000e-01 4.612096000e+00 
6.724953000e-01 4.598570000e+00 
2.807811000e-01 4.700157000e+00 
2.807753000e-01 4.796099000e+00 

8.173292000e-01 4.588860000e+00 
2.807756000e-01 4.878212000e+00 
2.807753000e-01 5.191956000e+00 
7.915698000e-01 4.611093000e+00 
8.251251000e-01 4.580729000e+00 
2.845992000e-01 4.710682000e+00 
2.813322000e-01 4.746640000e+00 
2.807755000e-01 4.974520000e+00 
2.807771000e-01 4.764351000e+00 
5.775702000e-01 4.652503000e+00 
7.234024000e-01 4.649229000e+00 
7.888864000e-01 4.636459000e+00 
9.983329000e-01 4.566085000e+00 
9.994874000e-01 4.503626000e+00 
8.095549000e-01 4.610856000e+00 
2.807799000e-01 4.761686000e+00 
9.985949000e-01 4.530260000e+00 
4.010410000e-01 4.669812000e+00 
2.818293000e-01 4.738210000e+00 

2.807753000e-01 5.729769000e+00 
9.230533000e-01 4.718056000e+00 
9.751735000e-01 4.711258000e+00 
6.756106000e-01 4.800176000e+00 
2.807869000e-01 4.997325000e+00 
9.999860000e-01 4.697970000e+00 
2.807754000e-01 5.121825000e+00 
2.807759000e-01 5.030704000e+00 
8.294997000e-01 4.749119000e+00 
2.808330000e-01 4.918324000e+00 
9.999851000e-01 4.708905000e+00 
2.808317000e-01 4.950794000e+00 
2.811308000e-01 4.873253000e+00 
5.056516000e-01 4.858061000e+00 
2.825213000e-01 4.873049000e+00 
5.323537000e-01 4.834642000e+00 
2.807991000e-01 4.961732000e+00 

9.840413000e-01 4.608230000e+00 
2.807753000e-01 5.528856000e+00 
7.637141000e-01 4.678609000e+00 
9.873064000e-01 4.603381000e+00 
9.751807000e-01 4.643361000e+00 
2.808428000e-01 4.820840000e+00 
6.030404000e-01 4.714796000e+00 
2.807755000e-01 5.096958000e+00 
3.314919000e-01 4.741312000e+00 
2.807770000e-01 4.892987000e+00 
3.274281000e-01 4.761039000e+00 
7.416162000e-01 4.711354000e+00 
2.825761000e-01 4.820724000e+00 
5.153198000e-01 4.718224000e+00 
2.807805000e-01 4.830934000e+00 
2.807756000e-01 4.896111000e+00 
2.825900000e-01 4.788471000e+00 
9.771415000e-01 4.611559000e+00 
3.108063000e-01 4.782076000e+00 
8.106594000e-01 4.646879000e+00 
9.985683000e-01 4.573399000e+00 
2.807934000e-01 4.826841000e+00 
9.879640000e-01 4.580856000e+00 

8.542850000e-01 4.602559000e+00 
9.284427000e-01 4.527569000e+00 
2.807792000e-01 4.775688000e+00 
2.807753000e-01 4.790643000e+00 
9.050879000e-01 4.586706000e+00 
6.968923000e-01 4.652617000e+00 
7.124313000e-01 4.628842000e+00 
8.254848000e-01 4.606521000e+00 
2.807895000e-01 4.705065000e+00 
7.322856000e-01 4.607592000e+00 
2.811837000e-01 4.692345000e+00 
7.143968000e-01 4.613374000e+00 
9.421670000e-01 4.493838000e+00 
6.365616000e-01 4.664513000e+00 
9.199362000e-01 4.541748000e+00 
7.030500000e-01 4.645879000e+00 
9.144476000e-01 4.577240000e+00 

7.111107000e-01 4.688510000e+00 
8.758621000e-01 4.615985000e+00 
9.747772000e-01 4.603148000e+00 
2.807754000e-01 4.914572000e+00 
2.807753000e-01 5.004999000e+00 
2.807830000e-01 4.802049000e+00 
2.807772000e-01 4.806590000e+00 
9.845069000e-01 4.536561000e+00 
8.765641000e-01 4.615384000e+00 
2.827816000e-01 4.727114000e+00 
9.797510000e-01 4.540394000e+00 
7.040579000e-01 4.694982000e+00 
2.829791000e-01 4.712419000e+00 
8.167065000e-01 4.633513000e+00 
2.807759000e-01 4.825952000e+00 
7.666296000e-01 4.658409000e+00 
2.808423000e-01 4.732686000e+00 

2.807787000e-01 4.983455000e+00 
6.405293000e-01 4.848344000e+00 
8.976164000e-01 4.741827000e+00 
2.807753000e-01 5.065391000e+00 
2.807994000e-01 4.937036000e+00 
6.453463000e-01 4.823800000e+00 
8.494679000e-01 4.798277000e+00 
8.850507000e-01 4.783517000e+00 
2.807890000e-01 4.979242000e+00 
2.807783000e-01 5.029734000e+00 
6.347251000e-01 4.887024000e+00 
2.809286000e-01 4.911547000e+00 
6.386662000e-01 4.878174000e+00 
7.850144000e-01 4.814821000e+00 

