2.809043000e-01 3.775917000e+00 
9.675100000e-01 3.584672000e+00 
9.749501000e-01 3.515616000e+00 
5.029771000e-01 3.707832000e+00 
2.807753000e-01 3.915988000e+00 
2.807787000e-01 3.788352000e+00 
2.809890000e-01 3.723613000e+00 
2.808728000e-01 3.783634000e+00 
8.027465000e-01 3.611581000e+00 
7.998142000e-01 3.622949000e+00 
5.228190000e-01 3.690217000e+00 
9.738370000e-01 3.554659000e+00 
9.826068000e-01 3.489595000e+00 
2.808362000e-01 3.784064000e+00 
6.326665000e-01 3.630878000e+00 
6.324409000e-01 3.674355000e+00 
9.836982000e-01 3.475016000e+00 
9.808348000e-01 3.508028000e+00 
5.657812000e-01 3.675215000e+00 
2.807754000e-01 3.833860000e+00 

8.874126000e-01 3.846222000e+00 
2.807766000e-01 4.378708000e+00 
2.807753000e-01 5.191956000e+00 
2.807754000e-01 4.626302000e+00 
2.807758000e-01 4.619230000e+00 
4.838254000e-01 3.983556000e+00 
5.403065000e-01 3.954352000e+00 
2.807800000e-01 4.133649000e+00 
5.474267000e-01 3.942672000e+00 
9.071575000e-01 3.843754000e+00 
2.979872000e-01 4.000148000e+00 
2.808072000e-01 4.082652000e+00 
2.807771000e-01 4.142413000e+00 
8.595635000e-01 3.870802000e+00 
5.373822000e-01 3.954411000e+00 
7.359064000e-01 3.883226000e+00 
9.178072000e-01 3.751013000e+00 
9.999920000e-01 3.750857000e+00 
2.821013000e-01 4.010984000e+00 
9.999996000e-01 3.717197000e+00 
2.810201000e-01 4.041108000e+00 
5.546785000e-01 3.930981000e+00 
6.031692000e-01 3.898445000e+00 
7.673622000e-01 3.881078000e+00 
3.650357000e-01 3.991991000e+00 
8.498826000e-01 3.876418000e+00 
5.238600000e-01 3.980513000e+00 
2.810183000e-01 4.079175000e+00 
8.596354000e-01 3.854820000e+00 
8.648773000e-01 3.848382000e+00 

2.807753000e-01 5.729769000e+00 
2.807754000e-01 4.847595000e+00 
7.433567000e-01 4.116296000e+00 
2.837213000e-01 4.215569000e+00 
2.807761000e-01 4.369858000e+00 
6.535480000e-01 4.117108000e+00 
2.807804000e-01 4.322619000e+00 
9.983212000e-01 3.982357000e+00 
8.814049000e-01 4.076327000e+00 
2.807758000e-01 4.407436000e+00 
2.817247000e-01 4.225690000e+00 
2.807755000e-01 4.494725000e+00 
2.816951000e-01 4.238305000e+00 
9.972437000e-01 4.011378000e+00 
2.920021000e-01 4.193849000e+00 
8.505236000e-01 4.113250000e+00 
9.593846000e-01 4.018161000e+00 
6.182203000e-01 4.139800000e+00 
2.810252000e-01 4.277029000e+00 

2.813553000e-01 3.890288000e+00 
2.807759000e-01 4.232630000e+00 
9.845027000e-01 3.715410000e+00 
2.813458000e-01 3.922243000e+00 
7.426169000e-01 3.799952000e+00 
2.807753000e-01 4.476776000e+00 
2.807754000e-01 4.296974000e+00 
2.810344000e-01 3.967106000e+00 
9.756034000e-01 3.738005000e+00 
9.543836000e-01 3.761688000e+00 
2.807761000e-01 3.976061000e+00 
9.333166000e-01 3.769730000e+00 
7.315864000e-01 3.800114000e+00 
6.880239000e-01 3.827051000e+00 
5.943100000e-01 3.876539000e+00 
9.971215000e-01 3.695247000e+00 

7.629399000e-01 3.802734000e+00 
2.807826000e-01 4.026744000e+00 
8.079739000e-01 3.795936000e+00 
2.807753000e-01 4.790643000e+00 
2.807796000e-01 4.082337000e+00 
5.539608000e-01 3.850858000e+00 
2.807754000e-01 4.257289000e+00 
5.657373000e-01 3.832079000e+00 
9.066496000e-01 3.735490000e+00 
9.218093000e-01 3.726373000e+00 
4.577299000e-01 3.875172000e+00 
8.274928000e-01 3.748156000e+00 
2.807863000e-01 4.014611000e+00 
8.174952000e-01 3.777038000e+00 
9.725685000e-01 3.713480000e+00 
2.808480000e-01 4.010859000e+00 
2.808875000e-01 3.932614000e+00 
4.486545000e-01 3.886734000e+00 
9.987609000e-01 3.648722000e+00 
9.231171000e-01 3.725110000e+00 
3.475173000e-01 3.890682000e+00 
2.818328000e-01 3.898810000e+00 
5.743456000e-01 3.806372000e+00 

6.610874000e-01 3.913051000e+00 
2.807753000e-01 4.609812000e+00 
2.807755000e-01 4.373674000e+00 
2.807830000e-01 3.983751000e+00 
2.807785000e-01 4.173338000e+00 
5.605126000e-01 3.957299000e+00 
6.009302000e-01 3.934442000e+00 
2.807756000e-01 4.361512000e+00 
5.792627000e-01 3.939471000e+00 
2.807761000e-01 4.174599000e+00 
5.952871000e-01 3.936367000e+00 
6.141029000e-01 3.928502000e+00 
2.860140000e-01 3.965138000e+00 
2.808264000e-01 3.975220000e+00 
9.965320000e-01 3.748624000e+00 
8.443158000e-01 3.818120000e+00 
9.992768000e-01 3.720954000e+00 
9.703024000e-01 3.768063000e+00 
8.277186000e-01 3.834473000e+00 
7.531388000e-01 3.877092000e+00 
8.229409000e-01 3.844055000e+00 
8.476941000e-01 3.800674000e+00 
6.611690000e-01 3.893097000e+00 

6.858979000e-01 4.034787000e+00 
2.808510000e-01 4.139333000e+00 
2.807763000e-01 4.489961000e+00 
7.866125000e-01 3.973406000e+00 
2.807782000e-01 4.178015000e+00 
2.807753000e-01 4.533419000e+00 
8.566678000e-01 3.952457000e+00 
9.999998000e-01 3.819521000e+00 
2.807757000e-01 4.523002000e+00 
3.074287000e-01 4.043497000e+00 
8.693797000e-01 3.912757000e+00 
8.777092000e-01 3.887522000e+00 
2.807765000e-01 4.436438000e+00 
2.830656000e-01 4.121909000e+00 
8.541111000e-01 3.965619000e+00 
2.810903000e-01 4.128662000e+00 
2.808325000e-01 4.173024000e+00 
2.840345000e-01 4.086021000e+00 
6.971735000e-01 4.000119000e+00 
2.835519000e-01 4.099468000e+00 
9.980836000e-01 3.838918000e+00 

