7.860867000e-01 3.188815000e+00 
2.812571000e-01 3.341310000e+00 
7.994720000e-01 3.178225000e+00 
6.810405000e-01 3.213719000e+00 
2.807805000e-01 3.362358000e+00 
9.039526000e-01 3.135757000e+00 
2.807756000e-01 3.618572000e+00 
9.696657000e-01 3.102386000e+00 
9.040036000e-01 3.126922000e+00 
5.984704000e-01 3.279219000e+00 
6.620169000e-01 3.232319000e+00 
8.118321000e-01 3.176471000e+00 
2.807753000e-01 3.631489000e+00 
2.807772000e-01 3.460250000e+00 
6.784952000e-01 3.224045000e+00 
4.822812000e-01 3.332035000e+00 
8.947498000e-01 3.160216000e+00 
2.808060000e-01 3.345837000e+00 
5.725758000e-01 3.285694000e+00 
6.421881000e-01 3.236772000e+00 
6.005634000e-01 3.262058000e+00 
5.679093000e-01 3.290059000e+00 
5.268711000e-01 3.299415000e+00 
8.964654000e-01 3.156108000e+00 
6.200066000e-01 3.256102000e+00 

2.807755000e-01 3.817478000e+00 
8.282328000e-01 3.451496000e+00 
9.987262000e-01 3.266152000e+00 
8.186327000e-01 3.459014000e+00 
2.814027000e-01 3.531165000e+00 
2.807788000e-01 3.688187000e+00 
7.844429000e-01 3.463210000e+00 
2.807753000e-01 3.881897000e+00 
8.360663000e-01 3.425851000e+00 
2.812122000e-01 3.533363000e+00 
8.915705000e-01 3.387870000e+00 
2.808549000e-01 3.553059000e+00 
9.854459000e-01 3.330888000e+00 
3.305243000e-01 3.497733000e+00 
6.815534000e-01 3.487714000e+00 
9.889534000e-01 3.318452000e+00 
8.496017000e-01 3.393433000e+00 
2.808136000e-01 3.650645000e+00 
9.876411000e-01 3.328272000e+00 
8.951629000e-01 3.346662000e+00 

2.807753000e-01 5.729769000e+00 
2.807754000e-01 3.828404000e+00 
2.809398000e-01 3.746196000e+00 
8.552507000e-01 3.640879000e+00 
8.785380000e-01 3.622615000e+00 
9.238054000e-01 3.605477000e+00 
6.587775000e-01 3.648306000e+00 
2.815397000e-01 3.733661000e+00 
4.742679000e-01 3.700060000e+00 
8.788224000e-01 3.616714000e+00 
9.710933000e-01 3.536851000e+00 
9.602610000e-01 3.538652000e+00 
9.241025000e-01 3.576789000e+00 
6.063393000e-01 3.682837000e+00 
2.808521000e-01 3.796621000e+00 
2.808312000e-01 3.815718000e+00 
6.247568000e-01 3.672998000e+00 
6.450001000e-01 3.651437000e+00 

9.066161000e-01 3.344814000e+00 
2.838573000e-01 3.544080000e+00 
5.268021000e-01 3.445744000e+00 
9.892517000e-01 3.337649000e+00 
2.807755000e-01 3.795233000e+00 
2.807753000e-01 4.476776000e+00 
2.807754000e-01 4.296974000e+00 
2.807769000e-01 3.786723000e+00 
2.807852000e-01 3.544438000e+00 
2.846067000e-01 3.497105000e+00 
2.807757000e-01 3.793589000e+00 
7.558115000e-01 3.358794000e+00 
9.898972000e-01 3.302789000e+00 
7.216908000e-01 3.383795000e+00 
9.984732000e-01 3.277616000e+00 
4.786015000e-01 3.457641000e+00 
9.978113000e-01 3.294131000e+00 
5.665229000e-01 3.419028000e+00 

2.807800000e-01 3.593887000e+00 
6.113163000e-01 3.463106000e+00 
2.807757000e-01 3.701767000e+00 
2.807753000e-01 4.790643000e+00 
2.807918000e-01 3.579956000e+00 
2.812391000e-01 3.568212000e+00 
2.807754000e-01 4.257289000e+00 
3.781139000e-01 3.477345000e+00 
8.442911000e-01 3.347305000e+00 
2.822991000e-01 3.541578000e+00 
6.685714000e-01 3.447931000e+00 
3.996726000e-01 3.465050000e+00 
8.781936000e-01 3.346334000e+00 
9.658519000e-01 3.292724000e+00 
2.876160000e-01 3.526922000e+00 
6.922397000e-01 3.376264000e+00 
8.898738000e-01 3.305390000e+00 
2.967533000e-01 3.509474000e+00 
9.733045000e-01 3.281814000e+00 
8.387277000e-01 3.360453000e+00 
9.961377000e-01 3.240051000e+00 
6.889105000e-01 3.435266000e+00 

2.807754000e-01 3.854617000e+00 
2.807753000e-01 4.609812000e+00 
2.815279000e-01 3.581692000e+00 
9.030267000e-01 3.384306000e+00 
9.976224000e-01 3.328905000e+00 
6.964621000e-01 3.389045000e+00 
2.807755000e-01 3.594850000e+00 
6.437128000e-01 3.502235000e+00 
6.794039000e-01 3.441545000e+00 
9.993175000e-01 3.318693000e+00 
9.543452000e-01 3.372049000e+00 
2.868072000e-01 3.505210000e+00 
9.999422000e-01 3.300689000e+00 
9.719315000e-01 3.356969000e+00 
2.833649000e-01 3.508341000e+00 
2.807805000e-01 3.582162000e+00 
9.929352000e-01 3.337652000e+00 

2.807753000e-01 3.848019000e+00 
9.999288000e-01 3.513171000e+00 
3.222638000e-01 3.708134000e+00 
4.237380000e-01 3.694495000e+00 
8.846781000e-01 3.549915000e+00 
2.808133000e-01 3.773209000e+00 
8.247992000e-01 3.610974000e+00 
4.292359000e-01 3.692840000e+00 
2.807765000e-01 3.798715000e+00 
2.807932000e-01 3.774592000e+00 
8.538489000e-01 3.587326000e+00 
7.322769000e-01 3.619791000e+00 
9.100880000e-01 3.544725000e+00 
8.756747000e-01 3.560606000e+00 
2.807788000e-01 3.784578000e+00 
2.808594000e-01 3.727112000e+00 
8.733245000e-01 3.574943000e+00 
9.767482000e-01 3.515173000e+00 
5.469283000e-01 3.687226000e+00 
6.456233000e-01 3.659425000e+00 
8.578857000e-01 3.583528000e+00 

