2.807756000e-01 7.591657000e+00 
2.828101000e-01 7.183154000e+00 
2.818549000e-01 7.228523000e+00 
2.807753000e-01 7.635763000e+00 
2.807777000e-01 7.257342000e+00 

2.807754000e-01 7.337945000e+00 
2.936226000e-01 7.130544000e+00 
2.808168000e-01 7.324447000e+00 
2.816247000e-01 7.243750000e+00 
2.808823000e-01 7.282464000e+00 
2.872224000e-01 7.239352000e+00 
2.874920000e-01 7.238487000e+00 
9.995647000e-01 7.042513000e+00 
2.807753000e-01 7.472482000e+00 

2.819086000e-01 7.221823000e+00 
2.819084000e-01 7.236198000e+00 
2.819569000e-01 7.198719000e+00 
9.584167000e-01 7.113267000e+00 
2.807753000e-01 7.653675000e+00 
2.807758000e-01 7.332437000e+00 
2.815606000e-01 7.251612000e+00 
2.807755000e-01 7.447610000e+00 
2.807896000e-01 7.313572000e+00 
2.812609000e-01 7.285543000e+00 
2.808297000e-01 7.296607000e+00 
2.813246000e-01 7.260506000e+00 
2.807754000e-01 7.499557000e+00 
2.846572000e-01 7.130536000e+00 
9.792046000e-01 6.976846000e+00 

2.807969000e-01 7.410432000e+00 
2.812228000e-01 7.216848000e+00 
2.807753000e-01 7.777964000e+00 
2.807762000e-01 7.690269000e+00 
2.807783000e-01 7.517356000e+00 
2.808032000e-01 7.267538000e+00 
2.807809000e-01 7.472093000e+00 

2.807800000e-01 7.124299000e+00 
2.807781000e-01 7.319794000e+00 
9.223909000e-01 7.064026000e+00 
2.924704000e-01 7.095876000e+00 
9.359928000e-01 6.874166000e+00 
2.807753000e-01 7.375942000e+00 

2.808567000e-01 7.303698000e+00 
2.807765000e-01 7.332714000e+00 
2.807772000e-01 7.305176000e+00 
2.814263000e-01 7.054056000e+00 
2.812223000e-01 7.223122000e+00 
2.809849000e-01 7.268819000e+00 
2.807753000e-01 7.378703000e+00 

2.807758000e-01 7.607220000e+00 
2.807787000e-01 7.460636000e+00 
2.807813000e-01 7.369653000e+00 
2.807753000e-01 7.761366000e+00 
2.807839000e-01 7.315297000e+00 
2.807754000e-01 7.706603000e+00 
2.807755000e-01 7.685111000e+00 
9.494047000e-01 7.186836000e+00 
2.813154000e-01 7.301850000e+00 
2.818829000e-01 7.261318000e+00 
7.169415000e-01 7.209377000e+00 
2.969182000e-01 7.214618000e+00 

9.970120000e-01 7.110830000e+00 
2.808083000e-01 7.244410000e+00 
2.807753000e-01 7.305695000e+00 
2.807791000e-01 7.249210000e+00 
2.809121000e-01 7.205176000e+00 
2.809447000e-01 7.150892000e+00 
2.955210000e-01 7.137383000e+00 
2.809266000e-01 7.204387000e+00 
9.985750000e-01 7.103866000e+00 

