5.989701000e-01 4.039034000e+00 
3.192056000e-01 4.091713000e+00 
6.353905000e-01 4.012554000e+00 
2.807753000e-01 4.277310000e+00 
8.182872000e-01 3.922238000e+00 
4.076132000e-01 4.049068000e+00 
8.188371000e-01 3.905231000e+00 
6.542145000e-01 3.955968000e+00 
2.807819000e-01 4.136891000e+00 
6.413594000e-01 3.987181000e+00 
2.807758000e-01 4.145802000e+00 
2.808849000e-01 4.099249000e+00 
9.733526000e-01 3.822193000e+00 
2.808777000e-01 4.123288000e+00 
3.225903000e-01 4.068440000e+00 
2.807932000e-01 4.123512000e+00 

2.808391000e-01 4.267802000e+00 
2.807766000e-01 4.378708000e+00 
2.807753000e-01 5.191956000e+00 
2.807754000e-01 4.626302000e+00 
2.807758000e-01 4.619230000e+00 
9.797994000e-01 3.993323000e+00 
8.727231000e-01 4.038041000e+00 
7.228097000e-01 4.092679000e+00 
7.228097000e-01 4.092679000e+00 
2.809146000e-01 4.263613000e+00 
2.811029000e-01 4.207883000e+00 
2.808607000e-01 4.266353000e+00 
2.807917000e-01 4.320818000e+00 
7.228097000e-01 4.092679000e+00 
2.808049000e-01 4.294580000e+00 
4.869463000e-01 4.120619000e+00 
9.634104000e-01 4.010284000e+00 
8.340550000e-01 4.078250000e+00 
2.863455000e-01 4.178415000e+00 
9.802764000e-01 3.966131000e+00 
9.677858000e-01 4.003463000e+00 

2.807753000e-01 5.729769000e+00 
2.807785000e-01 4.490698000e+00 
7.059761000e-01 4.346227000e+00 
8.166860000e-01 4.292627000e+00 
6.937652000e-01 4.357270000e+00 
6.692549000e-01 4.380120000e+00 
2.954735000e-01 4.421201000e+00 
2.808083000e-01 4.445545000e+00 
5.258385000e-01 4.413191000e+00 
4.692794000e-01 4.415496000e+00 
7.490300000e-01 4.334745000e+00 
2.807755000e-01 4.494725000e+00 
2.807754000e-01 4.847595000e+00 
5.286265000e-01 4.401964000e+00 
5.370309000e-01 4.400016000e+00 
2.807970000e-01 4.467864000e+00 
8.846442000e-01 4.246350000e+00 
8.015813000e-01 4.304393000e+00 

2.807777000e-01 4.321317000e+00 
2.807755000e-01 4.360836000e+00 
7.602753000e-01 4.103710000e+00 
4.925319000e-01 4.175095000e+00 
7.135728000e-01 4.126620000e+00 
2.807753000e-01 4.476776000e+00 
7.338804000e-01 4.105217000e+00 
2.807838000e-01 4.262580000e+00 
2.807850000e-01 4.251386000e+00 
2.807754000e-01 4.367479000e+00 
4.954250000e-01 4.167001000e+00 
6.171553000e-01 4.148425000e+00 
2.807789000e-01 4.266502000e+00 
2.808000000e-01 4.176815000e+00 
8.032781000e-01 3.990071000e+00 
7.976649000e-01 4.092831000e+00 
2.807947000e-01 4.213255000e+00 
7.784505000e-01 4.102522000e+00 

9.990612000e-01 3.956193000e+00 
3.028354000e-01 4.142244000e+00 
2.809027000e-01 4.179474000e+00 
2.807753000e-01 4.790643000e+00 
9.944825000e-01 3.980787000e+00 
2.809000000e-01 4.200709000e+00 
2.807754000e-01 4.257289000e+00 
3.014091000e-01 4.165951000e+00 
5.792084000e-01 4.106383000e+00 
7.988215000e-01 4.019462000e+00 
7.988878000e-01 4.013890000e+00 
5.746661000e-01 4.137383000e+00 
5.505513000e-01 4.138546000e+00 
5.746661000e-01 4.137383000e+00 
2.821825000e-01 4.172485000e+00 
8.011784000e-01 3.994840000e+00 
5.860067000e-01 4.042198000e+00 
5.831999000e-01 4.092847000e+00 

5.256505000e-01 4.180262000e+00 
2.807753000e-01 4.609812000e+00 
2.808432000e-01 4.299114000e+00 
8.011285000e-01 4.078535000e+00 
9.733380000e-01 4.022071000e+00 
8.383518000e-01 4.060410000e+00 
8.212385000e-01 4.063259000e+00 
5.447893000e-01 4.174864000e+00 
9.649112000e-01 4.036519000e+00 
2.807761000e-01 4.331057000e+00 
7.347459000e-01 4.121920000e+00 
9.684642000e-01 4.032897000e+00 
2.807755000e-01 4.373674000e+00 
2.815044000e-01 4.206810000e+00 
2.807756000e-01 4.361512000e+00 
9.746665000e-01 3.999647000e+00 
2.808879000e-01 4.238666000e+00 
7.534786000e-01 4.115694000e+00 
6.500485000e-01 4.131025000e+00 
8.205099000e-01 4.078224000e+00 
2.809715000e-01 4.236593000e+00 
7.263056000e-01 4.127547000e+00 
7.331848000e-01 4.123795000e+00 
5.768166000e-01 4.155116000e+00 

2.807810000e-01 4.428918000e+00 
2.807934000e-01 4.410328000e+00 
2.807763000e-01 4.489961000e+00 
2.807955000e-01 4.352363000e+00 
8.322707000e-01 4.173102000e+00 
2.807753000e-01 4.533419000e+00 
2.925218000e-01 4.295388000e+00 
6.083405000e-01 4.280685000e+00 
2.807757000e-01 4.523002000e+00 
2.807826000e-01 4.419071000e+00 
7.801564000e-01 4.213547000e+00 
9.999999000e-01 4.111385000e+00 
2.807765000e-01 4.436438000e+00 
7.781748000e-01 4.226261000e+00 
8.238742000e-01 4.185811000e+00 
2.812512000e-01 4.303130000e+00 
2.807973000e-01 4.343363000e+00 
9.129301000e-01 4.154249000e+00 
9.993019000e-01 4.144010000e+00 
9.999430000e-01 4.111942000e+00 
8.726631000e-01 4.159761000e+00 
2.811026000e-01 4.326587000e+00 
6.902598000e-01 4.245451000e+00 

