2.807753000e-01 4.761742000e+00 
2.808242000e-01 4.437698000e+00 
2.807755000e-01 4.583590000e+00 
2.807768000e-01 4.551660000e+00 
2.808570000e-01 4.432389000e+00 
2.807780000e-01 4.507168000e+00 
2.818853000e-01 4.390440000e+00 
2.807762000e-01 4.554207000e+00 
7.514675000e-01 4.289086000e+00 
9.114831000e-01 4.178086000e+00 
2.833266000e-01 4.324464000e+00 
8.930277000e-01 4.223500000e+00 
2.807888000e-01 4.506955000e+00 
8.948158000e-01 4.197501000e+00 
2.810413000e-01 4.400044000e+00 
6.315747000e-01 4.296780000e+00 
2.807956000e-01 4.446146000e+00 
8.362458000e-01 4.246573000e+00 

2.807775000e-01 4.540299000e+00 
7.242344000e-01 4.392420000e+00 
2.807753000e-01 5.191956000e+00 
2.807754000e-01 4.626302000e+00 
2.807758000e-01 4.619230000e+00 
9.999910000e-01 4.226073000e+00 
9.918898000e-01 4.275681000e+00 
2.808328000e-01 4.450601000e+00 
6.385770000e-01 4.433133000e+00 
2.807968000e-01 4.527246000e+00 
9.276939000e-01 4.309407000e+00 
7.745798000e-01 4.312202000e+00 
7.455052000e-01 4.351112000e+00 
2.826379000e-01 4.434347000e+00 
7.425194000e-01 4.389030000e+00 
6.454541000e-01 4.399899000e+00 

2.807753000e-01 5.729769000e+00 
2.807977000e-01 4.646280000e+00 
2.807758000e-01 4.805894000e+00 
5.239253000e-01 4.631275000e+00 
2.807827000e-01 4.699111000e+00 
2.807758000e-01 4.805894000e+00 
7.836223000e-01 4.549813000e+00 
2.807755000e-01 4.838466000e+00 
2.807788000e-01 4.744616000e+00 
9.180310000e-01 4.474179000e+00 
7.346940000e-01 4.586200000e+00 
5.169705000e-01 4.639041000e+00 
2.807754000e-01 4.847595000e+00 
7.189832000e-01 4.588934000e+00 
7.644359000e-01 4.578477000e+00 
8.237065000e-01 4.543234000e+00 
9.111730000e-01 4.482926000e+00 
2.807793000e-01 4.700673000e+00 
8.795427000e-01 4.509012000e+00 
6.105707000e-01 4.609166000e+00 

7.194481000e-01 4.414132000e+00 
2.807753000e-01 5.528856000e+00 
9.422204000e-01 4.345339000e+00 
2.807989000e-01 4.579494000e+00 
9.596741000e-01 4.304066000e+00 
2.807777000e-01 4.602901000e+00 
2.808650000e-01 4.562861000e+00 
2.807846000e-01 4.595623000e+00 
2.807754000e-01 4.640284000e+00 
7.410346000e-01 4.390988000e+00 
2.807755000e-01 4.605507000e+00 
2.812305000e-01 4.471434000e+00 
2.809806000e-01 4.485891000e+00 
5.860843000e-01 4.443565000e+00 
2.808283000e-01 4.574650000e+00 
7.223266000e-01 4.402738000e+00 
8.676174000e-01 4.368098000e+00 

2.807791000e-01 4.505432000e+00 
2.807755000e-01 4.521275000e+00 
8.925040000e-01 4.265129000e+00 
2.807753000e-01 4.790643000e+00 
9.943424000e-01 4.235913000e+00 
2.827796000e-01 4.446181000e+00 
2.875070000e-01 4.435537000e+00 
2.890993000e-01 4.372892000e+00 
6.195278000e-01 4.352487000e+00 
2.807754000e-01 4.556915000e+00 
8.034548000e-01 4.312726000e+00 
9.986517000e-01 4.166992000e+00 
2.807820000e-01 4.446611000e+00 
9.288526000e-01 4.238320000e+00 
6.801919000e-01 4.328264000e+00 

9.252390000e-01 4.349409000e+00 
2.807753000e-01 4.609812000e+00 
6.346675000e-01 4.453510000e+00 
6.413226000e-01 4.435155000e+00 
9.570685000e-01 4.347478000e+00 
2.807900000e-01 4.540430000e+00 
9.799544000e-01 4.309914000e+00 
2.838757000e-01 4.514733000e+00 
6.129432000e-01 4.481698000e+00 
2.807834000e-01 4.585275000e+00 
9.822798000e-01 4.287859000e+00 
2.900925000e-01 4.501530000e+00 
5.642131000e-01 4.483422000e+00 
2.808092000e-01 4.520205000e+00 
6.311048000e-01 4.461725000e+00 
2.807895000e-01 4.545661000e+00 
9.673131000e-01 4.310276000e+00 
7.989142000e-01 4.423384000e+00 
8.016490000e-01 4.358366000e+00 

2.807756000e-01 4.841886000e+00 
2.909201000e-01 4.633063000e+00 
2.807768000e-01 4.754098000e+00 
2.807758000e-01 4.815685000e+00 
2.807754000e-01 4.926395000e+00 
6.428801000e-01 4.577787000e+00 
2.807753000e-01 4.945725000e+00 
2.808130000e-01 4.644172000e+00 
2.807801000e-01 4.670374000e+00 
7.660804000e-01 4.478512000e+00 
6.287953000e-01 4.578314000e+00 
5.921791000e-01 4.586823000e+00 
5.691283000e-01 4.610240000e+00 
5.799841000e-01 4.597992000e+00 

