9.920215000e-01 5.430504000e+00 
2.807762000e-01 5.674936000e+00 
2.808720000e-01 5.530580000e+00 
2.807778000e-01 5.608010000e+00 
9.999999000e-01 5.338209000e+00 
2.807753000e-01 5.685961000e+00 
9.920380000e-01 5.355151000e+00 
2.807756000e-01 5.681406000e+00 
9.683713000e-01 5.484301000e+00 
9.702188000e-01 5.471554000e+00 
2.807903000e-01 5.566918000e+00 
9.754817000e-01 5.457897000e+00 
9.681475000e-01 5.518536000e+00 

9.901678000e-01 5.487087000e+00 
2.807753000e-01 5.819485000e+00 
9.085301000e-01 5.533624000e+00 
2.807774000e-01 5.622345000e+00 
2.807769000e-01 5.705032000e+00 
2.807759000e-01 5.710600000e+00 
2.807771000e-01 5.670819000e+00 
2.807755000e-01 5.800509000e+00 
8.998466000e-01 5.548610000e+00 
2.821676000e-01 5.558328000e+00 
2.807772000e-01 5.666661000e+00 
9.533221000e-01 5.521403000e+00 
9.544596000e-01 5.506743000e+00 
9.970893000e-01 5.462188000e+00 

2.807757000e-01 5.906197000e+00 
8.728942000e-01 5.631165000e+00 
8.673266000e-01 5.643441000e+00 
2.807766000e-01 5.797763000e+00 
9.127354000e-01 5.609911000e+00 
2.807753000e-01 6.024110000e+00 
2.870430000e-01 5.750927000e+00 
9.970384000e-01 5.574828000e+00 
2.807755000e-01 5.920063000e+00 
2.907161000e-01 5.726547000e+00 
2.808365000e-01 5.784069000e+00 
2.902597000e-01 5.747556000e+00 
2.941753000e-01 5.689553000e+00 
9.941281000e-01 5.585498000e+00 
2.812819000e-01 5.762950000e+00 
2.810655000e-01 5.780169000e+00 
9.085188000e-01 5.623748000e+00 
9.397151000e-01 5.602015000e+00 

2.808115000e-01 5.715409000e+00 
2.807753000e-01 6.891155000e+00 
2.808124000e-01 5.658850000e+00 
2.807793000e-01 5.786520000e+00 
9.969061000e-01 5.566200000e+00 
2.807783000e-01 5.858203000e+00 
9.831132000e-01 5.611966000e+00 
9.968543000e-01 5.571886000e+00 
2.807787000e-01 5.805406000e+00 
2.809474000e-01 5.632990000e+00 
9.951436000e-01 5.587247000e+00 
9.975188000e-01 5.513434000e+00 

2.807753000e-01 6.288128000e+00 
2.807796000e-01 5.717627000e+00 
2.808197000e-01 5.677499000e+00 
2.808080000e-01 5.703984000e+00 
9.290446000e-01 5.515524000e+00 
2.807754000e-01 5.755761000e+00 
2.819023000e-01 5.577172000e+00 
2.807768000e-01 5.727277000e+00 
2.808064000e-01 5.704774000e+00 
2.807947000e-01 5.712316000e+00 
9.329259000e-01 5.451343000e+00 
3.704679000e-01 5.529834000e+00 
2.811237000e-01 5.644292000e+00 
9.374034000e-01 5.430938000e+00 
9.843545000e-01 5.386558000e+00 
2.810547000e-01 5.666887000e+00 

2.807754000e-01 5.818328000e+00 
2.888501000e-01 5.638207000e+00 
2.807754000e-01 5.818328000e+00 
2.807757000e-01 5.744946000e+00 
2.809453000e-01 5.681256000e+00 
9.735632000e-01 5.561787000e+00 
2.807753000e-01 5.862515000e+00 
2.807817000e-01 5.682438000e+00 
9.724650000e-01 5.593749000e+00 
9.477477000e-01 5.595545000e+00 
9.766339000e-01 5.517260000e+00 
2.807755000e-01 5.775923000e+00 
9.454667000e-01 5.633225000e+00 
2.807786000e-01 5.714543000e+00 

2.807753000e-01 5.939019000e+00 
9.851623000e-01 5.647592000e+00 
2.807759000e-01 5.867587000e+00 
8.297840000e-01 5.661063000e+00 
8.280021000e-01 5.706746000e+00 
2.807794000e-01 5.772574000e+00 
6.856925000e-01 5.741234000e+00 
2.807761000e-01 5.827009000e+00 
7.435296000e-01 5.738585000e+00 
2.809092000e-01 5.760014000e+00 

2.807754000e-01 5.631831000e+00 
7.513441000e-01 5.380068000e+00 
2.807753000e-01 5.871222000e+00 
2.807760000e-01 5.598215000e+00 
7.124140000e-01 5.463213000e+00 
7.503555000e-01 5.422397000e+00 
7.487031000e-01 5.426335000e+00 
2.820896000e-01 5.464213000e+00 
2.807801000e-01 5.511483000e+00 
2.807827000e-01 5.486118000e+00 
7.464705000e-01 5.434247000e+00 
7.207588000e-01 5.438007000e+00 
2.807773000e-01 5.594919000e+00 

