6.831809000e-01 3.163667000e+00 
2.807756000e-01 3.387693000e+00 
2.807933000e-01 3.280228000e+00 
6.752949000e-01 3.165360000e+00 
2.807805000e-01 3.362358000e+00 
5.788989000e-01 3.213549000e+00 
8.927701000e-01 3.084943000e+00 
2.807904000e-01 3.342472000e+00 
9.670427000e-01 3.018743000e+00 
6.682626000e-01 3.185364000e+00 
8.418715000e-01 3.141073000e+00 
5.684479000e-01 3.221901000e+00 
2.807753000e-01 3.631489000e+00 
7.870277000e-01 3.149567000e+00 
2.807930000e-01 3.294401000e+00 
2.808228000e-01 3.269193000e+00 
8.617477000e-01 3.108113000e+00 
8.873503000e-01 3.086666000e+00 
2.807784000e-01 3.367370000e+00 
4.905485000e-01 3.249433000e+00 
6.396094000e-01 3.195294000e+00 
9.983927000e-01 3.005644000e+00 
9.157486000e-01 3.055343000e+00 
8.022013000e-01 3.144697000e+00 

2.807755000e-01 3.817478000e+00 
7.393140000e-01 3.398090000e+00 
7.856814000e-01 3.326435000e+00 
2.812637000e-01 3.512492000e+00 
9.143332000e-01 3.304346000e+00 
2.807788000e-01 3.688187000e+00 
2.862453000e-01 3.481187000e+00 
2.807753000e-01 3.881897000e+00 
2.808958000e-01 3.521193000e+00 
6.180129000e-01 3.415425000e+00 
5.988222000e-01 3.419531000e+00 
3.716901000e-01 3.455194000e+00 
2.807853000e-01 3.665308000e+00 
5.863073000e-01 3.440879000e+00 
2.813020000e-01 3.510169000e+00 
2.825383000e-01 3.491910000e+00 
7.862807000e-01 3.324578000e+00 
7.612713000e-01 3.350935000e+00 
9.456855000e-01 3.295987000e+00 
2.863148000e-01 3.457911000e+00 
2.808071000e-01 3.540307000e+00 
9.562206000e-01 3.194033000e+00 
8.274996000e-01 3.316574000e+00 
7.251761000e-01 3.414397000e+00 

2.807753000e-01 5.729769000e+00 
2.807754000e-01 3.828404000e+00 
8.736716000e-01 3.520179000e+00 
2.807776000e-01 3.751177000e+00 
4.990178000e-01 3.619419000e+00 
6.718920000e-01 3.553363000e+00 
8.735614000e-01 3.546352000e+00 
2.809869000e-01 3.719474000e+00 
8.745269000e-01 3.478724000e+00 
2.807788000e-01 3.727109000e+00 
9.509866000e-01 3.473097000e+00 
2.810537000e-01 3.654923000e+00 

8.583520000e-01 3.277037000e+00 
2.808342000e-01 3.457130000e+00 
8.052938000e-01 3.303622000e+00 
9.791934000e-01 3.221120000e+00 
2.807755000e-01 3.795233000e+00 
2.807753000e-01 4.476776000e+00 
2.807754000e-01 4.296974000e+00 
7.296049000e-01 3.334723000e+00 
2.807852000e-01 3.544438000e+00 
4.737441000e-01 3.411252000e+00 
2.807757000e-01 3.793589000e+00 
8.077127000e-01 3.293033000e+00 
2.807767000e-01 3.577749000e+00 
9.978101000e-01 3.190306000e+00 
5.487614000e-01 3.363487000e+00 
2.807891000e-01 3.519223000e+00 
9.998284000e-01 3.170051000e+00 
6.557992000e-01 3.358496000e+00 
6.958814000e-01 3.349003000e+00 
4.812121000e-01 3.396674000e+00 
2.807831000e-01 3.554756000e+00 
8.915577000e-01 3.276157000e+00 
7.869878000e-01 3.316656000e+00 
8.145273000e-01 3.279988000e+00 
9.942262000e-01 3.195032000e+00 
9.586916000e-01 3.248976000e+00 
5.535836000e-01 3.361607000e+00 
2.812179000e-01 3.437885000e+00 
2.831889000e-01 3.415367000e+00 

9.757982000e-01 3.195018000e+00 
7.327132000e-01 3.345735000e+00 
2.807757000e-01 3.701767000e+00 
2.807753000e-01 4.790643000e+00 
5.748180000e-01 3.405202000e+00 
7.925988000e-01 3.306621000e+00 
2.807754000e-01 4.257289000e+00 
2.807794000e-01 3.533402000e+00 
2.821447000e-01 3.498995000e+00 
6.758982000e-01 3.349701000e+00 
2.807824000e-01 3.505223000e+00 
5.970510000e-01 3.390986000e+00 
2.813938000e-01 3.504998000e+00 
7.702309000e-01 3.341477000e+00 
9.994615000e-01 3.156787000e+00 
8.171899000e-01 3.205559000e+00 
9.421419000e-01 3.203576000e+00 
7.922975000e-01 3.333167000e+00 
3.868763000e-01 3.435341000e+00 
6.285954000e-01 3.366524000e+00 
3.979048000e-01 3.417251000e+00 
2.827296000e-01 3.465487000e+00 
2.951027000e-01 3.450261000e+00 

2.807754000e-01 3.854617000e+00 
2.807753000e-01 4.609812000e+00 
8.464600000e-01 3.310827000e+00 
7.037680000e-01 3.361746000e+00 
5.616700000e-01 3.389888000e+00 
6.964621000e-01 3.389045000e+00 
2.807755000e-01 3.594850000e+00 
2.807761000e-01 3.568737000e+00 
9.999869000e-01 3.224695000e+00 
3.119388000e-01 3.426789000e+00 
2.808166000e-01 3.491952000e+00 
2.814074000e-01 3.468093000e+00 
9.456774000e-01 3.237505000e+00 
9.997906000e-01 3.227009000e+00 
2.828334000e-01 3.466820000e+00 
9.098144000e-01 3.309956000e+00 
9.246150000e-01 3.263952000e+00 
6.980566000e-01 3.367658000e+00 

2.807753000e-01 3.848019000e+00 
6.391570000e-01 3.604221000e+00 
8.612264000e-01 3.509073000e+00 
7.358598000e-01 3.554128000e+00 
7.301123000e-01 3.588967000e+00 
3.127853000e-01 3.653550000e+00 
9.987007000e-01 3.429772000e+00 
9.993408000e-01 3.415654000e+00 
2.807763000e-01 3.712122000e+00 
9.981343000e-01 3.442051000e+00 
8.616444000e-01 3.478499000e+00 
2.810695000e-01 3.706383000e+00 
4.752234000e-01 3.619939000e+00 
4.536234000e-01 3.641673000e+00 
8.002033000e-01 3.515282000e+00 
2.814925000e-01 3.677654000e+00 
7.307280000e-01 3.585754000e+00 
1.000000000e+00 3.407576000e+00 
9.945843000e-01 3.451712000e+00 
2.984771000e-01 3.671250000e+00 
4.758303000e-01 3.616678000e+00 
9.283256000e-01 3.472787000e+00 
7.703723000e-01 3.545610000e+00 
7.351216000e-01 3.580317000e+00 
2.810769000e-01 3.701052000e+00 

