2.807753000e-01 5.036989000e+00 
6.364633000e-01 4.914909000e+00 
7.427046000e-01 4.913191000e+00 
9.998633000e-01 4.848642000e+00 
5.853426000e-01 4.995384000e+00 
8.778001000e-01 4.857934000e+00 
6.089007000e-01 4.989654000e+00 
9.998996000e-01 4.784973000e+00 
7.566082000e-01 4.904309000e+00 
7.488409000e-01 4.909532000e+00 
2.877032000e-01 4.997068000e+00 
2.835295000e-01 5.009339000e+00 
5.926611000e-01 4.989797000e+00 
6.191322000e-01 4.945137000e+00 
9.997845000e-01 4.857691000e+00 
9.999992000e-01 4.784828000e+00 
2.811550000e-01 5.009342000e+00 
7.902229000e-01 4.887283000e+00 

8.289785000e-01 4.947984000e+00 
2.807755000e-01 5.169081000e+00 
2.807753000e-01 5.191956000e+00 
2.807760000e-01 5.157350000e+00 
8.867988000e-01 4.943168000e+00 
6.622909000e-01 5.004612000e+00 
2.807777000e-01 5.104324000e+00 
7.308934000e-01 4.974614000e+00 
7.226531000e-01 5.002482000e+00 
7.795746000e-01 4.957050000e+00 
2.819906000e-01 5.071246000e+00 
2.814750000e-01 5.075672000e+00 
2.807984000e-01 5.092824000e+00 
2.898162000e-01 5.028869000e+00 

6.424224000e-01 5.168231000e+00 
2.807754000e-01 5.626074000e+00 
6.402452000e-01 5.229060000e+00 
8.758368000e-01 5.140084000e+00 
2.807758000e-01 5.379769000e+00 
2.813420000e-01 5.276358000e+00 
2.807753000e-01 5.729769000e+00 
5.933770000e-01 5.235069000e+00 
3.123821000e-01 5.258346000e+00 
2.897886000e-01 5.261828000e+00 
2.807825000e-01 5.348991000e+00 
2.808130000e-01 5.291483000e+00 
2.807832000e-01 5.345661000e+00 
9.703784000e-01 5.086855000e+00 

8.535028000e-01 5.008648000e+00 
2.807753000e-01 5.528856000e+00 
2.807762000e-01 5.297253000e+00 
2.807755000e-01 5.453659000e+00 
7.588455000e-01 5.056056000e+00 
8.494748000e-01 5.034295000e+00 
9.999464000e-01 4.933194000e+00 
8.191238000e-01 5.052750000e+00 
9.916171000e-01 4.945393000e+00 
9.999058000e-01 4.933198000e+00 
2.816198000e-01 5.129559000e+00 
9.269502000e-01 4.996087000e+00 
2.807775000e-01 5.212015000e+00 
2.891717000e-01 5.124797000e+00 
9.895779000e-01 4.982305000e+00 
6.600695000e-01 5.099034000e+00 
2.807864000e-01 5.144738000e+00 

2.807753000e-01 5.540987000e+00 
2.809082000e-01 5.080009000e+00 
6.930982000e-01 5.072192000e+00 
7.193396000e-01 5.056577000e+00 
2.807756000e-01 5.186213000e+00 
2.807766000e-01 5.138295000e+00 
7.424312000e-01 5.010425000e+00 
7.452535000e-01 4.944130000e+00 
9.199932000e-01 4.888968000e+00 
2.807992000e-01 5.091244000e+00 

2.807771000e-01 5.415402000e+00 
2.807754000e-01 5.493891000e+00 
2.808157000e-01 5.208909000e+00 
2.807906000e-01 5.215061000e+00 
2.807753000e-01 5.709258000e+00 
2.807756000e-01 5.460721000e+00 
9.240061000e-01 5.026482000e+00 
2.809619000e-01 5.135423000e+00 
2.807774000e-01 5.246071000e+00 
8.523754000e-01 5.045168000e+00 
2.809493000e-01 5.180579000e+00 
9.576563000e-01 5.003907000e+00 
2.807904000e-01 5.242774000e+00 
9.397459000e-01 5.007713000e+00 
8.913428000e-01 5.030912000e+00 
9.280013000e-01 5.015221000e+00 
8.718725000e-01 5.031917000e+00 
7.868102000e-01 5.074403000e+00 

7.892646000e-01 5.189934000e+00 
7.334111000e-01 5.267749000e+00 
2.807753000e-01 5.455333000e+00 
2.807754000e-01 5.403451000e+00 
2.807757000e-01 5.349687000e+00 
2.807755000e-01 5.350473000e+00 
2.812613000e-01 5.288478000e+00 
7.826174000e-01 5.258800000e+00 
2.807901000e-01 5.338121000e+00 
9.479674000e-01 5.172576000e+00 

2.807780000e-01 5.036267000e+00 
2.807840000e-01 4.976138000e+00 
2.816279000e-01 4.891740000e+00 
2.808221000e-01 4.927028000e+00 
2.807892000e-01 4.958584000e+00 
5.774141000e-01 4.849594000e+00 
2.810012000e-01 4.897928000e+00 
2.807753000e-01 5.091224000e+00 
2.807938000e-01 4.957089000e+00 
8.350644000e-01 4.746156000e+00 
6.868452000e-01 4.794142000e+00 
9.852522000e-01 4.692605000e+00 
9.821082000e-01 4.719328000e+00 

