2.807908000e-01 4.837936000e+00 
2.807753000e-01 5.029823000e+00 
2.807784000e-01 4.843975000e+00 
6.313369000e-01 4.728400000e+00 
8.888176000e-01 4.654177000e+00 
9.004333000e-01 4.564246000e+00 
7.552382000e-01 4.681649000e+00 
7.972615000e-01 4.679604000e+00 
6.920879000e-01 4.713695000e+00 
7.049635000e-01 4.688011000e+00 
8.018217000e-01 4.664075000e+00 
8.979419000e-01 4.634825000e+00 
2.807758000e-01 4.902736000e+00 
2.837261000e-01 4.753169000e+00 
8.832693000e-01 4.659933000e+00 
2.811211000e-01 4.800592000e+00 
3.101134000e-01 4.735152000e+00 
7.050303000e-01 4.684214000e+00 

6.502056000e-01 4.741170000e+00 
2.807756000e-01 4.878212000e+00 
2.807753000e-01 5.191956000e+00 
7.176585000e-01 4.730158000e+00 
2.886637000e-01 4.816431000e+00 
9.999911000e-01 4.674834000e+00 
7.897354000e-01 4.719954000e+00 
9.999990000e-01 4.645343000e+00 
6.126757000e-01 4.777840000e+00 
8.217704000e-01 4.678090000e+00 
2.812419000e-01 4.863046000e+00 
8.158239000e-01 4.706748000e+00 
2.811359000e-01 4.874333000e+00 
2.807755000e-01 4.974520000e+00 
2.843899000e-01 4.841938000e+00 
9.999937000e-01 4.649626000e+00 
9.999998000e-01 4.644659000e+00 
3.011289000e-01 4.799749000e+00 
5.718339000e-01 4.788349000e+00 

2.807753000e-01 5.729769000e+00 
6.552120000e-01 4.933293000e+00 
2.810243000e-01 5.021855000e+00 
6.896151000e-01 4.910860000e+00 
2.813306000e-01 5.017085000e+00 
9.852510000e-01 4.840747000e+00 
2.807754000e-01 5.121825000e+00 
2.807872000e-01 5.029445000e+00 
9.211569000e-01 4.840816000e+00 
6.975632000e-01 4.879368000e+00 
6.854086000e-01 4.921052000e+00 
2.816821000e-01 4.972076000e+00 
2.807764000e-01 5.080848000e+00 

2.873731000e-01 4.910018000e+00 
2.807753000e-01 5.528856000e+00 
2.807767000e-01 4.959099000e+00 
9.823900000e-01 4.727790000e+00 
2.807826000e-01 4.923218000e+00 
5.123613000e-01 4.790637000e+00 
9.486008000e-01 4.729647000e+00 
2.807755000e-01 5.096958000e+00 
9.914655000e-01 4.720686000e+00 
2.817813000e-01 4.915948000e+00 
3.011692000e-01 4.837627000e+00 
9.477405000e-01 4.768887000e+00 

7.516828000e-01 4.752622000e+00 
2.808092000e-01 4.869616000e+00 
7.252531000e-01 4.760275000e+00 
2.807753000e-01 5.058036000e+00 
2.807764000e-01 4.896657000e+00 
8.025549000e-01 4.702751000e+00 
2.808817000e-01 4.861135000e+00 
2.841935000e-01 4.783397000e+00 
2.807754000e-01 5.009811000e+00 
9.294214000e-01 4.669129000e+00 
8.022647000e-01 4.714230000e+00 
2.807765000e-01 4.872220000e+00 
2.808508000e-01 4.868350000e+00 
2.809228000e-01 4.822132000e+00 
8.003038000e-01 4.748314000e+00 
2.809147000e-01 4.858709000e+00 
6.458191000e-01 4.766663000e+00 
2.807757000e-01 4.941595000e+00 
9.563155000e-01 4.608225000e+00 
9.154080000e-01 4.694052000e+00 

2.807760000e-01 4.931980000e+00 
2.874589000e-01 4.858378000e+00 
9.797384000e-01 4.642574000e+00 
6.915889000e-01 4.847040000e+00 
2.807753000e-01 5.709258000e+00 
2.808256000e-01 4.928677000e+00 
9.691317000e-01 4.701369000e+00 
7.141558000e-01 4.805291000e+00 
2.809884000e-01 4.904205000e+00 
7.467749000e-01 4.801372000e+00 
2.807754000e-01 5.011644000e+00 

9.103769000e-01 4.917124000e+00 
2.807753000e-01 5.350052000e+00 
2.808328000e-01 5.052287000e+00 
6.547887000e-01 4.991750000e+00 
7.658965000e-01 4.970618000e+00 
2.831398000e-01 5.038227000e+00 
2.835739000e-01 5.026444000e+00 
8.692558000e-01 4.938531000e+00 
7.945198000e-01 4.946799000e+00 
8.029818000e-01 4.938979000e+00 
2.819676000e-01 5.049692000e+00 
2.807754000e-01 5.106544000e+00 
2.807981000e-01 5.070647000e+00 
7.368570000e-01 4.985282000e+00 

