5.596084000e-01 5.067047000e+00 
5.750260000e-01 5.041368000e+00 
9.807360000e-01 4.896566000e+00 
2.812019000e-01 5.123354000e+00 
6.848465000e-01 5.002382000e+00 
2.807808000e-01 5.148596000e+00 
7.391073000e-01 4.971044000e+00 
2.807753000e-01 5.371555000e+00 
2.808139000e-01 5.127561000e+00 
2.808079000e-01 5.138917000e+00 
2.807772000e-01 5.161795000e+00 
7.488626000e-01 4.953731000e+00 
2.830705000e-01 5.092340000e+00 
2.893215000e-01 5.078040000e+00 
2.807754000e-01 5.188106000e+00 
7.191691000e-01 5.002165000e+00 
6.764433000e-01 5.025177000e+00 
1.000000000e+00 4.877611000e+00 
7.246539000e-01 4.977423000e+00 
9.999958000e-01 4.896135000e+00 

8.965473000e-01 4.981944000e+00 
8.908551000e-01 5.011213000e+00 
7.070831000e-01 5.092964000e+00 
2.807760000e-01 5.157350000e+00 
7.333742000e-01 5.025815000e+00 
6.633169000e-01 5.103725000e+00 
2.813448000e-01 5.122962000e+00 
2.808255000e-01 5.127163000e+00 
7.383035000e-01 5.016962000e+00 
2.807753000e-01 5.191956000e+00 

6.316028000e-01 5.312892000e+00 
2.807754000e-01 5.626074000e+00 
2.807760000e-01 5.621567000e+00 
2.807761000e-01 5.578622000e+00 
5.673314000e-01 5.321901000e+00 
2.807893000e-01 5.407061000e+00 
2.807753000e-01 5.729769000e+00 
2.810687000e-01 5.381114000e+00 
2.807785000e-01 5.427788000e+00 
9.723597000e-01 5.183683000e+00 
2.813091000e-01 5.349497000e+00 
8.576533000e-01 5.231883000e+00 
7.048978000e-01 5.256144000e+00 
5.919421000e-01 5.316111000e+00 
6.423864000e-01 5.268534000e+00 
2.807804000e-01 5.426618000e+00 
8.634220000e-01 5.197369000e+00 
2.809332000e-01 5.405003000e+00 

2.807791000e-01 5.277196000e+00 
2.807753000e-01 5.528856000e+00 
2.807762000e-01 5.297253000e+00 
2.807755000e-01 5.453659000e+00 
7.923142000e-01 5.147168000e+00 
8.873606000e-01 5.091402000e+00 
2.808303000e-01 5.253778000e+00 
2.808666000e-01 5.253105000e+00 
2.810977000e-01 5.152263000e+00 
7.681914000e-01 5.151170000e+00 
9.998943000e-01 5.030803000e+00 
8.540198000e-01 5.145331000e+00 
8.865115000e-01 5.128047000e+00 
9.891850000e-01 5.039940000e+00 
9.780430000e-01 5.068977000e+00 
9.112804000e-01 5.081138000e+00 

2.807753000e-01 5.540987000e+00 
8.727668000e-01 4.996778000e+00 
2.815235000e-01 5.194362000e+00 
2.807759000e-01 5.257208000e+00 
2.807758000e-01 5.378813000e+00 
8.280065000e-01 5.030810000e+00 
7.353337000e-01 5.090512000e+00 
2.872729000e-01 5.109520000e+00 
2.807817000e-01 5.238689000e+00 
2.807793000e-01 5.239720000e+00 
2.817428000e-01 5.165672000e+00 
2.846762000e-01 5.164397000e+00 
2.808205000e-01 5.209085000e+00 
7.740827000e-01 5.034467000e+00 

2.807771000e-01 5.415402000e+00 
2.807754000e-01 5.493891000e+00 
8.733913000e-01 5.065395000e+00 
2.807849000e-01 5.311895000e+00 
2.807753000e-01 5.709258000e+00 
8.154369000e-01 5.166806000e+00 
2.807796000e-01 5.375658000e+00 
2.807890000e-01 5.281410000e+00 
2.807906000e-01 5.215061000e+00 
2.979467000e-01 5.205207000e+00 
2.807756000e-01 5.460721000e+00 
8.707968000e-01 5.144286000e+00 
3.030047000e-01 5.194645000e+00 

2.807753000e-01 5.939019000e+00 
2.808961000e-01 5.454789000e+00 
8.237543000e-01 5.286032000e+00 
8.209128000e-01 5.297146000e+00 
7.761037000e-01 5.300373000e+00 
2.810162000e-01 5.377466000e+00 
9.917506000e-01 5.238765000e+00 
9.127232000e-01 5.277840000e+00 
2.807754000e-01 5.455510000e+00 
7.615341000e-01 5.336485000e+00 
9.591809000e-01 5.249605000e+00 
2.923550000e-01 5.336620000e+00 
8.430672000e-01 5.284618000e+00 
2.809303000e-01 5.407566000e+00 

2.807780000e-01 5.036267000e+00 
2.811203000e-01 5.001119000e+00 
2.830759000e-01 4.998477000e+00 
9.272355000e-01 4.902334000e+00 
9.626943000e-01 4.862338000e+00 
9.999352000e-01 4.835018000e+00 
9.561578000e-01 4.866991000e+00 
2.807753000e-01 5.091224000e+00 
9.786675000e-01 4.844530000e+00 
8.283695000e-01 4.914752000e+00 
6.010706000e-01 4.918042000e+00 
2.830775000e-01 4.968369000e+00 
5.810519000e-01 4.967473000e+00 

