6.853467000e-01 4.069175000e+00 
6.075572000e-01 4.104656000e+00 
2.888684000e-01 4.158756000e+00 
7.041144000e-01 4.032238000e+00 
5.875425000e-01 4.136766000e+00 
9.360448000e-01 3.984495000e+00 
4.430581000e-01 4.146927000e+00 
6.380814000e-01 4.093706000e+00 
8.282622000e-01 4.022251000e+00 
5.901505000e-01 4.121831000e+00 
2.808013000e-01 4.167078000e+00 
8.330569000e-01 3.987946000e+00 
6.222013000e-01 4.095078000e+00 
9.457278000e-01 3.927496000e+00 
6.429769000e-01 4.072248000e+00 
2.807759000e-01 4.204795000e+00 
2.807753000e-01 4.277310000e+00 

6.541015000e-01 4.164340000e+00 
2.807766000e-01 4.378708000e+00 
2.807753000e-01 5.191956000e+00 
2.807754000e-01 4.626302000e+00 
2.807758000e-01 4.619230000e+00 
2.808325000e-01 4.296986000e+00 
9.998307000e-01 3.999260000e+00 
9.995033000e-01 4.016915000e+00 
5.337417000e-01 4.203236000e+00 
9.693281000e-01 4.057281000e+00 
6.442078000e-01 4.167108000e+00 
2.808607000e-01 4.266353000e+00 
2.807917000e-01 4.320818000e+00 
7.228097000e-01 4.092679000e+00 
2.906189000e-01 4.239885000e+00 
9.571943000e-01 4.070903000e+00 

2.807753000e-01 5.729769000e+00 
7.161837000e-01 4.361033000e+00 
2.807777000e-01 4.509682000e+00 
2.808254000e-01 4.500991000e+00 
2.807755000e-01 4.636262000e+00 
8.059979000e-01 4.342361000e+00 
2.821434000e-01 4.499959000e+00 
6.581685000e-01 4.412008000e+00 
5.258385000e-01 4.413191000e+00 
9.561715000e-01 4.276004000e+00 
4.746267000e-01 4.441857000e+00 
5.141695000e-01 4.424874000e+00 
2.807754000e-01 4.847595000e+00 
2.838919000e-01 4.466378000e+00 
8.869691000e-01 4.330174000e+00 
6.934739000e-01 4.396895000e+00 
2.807763000e-01 4.514623000e+00 
8.661316000e-01 4.331573000e+00 

4.743276000e-01 4.268581000e+00 
2.807755000e-01 4.360836000e+00 
7.602753000e-01 4.103710000e+00 
4.925319000e-01 4.175095000e+00 
9.873316000e-01 4.050132000e+00 
2.807753000e-01 4.476776000e+00 
4.795548000e-01 4.216118000e+00 
9.186997000e-01 4.075659000e+00 
8.414469000e-01 4.076244000e+00 
2.808452000e-01 4.276357000e+00 
2.807915000e-01 4.315396000e+00 
2.807777000e-01 4.321317000e+00 

8.310089000e-01 4.078721000e+00 
8.973390000e-01 4.028186000e+00 
3.170061000e-01 4.185667000e+00 
2.807753000e-01 4.790643000e+00 
3.109809000e-01 4.193351000e+00 
8.829788000e-01 4.036424000e+00 
2.807754000e-01 4.257289000e+00 
5.523497000e-01 4.179000000e+00 
8.778988000e-01 4.058583000e+00 
6.630580000e-01 4.116509000e+00 
2.810512000e-01 4.215553000e+00 
9.999335000e-01 3.973068000e+00 
8.311584000e-01 4.077236000e+00 
5.746661000e-01 4.137383000e+00 
8.150575000e-01 4.111631000e+00 
8.801709000e-01 4.042569000e+00 
9.902335000e-01 4.006570000e+00 
8.163010000e-01 4.108337000e+00 

3.048086000e-01 4.228112000e+00 
2.807753000e-01 4.609812000e+00 
2.808432000e-01 4.299114000e+00 
8.037462000e-01 4.131484000e+00 
9.733380000e-01 4.022071000e+00 
5.801329000e-01 4.211398000e+00 
2.807772000e-01 4.339170000e+00 
2.812694000e-01 4.299001000e+00 
7.287056000e-01 4.176074000e+00 
8.014044000e-01 4.170173000e+00 
8.908870000e-01 4.110390000e+00 
9.577191000e-01 4.103448000e+00 
2.807755000e-01 4.373674000e+00 
8.180465000e-01 4.124337000e+00 
2.807756000e-01 4.361512000e+00 
2.815821000e-01 4.268108000e+00 
2.807776000e-01 4.336204000e+00 
7.988760000e-01 4.173899000e+00 
2.831566000e-01 4.254891000e+00 

5.351145000e-01 4.347777000e+00 
2.807934000e-01 4.410328000e+00 
2.807763000e-01 4.489961000e+00 
8.598832000e-01 4.251667000e+00 
7.976356000e-01 4.256203000e+00 
2.807753000e-01 4.533419000e+00 
9.999919000e-01 4.178717000e+00 
5.881130000e-01 4.313615000e+00 
2.807757000e-01 4.523002000e+00 
2.827078000e-01 4.375275000e+00 
6.913841000e-01 4.288302000e+00 
9.999999000e-01 4.111385000e+00 
2.807765000e-01 4.436438000e+00 
8.939292000e-01 4.199205000e+00 

