2.807753000e-01 4.761742000e+00 
9.994386000e-01 4.455645000e+00 
2.941042000e-01 4.638899000e+00 
2.807756000e-01 4.746035000e+00 
2.838223000e-01 4.648391000e+00 
7.155163000e-01 4.547712000e+00 
2.809204000e-01 4.699963000e+00 
6.736293000e-01 4.592550000e+00 
7.079676000e-01 4.565507000e+00 
2.812803000e-01 4.657592000e+00 
7.037287000e-01 4.565520000e+00 
7.387287000e-01 4.467507000e+00 
6.724953000e-01 4.598570000e+00 
2.807811000e-01 4.700157000e+00 
6.084690000e-01 4.617103000e+00 
6.639156000e-01 4.609808000e+00 

8.173292000e-01 4.588860000e+00 
2.807756000e-01 4.878212000e+00 
2.807753000e-01 5.191956000e+00 
2.807799000e-01 4.761686000e+00 
7.861199000e-01 4.591296000e+00 
9.993994000e-01 4.521030000e+00 
2.813322000e-01 4.746640000e+00 
2.807755000e-01 4.974520000e+00 
2.807771000e-01 4.764351000e+00 
5.775702000e-01 4.652503000e+00 
9.985949000e-01 4.530260000e+00 
4.010410000e-01 4.669812000e+00 
6.131617000e-01 4.643634000e+00 
9.994874000e-01 4.503626000e+00 
8.431208000e-01 4.557686000e+00 
6.135009000e-01 4.603658000e+00 
8.210635000e-01 4.561905000e+00 
2.816488000e-01 4.699329000e+00 

2.807753000e-01 5.729769000e+00 
9.230533000e-01 4.718056000e+00 
9.751735000e-01 4.711258000e+00 
8.802486000e-01 4.729381000e+00 
9.999309000e-01 4.689289000e+00 
9.999981000e-01 4.683418000e+00 
2.807754000e-01 5.121825000e+00 
2.807759000e-01 5.030704000e+00 
8.294997000e-01 4.749119000e+00 
7.576420000e-01 4.775094000e+00 
9.057570000e-01 4.718862000e+00 
8.698914000e-01 4.740993000e+00 
5.323537000e-01 4.834642000e+00 
5.056516000e-01 4.858061000e+00 
2.807773000e-01 4.912031000e+00 
2.811150000e-01 4.867986000e+00 
2.816506000e-01 4.867857000e+00 
2.808914000e-01 4.896626000e+00 
9.999983000e-01 4.644909000e+00 
6.627385000e-01 4.798671000e+00 

2.807817000e-01 4.812075000e+00 
2.807753000e-01 5.528856000e+00 
7.637141000e-01 4.678609000e+00 
9.934794000e-01 4.560181000e+00 
9.751807000e-01 4.643361000e+00 
8.071048000e-01 4.672989000e+00 
9.978872000e-01 4.554631000e+00 
2.807755000e-01 5.096958000e+00 
3.314919000e-01 4.741312000e+00 
2.807770000e-01 4.892987000e+00 
9.808814000e-01 4.601744000e+00 
4.472495000e-01 4.726830000e+00 
9.879640000e-01 4.580856000e+00 
5.153198000e-01 4.718224000e+00 
5.742334000e-01 4.692904000e+00 
2.807756000e-01 4.896111000e+00 
2.824967000e-01 4.765953000e+00 
9.771415000e-01 4.611559000e+00 
3.269428000e-01 4.744559000e+00 
8.106594000e-01 4.646879000e+00 
2.807784000e-01 4.829532000e+00 
2.810602000e-01 4.792816000e+00 

9.421670000e-01 4.493838000e+00 
8.165448000e-01 4.585508000e+00 
2.807792000e-01 4.775688000e+00 
2.807753000e-01 4.790643000e+00 
2.807800000e-01 4.711981000e+00 
2.808503000e-01 4.690481000e+00 
6.365616000e-01 4.664513000e+00 
2.823650000e-01 4.674317000e+00 
2.807895000e-01 4.705065000e+00 
6.991464000e-01 4.590530000e+00 
6.692686000e-01 4.623130000e+00 
2.815602000e-01 4.687330000e+00 
9.056843000e-01 4.557152000e+00 
9.294001000e-01 4.522251000e+00 
6.968578000e-01 4.607502000e+00 
2.824997000e-01 4.670698000e+00 
9.117565000e-01 4.524765000e+00 

8.752906000e-01 4.592496000e+00 
7.666296000e-01 4.658409000e+00 
2.808026000e-01 4.774528000e+00 
2.807754000e-01 4.914572000e+00 
2.807753000e-01 5.004999000e+00 
2.808272000e-01 4.750287000e+00 
2.807772000e-01 4.806590000e+00 
2.808423000e-01 4.732686000e+00 
2.808098000e-01 4.756117000e+00 
2.827816000e-01 4.727114000e+00 
9.764196000e-01 4.555466000e+00 
9.792973000e-01 4.516355000e+00 
2.829791000e-01 4.712419000e+00 
8.167065000e-01 4.633513000e+00 
2.807759000e-01 4.825952000e+00 
6.557374000e-01 4.687473000e+00 
2.807773000e-01 4.799220000e+00 
8.501649000e-01 4.596691000e+00 
2.899602000e-01 4.688998000e+00 

9.281449000e-01 4.733305000e+00 
6.405293000e-01 4.848344000e+00 
8.976164000e-01 4.741827000e+00 
2.807753000e-01 5.065391000e+00 
6.587033000e-01 4.821345000e+00 
6.453463000e-01 4.823800000e+00 
2.809286000e-01 4.911547000e+00 
2.807767000e-01 4.917802000e+00 
2.807760000e-01 4.926981000e+00 
2.819441000e-01 4.867863000e+00 
7.684552000e-01 4.758517000e+00 
2.851563000e-01 4.863867000e+00 

