9.998429000e-01 7.381688000e+00 
2.813855000e-01 7.568294000e+00 
2.831852000e-01 7.453809000e+00 
2.807753000e-01 7.635763000e+00 
2.818953000e-01 7.469522000e+00 
2.834709000e-01 7.387541000e+00 
2.818064000e-01 7.496406000e+00 
2.814471000e-01 7.537220000e+00 

3.248798000e-01 7.268185000e+00 
2.808045000e-01 7.526919000e+00 
2.807974000e-01 7.546244000e+00 
2.807755000e-01 7.700467000e+00 
2.809995000e-01 7.397442000e+00 
2.807930000e-01 7.590185000e+00 
2.807823000e-01 7.609430000e+00 

2.807764000e-01 7.557179000e+00 
2.819084000e-01 7.236198000e+00 
2.809921000e-01 7.398451000e+00 
2.807760000e-01 8.087371000e+00 
2.807753000e-01 8.349423000e+00 
2.807774000e-01 7.529051000e+00 
9.892014000e-01 7.182144000e+00 
2.807972000e-01 7.472963000e+00 

2.807780000e-01 7.747713000e+00 
3.003169000e-01 7.407815000e+00 
2.807753000e-01 7.777964000e+00 
2.954079000e-01 7.470597000e+00 
2.807783000e-01 7.517356000e+00 
2.808112000e-01 7.499357000e+00 

9.621808000e-01 7.232682000e+00 
2.808507000e-01 7.313460000e+00 
2.807755000e-01 7.729336000e+00 
2.807753000e-01 7.914518000e+00 
9.363806000e-01 7.269034000e+00 
2.807756000e-01 7.598882000e+00 
2.807871000e-01 7.501309000e+00 
2.808059000e-01 7.391344000e+00 

2.807754000e-01 8.199549000e+00 
2.811153000e-01 7.407337000e+00 
1.000000000e+00 7.303342000e+00 
2.829256000e-01 7.340062000e+00 
2.807781000e-01 7.551265000e+00 
9.918455000e-01 7.321132000e+00 
2.807820000e-01 7.490581000e+00 
2.809855000e-01 7.442415000e+00 
2.807758000e-01 7.691367000e+00 
2.816045000e-01 7.369103000e+00 

2.830969000e-01 7.378617000e+00 
2.807765000e-01 7.655016000e+00 
9.921048000e-01 7.265938000e+00 
2.807753000e-01 7.761366000e+00 
6.885282000e-01 7.280520000e+00 
2.810102000e-01 7.546529000e+00 
2.815241000e-01 7.530772000e+00 
2.807842000e-01 7.574366000e+00 
2.807754000e-01 7.706603000e+00 
2.807798000e-01 7.601391000e+00 

2.952606000e-01 7.328305000e+00 
2.807755000e-01 7.454535000e+00 
2.809180000e-01 7.347651000e+00 
2.807847000e-01 7.378791000e+00 
2.807753000e-01 7.531419000e+00 
2.807754000e-01 7.469978000e+00 
9.994402000e-01 7.295479000e+00 
2.813198000e-01 7.334515000e+00 

