2.809601000e-01 5.418843000e+00 
9.566209000e-01 5.243177000e+00 
2.815060000e-01 5.370855000e+00 
2.961266000e-01 5.342721000e+00 
2.813820000e-01 5.414783000e+00 
2.807753000e-01 5.685961000e+00 
2.807754000e-01 5.444403000e+00 
2.814030000e-01 5.387627000e+00 
8.802426000e-01 5.253024000e+00 
9.657452000e-01 5.172129000e+00 

9.071787000e-01 5.227375000e+00 
2.807753000e-01 5.576593000e+00 
8.403348000e-01 5.357990000e+00 
9.928911000e-01 5.210698000e+00 
8.072933000e-01 5.387450000e+00 
6.513540000e-01 5.415806000e+00 
9.071220000e-01 5.292354000e+00 
8.721479000e-01 5.332551000e+00 
2.807757000e-01 5.480561000e+00 
2.808102000e-01 5.465509000e+00 
8.382831000e-01 5.368584000e+00 
3.284874000e-01 5.444151000e+00 
8.472556000e-01 5.355821000e+00 

8.741480000e-01 5.489252000e+00 
2.825300000e-01 5.599740000e+00 
7.813663000e-01 5.520381000e+00 
7.276041000e-01 5.547189000e+00 
2.816402000e-01 5.628198000e+00 
9.779573000e-01 5.420326000e+00 
2.807753000e-01 5.729769000e+00 
2.877960000e-01 5.571851000e+00 
8.814998000e-01 5.440752000e+00 
2.807757000e-01 5.645258000e+00 

9.790009000e-01 5.336736000e+00 
2.811835000e-01 5.527078000e+00 
9.138740000e-01 5.372154000e+00 
2.807753000e-01 5.528856000e+00 
2.829350000e-01 5.511127000e+00 
2.808591000e-01 5.527815000e+00 
2.824140000e-01 5.520414000e+00 

2.807753000e-01 5.540987000e+00 
8.684625000e-01 5.339859000e+00 
2.807771000e-01 5.496263000e+00 
8.968569000e-01 5.285425000e+00 
9.512197000e-01 5.257839000e+00 
2.808412000e-01 5.490749000e+00 
8.475839000e-01 5.368874000e+00 
2.810761000e-01 5.443395000e+00 
2.812355000e-01 5.426144000e+00 
8.980469000e-01 5.272861000e+00 
9.284399000e-01 5.269048000e+00 
8.379732000e-01 5.401869000e+00 
2.826763000e-01 5.418446000e+00 
8.736182000e-01 5.313484000e+00 
2.809933000e-01 5.460346000e+00 
2.809336000e-01 5.472646000e+00 

2.807781000e-01 5.633653000e+00 
9.153871000e-01 5.468172000e+00 
9.259331000e-01 5.413819000e+00 
2.807754000e-01 5.635390000e+00 
2.807753000e-01 5.709258000e+00 
9.434354000e-01 5.368307000e+00 
2.808814000e-01 5.528202000e+00 
2.890410000e-01 5.522522000e+00 
2.807755000e-01 5.634751000e+00 
2.807905000e-01 5.625742000e+00 
9.816711000e-01 5.346183000e+00 
9.862425000e-01 5.311221000e+00 
2.807983000e-01 5.555883000e+00 
3.241648000e-01 5.486701000e+00 
2.830237000e-01 5.525200000e+00 
3.023269000e-01 5.491718000e+00 

2.807753000e-01 5.939019000e+00 
2.817754000e-01 5.589802000e+00 
2.808232000e-01 5.683905000e+00 
9.321972000e-01 5.469838000e+00 
2.807754000e-01 5.717659000e+00 
8.053238000e-01 5.565371000e+00 
9.269163000e-01 5.479952000e+00 
2.810024000e-01 5.647696000e+00 
8.376887000e-01 5.480400000e+00 
2.807757000e-01 5.707276000e+00 

7.218428000e-01 5.225962000e+00 
9.050750000e-01 5.153265000e+00 
2.807753000e-01 5.364275000e+00 
2.807848000e-01 5.316968000e+00 
6.783895000e-01 5.226303000e+00 
7.995683000e-01 5.197630000e+00 
6.582911000e-01 5.248578000e+00 
2.810886000e-01 5.283591000e+00 

