9.710292000e-01 3.368948000e+00 
2.811048000e-01 3.595639000e+00 
5.214964000e-01 3.581094000e+00 
7.220588000e-01 3.510808000e+00 
2.807753000e-01 3.915988000e+00 
7.280317000e-01 3.496329000e+00 
2.808645000e-01 3.620688000e+00 
8.301061000e-01 3.426194000e+00 
2.807754000e-01 3.833860000e+00 
7.506487000e-01 3.492812000e+00 
2.807756000e-01 3.774648000e+00 
2.807790000e-01 3.651908000e+00 
5.248853000e-01 3.557504000e+00 
2.807766000e-01 3.770271000e+00 
6.788579000e-01 3.525757000e+00 
9.676143000e-01 3.414820000e+00 
7.817182000e-01 3.486749000e+00 
9.592508000e-01 3.422725000e+00 
7.092583000e-01 3.518964000e+00 
6.957749000e-01 3.525151000e+00 
8.132958000e-01 3.481439000e+00 
9.708645000e-01 3.403040000e+00 

2.813099000e-01 3.890728000e+00 
2.807766000e-01 4.378708000e+00 
2.807753000e-01 5.191956000e+00 
2.807754000e-01 4.626302000e+00 
2.807758000e-01 4.619230000e+00 
7.770307000e-01 3.734921000e+00 
5.934777000e-01 3.767543000e+00 
8.438005000e-01 3.716548000e+00 
9.994929000e-01 3.656818000e+00 
8.579285000e-01 3.716007000e+00 
9.997166000e-01 3.641142000e+00 
2.928872000e-01 3.882738000e+00 
8.583627000e-01 3.670907000e+00 
3.490691000e-01 3.861339000e+00 
2.901495000e-01 3.890351000e+00 
5.051848000e-01 3.835492000e+00 
3.405091000e-01 3.868995000e+00 
2.807769000e-01 3.920559000e+00 
2.943351000e-01 3.874150000e+00 
8.422238000e-01 3.730291000e+00 

2.807753000e-01 5.729769000e+00 
2.807754000e-01 4.847595000e+00 
3.008060000e-01 4.094993000e+00 
9.564506000e-01 3.890715000e+00 
3.495607000e-01 4.062990000e+00 
8.570126000e-01 3.966050000e+00 
5.797479000e-01 4.023166000e+00 
9.309303000e-01 3.951408000e+00 
9.996086000e-01 3.879509000e+00 
5.860406000e-01 4.020338000e+00 
2.807757000e-01 4.112906000e+00 
2.807755000e-01 4.494725000e+00 
6.834393000e-01 3.984309000e+00 
9.711298000e-01 3.889766000e+00 
9.976265000e-01 3.883545000e+00 
8.824716000e-01 3.958701000e+00 

9.346404000e-01 3.638131000e+00 
2.807759000e-01 4.232630000e+00 
2.810550000e-01 3.857769000e+00 
8.037756000e-01 3.691890000e+00 
8.030202000e-01 3.717944000e+00 
2.807753000e-01 4.476776000e+00 
2.807754000e-01 4.296974000e+00 
2.807764000e-01 3.924964000e+00 
2.808222000e-01 3.876076000e+00 
7.928577000e-01 3.723180000e+00 
2.807761000e-01 3.976061000e+00 
7.851262000e-01 3.723495000e+00 
2.820780000e-01 3.845965000e+00 
8.119728000e-01 3.682821000e+00 
2.810827000e-01 3.848693000e+00 
8.345499000e-01 3.669515000e+00 
9.840970000e-01 3.620015000e+00 
9.891208000e-01 3.601289000e+00 
9.970100000e-01 3.560446000e+00 
6.879227000e-01 3.750788000e+00 
6.937714000e-01 3.743272000e+00 
5.746034000e-01 3.771838000e+00 
7.058932000e-01 3.735340000e+00 
9.536199000e-01 3.634718000e+00 
8.134036000e-01 3.677253000e+00 
2.844346000e-01 3.830365000e+00 
2.807777000e-01 3.907355000e+00 
9.710905000e-01 3.626578000e+00 
9.769581000e-01 3.623498000e+00 
9.898552000e-01 3.582496000e+00 
5.791226000e-01 3.756963000e+00 

4.851099000e-01 3.696896000e+00 
2.807826000e-01 4.026744000e+00 
9.886277000e-01 3.617896000e+00 
2.807753000e-01 4.790643000e+00 
2.807796000e-01 4.082337000e+00 
8.164457000e-01 3.631722000e+00 
2.807754000e-01 4.257289000e+00 
9.889728000e-01 3.615042000e+00 
7.914931000e-01 3.665964000e+00 
7.558801000e-01 3.689309000e+00 
8.466290000e-01 3.626235000e+00 
2.807852000e-01 3.864736000e+00 
9.999993000e-01 3.540513000e+00 
9.949312000e-01 3.566324000e+00 
2.812796000e-01 3.765013000e+00 
2.808171000e-01 3.828818000e+00 
9.946227000e-01 3.581956000e+00 
9.999695000e-01 3.549060000e+00 
7.940896000e-01 3.632686000e+00 

8.960931000e-01 3.683145000e+00 
2.807753000e-01 4.609812000e+00 
2.807755000e-01 4.373674000e+00 
5.782635000e-01 3.794900000e+00 
2.808353000e-01 3.889860000e+00 
2.808254000e-01 3.905589000e+00 
9.984182000e-01 3.630961000e+00 
9.999827000e-01 3.554246000e+00 
7.290677000e-01 3.768589000e+00 
2.807756000e-01 3.943206000e+00 
2.807865000e-01 3.916279000e+00 
8.256368000e-01 3.753190000e+00 
9.799897000e-01 3.633546000e+00 
8.261201000e-01 3.712236000e+00 
6.311988000e-01 3.785917000e+00 
5.403853000e-01 3.867289000e+00 
5.406233000e-01 3.866868000e+00 
2.811333000e-01 3.878500000e+00 
8.310497000e-01 3.689944000e+00 
5.473882000e-01 3.833796000e+00 
9.742268000e-01 3.656550000e+00 
9.989670000e-01 3.625313000e+00 
6.960167000e-01 3.772722000e+00 
9.998435000e-01 3.605204000e+00 
8.093437000e-01 3.754624000e+00 

9.999291000e-01 3.736175000e+00 
7.585436000e-01 3.842666000e+00 
6.090870000e-01 3.907651000e+00 
6.242025000e-01 3.897049000e+00 
8.847576000e-01 3.806476000e+00 
2.807753000e-01 4.533419000e+00 
9.069143000e-01 3.765942000e+00 
2.896845000e-01 3.996512000e+00 
2.807756000e-01 4.050229000e+00 
3.060036000e-01 3.980332000e+00 
3.563972000e-01 3.946530000e+00 
4.782127000e-01 3.926956000e+00 
9.973074000e-01 3.763895000e+00 
2.811888000e-01 4.027206000e+00 
2.857850000e-01 4.005693000e+00 
8.832851000e-01 3.807070000e+00 
6.489601000e-01 3.880431000e+00 
8.121161000e-01 3.825956000e+00 
9.983820000e-01 3.742747000e+00 

