2.825640000e-01 6.737972000e+00 
2.816142000e-01 6.766982000e+00 
2.807753000e-01 6.880833000e+00 
2.814128000e-01 6.858926000e+00 

2.810616000e-01 6.846768000e+00 
2.807755000e-01 7.233845000e+00 
2.807753000e-01 7.255415000e+00 
2.810633000e-01 6.831157000e+00 
2.807756000e-01 7.143739000e+00 
2.807757000e-01 6.926883000e+00 
2.934247000e-01 6.824240000e+00 

9.923715000e-01 6.655169000e+00 
2.807754000e-01 7.499557000e+00 
2.827885000e-01 6.820023000e+00 
2.810031000e-01 6.861006000e+00 
2.807753000e-01 7.653675000e+00 
2.807773000e-01 6.934448000e+00 
9.130855000e-01 6.794357000e+00 
2.807755000e-01 7.447610000e+00 
2.807763000e-01 7.014215000e+00 
2.807757000e-01 7.036063000e+00 
2.820024000e-01 6.825720000e+00 
2.808507000e-01 6.908685000e+00 

2.807830000e-01 7.269916000e+00 
2.807797000e-01 7.271247000e+00 
2.807753000e-01 7.777964000e+00 
2.807762000e-01 7.690269000e+00 
2.807783000e-01 7.517356000e+00 
2.807841000e-01 7.189771000e+00 
2.807889000e-01 6.965669000e+00 
2.807846000e-01 7.102489000e+00 

2.807753000e-01 6.900435000e+00 
2.807876000e-01 6.831703000e+00 

2.807765000e-01 7.279525000e+00 
2.810227000e-01 6.790212000e+00 
2.807753000e-01 7.289160000e+00 
2.814921000e-01 6.788437000e+00 
2.807793000e-01 7.053774000e+00 
2.809902000e-01 6.831147000e+00 
2.874361000e-01 6.755516000e+00 
2.807950000e-01 7.045983000e+00 
2.807995000e-01 6.836849000e+00 

2.807764000e-01 7.326617000e+00 
2.807763000e-01 7.335856000e+00 
2.807754000e-01 7.337176000e+00 
2.810033000e-01 6.986137000e+00 
2.808774000e-01 6.994370000e+00 
2.808514000e-01 7.079649000e+00 
2.807753000e-01 7.443334000e+00 
2.811466000e-01 6.891597000e+00 
2.808772000e-01 7.056795000e+00 
2.807777000e-01 7.087196000e+00 
2.821948000e-01 6.873543000e+00 
8.166910000e-01 6.839675000e+00 

2.807780000e-01 6.852730000e+00 
2.812709000e-01 6.829628000e+00 
2.808827000e-01 6.832536000e+00 
2.807753000e-01 7.058496000e+00 
2.807755000e-01 6.979061000e+00 
9.999859000e-01 6.709714000e+00 
2.823304000e-01 6.753265000e+00 
2.808022000e-01 6.837037000e+00 

