2.825640000e-01 6.737972000e+00 
2.807753000e-01 7.635763000e+00 
2.807755000e-01 6.974084000e+00 
2.816049000e-01 6.946340000e+00 
2.820516000e-01 6.861529000e+00 
2.819013000e-01 6.946241000e+00 

2.810616000e-01 6.846768000e+00 
2.807755000e-01 7.233845000e+00 
2.807753000e-01 7.255415000e+00 
2.807812000e-01 6.987538000e+00 
2.807756000e-01 7.143739000e+00 
2.807789000e-01 7.055764000e+00 

9.923715000e-01 6.655169000e+00 
2.807754000e-01 7.499557000e+00 
2.807760000e-01 7.199704000e+00 
2.807765000e-01 7.074782000e+00 
2.807753000e-01 7.653675000e+00 
2.807758000e-01 7.332437000e+00 
2.839840000e-01 6.844857000e+00 
2.807755000e-01 7.447610000e+00 
2.807781000e-01 6.984372000e+00 
2.812071000e-01 6.880471000e+00 
2.810924000e-01 6.969714000e+00 

2.807940000e-01 7.148525000e+00 
2.807797000e-01 7.271247000e+00 
2.807753000e-01 7.777964000e+00 
2.807762000e-01 7.690269000e+00 
2.807783000e-01 7.517356000e+00 
2.808122000e-01 7.145399000e+00 
2.807841000e-01 7.189771000e+00 
2.810164000e-01 7.083198000e+00 
2.812237000e-01 7.046729000e+00 
2.808596000e-01 7.108252000e+00 

2.807779000e-01 6.971155000e+00 
2.812153000e-01 6.845622000e+00 
2.807753000e-01 7.175694000e+00 

2.807765000e-01 7.279525000e+00 
2.807950000e-01 7.050457000e+00 
2.807753000e-01 7.289160000e+00 
2.809767000e-01 7.011831000e+00 
2.807793000e-01 7.053774000e+00 
2.809902000e-01 6.831147000e+00 

2.807794000e-01 7.302040000e+00 
2.807763000e-01 7.335856000e+00 
2.807754000e-01 7.337176000e+00 
2.808692000e-01 7.136772000e+00 
2.809011000e-01 7.047866000e+00 
2.807802000e-01 7.260144000e+00 
2.807753000e-01 7.443334000e+00 
2.811466000e-01 6.891597000e+00 
2.807833000e-01 7.188005000e+00 
2.807764000e-01 7.326617000e+00 
2.810369000e-01 6.986689000e+00 

2.820082000e-01 6.917871000e+00 
2.807777000e-01 7.032961000e+00 
2.807788000e-01 7.029657000e+00 
2.807753000e-01 7.058496000e+00 
2.837802000e-01 6.885187000e+00 
9.905770000e-01 6.786713000e+00 
2.809458000e-01 6.919646000e+00 
2.807872000e-01 7.006457000e+00 
2.808013000e-01 6.932647000e+00 

