2.933902000e-01 3.038823000e+00 
9.968644000e-01 2.745700000e+00 
2.807970000e-01 3.159611000e+00 
2.808024000e-01 3.075428000e+00 
6.062655000e-01 2.957245000e+00 
2.850066000e-01 3.061285000e+00 
2.807753000e-01 3.164314000e+00 
6.567490000e-01 2.918233000e+00 
2.808018000e-01 3.111478000e+00 
4.944110000e-01 2.993777000e+00 
6.447815000e-01 2.940440000e+00 
8.429022000e-01 2.815997000e+00 
7.325350000e-01 2.851740000e+00 
2.807759000e-01 3.160843000e+00 
2.860732000e-01 3.046283000e+00 
8.354138000e-01 2.849534000e+00 
5.467239000e-01 2.977317000e+00 
4.501229000e-01 3.005194000e+00 
9.905468000e-01 2.755473000e+00 
2.841715000e-01 3.062702000e+00 
5.745702000e-01 2.968805000e+00 
7.035954000e-01 2.865796000e+00 
6.412500000e-01 2.949376000e+00 
9.649062000e-01 2.757902000e+00 
2.808069000e-01 3.063438000e+00 
5.799874000e-01 2.958895000e+00 
6.122266000e-01 2.950191000e+00 

5.682237000e-01 3.117969000e+00 
9.316249000e-01 2.872071000e+00 
8.755251000e-01 2.955262000e+00 
2.807760000e-01 3.229595000e+00 
7.249269000e-01 3.011557000e+00 
7.541317000e-01 2.957894000e+00 
2.807771000e-01 3.137092000e+00 
8.790672000e-01 2.951994000e+00 
8.960897000e-01 2.950745000e+00 
2.807753000e-01 3.244870000e+00 
7.275110000e-01 2.999557000e+00 
9.815748000e-01 2.855301000e+00 
6.025361000e-01 3.100137000e+00 
5.389905000e-01 3.118242000e+00 
6.231925000e-01 3.020759000e+00 

2.807753000e-01 5.729769000e+00 
2.807754000e-01 3.828404000e+00 
2.922619000e-01 3.329910000e+00 
3.434027000e-01 3.328478000e+00 
8.316858000e-01 3.185184000e+00 
2.807817000e-01 3.569501000e+00 
2.808572000e-01 3.402450000e+00 
2.807900000e-01 3.480749000e+00 
9.620392000e-01 3.091167000e+00 
2.807774000e-01 3.571396000e+00 
6.263382000e-01 3.230742000e+00 
9.627205000e-01 3.077744000e+00 
7.213149000e-01 3.223386000e+00 
2.807764000e-01 3.761126000e+00 
8.680047000e-01 3.147689000e+00 
5.266723000e-01 3.283293000e+00 
7.635882000e-01 3.198231000e+00 
9.953656000e-01 3.058878000e+00 
4.992462000e-01 3.297024000e+00 
9.578918000e-01 3.146612000e+00 
5.250765000e-01 3.295065000e+00 
2.810574000e-01 3.368251000e+00 
4.925336000e-01 3.310422000e+00 
7.247367000e-01 3.204270000e+00 

7.298554000e-01 2.984949000e+00 
2.823464000e-01 3.077945000e+00 
2.807763000e-01 3.197328000e+00 
6.511742000e-01 3.012320000e+00 
5.544437000e-01 3.064035000e+00 
9.122270000e-01 2.889509000e+00 
6.756893000e-01 3.006223000e+00 
2.807754000e-01 3.377962000e+00 
7.999032000e-01 2.950119000e+00 
2.807845000e-01 3.163501000e+00 
7.206316000e-01 2.999361000e+00 
8.786247000e-01 2.898689000e+00 
2.807753000e-01 3.489766000e+00 
2.807863000e-01 3.126543000e+00 
4.860626000e-01 3.071257000e+00 
7.304337000e-01 2.960767000e+00 
2.807757000e-01 3.364530000e+00 
9.185908000e-01 2.868897000e+00 
2.822068000e-01 3.092075000e+00 
6.312533000e-01 3.039154000e+00 
6.089695000e-01 3.060235000e+00 
8.620039000e-01 2.914743000e+00 
9.433418000e-01 2.834952000e+00 
9.667680000e-01 2.807071000e+00 

2.807890000e-01 3.218821000e+00 
2.873151000e-01 3.162326000e+00 
7.374993000e-01 3.003652000e+00 
5.090809000e-01 3.099398000e+00 
9.213993000e-01 2.935193000e+00 
5.590155000e-01 3.077109000e+00 
9.808338000e-01 2.889706000e+00 
3.649547000e-01 3.122640000e+00 
2.807753000e-01 3.341673000e+00 
9.450672000e-01 2.912375000e+00 
9.724293000e-01 2.903466000e+00 
2.809619000e-01 3.181927000e+00 
9.786813000e-01 2.894209000e+00 
2.807939000e-01 3.198672000e+00 
6.363358000e-01 3.035088000e+00 
9.779261000e-01 2.901295000e+00 
2.807754000e-01 3.255876000e+00 
7.865171000e-01 2.983427000e+00 
7.280867000e-01 3.015279000e+00 
5.274635000e-01 3.096625000e+00 
3.020169000e-01 3.150171000e+00 
3.063615000e-01 3.133752000e+00 
2.810929000e-01 3.170857000e+00 
5.991562000e-01 3.045753000e+00 
5.066185000e-01 3.105805000e+00 
9.359071000e-01 2.917322000e+00 
7.606743000e-01 2.983501000e+00 
7.223431000e-01 3.030569000e+00 
8.350525000e-01 2.964192000e+00 
3.014092000e-01 3.150784000e+00 
8.373484000e-01 2.935335000e+00 

8.785475000e-01 2.951715000e+00 
2.807753000e-01 4.609812000e+00 
2.807771000e-01 3.321518000e+00 
9.230585000e-01 2.951139000e+00 
9.988163000e-01 2.897809000e+00 
6.731694000e-01 3.101876000e+00 
2.807754000e-01 3.403495000e+00 
2.839905000e-01 3.231058000e+00 
7.028602000e-01 3.092605000e+00 
7.298313000e-01 3.089554000e+00 
2.856799000e-01 3.200752000e+00 
7.455887000e-01 3.089155000e+00 
8.649881000e-01 3.004879000e+00 
2.809250000e-01 3.234674000e+00 
4.311386000e-01 3.179471000e+00 
5.506454000e-01 3.104324000e+00 
9.994034000e-01 2.896594000e+00 
5.342340000e-01 3.173535000e+00 
2.842815000e-01 3.220567000e+00 
9.398480000e-01 2.915965000e+00 
8.660365000e-01 2.982337000e+00 
6.803189000e-01 3.100926000e+00 
5.263465000e-01 3.173747000e+00 
2.807782000e-01 3.245848000e+00 
7.526493000e-01 3.020866000e+00 

2.965872000e-01 3.347867000e+00 
9.339778000e-01 3.151296000e+00 
7.260718000e-01 3.243149000e+00 
6.396114000e-01 3.290945000e+00 
2.807756000e-01 3.513900000e+00 
5.904988000e-01 3.343469000e+00 
2.807808000e-01 3.443845000e+00 
6.070171000e-01 3.305885000e+00 
9.994433000e-01 3.096572000e+00 
2.840454000e-01 3.381165000e+00 
7.591938000e-01 3.243044000e+00 
2.807754000e-01 3.591007000e+00 
7.616389000e-01 3.229228000e+00 
2.807753000e-01 3.774284000e+00 
7.680157000e-01 3.219912000e+00 
8.834508000e-01 3.157654000e+00 
8.205426000e-01 3.197250000e+00 
8.252434000e-01 3.169669000e+00 
6.857439000e-01 3.270855000e+00 
2.807820000e-01 3.436112000e+00 
8.214337000e-01 3.184175000e+00 
2.931388000e-01 3.379325000e+00 
6.200855000e-01 3.298688000e+00 
6.548249000e-01 3.271453000e+00 
2.809828000e-01 3.392560000e+00 
9.641074000e-01 3.125633000e+00 

