8.495141000e-01 3.067960000e+00 
2.807756000e-01 3.387693000e+00 
2.807933000e-01 3.280228000e+00 
5.915660000e-01 3.162184000e+00 
8.570979000e-01 3.005799000e+00 
2.905045000e-01 3.221345000e+00 
4.334862000e-01 3.202938000e+00 
5.666216000e-01 3.166443000e+00 
2.807893000e-01 3.310648000e+00 
2.808295000e-01 3.249811000e+00 
8.903595000e-01 2.995542000e+00 
4.797454000e-01 3.172461000e+00 
2.807753000e-01 3.631489000e+00 
2.821979000e-01 3.236879000e+00 
2.807930000e-01 3.294401000e+00 
2.808228000e-01 3.269193000e+00 
9.319071000e-01 2.965307000e+00 
6.396058000e-01 3.102560000e+00 
2.807784000e-01 3.367370000e+00 
5.962554000e-01 3.150268000e+00 
9.072448000e-01 2.986451000e+00 
7.894468000e-01 3.074789000e+00 
2.807785000e-01 3.314046000e+00 

2.807755000e-01 3.817478000e+00 
7.632150000e-01 3.224020000e+00 
6.048899000e-01 3.368921000e+00 
6.234948000e-01 3.340080000e+00 
2.807773000e-01 3.448181000e+00 
2.809438000e-01 3.435811000e+00 
2.808250000e-01 3.442118000e+00 
2.807753000e-01 3.881897000e+00 
2.812325000e-01 3.373870000e+00 
6.139981000e-01 3.352115000e+00 
6.239714000e-01 3.310675000e+00 
8.598262000e-01 3.200762000e+00 
9.920932000e-01 3.153453000e+00 
8.800921000e-01 3.162467000e+00 
9.933753000e-01 3.152033000e+00 
2.807778000e-01 3.444732000e+00 
8.453234000e-01 3.213506000e+00 
7.094683000e-01 3.260556000e+00 

2.807753000e-01 5.729769000e+00 
2.807754000e-01 3.828404000e+00 
6.522796000e-01 3.461790000e+00 
2.807776000e-01 3.751177000e+00 
2.828722000e-01 3.580502000e+00 
7.182850000e-01 3.457600000e+00 
2.807870000e-01 3.643268000e+00 
6.157299000e-01 3.537226000e+00 
6.165109000e-01 3.525919000e+00 
2.807788000e-01 3.727109000e+00 
2.808579000e-01 3.591209000e+00 
2.807886000e-01 3.598372000e+00 
8.491767000e-01 3.401915000e+00 
2.807764000e-01 3.761126000e+00 
6.475900000e-01 3.480181000e+00 
8.615193000e-01 3.361514000e+00 
9.771034000e-01 3.327604000e+00 
2.854451000e-01 3.564141000e+00 
8.646390000e-01 3.337075000e+00 
8.310580000e-01 3.405876000e+00 
4.494251000e-01 3.542164000e+00 

4.638923000e-01 3.324980000e+00 
9.902746000e-01 3.099581000e+00 
8.211138000e-01 3.159112000e+00 
5.170824000e-01 3.289388000e+00 
2.807764000e-01 3.367053000e+00 
8.132091000e-01 3.181175000e+00 
7.837258000e-01 3.208265000e+00 
9.649692000e-01 3.114395000e+00 
8.073673000e-01 3.202493000e+00 
5.361392000e-01 3.265451000e+00 
9.906247000e-01 3.058484000e+00 
2.824117000e-01 3.341332000e+00 
2.807753000e-01 3.489766000e+00 
7.996519000e-01 3.203632000e+00 
8.275307000e-01 3.154686000e+00 
4.969883000e-01 3.291997000e+00 

8.069962000e-01 3.217503000e+00 
6.233205000e-01 3.240168000e+00 
2.807757000e-01 3.701767000e+00 
2.807753000e-01 4.790643000e+00 
5.805525000e-01 3.297631000e+00 
7.658843000e-01 3.225579000e+00 
2.807754000e-01 4.257289000e+00 
2.808302000e-01 3.370481000e+00 
8.333896000e-01 3.195037000e+00 
3.197621000e-01 3.301322000e+00 
5.994310000e-01 3.279805000e+00 
2.807769000e-01 3.400769000e+00 
2.825828000e-01 3.319134000e+00 
8.171899000e-01 3.205559000e+00 
9.334164000e-01 3.169383000e+00 
9.632107000e-01 3.081946000e+00 
9.450168000e-01 3.130667000e+00 

2.807754000e-01 3.854617000e+00 
2.807753000e-01 4.609812000e+00 
9.672385000e-01 3.197239000e+00 
8.617120000e-01 3.239613000e+00 
5.703928000e-01 3.352234000e+00 
2.808387000e-01 3.416531000e+00 
2.807755000e-01 3.594850000e+00 
2.807761000e-01 3.568737000e+00 
5.544909000e-01 3.357792000e+00 
2.807763000e-01 3.449462000e+00 
8.708789000e-01 3.235114000e+00 
8.959324000e-01 3.208156000e+00 
6.894514000e-01 3.261394000e+00 
8.899225000e-01 3.229965000e+00 
5.333690000e-01 3.389142000e+00 
5.516618000e-01 3.372554000e+00 
9.045326000e-01 3.200604000e+00 
8.456857000e-01 3.240145000e+00 
6.891173000e-01 3.304424000e+00 
9.738731000e-01 3.159682000e+00 
6.567692000e-01 3.332045000e+00 
2.833843000e-01 3.401753000e+00 

2.808699000e-01 3.585268000e+00 
2.807765000e-01 3.612598000e+00 
9.902802000e-01 3.363681000e+00 
7.264973000e-01 3.461832000e+00 
2.918923000e-01 3.574865000e+00 
7.053800000e-01 3.462173000e+00 
8.992592000e-01 3.395718000e+00 
2.807754000e-01 3.652438000e+00 
8.309527000e-01 3.415605000e+00 
9.103006000e-01 3.368003000e+00 
5.535161000e-01 3.507340000e+00 
7.879204000e-01 3.445344000e+00 
5.303478000e-01 3.541356000e+00 
2.807753000e-01 3.774284000e+00 
8.303638000e-01 3.434505000e+00 
2.824471000e-01 3.579110000e+00 
2.807760000e-01 3.622077000e+00 
9.910333000e-01 3.322505000e+00 
5.331885000e-01 3.509253000e+00 
7.045501000e-01 3.502603000e+00 
7.821599000e-01 3.458205000e+00 

