2.807824000e-01 6.156457000e+00 
2.807760000e-01 6.289086000e+00 
2.807778000e-01 6.243365000e+00 
2.807823000e-01 6.198503000e+00 
2.818998000e-01 6.123454000e+00 
2.857141000e-01 6.118357000e+00 
2.807753000e-01 6.349262000e+00 

2.807755000e-01 6.245060000e+00 
2.807753000e-01 6.261212000e+00 

2.807759000e-01 6.324879000e+00 
2.807753000e-01 6.404840000e+00 
2.807784000e-01 6.268533000e+00 
2.827316000e-01 6.254829000e+00 
9.987573000e-01 6.168091000e+00 
9.777133000e-01 6.171697000e+00 
2.807783000e-01 6.307791000e+00 
9.665537000e-01 6.177687000e+00 
9.987722000e-01 6.116604000e+00 

2.807785000e-01 6.817518000e+00 
2.807753000e-01 6.891155000e+00 
2.807852000e-01 6.427260000e+00 
2.807848000e-01 6.444141000e+00 
2.807794000e-01 6.649575000e+00 
2.807828000e-01 6.508728000e+00 
2.808054000e-01 6.336417000e+00 
2.814257000e-01 6.302435000e+00 
2.807824000e-01 6.621663000e+00 
2.808053000e-01 6.384051000e+00 
2.807865000e-01 6.399100000e+00 

2.807785000e-01 6.269716000e+00 
2.812960000e-01 6.182611000e+00 
2.808557000e-01 6.250747000e+00 
2.807753000e-01 6.305220000e+00 
2.808329000e-01 6.267148000e+00 
2.818093000e-01 6.158792000e+00 

2.807753000e-01 7.289160000e+00 
2.807776000e-01 6.233099000e+00 
2.807754000e-01 6.318808000e+00 
2.810025000e-01 6.206114000e+00 

2.819157000e-01 6.281904000e+00 
2.807846000e-01 6.505184000e+00 
2.814177000e-01 6.293653000e+00 
2.809737000e-01 6.334314000e+00 
2.807753000e-01 6.536482000e+00 
2.808239000e-01 6.382174000e+00 

2.807756000e-01 6.328845000e+00 
2.807753000e-01 6.764630000e+00 
9.991355000e-01 6.055049000e+00 
2.808561000e-01 6.107541000e+00 
2.808489000e-01 6.149757000e+00 
2.808134000e-01 6.222691000e+00 
2.807793000e-01 6.244450000e+00 
2.808354000e-01 6.167778000e+00 
9.999881000e-01 5.969016000e+00 

