9.940088000e-01 5.817409000e+00 
2.807753000e-01 6.087286000e+00 
2.807781000e-01 5.876587000e+00 
2.807780000e-01 5.979623000e+00 
2.830863000e-01 5.861336000e+00 

2.823559000e-01 5.920490000e+00 
2.808014000e-01 5.951049000e+00 
2.807753000e-01 6.011972000e+00 
2.807804000e-01 5.981499000e+00 
9.999956000e-01 5.846121000e+00 
2.807805000e-01 5.968441000e+00 
2.807835000e-01 5.964351000e+00 

2.807753000e-01 6.273145000e+00 
2.807823000e-01 6.115833000e+00 
2.807867000e-01 6.051847000e+00 
2.807764000e-01 6.192551000e+00 
2.807761000e-01 6.211141000e+00 
2.807858000e-01 6.104871000e+00 
9.682733000e-01 5.909224000e+00 
9.631224000e-01 5.925510000e+00 
9.574260000e-01 5.960610000e+00 
2.808245000e-01 6.044833000e+00 
2.809126000e-01 6.016132000e+00 
9.759093000e-01 5.897280000e+00 
9.997548000e-01 5.844469000e+00 

2.807785000e-01 6.817518000e+00 
2.807753000e-01 6.891155000e+00 
2.807801000e-01 6.382481000e+00 
2.807804000e-01 6.209669000e+00 
2.807794000e-01 6.649575000e+00 
2.807842000e-01 6.149890000e+00 
2.807837000e-01 6.197251000e+00 
2.808054000e-01 6.142496000e+00 
2.807800000e-01 6.516073000e+00 
2.808055000e-01 6.131123000e+00 
2.808066000e-01 6.066315000e+00 
9.979769000e-01 6.064919000e+00 

2.807753000e-01 6.288128000e+00 
2.807755000e-01 6.267182000e+00 
2.807756000e-01 6.258314000e+00 
2.807758000e-01 6.224392000e+00 
2.813825000e-01 5.931569000e+00 
2.807766000e-01 6.086792000e+00 
9.659561000e-01 5.909723000e+00 
2.807857000e-01 6.032564000e+00 
2.807934000e-01 6.023457000e+00 
2.807774000e-01 6.033209000e+00 
9.996124000e-01 5.842208000e+00 
2.808231000e-01 5.966625000e+00 
2.819222000e-01 5.917863000e+00 

2.807753000e-01 6.329043000e+00 
2.807754000e-01 6.064973000e+00 
9.932962000e-01 5.956937000e+00 
2.808784000e-01 5.982018000e+00 
2.807806000e-01 6.010145000e+00 

2.808116000e-01 6.167510000e+00 
2.808346000e-01 6.153573000e+00 
2.807753000e-01 6.536482000e+00 
2.874430000e-01 6.081435000e+00 
2.808368000e-01 6.094135000e+00 
2.807812000e-01 6.251496000e+00 
2.808031000e-01 6.179671000e+00 
8.982488000e-01 6.051988000e+00 
2.827116000e-01 6.085468000e+00 
9.765040000e-01 5.968666000e+00 
2.807761000e-01 6.255374000e+00 

2.808269000e-01 5.883599000e+00 
2.807753000e-01 6.764630000e+00 
2.822231000e-01 5.822337000e+00 
9.999252000e-01 5.737275000e+00 
2.808220000e-01 5.935717000e+00 
9.896627000e-01 5.798394000e+00 
9.955349000e-01 5.771001000e+00 
1.000000000e+00 5.716877000e+00 
9.995088000e-01 5.744653000e+00 
9.999991000e-01 5.731165000e+00 
2.807774000e-01 6.034205000e+00 
9.911008000e-01 5.776694000e+00 
2.807754000e-01 6.052213000e+00 

