2.820230000e-01 5.295075000e+00 
2.827479000e-01 5.257172000e+00 
2.807754000e-01 5.374968000e+00 
9.547630000e-01 5.166813000e+00 
9.093049000e-01 5.171129000e+00 
2.807753000e-01 5.685961000e+00 
2.807915000e-01 5.370680000e+00 
2.808567000e-01 5.355367000e+00 
1.000000000e+00 5.076752000e+00 
9.610902000e-01 5.127306000e+00 
2.808599000e-01 5.304915000e+00 
7.181858000e-01 5.232815000e+00 

2.807847000e-01 5.369604000e+00 
2.807753000e-01 5.576593000e+00 
6.956443000e-01 5.314231000e+00 
9.005749000e-01 5.173091000e+00 
3.132723000e-01 5.330434000e+00 
7.739272000e-01 5.234836000e+00 
7.987197000e-01 5.218643000e+00 
2.844184000e-01 5.353760000e+00 
6.544516000e-01 5.318679000e+00 
2.807755000e-01 5.414718000e+00 
8.017322000e-01 5.215047000e+00 
8.317126000e-01 5.203620000e+00 
7.529693000e-01 5.241406000e+00 
8.580746000e-01 5.201199000e+00 

2.807798000e-01 5.616920000e+00 
6.916371000e-01 5.474960000e+00 
2.807760000e-01 5.621567000e+00 
2.811103000e-01 5.525298000e+00 
8.047697000e-01 5.423353000e+00 
2.807807000e-01 5.591305000e+00 
2.807753000e-01 5.729769000e+00 
6.735806000e-01 5.477380000e+00 
6.959541000e-01 5.451111000e+00 
2.807865000e-01 5.548577000e+00 
6.562035000e-01 5.494060000e+00 
9.038344000e-01 5.412127000e+00 
7.733870000e-01 5.449626000e+00 
2.807754000e-01 5.626074000e+00 
9.599681000e-01 5.377731000e+00 
9.275378000e-01 5.385747000e+00 
2.815802000e-01 5.512727000e+00 

2.814766000e-01 5.396647000e+00 
2.807753000e-01 5.528856000e+00 
8.607495000e-01 5.326658000e+00 
9.848435000e-01 5.261480000e+00 
9.987393000e-01 5.255176000e+00 
9.487648000e-01 5.277348000e+00 
2.807781000e-01 5.417292000e+00 

2.807753000e-01 5.540987000e+00 
8.126367000e-01 5.283657000e+00 
2.808444000e-01 5.374277000e+00 
9.308720000e-01 5.170490000e+00 
2.807758000e-01 5.378813000e+00 
2.813877000e-01 5.360777000e+00 
8.289529000e-01 5.224497000e+00 
9.172245000e-01 5.211306000e+00 
2.816843000e-01 5.313691000e+00 

2.847127000e-01 5.343017000e+00 
2.807754000e-01 5.493891000e+00 
2.808523000e-01 5.422101000e+00 
9.635644000e-01 5.208364000e+00 
2.807753000e-01 5.709258000e+00 
9.390667000e-01 5.279050000e+00 
9.312686000e-01 5.322097000e+00 
2.807842000e-01 5.484001000e+00 
2.808319000e-01 5.448292000e+00 

2.807753000e-01 5.939019000e+00 
2.807781000e-01 5.587058000e+00 
9.105680000e-01 5.427753000e+00 
2.826868000e-01 5.527482000e+00 
2.807754000e-01 5.717659000e+00 
7.753115000e-01 5.504235000e+00 
2.816756000e-01 5.566529000e+00 
2.807757000e-01 5.707276000e+00 
2.807760000e-01 5.605095000e+00 
9.289314000e-01 5.410015000e+00 
9.157201000e-01 5.426389000e+00 
6.736676000e-01 5.508021000e+00 
2.814473000e-01 5.572826000e+00 
6.718385000e-01 5.516768000e+00 
8.307251000e-01 5.455037000e+00 
2.820025000e-01 5.538314000e+00 
7.898821000e-01 5.463408000e+00 

7.093172000e-01 5.142582000e+00 
6.332323000e-01 5.191518000e+00 
2.807753000e-01 5.364275000e+00 
2.833315000e-01 5.212695000e+00 
2.807754000e-01 5.279609000e+00 
2.810798000e-01 5.232211000e+00 
2.825001000e-01 5.215347000e+00 
9.832457000e-01 5.076459000e+00 
8.892269000e-01 5.084578000e+00 
2.807790000e-01 5.232511000e+00 
7.116770000e-01 5.090438000e+00 

