2.820915000e-01 5.781645000e+00 
2.809241000e-01 5.818452000e+00 
2.827714000e-01 5.766708000e+00 
2.807935000e-01 5.821546000e+00 
2.817168000e-01 5.809646000e+00 
9.813567000e-01 5.728585000e+00 
2.807887000e-01 5.837601000e+00 
2.807753000e-01 5.848593000e+00 
9.916425000e-01 5.606203000e+00 
2.809423000e-01 5.815643000e+00 

9.956765000e-01 5.725934000e+00 
2.807754000e-01 5.913342000e+00 
2.807850000e-01 5.864654000e+00 
2.807798000e-01 5.905139000e+00 
2.809738000e-01 5.807784000e+00 
2.808012000e-01 5.839776000e+00 
2.807753000e-01 5.949007000e+00 

2.807753000e-01 6.273145000e+00 
9.903538000e-01 5.818060000e+00 
9.357207000e-01 5.847301000e+00 
2.807881000e-01 5.988699000e+00 
2.807813000e-01 5.995677000e+00 
9.195339000e-01 5.889214000e+00 
9.782851000e-01 5.818694000e+00 
9.922604000e-01 5.811337000e+00 
2.810700000e-01 5.932463000e+00 
2.807759000e-01 6.055198000e+00 
9.194895000e-01 5.930084000e+00 
9.929695000e-01 5.781740000e+00 
9.944094000e-01 5.767474000e+00 
2.810085000e-01 5.958563000e+00 

2.807785000e-01 6.817518000e+00 
2.807753000e-01 6.891155000e+00 
2.807877000e-01 6.128037000e+00 
2.807804000e-01 6.209669000e+00 
2.807793000e-01 6.228886000e+00 
2.807842000e-01 6.149890000e+00 
2.807837000e-01 6.197251000e+00 
2.807956000e-01 6.024856000e+00 
2.807832000e-01 6.202690000e+00 
2.808065000e-01 5.991472000e+00 
2.808782000e-01 5.894018000e+00 
2.808135000e-01 5.955275000e+00 

2.807753000e-01 6.288128000e+00 
2.807786000e-01 5.975809000e+00 
9.487380000e-01 5.795296000e+00 
2.807754000e-01 6.038394000e+00 
2.807766000e-01 6.020961000e+00 
2.807837000e-01 5.957294000e+00 
2.817295000e-01 5.822793000e+00 
9.701983000e-01 5.697652000e+00 
2.808042000e-01 5.905140000e+00 
9.613478000e-01 5.778664000e+00 
2.819883000e-01 5.795857000e+00 
9.660859000e-01 5.737775000e+00 
9.700474000e-01 5.725471000e+00 
2.808070000e-01 5.879273000e+00 
2.810945000e-01 5.828502000e+00 

2.807754000e-01 6.046380000e+00 
2.807753000e-01 6.079591000e+00 
9.808722000e-01 5.801196000e+00 
2.809011000e-01 5.895092000e+00 
9.758361000e-01 5.848204000e+00 
2.807755000e-01 5.896222000e+00 

2.807989000e-01 6.024961000e+00 
2.824360000e-01 5.938788000e+00 
2.807753000e-01 6.536482000e+00 
2.810221000e-01 6.015176000e+00 
2.807811000e-01 6.145390000e+00 
9.816527000e-01 5.843398000e+00 
2.808946000e-01 6.017264000e+00 
2.807755000e-01 6.153946000e+00 
2.823098000e-01 6.009517000e+00 
2.807929000e-01 6.081647000e+00 
2.807844000e-01 6.087978000e+00 
8.628422000e-01 5.884328000e+00 
2.807969000e-01 6.073670000e+00 

2.807857000e-01 5.853352000e+00 
2.807967000e-01 5.779062000e+00 
2.807753000e-01 5.871222000e+00 
7.399854000e-01 5.573339000e+00 
2.809253000e-01 5.746981000e+00 
7.361187000e-01 5.637730000e+00 

