2.807782000e-01 5.330791000e+00 
2.884380000e-01 5.128419000e+00 
2.807904000e-01 5.175102000e+00 
2.807811000e-01 5.219605000e+00 
9.966798000e-01 4.984399000e+00 
3.216514000e-01 5.115197000e+00 
9.994323000e-01 4.964362000e+00 
2.807753000e-01 5.371555000e+00 
9.999674000e-01 4.934240000e+00 
2.808079000e-01 5.138917000e+00 
6.848465000e-01 5.002382000e+00 

2.809422000e-01 5.164960000e+00 
2.807753000e-01 5.576593000e+00 
2.807764000e-01 5.335438000e+00 
2.807755000e-01 5.414718000e+00 
2.807776000e-01 5.333060000e+00 
2.807834000e-01 5.331944000e+00 
2.807933000e-01 5.248308000e+00 
7.333742000e-01 5.025815000e+00 
2.807862000e-01 5.295783000e+00 

6.633173000e-01 5.355116000e+00 
2.807754000e-01 5.626074000e+00 
2.807760000e-01 5.621567000e+00 
2.807761000e-01 5.578622000e+00 
8.682144000e-01 5.271929000e+00 
2.960268000e-01 5.396006000e+00 
2.807753000e-01 5.729769000e+00 
2.813443000e-01 5.412305000e+00 
2.807785000e-01 5.427788000e+00 
8.825926000e-01 5.244905000e+00 
7.603101000e-01 5.304504000e+00 
2.813432000e-01 5.424387000e+00 
6.657533000e-01 5.329597000e+00 
6.298460000e-01 5.374287000e+00 
2.908430000e-01 5.398558000e+00 
8.014097000e-01 5.304236000e+00 

2.807791000e-01 5.277196000e+00 
2.807753000e-01 5.528856000e+00 
2.807763000e-01 5.405400000e+00 
2.807755000e-01 5.453659000e+00 
9.969238000e-01 5.069728000e+00 
2.807765000e-01 5.379355000e+00 
3.001287000e-01 5.223824000e+00 
2.808666000e-01 5.253105000e+00 
9.939271000e-01 5.090465000e+00 
7.681914000e-01 5.151170000e+00 
9.574682000e-01 5.145983000e+00 
9.969884000e-01 5.059730000e+00 
9.829360000e-01 5.113086000e+00 

2.807753000e-01 5.540987000e+00 
8.036691000e-01 5.104102000e+00 
2.808613000e-01 5.223048000e+00 
2.807842000e-01 5.341887000e+00 
2.807758000e-01 5.378813000e+00 
8.895030000e-01 5.068797000e+00 
8.731367000e-01 5.085320000e+00 
2.861054000e-01 5.210710000e+00 
2.808025000e-01 5.282451000e+00 
7.860688000e-01 5.169111000e+00 
2.807945000e-01 5.330175000e+00 
7.222234000e-01 5.171864000e+00 

2.810510000e-01 5.317780000e+00 
2.807754000e-01 5.493891000e+00 
2.832449000e-01 5.308740000e+00 
8.899719000e-01 5.172025000e+00 
2.807753000e-01 5.709258000e+00 
9.129864000e-01 5.164199000e+00 
8.803830000e-01 5.209016000e+00 
8.811575000e-01 5.201889000e+00 
8.728422000e-01 5.222380000e+00 
2.808422000e-01 5.336562000e+00 
2.807756000e-01 5.460721000e+00 
2.807771000e-01 5.415402000e+00 
2.808175000e-01 5.368679000e+00 
2.871669000e-01 5.280142000e+00 
8.891999000e-01 5.178328000e+00 
8.822806000e-01 5.181848000e+00 
9.205279000e-01 5.136119000e+00 
2.833893000e-01 5.282284000e+00 
3.036508000e-01 5.261028000e+00 
9.287529000e-01 5.100765000e+00 
9.536066000e-01 5.092640000e+00 
9.163486000e-01 5.162068000e+00 

2.807753000e-01 5.939019000e+00 
9.111882000e-01 5.302921000e+00 
8.006153000e-01 5.386954000e+00 
2.817329000e-01 5.437140000e+00 
8.276857000e-01 5.317123000e+00 
8.172823000e-01 5.376602000e+00 
1.000000000e+00 5.279309000e+00 
2.810303000e-01 5.443664000e+00 
2.807754000e-01 5.455510000e+00 
8.052885000e-01 5.380832000e+00 
6.351868000e-01 5.401506000e+00 

6.827724000e-01 5.030464000e+00 
6.814289000e-01 5.035620000e+00 
2.807753000e-01 5.364275000e+00 
2.830929000e-01 5.052261000e+00 
2.807754000e-01 5.279609000e+00 
2.807781000e-01 5.270040000e+00 
6.908389000e-01 4.994798000e+00 
6.603891000e-01 5.037254000e+00 
2.809550000e-01 5.097777000e+00 
2.807783000e-01 5.231916000e+00 
9.632058000e-01 4.935352000e+00 
2.808278000e-01 5.115496000e+00 
6.965781000e-01 4.959600000e+00 
2.807909000e-01 5.148609000e+00 
2.815604000e-01 5.086865000e+00 
9.768103000e-01 4.920217000e+00 
6.014247000e-01 5.039113000e+00 

