2.807908000e-01 4.837936000e+00 
2.807753000e-01 5.029823000e+00 
2.807784000e-01 4.843975000e+00 
6.313369000e-01 4.728400000e+00 
6.735377000e-01 4.694881000e+00 
9.004333000e-01 4.564246000e+00 
7.050303000e-01 4.684214000e+00 
2.829175000e-01 4.790588000e+00 
7.051145000e-01 4.665107000e+00 
7.049635000e-01 4.688011000e+00 
2.811211000e-01 4.800592000e+00 
3.101134000e-01 4.735152000e+00 
2.807758000e-01 4.902736000e+00 
2.837261000e-01 4.753169000e+00 
2.808647000e-01 4.816738000e+00 
7.272247000e-01 4.655371000e+00 
7.979346000e-01 4.605706000e+00 

6.502056000e-01 4.741170000e+00 
2.807756000e-01 4.878212000e+00 
2.807753000e-01 5.191956000e+00 
1.000000000e+00 4.624599000e+00 
6.922699000e-01 4.723365000e+00 
2.881519000e-01 4.800147000e+00 
7.897354000e-01 4.719954000e+00 
7.909369000e-01 4.666132000e+00 
7.816282000e-01 4.721231000e+00 
2.950431000e-01 4.797550000e+00 
2.812419000e-01 4.863046000e+00 
5.932234000e-01 4.756938000e+00 
2.811359000e-01 4.874333000e+00 
2.807755000e-01 4.974520000e+00 
2.843899000e-01 4.841938000e+00 
9.999937000e-01 4.649626000e+00 
6.904815000e-01 4.728394000e+00 
6.504446000e-01 4.739074000e+00 
5.718339000e-01 4.788349000e+00 
8.753010000e-01 4.660207000e+00 
2.851152000e-01 4.834855000e+00 
9.999989000e-01 4.644069000e+00 
7.429731000e-01 4.722579000e+00 
5.792818000e-01 4.765647000e+00 

2.807753000e-01 5.729769000e+00 
6.552120000e-01 4.933293000e+00 
2.816821000e-01 4.972076000e+00 
6.896151000e-01 4.910860000e+00 
2.807764000e-01 5.080848000e+00 
9.527881000e-01 4.825083000e+00 
2.807754000e-01 5.121825000e+00 
2.807872000e-01 5.029445000e+00 
2.825831000e-01 4.936290000e+00 
6.975632000e-01 4.879368000e+00 
6.854086000e-01 4.921052000e+00 
2.808290000e-01 5.001532000e+00 
9.167842000e-01 4.831979000e+00 
2.820180000e-01 4.949790000e+00 
9.999629000e-01 4.811912000e+00 
8.739963000e-01 4.874524000e+00 
9.207294000e-01 4.825449000e+00 
7.486941000e-01 4.878713000e+00 

9.967208000e-01 4.659809000e+00 
2.807753000e-01 5.528856000e+00 
2.807767000e-01 4.959099000e+00 
5.934378000e-01 4.758947000e+00 
2.807826000e-01 4.923218000e+00 
5.123613000e-01 4.790637000e+00 
9.486008000e-01 4.729647000e+00 
2.807755000e-01 5.096958000e+00 
9.712016000e-01 4.722792000e+00 
2.817813000e-01 4.915948000e+00 
3.011692000e-01 4.837627000e+00 
9.909154000e-01 4.699681000e+00 
5.851663000e-01 4.785506000e+00 
5.113190000e-01 4.802964000e+00 
2.839676000e-01 4.848999000e+00 

2.807790000e-01 4.867181000e+00 
7.421645000e-01 4.704456000e+00 
2.809097000e-01 4.832445000e+00 
2.807753000e-01 5.058036000e+00 
2.807764000e-01 4.896657000e+00 
8.025549000e-01 4.702751000e+00 
2.808817000e-01 4.861135000e+00 
2.841935000e-01 4.783397000e+00 
2.807754000e-01 5.009811000e+00 
6.861198000e-01 4.747544000e+00 
7.043566000e-01 4.720273000e+00 
2.807765000e-01 4.872220000e+00 
2.822717000e-01 4.821729000e+00 
2.809228000e-01 4.822132000e+00 
2.838428000e-01 4.821034000e+00 
9.248205000e-01 4.601232000e+00 
6.458191000e-01 4.766663000e+00 
2.807757000e-01 4.941595000e+00 
7.571516000e-01 4.704031000e+00 
8.547012000e-01 4.679838000e+00 
8.621118000e-01 4.621011000e+00 
2.807793000e-01 4.865252000e+00 

2.807760000e-01 4.931980000e+00 
6.778410000e-01 4.821587000e+00 
9.797384000e-01 4.642574000e+00 
2.838326000e-01 4.830649000e+00 
2.807753000e-01 5.709258000e+00 
2.808256000e-01 4.928677000e+00 
9.691317000e-01 4.701369000e+00 
7.141558000e-01 4.805291000e+00 
2.809884000e-01 4.904205000e+00 
9.805725000e-01 4.641112000e+00 
2.807754000e-01 5.011644000e+00 
8.353273000e-01 4.737081000e+00 
7.263296000e-01 4.792192000e+00 

2.807857000e-01 5.074264000e+00 
2.807753000e-01 5.350052000e+00 
2.808328000e-01 5.052287000e+00 
6.547887000e-01 4.991750000e+00 
2.807754000e-01 5.106544000e+00 
6.402378000e-01 5.013894000e+00 
2.835739000e-01 5.026444000e+00 
6.500303000e-01 5.001034000e+00 
2.807981000e-01 5.070647000e+00 
7.794305000e-01 4.906039000e+00 
2.808143000e-01 5.060299000e+00 
7.220493000e-01 4.924286000e+00 
6.431093000e-01 5.009773000e+00 
2.810012000e-01 5.035550000e+00 
8.159779000e-01 4.869758000e+00 

