2.808789000e-01 3.554624000e+00 
2.871669000e-01 3.477501000e+00 
5.325413000e-01 3.455596000e+00 
2.832791000e-01 3.548914000e+00 
9.814182000e-01 3.253038000e+00 
7.846867000e-01 3.381999000e+00 
2.807756000e-01 3.618572000e+00 
6.534162000e-01 3.435326000e+00 
2.808487000e-01 3.576848000e+00 
9.786398000e-01 3.297587000e+00 
9.789710000e-01 3.267879000e+00 
6.447321000e-01 3.437600000e+00 
2.807753000e-01 3.631489000e+00 
8.307287000e-01 3.338650000e+00 
2.807851000e-01 3.585840000e+00 
9.742057000e-01 3.301237000e+00 
2.865185000e-01 3.498042000e+00 
6.920237000e-01 3.407854000e+00 
9.232190000e-01 3.334482000e+00 
2.852589000e-01 3.539354000e+00 
7.161431000e-01 3.394739000e+00 
9.653771000e-01 3.311895000e+00 
5.453150000e-01 3.438619000e+00 

5.748012000e-01 3.725113000e+00 
2.807864000e-01 3.806194000e+00 
6.667038000e-01 3.680544000e+00 
6.650078000e-01 3.709072000e+00 
2.807769000e-01 3.852448000e+00 
3.838887000e-01 3.758317000e+00 
8.983969000e-01 3.619410000e+00 
9.950040000e-01 3.548221000e+00 
5.630362000e-01 3.739148000e+00 
9.963471000e-01 3.537123000e+00 
5.763596000e-01 3.722752000e+00 
2.810591000e-01 3.769192000e+00 
4.941152000e-01 3.756007000e+00 
7.623033000e-01 3.658820000e+00 
2.807753000e-01 3.881897000e+00 
7.676913000e-01 3.633868000e+00 
8.941977000e-01 3.626195000e+00 
9.007164000e-01 3.577830000e+00 
5.128058000e-01 3.749713000e+00 
5.868908000e-01 3.714461000e+00 
9.668382000e-01 3.569274000e+00 

2.807753000e-01 5.729769000e+00 
2.807754000e-01 4.847595000e+00 
9.997447000e-01 3.749379000e+00 
2.817077000e-01 3.987018000e+00 
9.730466000e-01 3.783268000e+00 
9.668434000e-01 3.788709000e+00 
8.796584000e-01 3.822107000e+00 
8.348707000e-01 3.840608000e+00 
2.807835000e-01 4.069875000e+00 
6.384058000e-01 3.903890000e+00 
2.807757000e-01 4.112906000e+00 
2.807755000e-01 4.494725000e+00 
9.747220000e-01 3.781787000e+00 
8.795057000e-01 3.830977000e+00 
9.394806000e-01 3.817644000e+00 
2.820519000e-01 3.923577000e+00 
2.807839000e-01 4.059801000e+00 
9.667740000e-01 3.794754000e+00 
2.810215000e-01 4.042682000e+00 
2.808732000e-01 4.042760000e+00 

2.813529000e-01 3.731619000e+00 
5.199750000e-01 3.698836000e+00 
5.747617000e-01 3.656217000e+00 
8.708776000e-01 3.582869000e+00 
2.807954000e-01 3.779033000e+00 
2.807753000e-01 4.476776000e+00 
2.807754000e-01 4.296974000e+00 
2.807769000e-01 3.786723000e+00 
8.019003000e-01 3.590397000e+00 
9.682580000e-01 3.530408000e+00 
6.848212000e-01 3.594203000e+00 
8.933986000e-01 3.533209000e+00 
2.807755000e-01 3.795233000e+00 
2.828574000e-01 3.728074000e+00 
6.215635000e-01 3.610481000e+00 
2.812028000e-01 3.769955000e+00 
8.788704000e-01 3.549542000e+00 
2.808673000e-01 3.772483000e+00 
9.783245000e-01 3.501559000e+00 
8.229073000e-01 3.588246000e+00 
6.739352000e-01 3.600855000e+00 
8.224051000e-01 3.590160000e+00 
2.896282000e-01 3.703967000e+00 

8.111776000e-01 3.537909000e+00 
4.573223000e-01 3.644902000e+00 
9.884228000e-01 3.473316000e+00 
2.807753000e-01 4.790643000e+00 
5.882704000e-01 3.626965000e+00 
7.556708000e-01 3.545869000e+00 
2.807754000e-01 4.257289000e+00 
4.520460000e-01 3.659230000e+00 
2.809213000e-01 3.708222000e+00 
7.513663000e-01 3.591788000e+00 
9.982435000e-01 3.458565000e+00 
9.997004000e-01 3.454214000e+00 
2.807775000e-01 3.779389000e+00 
9.891149000e-01 3.462764000e+00 
2.808296000e-01 3.776932000e+00 
2.819313000e-01 3.698800000e+00 
9.998343000e-01 3.445478000e+00 
4.344220000e-01 3.690051000e+00 
5.758348000e-01 3.628688000e+00 
7.060063000e-01 3.603417000e+00 

5.158949000e-01 3.736058000e+00 
2.807753000e-01 4.609812000e+00 
2.807755000e-01 4.373674000e+00 
2.807861000e-01 3.808427000e+00 
7.906817000e-01 3.636687000e+00 
2.807826000e-01 3.837427000e+00 
5.110411000e-01 3.749574000e+00 
9.712108000e-01 3.535140000e+00 
9.997525000e-01 3.530343000e+00 
2.807756000e-01 3.943206000e+00 
2.875445000e-01 3.764896000e+00 
7.804858000e-01 3.653399000e+00 
2.809554000e-01 3.766547000e+00 
5.958870000e-01 3.671069000e+00 
5.302743000e-01 3.733447000e+00 
5.312665000e-01 3.671576000e+00 
7.943143000e-01 3.548796000e+00 
9.999402000e-01 3.509232000e+00 
3.071905000e-01 3.761570000e+00 

2.809383000e-01 3.905824000e+00 
2.809767000e-01 3.903539000e+00 
9.392347000e-01 3.746279000e+00 
8.914517000e-01 3.756995000e+00 
6.887573000e-01 3.795902000e+00 
9.999587000e-01 3.663759000e+00 
4.768251000e-01 3.897556000e+00 
2.807753000e-01 3.944171000e+00 
8.501316000e-01 3.757679000e+00 
7.556463000e-01 3.769774000e+00 
6.474129000e-01 3.807498000e+00 
3.725752000e-01 3.900160000e+00 
4.780604000e-01 3.876819000e+00 
9.682792000e-01 3.665377000e+00 
9.048987000e-01 3.751657000e+00 
2.807755000e-01 3.921254000e+00 
9.011408000e-01 3.756541000e+00 
4.862458000e-01 3.811302000e+00 

