2.807753000e-01 4.761742000e+00 
6.197503000e-01 4.237947000e+00 
2.807755000e-01 4.583590000e+00 
2.807768000e-01 4.551660000e+00 
2.807803000e-01 4.424421000e+00 
2.807780000e-01 4.507168000e+00 
2.807899000e-01 4.393234000e+00 
2.807762000e-01 4.554207000e+00 
8.778530000e-01 4.143903000e+00 
6.048811000e-01 4.270092000e+00 
9.997305000e-01 4.088079000e+00 
8.338305000e-01 4.178463000e+00 
9.123150000e-01 4.127608000e+00 
7.339611000e-01 4.180649000e+00 
6.445869000e-01 4.227479000e+00 
5.900933000e-01 4.287154000e+00 
6.898023000e-01 4.214192000e+00 
2.807948000e-01 4.314697000e+00 
6.040883000e-01 4.279038000e+00 

8.303376000e-01 4.256147000e+00 
6.711547000e-01 4.317755000e+00 
2.807753000e-01 5.191956000e+00 
2.807754000e-01 4.626302000e+00 
2.807758000e-01 4.619230000e+00 
8.341135000e-01 4.230444000e+00 
9.999969000e-01 4.210628000e+00 
2.808328000e-01 4.450601000e+00 
2.808744000e-01 4.430938000e+00 
2.807927000e-01 4.456773000e+00 
6.425151000e-01 4.351026000e+00 
2.810023000e-01 4.357761000e+00 
9.999982000e-01 4.201316000e+00 
6.478728000e-01 4.347782000e+00 
2.807769000e-01 4.458925000e+00 
7.453253000e-01 4.262633000e+00 
6.500393000e-01 4.322480000e+00 
6.707019000e-01 4.321557000e+00 
6.732118000e-01 4.311506000e+00 
9.999935000e-01 4.212309000e+00 
9.999897000e-01 4.220774000e+00 
9.787299000e-01 4.221465000e+00 

2.807753000e-01 5.729769000e+00 
7.722675000e-01 4.516710000e+00 
2.807758000e-01 4.805894000e+00 
7.839095000e-01 4.497842000e+00 
6.107863000e-01 4.565039000e+00 
2.807758000e-01 4.805894000e+00 
6.157299000e-01 4.527277000e+00 
2.807755000e-01 4.838466000e+00 
2.807791000e-01 4.620062000e+00 
5.399823000e-01 4.577698000e+00 
2.807995000e-01 4.611413000e+00 
2.811293000e-01 4.607421000e+00 
2.807754000e-01 4.847595000e+00 
8.967141000e-01 4.482225000e+00 
9.152046000e-01 4.443995000e+00 
2.821824000e-01 4.605189000e+00 
7.312071000e-01 4.518053000e+00 
9.489956000e-01 4.421777000e+00 
2.864319000e-01 4.600881000e+00 
9.040025000e-01 4.455071000e+00 
2.807779000e-01 4.671195000e+00 
8.214080000e-01 4.486040000e+00 

9.437610000e-01 4.254346000e+00 
2.807769000e-01 4.493038000e+00 
2.807753000e-01 4.540865000e+00 
8.194948000e-01 4.313173000e+00 
6.991278000e-01 4.383538000e+00 
4.821751000e-01 4.397312000e+00 
8.347292000e-01 4.264100000e+00 
2.809141000e-01 4.463119000e+00 
7.119748000e-01 4.361590000e+00 
6.813492000e-01 4.386244000e+00 
6.767572000e-01 4.387877000e+00 
7.193330000e-01 4.318514000e+00 
2.809794000e-01 4.415161000e+00 

2.807777000e-01 4.457333000e+00 
2.807755000e-01 4.521275000e+00 
3.211027000e-01 4.308835000e+00 
2.807753000e-01 4.790643000e+00 
2.808011000e-01 4.446406000e+00 
2.826929000e-01 4.338686000e+00 
9.970024000e-01 4.166360000e+00 
9.981164000e-01 4.158260000e+00 
2.807784000e-01 4.446732000e+00 
2.807754000e-01 4.556915000e+00 
6.467319000e-01 4.291238000e+00 
2.808100000e-01 4.428489000e+00 
2.807820000e-01 4.446611000e+00 
9.995087000e-01 4.157427000e+00 
7.712833000e-01 4.229547000e+00 
2.808181000e-01 4.410906000e+00 
2.808519000e-01 4.409846000e+00 
2.808951000e-01 4.387764000e+00 
9.166731000e-01 4.183843000e+00 
9.121953000e-01 4.194907000e+00 
7.246600000e-01 4.268344000e+00 
7.320513000e-01 4.260594000e+00 
9.999843000e-01 4.140448000e+00 
2.810279000e-01 4.348334000e+00 
9.996602000e-01 4.140996000e+00 
9.303019000e-01 4.170234000e+00 

2.809840000e-01 4.454901000e+00 
2.807753000e-01 4.609812000e+00 
7.821513000e-01 4.355551000e+00 
8.199943000e-01 4.287124000e+00 
2.807962000e-01 4.499260000e+00 
2.807900000e-01 4.540430000e+00 
2.807895000e-01 4.545661000e+00 
9.438714000e-01 4.199175000e+00 
8.069208000e-01 4.342426000e+00 
4.622201000e-01 4.407149000e+00 
5.672865000e-01 4.394015000e+00 
2.807759000e-01 4.569008000e+00 
2.819802000e-01 4.442326000e+00 
9.279936000e-01 4.223698000e+00 
5.764493000e-01 4.361722000e+00 
2.853469000e-01 4.428809000e+00 
8.174935000e-01 4.335740000e+00 

2.807766000e-01 4.687653000e+00 
2.807774000e-01 4.682447000e+00 
7.207297000e-01 4.470501000e+00 
8.878041000e-01 4.421277000e+00 
2.807754000e-01 4.707591000e+00 
2.838942000e-01 4.503281000e+00 
2.807753000e-01 4.945725000e+00 
6.274095000e-01 4.474909000e+00 
7.975470000e-01 4.449585000e+00 
7.890295000e-01 4.455162000e+00 
9.999154000e-01 4.342052000e+00 
8.362188000e-01 4.445091000e+00 
2.807898000e-01 4.569746000e+00 
5.963636000e-01 4.499790000e+00 
2.810005000e-01 4.534133000e+00 
6.189419000e-01 4.476240000e+00 
2.807792000e-01 4.620178000e+00 

