2.807753000e-01 4.761742000e+00 
6.197503000e-01 4.237947000e+00 
2.807755000e-01 4.583590000e+00 
2.807768000e-01 4.551660000e+00 
2.807803000e-01 4.424421000e+00 
2.807780000e-01 4.507168000e+00 
8.346662000e-01 4.113919000e+00 
2.807762000e-01 4.554207000e+00 
7.339611000e-01 4.174827000e+00 
6.417015000e-01 4.207135000e+00 
9.997305000e-01 4.088079000e+00 
9.365446000e-01 4.090665000e+00 
9.999977000e-01 4.038573000e+00 
2.808077000e-01 4.253731000e+00 
6.365370000e-01 4.217670000e+00 
9.280178000e-01 4.107384000e+00 
9.999886000e-01 4.078843000e+00 
2.807948000e-01 4.314697000e+00 
6.358589000e-01 4.232386000e+00 
2.807896000e-01 4.333833000e+00 
2.807810000e-01 4.401361000e+00 
9.999700000e-01 4.084461000e+00 
2.807963000e-01 4.256204000e+00 
6.452937000e-01 4.179468000e+00 

2.808395000e-01 4.417356000e+00 
7.732533000e-01 4.244034000e+00 
2.807753000e-01 5.191956000e+00 
2.807754000e-01 4.626302000e+00 
2.807758000e-01 4.619230000e+00 
5.891637000e-01 4.290249000e+00 
9.746919000e-01 4.146709000e+00 
2.808328000e-01 4.450601000e+00 
2.808659000e-01 4.414283000e+00 
2.807927000e-01 4.456773000e+00 
9.818423000e-01 4.128517000e+00 
2.810023000e-01 4.357761000e+00 
9.720136000e-01 4.202769000e+00 
2.872443000e-01 4.357707000e+00 
2.807769000e-01 4.458925000e+00 
7.742388000e-01 4.217457000e+00 
7.452409000e-01 4.256918000e+00 
6.513588000e-01 4.281529000e+00 
2.884427000e-01 4.308565000e+00 

2.807753000e-01 5.729769000e+00 
9.965814000e-01 4.335421000e+00 
2.807774000e-01 4.613695000e+00 
8.466164000e-01 4.464299000e+00 
2.807755000e-01 4.636262000e+00 
8.528559000e-01 4.446376000e+00 
8.203291000e-01 4.464663000e+00 
9.406392000e-01 4.368145000e+00 
8.588872000e-01 4.381656000e+00 
6.892678000e-01 4.474474000e+00 
6.062021000e-01 4.516678000e+00 
2.807920000e-01 4.602090000e+00 
2.807754000e-01 4.847595000e+00 
2.808553000e-01 4.564532000e+00 
8.539784000e-01 4.431792000e+00 
8.202198000e-01 4.465786000e+00 
5.049822000e-01 4.541823000e+00 

9.636407000e-01 4.232965000e+00 
2.807769000e-01 4.493038000e+00 
2.807753000e-01 4.540865000e+00 
4.899709000e-01 4.300266000e+00 
2.809794000e-01 4.415161000e+00 
2.808814000e-01 4.447717000e+00 
9.507278000e-01 4.241532000e+00 
7.101382000e-01 4.245064000e+00 
2.813807000e-01 4.328400000e+00 
9.714483000e-01 4.184273000e+00 
2.807779000e-01 4.471280000e+00 
6.893400000e-01 4.299707000e+00 
2.807757000e-01 4.529919000e+00 

2.807777000e-01 4.457333000e+00 
2.807755000e-01 4.521275000e+00 
3.211027000e-01 4.308835000e+00 
2.807753000e-01 4.790643000e+00 
8.313057000e-01 4.177893000e+00 
2.826929000e-01 4.338686000e+00 
2.961834000e-01 4.334068000e+00 
6.689923000e-01 4.262045000e+00 
2.807784000e-01 4.446732000e+00 
2.807754000e-01 4.556915000e+00 
6.467319000e-01 4.291238000e+00 
2.808042000e-01 4.372091000e+00 
9.301813000e-01 4.141450000e+00 
5.832008000e-01 4.296240000e+00 
9.991989000e-01 4.090566000e+00 
2.808946000e-01 4.341380000e+00 
9.012081000e-01 4.152651000e+00 
2.810481000e-01 4.339968000e+00 
2.807764000e-01 4.457528000e+00 
9.103646000e-01 4.148456000e+00 
9.991692000e-01 4.096947000e+00 
6.513877000e-01 4.281871000e+00 
2.807797000e-01 4.439225000e+00 
8.875347000e-01 4.168105000e+00 
6.794948000e-01 4.197790000e+00 
9.497271000e-01 4.136258000e+00 

9.328223000e-01 4.222974000e+00 
2.807753000e-01 4.609812000e+00 
5.292565000e-01 4.373721000e+00 
9.837538000e-01 4.167889000e+00 
8.505187000e-01 4.243867000e+00 
2.807900000e-01 4.540430000e+00 
2.807895000e-01 4.545661000e+00 
7.389134000e-01 4.313792000e+00 
8.721231000e-01 4.236629000e+00 
8.132666000e-01 4.252383000e+00 
2.809983000e-01 4.420386000e+00 
2.807759000e-01 4.569008000e+00 
2.812658000e-01 4.411849000e+00 
9.279936000e-01 4.223698000e+00 
5.764493000e-01 4.361722000e+00 
2.868839000e-01 4.373848000e+00 
7.841690000e-01 4.276888000e+00 
6.480032000e-01 4.332638000e+00 
6.412321000e-01 4.354836000e+00 
2.807919000e-01 4.445918000e+00 
9.428232000e-01 4.191025000e+00 
2.867991000e-01 4.387988000e+00 
9.627845000e-01 4.181324000e+00 
5.694081000e-01 4.367826000e+00 

2.808168000e-01 4.518845000e+00 
2.833420000e-01 4.470180000e+00 
9.998878000e-01 4.347628000e+00 
9.999154000e-01 4.342052000e+00 
9.999404000e-01 4.270960000e+00 
2.807753000e-01 4.533419000e+00 
5.862422000e-01 4.465026000e+00 
6.188534000e-01 4.409943000e+00 
2.815990000e-01 4.507635000e+00 
8.740823000e-01 4.347652000e+00 

