5.190842000e-01 3.780053000e+00 
5.987786000e-01 3.692687000e+00 
9.826460000e-01 3.528122000e+00 
9.739122000e-01 3.634786000e+00 
2.807753000e-01 3.915988000e+00 
8.011130000e-01 3.652984000e+00 
2.807757000e-01 3.867768000e+00 
5.743253000e-01 3.727805000e+00 
9.789788000e-01 3.588420000e+00 
2.808106000e-01 3.830417000e+00 
9.863224000e-01 3.495010000e+00 
5.194250000e-01 3.755144000e+00 
8.030581000e-01 3.646132000e+00 
6.056642000e-01 3.681068000e+00 
2.808728000e-01 3.783634000e+00 

8.874126000e-01 3.846222000e+00 
2.807766000e-01 4.378708000e+00 
2.807753000e-01 5.191956000e+00 
2.807754000e-01 4.626302000e+00 
2.807758000e-01 4.619230000e+00 
9.975534000e-01 3.821085000e+00 
7.095391000e-01 3.938404000e+00 
2.807800000e-01 4.133649000e+00 
5.468373000e-01 3.991181000e+00 
9.904024000e-01 3.834114000e+00 
4.686525000e-01 4.010386000e+00 
2.808072000e-01 4.082652000e+00 
2.807771000e-01 4.142413000e+00 
8.595635000e-01 3.870802000e+00 
9.347574000e-01 3.836576000e+00 
9.999947000e-01 3.788568000e+00 
7.885071000e-01 3.883178000e+00 
7.560486000e-01 3.932113000e+00 
2.821013000e-01 4.010984000e+00 
5.645445000e-01 3.938735000e+00 
9.824356000e-01 3.834533000e+00 
8.681958000e-01 3.870492000e+00 
4.912065000e-01 4.009062000e+00 
5.128499000e-01 3.999849000e+00 
9.071575000e-01 3.843754000e+00 

2.807753000e-01 5.729769000e+00 
2.807754000e-01 4.847595000e+00 
2.821907000e-01 4.275182000e+00 
7.048400000e-01 4.121044000e+00 
8.961547000e-01 4.108599000e+00 
9.771085000e-01 4.095065000e+00 
7.047223000e-01 4.158519000e+00 
2.858300000e-01 4.272939000e+00 
2.813212000e-01 4.305892000e+00 
2.807758000e-01 4.407436000e+00 
9.508753000e-01 4.105786000e+00 
2.807755000e-01 4.494725000e+00 
2.807777000e-01 4.378212000e+00 
9.781327000e-01 4.088566000e+00 
2.859920000e-01 4.239378000e+00 
9.544227000e-01 4.104173000e+00 
6.779393000e-01 4.186836000e+00 
2.807768000e-01 4.401247000e+00 
7.433567000e-01 4.116296000e+00 
4.867521000e-01 4.228829000e+00 
9.929879000e-01 4.055781000e+00 
2.807804000e-01 4.322619000e+00 
6.871121000e-01 4.179696000e+00 
6.258138000e-01 4.203428000e+00 
6.583860000e-01 4.198696000e+00 

2.927983000e-01 3.947489000e+00 
2.807759000e-01 4.232630000e+00 
7.648143000e-01 3.816018000e+00 
7.289977000e-01 3.893117000e+00 
2.807764000e-01 4.085160000e+00 
2.807753000e-01 4.476776000e+00 
2.807754000e-01 4.296974000e+00 
9.960890000e-01 3.722039000e+00 
9.756034000e-01 3.738005000e+00 
9.348587000e-01 3.799299000e+00 
2.814561000e-01 3.979699000e+00 
2.813493000e-01 4.016315000e+00 
6.887865000e-01 3.926877000e+00 
7.225563000e-01 3.900942000e+00 
5.952496000e-01 3.935818000e+00 
2.820766000e-01 3.951192000e+00 
2.808143000e-01 4.030336000e+00 
6.494808000e-01 3.931873000e+00 
7.639715000e-01 3.831327000e+00 
9.668950000e-01 3.769239000e+00 
9.395345000e-01 3.787784000e+00 
8.250872000e-01 3.805117000e+00 
2.989988000e-01 3.944199000e+00 
7.293882000e-01 3.850327000e+00 
7.159672000e-01 3.917394000e+00 

9.987693000e-01 3.738149000e+00 
8.335546000e-01 3.808388000e+00 
8.615273000e-01 3.788318000e+00 
2.807753000e-01 4.790643000e+00 
2.807796000e-01 4.082337000e+00 
9.999903000e-01 3.713810000e+00 
2.807754000e-01 4.257289000e+00 
5.657373000e-01 3.832079000e+00 
9.053008000e-01 3.763198000e+00 
9.970553000e-01 3.751144000e+00 
3.483742000e-01 3.928258000e+00 
2.852601000e-01 3.950630000e+00 
2.807863000e-01 4.014611000e+00 
9.999973000e-01 3.702145000e+00 
8.348353000e-01 3.799747000e+00 
2.808480000e-01 4.010859000e+00 
2.807826000e-01 4.026744000e+00 
2.820362000e-01 3.966843000e+00 
2.808914000e-01 3.972094000e+00 
8.592341000e-01 3.797813000e+00 
6.777790000e-01 3.811587000e+00 
9.043368000e-01 3.773205000e+00 
2.938947000e-01 3.947358000e+00 
8.766178000e-01 3.781028000e+00 

2.808952000e-01 4.034130000e+00 
2.807753000e-01 4.609812000e+00 
2.807755000e-01 4.373674000e+00 
9.741736000e-01 3.789960000e+00 
2.807785000e-01 4.173338000e+00 
5.605126000e-01 3.957299000e+00 
2.807859000e-01 4.107016000e+00 
2.807756000e-01 4.361512000e+00 
5.792627000e-01 3.939471000e+00 
2.807761000e-01 4.174599000e+00 
2.833473000e-01 4.022479000e+00 
4.853158000e-01 4.000381000e+00 
9.578680000e-01 3.836127000e+00 
2.807868000e-01 4.057044000e+00 
6.156480000e-01 3.937527000e+00 
8.469237000e-01 3.836533000e+00 
6.610874000e-01 3.913051000e+00 
7.536071000e-01 3.893616000e+00 

6.004249000e-01 4.084630000e+00 
2.835587000e-01 4.125304000e+00 
2.807763000e-01 4.489961000e+00 
9.973932000e-01 3.955380000e+00 
2.807782000e-01 4.178015000e+00 
2.807753000e-01 4.533419000e+00 
8.680439000e-01 3.971274000e+00 
2.808649000e-01 4.157281000e+00 
2.807757000e-01 4.523002000e+00 
2.865476000e-01 4.118191000e+00 
9.999751000e-01 3.878553000e+00 
3.404692000e-01 4.091297000e+00 
2.807765000e-01 4.436438000e+00 
7.941357000e-01 4.025814000e+00 
9.097101000e-01 3.968833000e+00 
9.789432000e-01 3.967815000e+00 
2.808325000e-01 4.173024000e+00 
9.987410000e-01 3.938264000e+00 
2.850847000e-01 4.123095000e+00 
6.778836000e-01 4.047260000e+00 
6.050498000e-01 4.061283000e+00 
9.005073000e-01 3.968846000e+00 
6.054678000e-01 4.057203000e+00 
8.044149000e-01 3.995000000e+00 
9.999171000e-01 3.896621000e+00 
2.810903000e-01 4.128662000e+00 
9.990435000e-01 3.907344000e+00 
6.906273000e-01 4.036365000e+00 

