2.807753000e-01 4.761742000e+00 
6.571663000e-01 4.331200000e+00 
2.807755000e-01 4.583590000e+00 
9.998545000e-01 4.254143000e+00 
2.811221000e-01 4.451322000e+00 
2.809335000e-01 4.478427000e+00 
8.948738000e-01 4.265596000e+00 
2.807762000e-01 4.554207000e+00 
5.537139000e-01 4.401782000e+00 
2.807782000e-01 4.519215000e+00 
2.847197000e-01 4.418882000e+00 
6.212497000e-01 4.373674000e+00 
2.807888000e-01 4.506955000e+00 
2.807768000e-01 4.551660000e+00 

2.808936000e-01 4.532321000e+00 
7.075040000e-01 4.454528000e+00 
2.807753000e-01 5.191956000e+00 
2.807754000e-01 4.626302000e+00 
2.818583000e-01 4.490840000e+00 
7.052437000e-01 4.459453000e+00 
7.366814000e-01 4.427801000e+00 
2.807806000e-01 4.611363000e+00 
9.999794000e-01 4.337513000e+00 
7.210774000e-01 4.443648000e+00 
9.259362000e-01 4.356879000e+00 
9.010281000e-01 4.375673000e+00 
2.808128000e-01 4.582973000e+00 
8.254414000e-01 4.397829000e+00 
9.929053000e-01 4.337824000e+00 
9.999823000e-01 4.334249000e+00 
6.157201000e-01 4.462952000e+00 
6.050600000e-01 4.472036000e+00 
8.776033000e-01 4.394202000e+00 
7.805894000e-01 4.414671000e+00 
8.698482000e-01 4.396297000e+00 
7.442091000e-01 4.424933000e+00 
2.922617000e-01 4.481863000e+00 
3.761915000e-01 4.474100000e+00 
8.144505000e-01 4.409234000e+00 

2.807753000e-01 5.729769000e+00 
5.822240000e-01 4.675186000e+00 
6.015189000e-01 4.674948000e+00 
7.647152000e-01 4.632816000e+00 
6.226184000e-01 4.658348000e+00 
2.807758000e-01 4.805894000e+00 
8.742560000e-01 4.561663000e+00 
2.807755000e-01 4.838466000e+00 
7.860914000e-01 4.581341000e+00 
7.788457000e-01 4.601646000e+00 
2.807822000e-01 4.727201000e+00 
9.304949000e-01 4.557005000e+00 
2.807754000e-01 4.847595000e+00 
9.363118000e-01 4.547186000e+00 
2.807758000e-01 4.805894000e+00 
7.515357000e-01 4.654537000e+00 
4.683415000e-01 4.680400000e+00 
2.807961000e-01 4.715411000e+00 

5.243376000e-01 4.558765000e+00 
2.807753000e-01 5.528856000e+00 
7.226246000e-01 4.495491000e+00 
2.807772000e-01 4.659999000e+00 
7.225553000e-01 4.526106000e+00 
2.807754000e-01 4.675044000e+00 
2.808650000e-01 4.562861000e+00 
2.807846000e-01 4.595623000e+00 
2.807797000e-01 4.621068000e+00 
9.586046000e-01 4.388189000e+00 
7.369563000e-01 4.403495000e+00 
5.075394000e-01 4.559812000e+00 

2.808042000e-01 4.513723000e+00 
2.807760000e-01 4.627706000e+00 
6.322230000e-01 4.387599000e+00 
2.807753000e-01 4.790643000e+00 
2.807765000e-01 4.599731000e+00 
2.807939000e-01 4.528978000e+00 
2.807893000e-01 4.539058000e+00 
9.998126000e-01 4.302709000e+00 
9.312683000e-01 4.308802000e+00 
5.224218000e-01 4.455471000e+00 
5.852291000e-01 4.440456000e+00 
2.811159000e-01 4.467913000e+00 
7.345241000e-01 4.374857000e+00 
6.229833000e-01 4.433888000e+00 
9.257169000e-01 4.326053000e+00 
8.921666000e-01 4.336126000e+00 

8.115418000e-01 4.430990000e+00 
2.807753000e-01 4.609812000e+00 
9.145339000e-01 4.401522000e+00 
9.798820000e-01 4.324526000e+00 
6.221400000e-01 4.485589000e+00 
7.955918000e-01 4.476449000e+00 
9.684626000e-01 4.390707000e+00 
9.719365000e-01 4.336754000e+00 
8.034624000e-01 4.463978000e+00 
2.835954000e-01 4.568645000e+00 
2.947924000e-01 4.535185000e+00 
9.753331000e-01 4.336311000e+00 
8.744409000e-01 4.427556000e+00 
2.891421000e-01 4.546755000e+00 
2.808100000e-01 4.587520000e+00 
2.813004000e-01 4.573309000e+00 
9.375527000e-01 4.399101000e+00 
2.812219000e-01 4.583401000e+00 

2.807756000e-01 4.841886000e+00 
5.481279000e-01 4.691292000e+00 
5.988883000e-01 4.640087000e+00 
2.807758000e-01 4.815685000e+00 
2.807754000e-01 4.926395000e+00 
2.807801000e-01 4.803051000e+00 
2.807753000e-01 4.945725000e+00 
7.840236000e-01 4.496123000e+00 
3.317582000e-01 4.730537000e+00 
5.916205000e-01 4.681912000e+00 
2.913111000e-01 4.737855000e+00 
2.807973000e-01 4.786778000e+00 
2.808777000e-01 4.738663000e+00 

