2.807773000e-01 6.566675000e+00 
2.807753000e-01 6.819514000e+00 
2.807754000e-01 6.658763000e+00 
2.807769000e-01 6.582381000e+00 
2.807755000e-01 6.603356000e+00 
2.819299000e-01 6.436571000e+00 
2.808120000e-01 6.481569000e+00 

2.812373000e-01 6.520257000e+00 
2.807770000e-01 6.532316000e+00 
2.807754000e-01 6.616871000e+00 
2.807753000e-01 6.714017000e+00 

9.982061000e-01 6.453977000e+00 
2.807760000e-01 6.523575000e+00 
2.807753000e-01 6.639907000e+00 
2.807759000e-01 6.583243000e+00 
2.823692000e-01 6.475061000e+00 
9.999288000e-01 6.362594000e+00 
2.807758000e-01 6.585632000e+00 
9.955625000e-01 6.458049000e+00 

2.807785000e-01 6.817518000e+00 
2.807753000e-01 6.891155000e+00 
2.808120000e-01 6.602236000e+00 
2.807840000e-01 6.652269000e+00 
2.807825000e-01 6.753253000e+00 
2.807930000e-01 6.640921000e+00 

2.807944000e-01 6.502115000e+00 
2.807753000e-01 6.696357000e+00 
2.807754000e-01 6.642153000e+00 
2.807755000e-01 6.530326000e+00 
2.812891000e-01 6.477678000e+00 
2.808017000e-01 6.489152000e+00 
2.820018000e-01 6.376670000e+00 
2.817887000e-01 6.438984000e+00 

2.807759000e-01 6.800897000e+00 
2.814016000e-01 6.446781000e+00 
2.807753000e-01 7.289160000e+00 
2.807772000e-01 6.785192000e+00 
2.807882000e-01 6.616784000e+00 
2.807841000e-01 6.621028000e+00 
2.807912000e-01 6.476060000e+00 

2.809135000e-01 6.615123000e+00 
2.807753000e-01 7.443334000e+00 
2.807754000e-01 7.337176000e+00 
2.807757000e-01 6.872984000e+00 
2.807756000e-01 7.092052000e+00 
2.815703000e-01 6.549844000e+00 
2.807758000e-01 6.736046000e+00 
2.884460000e-01 6.491599000e+00 
2.817747000e-01 6.508885000e+00 
2.807770000e-01 6.733728000e+00 
2.811202000e-01 6.582673000e+00 
8.556449000e-01 6.482227000e+00 

2.807757000e-01 6.699884000e+00 
2.807753000e-01 6.764630000e+00 
2.807760000e-01 6.645760000e+00 
9.996179000e-01 6.304209000e+00 
2.807858000e-01 6.585290000e+00 
2.807766000e-01 6.639825000e+00 
2.807985000e-01 6.482117000e+00 
2.810839000e-01 6.385387000e+00 

