2.810370000e-01 7.855623000e+00 
2.807753000e-01 8.127519000e+00 
9.851148000e-01 7.680221000e+00 
2.824289000e-01 7.767729000e+00 
2.809639000e-01 7.883192000e+00 
2.807754000e-01 8.022781000e+00 
2.821149000e-01 7.771706000e+00 
2.807759000e-01 7.922111000e+00 
2.847528000e-01 7.696263000e+00 
2.819052000e-01 7.846361000e+00 

2.808254000e-01 7.795262000e+00 
9.999999000e-01 7.596269000e+00 
2.807756000e-01 8.054488000e+00 
2.905059000e-01 7.778200000e+00 
2.807841000e-01 7.957292000e+00 
2.876818000e-01 7.791618000e+00 
8.877289000e-01 7.641991000e+00 
2.807842000e-01 7.861926000e+00 
2.988443000e-01 7.686014000e+00 

2.807765000e-01 8.083490000e+00 
2.809741000e-01 7.788703000e+00 
2.807819000e-01 7.977382000e+00 
9.575397000e-01 7.611707000e+00 
2.807753000e-01 8.349423000e+00 
2.807789000e-01 8.048667000e+00 
2.807760000e-01 8.087371000e+00 
2.808070000e-01 7.923246000e+00 
9.173381000e-01 7.642915000e+00 
2.809052000e-01 7.832341000e+00 
2.813249000e-01 7.680108000e+00 
2.808304000e-01 7.877603000e+00 

2.819505000e-01 7.884361000e+00 
2.868708000e-01 7.841581000e+00 
2.808078000e-01 7.912290000e+00 
2.833088000e-01 7.867010000e+00 
2.807767000e-01 7.971425000e+00 
2.807808000e-01 7.923563000e+00 
2.807756000e-01 8.062624000e+00 
2.967843000e-01 7.657391000e+00 

2.807766000e-01 8.137786000e+00 
2.850108000e-01 7.741776000e+00 
9.046474000e-01 7.700432000e+00 
9.840646000e-01 7.507079000e+00 
2.807761000e-01 8.301317000e+00 
2.807896000e-01 7.988127000e+00 
2.836644000e-01 7.787337000e+00 
2.808195000e-01 7.819434000e+00 
2.839028000e-01 7.752776000e+00 

2.807754000e-01 8.199549000e+00 
2.808109000e-01 7.745960000e+00 
3.097384000e-01 7.684363000e+00 
2.807775000e-01 8.045044000e+00 
9.988286000e-01 7.565619000e+00 
2.807818000e-01 8.006533000e+00 
9.999961000e-01 7.486328000e+00 
2.807867000e-01 7.931580000e+00 
2.829426000e-01 7.697442000e+00 
2.807824000e-01 7.980842000e+00 
8.609756000e-01 7.647457000e+00 
2.809837000e-01 7.705873000e+00 
2.807758000e-01 8.072649000e+00 
9.873544000e-01 7.583564000e+00 
8.765437000e-01 7.585697000e+00 

2.829337000e-01 7.792933000e+00 
2.811012000e-01 7.830014000e+00 
4.261555000e-01 7.788234000e+00 
2.807753000e-01 7.859119000e+00 
2.809315000e-01 7.836149000e+00 
4.302111000e-01 7.780651000e+00 
8.130973000e-01 7.766396000e+00 
9.931103000e-01 7.615497000e+00 
8.166314000e-01 7.699354000e+00 

2.807753000e-01 7.899415000e+00 
9.938998000e-01 7.589665000e+00 
9.268730000e-01 7.680082000e+00 
2.813479000e-01 7.682348000e+00 
2.807827000e-01 7.769271000e+00 

