2.807753000e-01 4.761742000e+00 
9.992619000e-01 4.405513000e+00 
2.807806000e-01 4.587591000e+00 
2.807756000e-01 4.746035000e+00 
6.004105000e-01 4.510457000e+00 
2.807759000e-01 4.719674000e+00 
2.818484000e-01 4.583182000e+00 
8.324456000e-01 4.464837000e+00 
9.885766000e-01 4.414672000e+00 
9.710634000e-01 4.418963000e+00 
2.820743000e-01 4.580861000e+00 
7.387287000e-01 4.467507000e+00 
8.956918000e-01 4.437350000e+00 
2.807761000e-01 4.607326000e+00 
5.939016000e-01 4.512394000e+00 
9.999917000e-01 4.355940000e+00 
2.823540000e-01 4.550024000e+00 
7.287143000e-01 4.485653000e+00 
5.916380000e-01 4.525716000e+00 

2.809031000e-01 4.700417000e+00 
2.807756000e-01 4.878212000e+00 
2.807753000e-01 5.191956000e+00 
2.807799000e-01 4.761686000e+00 
6.135009000e-01 4.603658000e+00 
2.826729000e-01 4.648352000e+00 
9.256248000e-01 4.416507000e+00 
2.807755000e-01 4.974520000e+00 
2.807771000e-01 4.764351000e+00 
8.228883000e-01 4.527859000e+00 
9.214047000e-01 4.454512000e+00 
2.814474000e-01 4.676896000e+00 
2.807919000e-01 4.709566000e+00 
8.331403000e-01 4.493081000e+00 
2.817843000e-01 4.665295000e+00 
6.232495000e-01 4.556214000e+00 
6.161511000e-01 4.594652000e+00 
3.976785000e-01 4.642429000e+00 
8.325797000e-01 4.493712000e+00 
2.994526000e-01 4.643705000e+00 
8.113782000e-01 4.552006000e+00 
4.331500000e-01 4.606305000e+00 

2.807753000e-01 5.729769000e+00 
5.840075000e-01 4.786627000e+00 
5.102570000e-01 4.824222000e+00 
2.807843000e-01 4.861911000e+00 
6.894307000e-01 4.725911000e+00 
8.781951000e-01 4.675314000e+00 
2.807754000e-01 5.121825000e+00 
2.807759000e-01 5.030704000e+00 
9.024737000e-01 4.658161000e+00 
6.648232000e-01 4.786262000e+00 
2.807830000e-01 4.907285000e+00 
2.807773000e-01 4.912031000e+00 
2.808358000e-01 4.829748000e+00 
9.972754000e-01 4.636939000e+00 
5.565671000e-01 4.809432000e+00 
5.034503000e-01 4.827091000e+00 
6.725013000e-01 4.770433000e+00 
7.524122000e-01 4.693911000e+00 

5.151611000e-01 4.661020000e+00 
2.807753000e-01 5.528856000e+00 
9.894636000e-01 4.516921000e+00 
7.399374000e-01 4.621309000e+00 
2.807758000e-01 4.726670000e+00 
8.292796000e-01 4.619830000e+00 
9.935334000e-01 4.496504000e+00 
2.807755000e-01 5.096958000e+00 
6.878395000e-01 4.658314000e+00 
2.836301000e-01 4.674548000e+00 
2.807756000e-01 4.896111000e+00 
9.517146000e-01 4.567850000e+00 
9.601003000e-01 4.546151000e+00 
3.500828000e-01 4.674104000e+00 
9.689896000e-01 4.518038000e+00 

8.592324000e-01 4.491030000e+00 
6.693792000e-01 4.589126000e+00 
2.808751000e-01 4.594221000e+00 
2.807753000e-01 4.790643000e+00 
9.170609000e-01 4.487107000e+00 
6.732804000e-01 4.510705000e+00 
7.051427000e-01 4.505470000e+00 
9.621204000e-01 4.414969000e+00 
9.608217000e-01 4.431521000e+00 
9.248551000e-01 4.432977000e+00 
2.807760000e-01 4.715031000e+00 
2.807795000e-01 4.644221000e+00 

8.759022000e-01 4.523193000e+00 
5.466182000e-01 4.639353000e+00 
2.807757000e-01 4.698056000e+00 
2.807754000e-01 4.914572000e+00 
2.807753000e-01 5.004999000e+00 
2.807755000e-01 4.739152000e+00 
9.847373000e-01 4.469294000e+00 
8.559966000e-01 4.540828000e+00 
8.495529000e-01 4.544736000e+00 
2.807888000e-01 4.660000000e+00 
9.910115000e-01 4.462874000e+00 
5.540690000e-01 4.590323000e+00 
7.658527000e-01 4.581974000e+00 
8.161329000e-01 4.555137000e+00 
9.673204000e-01 4.520234000e+00 
9.682681000e-01 4.487134000e+00 

2.811560000e-01 4.850764000e+00 
2.807775000e-01 4.895776000e+00 
6.347662000e-01 4.784306000e+00 
2.945778000e-01 4.812920000e+00 
2.913195000e-01 4.821676000e+00 
2.807983000e-01 4.878136000e+00 
2.807753000e-01 4.945725000e+00 
2.807767000e-01 4.917802000e+00 
9.923595000e-01 4.668986000e+00 
6.499677000e-01 4.724480000e+00 
8.786447000e-01 4.709071000e+00 
6.640000000e-01 4.720505000e+00 
6.192401000e-01 4.800410000e+00 
2.865393000e-01 4.835354000e+00 
2.807754000e-01 4.926395000e+00 

