6.538593000e-01 5.013222000e+00 
5.750260000e-01 5.041368000e+00 
9.807360000e-01 4.896566000e+00 
2.807793000e-01 5.073715000e+00 
6.848465000e-01 5.002382000e+00 
7.957720000e-01 4.950531000e+00 
2.807754000e-01 5.188106000e+00 
2.807753000e-01 5.371555000e+00 
7.039932000e-01 4.972014000e+00 
7.351877000e-01 4.952943000e+00 
2.807772000e-01 5.161795000e+00 
1.000000000e+00 4.873061000e+00 
9.999958000e-01 4.896135000e+00 
2.807994000e-01 5.060081000e+00 
2.826252000e-01 5.052770000e+00 

8.965473000e-01 4.981944000e+00 
2.807755000e-01 5.169081000e+00 
2.807753000e-01 5.191956000e+00 
2.807760000e-01 5.157350000e+00 
7.333742000e-01 5.025815000e+00 
6.633169000e-01 5.103725000e+00 
2.813448000e-01 5.122962000e+00 
2.808255000e-01 5.127163000e+00 
7.383035000e-01 5.016962000e+00 
6.867376000e-01 5.030416000e+00 
8.757534000e-01 5.006132000e+00 

8.634220000e-01 5.197369000e+00 
2.807754000e-01 5.626074000e+00 
2.807760000e-01 5.621567000e+00 
2.807761000e-01 5.578622000e+00 
7.830370000e-01 5.237339000e+00 
6.183838000e-01 5.270339000e+00 
2.807753000e-01 5.729769000e+00 
2.829919000e-01 5.319072000e+00 
9.677361000e-01 5.148683000e+00 
2.813930000e-01 5.335873000e+00 
2.813091000e-01 5.349497000e+00 
8.576533000e-01 5.231883000e+00 
2.807782000e-01 5.394747000e+00 
5.919421000e-01 5.316111000e+00 
6.423864000e-01 5.268534000e+00 
2.810473000e-01 5.363236000e+00 
6.430839000e-01 5.249613000e+00 
2.812673000e-01 5.361976000e+00 

2.807791000e-01 5.277196000e+00 
2.807753000e-01 5.528856000e+00 
2.807762000e-01 5.297253000e+00 
2.807755000e-01 5.453659000e+00 
9.891850000e-01 5.039940000e+00 
7.538991000e-01 5.143571000e+00 
2.808303000e-01 5.253778000e+00 
2.808666000e-01 5.253105000e+00 
2.810977000e-01 5.152263000e+00 
9.999058000e-01 4.933198000e+00 
9.916844000e-01 5.029451000e+00 
8.780165000e-01 5.060507000e+00 
9.859051000e-01 5.041140000e+00 
8.480500000e-01 5.073373000e+00 
8.453193000e-01 5.111444000e+00 
9.990464000e-01 4.990642000e+00 
9.926289000e-01 5.012355000e+00 
9.858910000e-01 5.051265000e+00 

2.807753000e-01 5.540987000e+00 
8.727668000e-01 4.996778000e+00 
7.620083000e-01 5.087738000e+00 
2.807759000e-01 5.257208000e+00 
2.807758000e-01 5.378813000e+00 
2.807854000e-01 5.155832000e+00 
7.353337000e-01 5.090512000e+00 
2.872729000e-01 5.109520000e+00 
2.807817000e-01 5.238689000e+00 
2.807793000e-01 5.239720000e+00 
7.740827000e-01 5.034467000e+00 
2.807842000e-01 5.229250000e+00 
2.907728000e-01 5.105519000e+00 
7.759458000e-01 5.021921000e+00 
7.703037000e-01 5.050709000e+00 
2.808321000e-01 5.145027000e+00 
2.863843000e-01 5.126133000e+00 

2.807771000e-01 5.415402000e+00 
2.807754000e-01 5.493891000e+00 
8.733913000e-01 5.065395000e+00 
2.807906000e-01 5.215061000e+00 
2.807753000e-01 5.709258000e+00 
2.807756000e-01 5.460721000e+00 
8.707968000e-01 5.144286000e+00 
2.972604000e-01 5.145323000e+00 
2.807774000e-01 5.246071000e+00 
9.417120000e-01 5.061875000e+00 

8.075774000e-01 5.275632000e+00 
7.974069000e-01 5.296826000e+00 
2.807753000e-01 5.455333000e+00 
9.589890000e-01 5.256941000e+00 
7.761037000e-01 5.300373000e+00 
2.810162000e-01 5.377466000e+00 
9.917506000e-01 5.238765000e+00 
7.538223000e-01 5.326964000e+00 
8.884071000e-01 5.263488000e+00 
7.679603000e-01 5.325886000e+00 
9.591809000e-01 5.249605000e+00 
2.923550000e-01 5.336620000e+00 
2.807754000e-01 5.403451000e+00 

2.807780000e-01 5.036267000e+00 
8.242716000e-01 4.860664000e+00 
9.617113000e-01 4.853835000e+00 
9.702459000e-01 4.815586000e+00 
2.933337000e-01 4.940854000e+00 
6.010706000e-01 4.918042000e+00 
6.036873000e-01 4.893136000e+00 
2.807753000e-01 5.091224000e+00 
2.807938000e-01 4.957089000e+00 
9.856032000e-01 4.771667000e+00 

