2.807782000e-01 5.330791000e+00 
2.842422000e-01 5.183514000e+00 
8.815504000e-01 5.069149000e+00 
6.886151000e-01 5.157501000e+00 
2.808556000e-01 5.225407000e+00 
7.370238000e-01 5.080530000e+00 
8.714468000e-01 5.077948000e+00 
2.807753000e-01 5.371555000e+00 
9.906986000e-01 5.014242000e+00 
2.808089000e-01 5.278494000e+00 
9.826680000e-01 5.023866000e+00 
2.812831000e-01 5.200086000e+00 
9.994323000e-01 4.964362000e+00 

7.196035000e-01 5.192744000e+00 
2.807753000e-01 5.576593000e+00 
6.606925000e-01 5.212981000e+00 
2.807755000e-01 5.414718000e+00 
7.477485000e-01 5.162252000e+00 
2.807834000e-01 5.331944000e+00 
9.014185000e-01 5.107240000e+00 
7.718444000e-01 5.118898000e+00 
9.984033000e-01 5.091510000e+00 
2.807880000e-01 5.304956000e+00 
2.807764000e-01 5.335438000e+00 
2.811395000e-01 5.290601000e+00 
2.812781000e-01 5.281442000e+00 
2.813541000e-01 5.225398000e+00 
2.809414000e-01 5.303272000e+00 

2.807842000e-01 5.538978000e+00 
2.807754000e-01 5.626074000e+00 
2.807760000e-01 5.621567000e+00 
6.722767000e-01 5.398808000e+00 
2.807921000e-01 5.523039000e+00 
2.826297000e-01 5.439303000e+00 
2.807753000e-01 5.729769000e+00 
7.605039000e-01 5.379617000e+00 
9.588306000e-01 5.309764000e+00 
8.792317000e-01 5.322565000e+00 
2.807761000e-01 5.578622000e+00 
7.672271000e-01 5.364769000e+00 
6.283467000e-01 5.411322000e+00 
2.807879000e-01 5.529093000e+00 
2.808258000e-01 5.473341000e+00 
8.117901000e-01 5.357636000e+00 
2.819331000e-01 5.447961000e+00 
9.268782000e-01 5.321796000e+00 

9.600899000e-01 5.180425000e+00 
2.807753000e-01 5.528856000e+00 
2.807763000e-01 5.405400000e+00 
2.815116000e-01 5.331550000e+00 
2.821239000e-01 5.317294000e+00 
8.345564000e-01 5.269565000e+00 
9.926866000e-01 5.175640000e+00 
2.807791000e-01 5.386690000e+00 
2.810667000e-01 5.366584000e+00 
2.879897000e-01 5.303628000e+00 
2.808131000e-01 5.374614000e+00 
2.987988000e-01 5.270646000e+00 
9.145613000e-01 5.198614000e+00 
2.807755000e-01 5.453659000e+00 
8.995240000e-01 5.220365000e+00 
2.814395000e-01 5.363952000e+00 
2.807770000e-01 5.402434000e+00 

2.807753000e-01 5.540987000e+00 
2.815780000e-01 5.267860000e+00 
8.733802000e-01 5.131492000e+00 
2.807842000e-01 5.341887000e+00 
2.807758000e-01 5.378813000e+00 
8.196506000e-01 5.149372000e+00 
7.728798000e-01 5.194316000e+00 
2.861054000e-01 5.210710000e+00 
2.808025000e-01 5.282451000e+00 
8.864794000e-01 5.128018000e+00 
9.531498000e-01 5.111856000e+00 
7.831754000e-01 5.191349000e+00 

2.810510000e-01 5.317780000e+00 
2.807754000e-01 5.493891000e+00 
8.861031000e-01 5.186559000e+00 
8.831005000e-01 5.250349000e+00 
2.807753000e-01 5.709258000e+00 
2.808319000e-01 5.448292000e+00 
2.808413000e-01 5.424702000e+00 
2.873994000e-01 5.290535000e+00 
2.847253000e-01 5.293915000e+00 
2.807978000e-01 5.459836000e+00 
2.807756000e-01 5.460721000e+00 
2.865961000e-01 5.291549000e+00 
9.373172000e-01 5.135559000e+00 
2.808422000e-01 5.336562000e+00 

2.807753000e-01 5.939019000e+00 
8.623990000e-01 5.374019000e+00 
2.807755000e-01 5.478974000e+00 
6.208271000e-01 5.465301000e+00 
7.908801000e-01 5.409918000e+00 
2.807754000e-01 5.598405000e+00 
2.809882000e-01 5.472266000e+00 
6.465737000e-01 5.453532000e+00 
6.878923000e-01 5.441895000e+00 
7.306721000e-01 5.436891000e+00 
8.826101000e-01 5.336794000e+00 
8.006153000e-01 5.386954000e+00 
8.343559000e-01 5.386072000e+00 

6.827724000e-01 5.030464000e+00 
9.778637000e-01 4.964513000e+00 
2.807753000e-01 5.364275000e+00 
7.109315000e-01 5.024021000e+00 
2.807754000e-01 5.279609000e+00 
2.807781000e-01 5.270040000e+00 
9.628586000e-01 4.971330000e+00 
2.957844000e-01 5.113013000e+00 
6.606990000e-01 5.077024000e+00 
2.807783000e-01 5.231916000e+00 
9.940914000e-01 4.957611000e+00 
2.808278000e-01 5.115496000e+00 
3.383499000e-01 5.108722000e+00 
6.814289000e-01 5.035620000e+00 

