8.557605000e-01 4.560080000e+00 
2.807753000e-01 5.029823000e+00 
2.812707000e-01 4.722094000e+00 
2.807756000e-01 4.746035000e+00 
2.838223000e-01 4.648391000e+00 
2.808264000e-01 4.731508000e+00 
7.136463000e-01 4.589132000e+00 
8.794827000e-01 4.540993000e+00 
2.818907000e-01 4.700724000e+00 
9.038920000e-01 4.473953000e+00 
6.720051000e-01 4.639705000e+00 

7.171850000e-01 4.653349000e+00 
2.807756000e-01 4.878212000e+00 
2.807753000e-01 5.191956000e+00 
2.807894000e-01 4.817883000e+00 
6.190179000e-01 4.659660000e+00 
7.458658000e-01 4.650681000e+00 
8.301078000e-01 4.633826000e+00 
2.807755000e-01 4.974520000e+00 
9.994945000e-01 4.529622000e+00 
2.965283000e-01 4.731652000e+00 
8.305409000e-01 4.621430000e+00 
6.084018000e-01 4.703424000e+00 
9.983329000e-01 4.566085000e+00 
2.810274000e-01 4.783931000e+00 
2.813322000e-01 4.746640000e+00 

2.807753000e-01 5.729769000e+00 
9.230533000e-01 4.718056000e+00 
7.106912000e-01 4.834824000e+00 
6.554357000e-01 4.844993000e+00 
2.807869000e-01 4.997325000e+00 
6.962875000e-01 4.841496000e+00 
2.807754000e-01 5.121825000e+00 
2.807759000e-01 5.030704000e+00 
8.842871000e-01 4.788778000e+00 
2.808330000e-01 4.918324000e+00 
8.750463000e-01 4.814765000e+00 
2.828309000e-01 4.910191000e+00 
2.808249000e-01 4.987115000e+00 

2.825773000e-01 4.825897000e+00 
2.807753000e-01 5.528856000e+00 
9.859478000e-01 4.635059000e+00 
7.808231000e-01 4.707450000e+00 
9.751807000e-01 4.643361000e+00 
5.123613000e-01 4.790637000e+00 
5.939386000e-01 4.747160000e+00 
2.807755000e-01 5.096958000e+00 
2.807759000e-01 4.926553000e+00 
2.807770000e-01 4.892987000e+00 
9.488822000e-01 4.684048000e+00 
5.679129000e-01 4.786893000e+00 
2.809175000e-01 4.863878000e+00 
5.745049000e-01 4.757023000e+00 
9.147182000e-01 4.698343000e+00 
7.499527000e-01 4.713491000e+00 
2.808392000e-01 4.866606000e+00 
6.386855000e-01 4.746903000e+00 
3.276342000e-01 4.796296000e+00 

9.999955000e-01 4.561971000e+00 
9.290322000e-01 4.569642000e+00 
6.881638000e-01 4.669742000e+00 
2.807753000e-01 4.790643000e+00 
8.621118000e-01 4.621011000e+00 
9.145269000e-01 4.584995000e+00 
7.307526000e-01 4.634658000e+00 
6.618277000e-01 4.681951000e+00 
2.807895000e-01 4.705065000e+00 

7.339747000e-01 4.725994000e+00 
9.802367000e-01 4.585375000e+00 
9.747772000e-01 4.603148000e+00 
7.155812000e-01 4.740756000e+00 
2.807753000e-01 5.004999000e+00 
8.805403000e-01 4.642906000e+00 
2.813525000e-01 4.833829000e+00 
9.907603000e-01 4.560919000e+00 
7.158554000e-01 4.730973000e+00 
2.813297000e-01 4.834351000e+00 
2.834555000e-01 4.788693000e+00 
2.807760000e-01 4.844685000e+00 
6.236203000e-01 4.765822000e+00 
8.328177000e-01 4.676890000e+00 
2.807759000e-01 4.855102000e+00 
7.533396000e-01 4.718061000e+00 

6.396870000e-01 4.932565000e+00 
9.035599000e-01 4.811262000e+00 
6.498371000e-01 4.891761000e+00 
2.807753000e-01 5.065391000e+00 
6.947765000e-01 4.862458000e+00 
2.842040000e-01 4.946581000e+00 
2.807865000e-01 5.048558000e+00 
7.832536000e-01 4.831490000e+00 
2.807890000e-01 4.979242000e+00 
7.721875000e-01 4.851922000e+00 
2.808027000e-01 4.957990000e+00 
9.049467000e-01 4.777440000e+00 
7.993972000e-01 4.821213000e+00 

