5.268711000e-01 3.299415000e+00 
8.999680000e-01 3.125821000e+00 
7.994720000e-01 3.178225000e+00 
6.200066000e-01 3.256102000e+00 
2.807805000e-01 3.362358000e+00 
8.253038000e-01 3.147587000e+00 
8.918883000e-01 3.147423000e+00 
5.679338000e-01 3.262726000e+00 
7.994146000e-01 3.184140000e+00 
6.682626000e-01 3.185364000e+00 
6.011142000e-01 3.259549000e+00 
8.035056000e-01 3.176177000e+00 
2.807753000e-01 3.631489000e+00 
2.816942000e-01 3.315926000e+00 
9.733642000e-01 3.070863000e+00 
9.157572000e-01 3.122365000e+00 
6.577472000e-01 3.210606000e+00 
2.808060000e-01 3.345837000e+00 
2.807784000e-01 3.367370000e+00 
6.421881000e-01 3.236772000e+00 
6.005634000e-01 3.262058000e+00 
5.679093000e-01 3.290059000e+00 
9.322122000e-01 3.095819000e+00 
2.808724000e-01 3.333107000e+00 
2.807756000e-01 3.387693000e+00 

2.807755000e-01 3.817478000e+00 
9.972545000e-01 3.264766000e+00 
8.124282000e-01 3.392908000e+00 
8.333248000e-01 3.387410000e+00 
2.814027000e-01 3.531165000e+00 
2.807788000e-01 3.688187000e+00 
6.263249000e-01 3.487028000e+00 
2.807753000e-01 3.881897000e+00 
8.673345000e-01 3.339640000e+00 
2.812122000e-01 3.533363000e+00 
2.828337000e-01 3.513457000e+00 
2.808549000e-01 3.553059000e+00 
2.807853000e-01 3.665308000e+00 
3.305243000e-01 3.497733000e+00 
4.723143000e-01 3.495210000e+00 
7.648151000e-01 3.425415000e+00 
6.746102000e-01 3.480105000e+00 
2.808136000e-01 3.650645000e+00 
9.611622000e-01 3.315911000e+00 

2.807753000e-01 5.729769000e+00 
2.807754000e-01 3.828404000e+00 
2.809398000e-01 3.746196000e+00 
9.850539000e-01 3.529634000e+00 
8.847546000e-01 3.590023000e+00 
9.477907000e-01 3.535050000e+00 
6.587775000e-01 3.648306000e+00 
2.815397000e-01 3.733661000e+00 
4.742679000e-01 3.700060000e+00 
8.890753000e-01 3.571481000e+00 
5.511539000e-01 3.680106000e+00 
2.808783000e-01 3.780105000e+00 
8.295588000e-01 3.628729000e+00 
9.616863000e-01 3.532263000e+00 
2.808521000e-01 3.796621000e+00 
2.808312000e-01 3.815718000e+00 
6.247568000e-01 3.672998000e+00 
6.450001000e-01 3.651437000e+00 
2.818069000e-01 3.733472000e+00 
2.809210000e-01 3.772519000e+00 
8.746320000e-01 3.596091000e+00 
2.808077000e-01 3.819107000e+00 

9.432291000e-01 3.308130000e+00 
8.692010000e-01 3.324848000e+00 
9.982596000e-01 3.279947000e+00 
7.255112000e-01 3.380904000e+00 
2.807755000e-01 3.795233000e+00 
2.807753000e-01 4.476776000e+00 
2.807754000e-01 4.296974000e+00 
2.807769000e-01 3.786723000e+00 
2.807852000e-01 3.544438000e+00 
2.846067000e-01 3.497105000e+00 
2.807757000e-01 3.793589000e+00 
7.558115000e-01 3.358794000e+00 
9.898972000e-01 3.302789000e+00 
7.216908000e-01 3.383795000e+00 
9.984732000e-01 3.277616000e+00 
4.786015000e-01 3.457641000e+00 
5.665229000e-01 3.419028000e+00 
8.339728000e-01 3.350728000e+00 
4.775236000e-01 3.462272000e+00 
9.901937000e-01 3.285093000e+00 
5.127030000e-01 3.443775000e+00 
4.422176000e-01 3.465748000e+00 
2.866062000e-01 3.472607000e+00 
5.617080000e-01 3.442679000e+00 
2.816927000e-01 3.513449000e+00 
2.808447000e-01 3.535870000e+00 
6.520629000e-01 3.384755000e+00 

2.807800000e-01 3.593887000e+00 
3.580893000e-01 3.476207000e+00 
2.807757000e-01 3.701767000e+00 
2.807753000e-01 4.790643000e+00 
8.898738000e-01 3.305390000e+00 
7.964813000e-01 3.343123000e+00 
2.807754000e-01 4.257289000e+00 
3.144871000e-01 3.490909000e+00 
9.247454000e-01 3.254459000e+00 
5.853984000e-01 3.442998000e+00 
2.807824000e-01 3.505223000e+00 
3.996726000e-01 3.465050000e+00 
2.813938000e-01 3.504998000e+00 
7.907173000e-01 3.363018000e+00 
6.669219000e-01 3.403485000e+00 
6.922397000e-01 3.376264000e+00 
9.762284000e-01 3.227092000e+00 

2.807754000e-01 3.854617000e+00 
2.807753000e-01 4.609812000e+00 
9.051879000e-01 3.325959000e+00 
2.809529000e-01 3.558060000e+00 
2.807805000e-01 3.582162000e+00 
6.964621000e-01 3.389045000e+00 
2.807755000e-01 3.594850000e+00 
9.954127000e-01 3.320225000e+00 
9.999211000e-01 3.295680000e+00 
9.993175000e-01 3.318693000e+00 
2.833649000e-01 3.508341000e+00 
2.868072000e-01 3.505210000e+00 
5.825943000e-01 3.418135000e+00 
2.808122000e-01 3.576636000e+00 
6.868858000e-01 3.398407000e+00 
5.065457000e-01 3.497346000e+00 
9.860008000e-01 3.320620000e+00 
9.998117000e-01 3.298571000e+00 
8.781343000e-01 3.340722000e+00 
8.748520000e-01 3.376807000e+00 

2.807753000e-01 3.848019000e+00 
8.484939000e-01 3.542583000e+00 
3.222638000e-01 3.708134000e+00 
4.237380000e-01 3.694495000e+00 
8.879741000e-01 3.518379000e+00 
2.808133000e-01 3.773209000e+00 
8.247992000e-01 3.610974000e+00 
9.993408000e-01 3.415654000e+00 
2.807765000e-01 3.798715000e+00 
2.807932000e-01 3.774592000e+00 
9.767482000e-01 3.515173000e+00 
7.322769000e-01 3.619791000e+00 
8.281342000e-01 3.554520000e+00 
6.443349000e-01 3.656331000e+00 
2.807788000e-01 3.784578000e+00 
2.808594000e-01 3.727112000e+00 
8.802527000e-01 3.542101000e+00 
4.288308000e-01 3.678354000e+00 
2.852005000e-01 3.709246000e+00 
8.280103000e-01 3.610659000e+00 

