2.810720000e-01 7.768326000e+00 
9.441822000e-01 7.485359000e+00 
2.807759000e-01 7.847485000e+00 
2.807905000e-01 7.837189000e+00 
2.839377000e-01 7.592312000e+00 
2.807754000e-01 8.022781000e+00 
2.813906000e-01 7.642343000e+00 
2.809318000e-01 7.825225000e+00 
2.807753000e-01 8.118519000e+00 
2.826165000e-01 7.637120000e+00 
2.858617000e-01 7.535961000e+00 

2.807965000e-01 7.806814000e+00 
8.789551000e-01 7.530077000e+00 
2.807756000e-01 8.054488000e+00 
2.807842000e-01 7.861926000e+00 
2.807841000e-01 7.957292000e+00 
8.671087000e-01 7.565960000e+00 
2.807855000e-01 7.850619000e+00 
2.808460000e-01 7.672756000e+00 
6.540646000e-01 7.566453000e+00 
9.387936000e-01 7.413914000e+00 
2.807924000e-01 7.841330000e+00 
2.809018000e-01 7.619410000e+00 
8.856199000e-01 7.473438000e+00 
2.807796000e-01 8.006939000e+00 
2.807983000e-01 7.684152000e+00 

2.807765000e-01 8.083490000e+00 
9.732724000e-01 7.428243000e+00 
2.808586000e-01 7.770341000e+00 
9.602231000e-01 7.452433000e+00 
2.807753000e-01 8.349423000e+00 
3.074909000e-01 7.592320000e+00 
2.807760000e-01 8.087371000e+00 
2.808831000e-01 7.690061000e+00 
2.809191000e-01 7.627479000e+00 
9.063453000e-01 7.506954000e+00 
2.808217000e-01 7.772906000e+00 
9.586752000e-01 7.461776000e+00 
2.807777000e-01 7.785627000e+00 
9.671700000e-01 7.452423000e+00 
2.809189000e-01 7.683999000e+00 
3.277454000e-01 7.568120000e+00 

2.807762000e-01 8.052802000e+00 
2.807756000e-01 8.062624000e+00 
2.807797000e-01 7.864907000e+00 
2.807916000e-01 7.811265000e+00 
2.807767000e-01 7.971425000e+00 
2.808309000e-01 7.764190000e+00 
2.809971000e-01 7.691988000e+00 
2.807775000e-01 7.885368000e+00 
2.815333000e-01 7.628999000e+00 
2.807815000e-01 7.857553000e+00 
2.808670000e-01 7.740448000e+00 
2.865681000e-01 7.591146000e+00 
5.871984000e-01 7.529748000e+00 
2.809669000e-01 7.708183000e+00 

2.808108000e-01 7.698384000e+00 
2.807792000e-01 7.869121000e+00 
2.937562000e-01 7.542586000e+00 
9.804529000e-01 7.462304000e+00 
2.829504000e-01 7.665997000e+00 
2.886865000e-01 7.625393000e+00 
9.764912000e-01 7.520814000e+00 
2.807753000e-01 7.914518000e+00 
2.807810000e-01 7.862164000e+00 
9.816546000e-01 7.443535000e+00 
2.808272000e-01 7.674975000e+00 
2.807907000e-01 7.835538000e+00 

2.807754000e-01 8.199549000e+00 
2.808109000e-01 7.745960000e+00 
2.807759000e-01 7.910894000e+00 
2.809837000e-01 7.705873000e+00 
2.892840000e-01 7.458387000e+00 
2.807758000e-01 8.072649000e+00 
2.812665000e-01 7.598563000e+00 
2.809046000e-01 7.719689000e+00 
2.808665000e-01 7.733426000e+00 
2.811281000e-01 7.673245000e+00 
2.818563000e-01 7.517608000e+00 
2.807770000e-01 7.781768000e+00 

2.823136000e-01 7.671575000e+00 
8.848776000e-01 7.583236000e+00 
2.807765000e-01 7.825188000e+00 
2.807753000e-01 7.859119000e+00 
2.808193000e-01 7.716469000e+00 
2.807825000e-01 7.771464000e+00 
9.926138000e-01 7.517488000e+00 
3.575304000e-01 7.661995000e+00 
2.808349000e-01 7.672533000e+00 

2.807753000e-01 7.899415000e+00 
2.807755000e-01 7.590937000e+00 
9.938371000e-01 7.443421000e+00 
2.810526000e-01 7.575039000e+00 

