5.996959000e-01 5.013194000e+00 
2.836268000e-01 5.021189000e+00 
6.010849000e-01 4.990129000e+00 
2.807793000e-01 5.073715000e+00 
2.807989000e-01 5.048962000e+00 
8.778001000e-01 4.857934000e+00 
2.807754000e-01 5.188106000e+00 
2.807753000e-01 5.371555000e+00 
7.566082000e-01 4.904309000e+00 
7.488409000e-01 4.909532000e+00 
2.807772000e-01 5.161795000e+00 
2.830483000e-01 5.036722000e+00 
2.808302000e-01 5.042630000e+00 
6.191322000e-01 4.945137000e+00 
9.997845000e-01 4.857691000e+00 
9.999992000e-01 4.784828000e+00 
6.598813000e-01 4.924794000e+00 
7.957948000e-01 4.896560000e+00 
9.999901000e-01 4.835981000e+00 

6.867376000e-01 5.030416000e+00 
2.807755000e-01 5.169081000e+00 
2.807753000e-01 5.191956000e+00 
2.807760000e-01 5.157350000e+00 
7.232341000e-01 5.021846000e+00 
6.937081000e-01 5.024267000e+00 
2.807777000e-01 5.104324000e+00 
7.308934000e-01 4.974614000e+00 
6.337059000e-01 5.039402000e+00 
7.795746000e-01 4.957050000e+00 
2.819906000e-01 5.071246000e+00 

2.811014000e-01 5.330356000e+00 
2.807754000e-01 5.626074000e+00 
2.807760000e-01 5.621567000e+00 
2.807761000e-01 5.578622000e+00 
5.764163000e-01 5.260931000e+00 
2.809088000e-01 5.341357000e+00 
2.807753000e-01 5.729769000e+00 
9.744299000e-01 5.131482000e+00 
9.677361000e-01 5.148683000e+00 
9.718748000e-01 5.142481000e+00 
2.807825000e-01 5.348991000e+00 
2.810939000e-01 5.336300000e+00 
2.807782000e-01 5.394747000e+00 
5.933770000e-01 5.235069000e+00 
6.424224000e-01 5.168231000e+00 
2.813420000e-01 5.276358000e+00 

2.823246000e-01 5.141197000e+00 
2.807753000e-01 5.528856000e+00 
2.807762000e-01 5.297253000e+00 
2.807755000e-01 5.453659000e+00 
7.561897000e-01 5.111449000e+00 
8.494748000e-01 5.034295000e+00 
9.978554000e-01 4.983865000e+00 
8.191238000e-01 5.052750000e+00 
2.810977000e-01 5.152263000e+00 
9.999058000e-01 4.933198000e+00 
9.998973000e-01 4.956317000e+00 
8.006075000e-01 5.085425000e+00 
2.807775000e-01 5.212015000e+00 
2.810111000e-01 5.157396000e+00 
9.269502000e-01 4.996087000e+00 

2.807753000e-01 5.540987000e+00 
2.812391000e-01 5.134221000e+00 
7.713888000e-01 4.981264000e+00 
2.807759000e-01 5.257208000e+00 
2.807758000e-01 5.378813000e+00 
2.807766000e-01 5.138295000e+00 
7.585317000e-01 5.027809000e+00 
8.690677000e-01 4.980292000e+00 
8.386085000e-01 4.980325000e+00 
2.832088000e-01 5.110655000e+00 
2.807763000e-01 5.243235000e+00 
2.841406000e-01 5.089169000e+00 
2.808379000e-01 5.135821000e+00 
7.612101000e-01 5.018106000e+00 
7.193396000e-01 5.056577000e+00 
9.205573000e-01 4.924943000e+00 

2.807771000e-01 5.415402000e+00 
2.807754000e-01 5.493891000e+00 
8.080696000e-01 5.130531000e+00 
2.807906000e-01 5.215061000e+00 
2.807753000e-01 5.709258000e+00 
2.807756000e-01 5.460721000e+00 
9.240061000e-01 5.026482000e+00 
9.076322000e-01 5.031782000e+00 
2.807774000e-01 5.246071000e+00 
8.523754000e-01 5.045168000e+00 
2.809493000e-01 5.180579000e+00 
8.252546000e-01 5.117135000e+00 
8.781891000e-01 5.042126000e+00 
8.492793000e-01 5.099536000e+00 
2.851721000e-01 5.148740000e+00 
9.280013000e-01 5.015221000e+00 
2.948488000e-01 5.135579000e+00 
9.397459000e-01 5.007713000e+00 

7.892646000e-01 5.189934000e+00 
7.334111000e-01 5.267749000e+00 
2.807753000e-01 5.455333000e+00 
2.807754000e-01 5.403451000e+00 
2.807757000e-01 5.349687000e+00 
2.809530000e-01 5.349669000e+00 
2.812613000e-01 5.288478000e+00 

2.807780000e-01 5.036267000e+00 
2.913802000e-01 4.908332000e+00 
9.606394000e-01 4.787854000e+00 
6.253349000e-01 4.875299000e+00 
9.819163000e-01 4.764587000e+00 
2.807909000e-01 4.978009000e+00 
6.036873000e-01 4.893136000e+00 
2.807753000e-01 5.091224000e+00 
2.807938000e-01 4.957089000e+00 
9.850955000e-01 4.739954000e+00 
9.897241000e-01 4.728381000e+00 
6.939593000e-01 4.821260000e+00 
9.946681000e-01 4.712323000e+00 
9.779179000e-01 4.771471000e+00 
2.837665000e-01 4.926683000e+00 
7.539561000e-01 4.809895000e+00 
9.885387000e-01 4.737717000e+00 
2.809679000e-01 4.933877000e+00 
8.552800000e-01 4.800915000e+00 

