2.807756000e-01 8.170888000e+00 
8.271405000e-01 7.697721000e+00 
2.828283000e-01 7.789738000e+00 
2.807754000e-01 8.440098000e+00 
2.809639000e-01 7.883192000e+00 
2.890355000e-01 7.758306000e+00 
9.943637000e-01 7.692914000e+00 
2.807759000e-01 7.922111000e+00 
2.810370000e-01 7.855623000e+00 

2.808254000e-01 7.795262000e+00 
9.999999000e-01 7.596269000e+00 
2.807756000e-01 8.054488000e+00 
8.761374000e-01 7.763465000e+00 
2.807841000e-01 7.957292000e+00 
2.807933000e-01 7.929792000e+00 
8.877289000e-01 7.641991000e+00 
2.905059000e-01 7.778200000e+00 

2.807765000e-01 8.083490000e+00 
2.809741000e-01 7.788703000e+00 
2.807819000e-01 7.977382000e+00 
9.575397000e-01 7.611707000e+00 
2.807753000e-01 8.349423000e+00 
2.807789000e-01 8.048667000e+00 
2.807760000e-01 8.087371000e+00 
2.808070000e-01 7.923246000e+00 
9.173381000e-01 7.642915000e+00 
3.980461000e-01 7.762959000e+00 
2.809052000e-01 7.832341000e+00 

2.807798000e-01 8.109548000e+00 
2.868708000e-01 7.841581000e+00 
9.928628000e-01 7.740817000e+00 
2.833088000e-01 7.867010000e+00 
8.113347000e-01 7.777365000e+00 
2.807808000e-01 7.923563000e+00 
2.807764000e-01 8.186535000e+00 
4.991364000e-01 7.840924000e+00 

2.807766000e-01 8.137786000e+00 
2.808089000e-01 8.023515000e+00 
2.834372000e-01 7.831381000e+00 
2.808209000e-01 7.951700000e+00 
2.807761000e-01 8.301317000e+00 
2.808064000e-01 8.057531000e+00 
9.812887000e-01 7.716574000e+00 
2.809226000e-01 7.888326000e+00 
2.850108000e-01 7.741776000e+00 

2.807754000e-01 8.199549000e+00 
2.808109000e-01 7.745960000e+00 
3.097384000e-01 7.684363000e+00 
2.807775000e-01 8.045044000e+00 
9.988286000e-01 7.565619000e+00 
2.807818000e-01 8.006533000e+00 
9.999961000e-01 7.486328000e+00 
2.807867000e-01 7.931580000e+00 

9.775086000e-01 7.746023000e+00 
8.218359000e-01 7.770938000e+00 
4.261555000e-01 7.788234000e+00 
2.807753000e-01 7.859119000e+00 
2.809315000e-01 7.836149000e+00 
9.523264000e-01 7.750786000e+00 

2.807753000e-01 7.899415000e+00 
9.938998000e-01 7.589665000e+00 
9.268730000e-01 7.680082000e+00 
2.813479000e-01 7.682348000e+00 

