2.807756000e-01 8.170888000e+00 
2.808098000e-01 8.054061000e+00 
2.807772000e-01 8.110054000e+00 
2.807754000e-01 8.440098000e+00 
2.807777000e-01 8.072868000e+00 
2.890355000e-01 7.758306000e+00 
9.943637000e-01 7.692914000e+00 
2.808173000e-01 7.960918000e+00 
2.809639000e-01 7.883192000e+00 
2.859056000e-01 7.878798000e+00 

9.999820000e-01 7.716686000e+00 
9.259956000e-01 7.780612000e+00 
2.807756000e-01 8.054488000e+00 
9.999881000e-01 7.704502000e+00 
2.807841000e-01 7.957292000e+00 
9.999990000e-01 7.687694000e+00 
2.808254000e-01 7.795262000e+00 
9.329567000e-01 7.749878000e+00 
9.816996000e-01 7.730570000e+00 

2.808119000e-01 7.969979000e+00 
9.923265000e-01 7.691406000e+00 
9.293220000e-01 7.769541000e+00 
2.808834000e-01 7.949454000e+00 
2.807753000e-01 8.349423000e+00 
9.866583000e-01 7.700159000e+00 
2.807760000e-01 8.087371000e+00 
2.807765000e-01 8.083490000e+00 
2.809220000e-01 7.936962000e+00 
2.807851000e-01 8.082671000e+00 
9.796850000e-01 7.721748000e+00 
2.809741000e-01 7.788703000e+00 

2.862148000e-01 7.959372000e+00 
2.868708000e-01 7.841581000e+00 
2.807820000e-01 8.032265000e+00 
2.823713000e-01 7.977159000e+00 
8.113347000e-01 7.777365000e+00 
2.807798000e-01 8.109548000e+00 
9.928628000e-01 7.740817000e+00 
2.864516000e-01 7.957438000e+00 
2.809144000e-01 8.024679000e+00 

2.808067000e-01 8.063418000e+00 
2.808089000e-01 8.023515000e+00 
9.998766000e-01 7.747490000e+00 
2.808209000e-01 7.951700000e+00 
2.807761000e-01 8.301317000e+00 
9.864491000e-01 7.747561000e+00 
2.807876000e-01 8.166040000e+00 
2.809226000e-01 7.888326000e+00 
3.187279000e-01 7.793880000e+00 
2.807811000e-01 8.200566000e+00 
3.130108000e-01 7.831856000e+00 
5.003559000e-01 7.757941000e+00 

2.807754000e-01 8.199549000e+00 
2.808109000e-01 7.745960000e+00 
3.097384000e-01 7.684363000e+00 
2.807775000e-01 8.045044000e+00 
9.988286000e-01 7.565619000e+00 

9.775086000e-01 7.746023000e+00 
2.807761000e-01 8.385522000e+00 
4.261555000e-01 7.788234000e+00 
3.530072000e-01 7.855001000e+00 
2.807765000e-01 7.985999000e+00 
8.218359000e-01 7.770938000e+00 
9.749805000e-01 7.768158000e+00 
2.809277000e-01 7.867513000e+00 
2.808568000e-01 7.952064000e+00 

2.928328000e-01 7.827051000e+00 
9.963214000e-01 7.652017000e+00 
7.744814000e-01 7.787982000e+00 
2.838758000e-01 7.831329000e+00 
2.807753000e-01 7.899415000e+00 
9.268730000e-01 7.680082000e+00 

