2.825640000e-01 6.737972000e+00 
2.816142000e-01 6.766982000e+00 
2.807755000e-01 6.974084000e+00 
2.816049000e-01 6.946340000e+00 
2.807753000e-01 7.130693000e+00 
2.807808000e-01 6.958204000e+00 

2.810616000e-01 6.846768000e+00 
2.807755000e-01 7.233845000e+00 
2.807753000e-01 7.255415000e+00 
2.807812000e-01 6.987538000e+00 
2.807756000e-01 7.143739000e+00 
2.807789000e-01 7.055764000e+00 
2.810633000e-01 6.831157000e+00 
2.807765000e-01 7.124089000e+00 
2.807810000e-01 6.994124000e+00 

9.923715000e-01 6.655169000e+00 
2.807754000e-01 7.499557000e+00 
2.812071000e-01 6.880471000e+00 
2.807765000e-01 7.074782000e+00 
2.807753000e-01 7.653675000e+00 
2.807773000e-01 6.934448000e+00 
2.839840000e-01 6.844857000e+00 
2.807755000e-01 7.447610000e+00 
2.807758000e-01 7.100419000e+00 
9.130855000e-01 6.794357000e+00 

2.807830000e-01 7.269916000e+00 
2.807797000e-01 7.271247000e+00 
2.807753000e-01 7.777964000e+00 
2.807762000e-01 7.690269000e+00 
2.807783000e-01 7.517356000e+00 
2.812237000e-01 7.046729000e+00 
2.807841000e-01 7.189771000e+00 
2.807898000e-01 7.057036000e+00 

2.807779000e-01 6.971155000e+00 
2.812153000e-01 6.845622000e+00 
2.808679000e-01 6.874674000e+00 
2.807753000e-01 7.124102000e+00 
2.892235000e-01 6.837233000e+00 
2.807940000e-01 6.935720000e+00 

2.807765000e-01 7.279525000e+00 
2.809597000e-01 6.978202000e+00 
2.807753000e-01 7.289160000e+00 
2.814921000e-01 6.788437000e+00 
2.807793000e-01 7.053774000e+00 
2.809902000e-01 6.831147000e+00 
2.874361000e-01 6.755516000e+00 
2.807950000e-01 7.045983000e+00 
2.808071000e-01 7.001269000e+00 
2.809651000e-01 6.908895000e+00 

2.807794000e-01 7.302040000e+00 
2.807763000e-01 7.335856000e+00 
2.807754000e-01 7.337176000e+00 
2.810369000e-01 6.986689000e+00 
2.809011000e-01 7.047866000e+00 
2.807802000e-01 7.260144000e+00 
2.807753000e-01 7.443334000e+00 
2.811466000e-01 6.891597000e+00 
2.807819000e-01 7.217588000e+00 
2.807764000e-01 7.326617000e+00 
2.807823000e-01 7.128275000e+00 
2.810241000e-01 6.993540000e+00 
2.808727000e-01 7.089066000e+00 
2.808772000e-01 7.056795000e+00 

2.807780000e-01 6.852730000e+00 
2.812709000e-01 6.829628000e+00 
9.905770000e-01 6.786713000e+00 
2.807753000e-01 7.058496000e+00 
2.807755000e-01 6.979061000e+00 

