9.450524000e-01 3.869072000e+00 
3.192056000e-01 4.091713000e+00 
7.973994000e-01 3.869659000e+00 
2.807753000e-01 4.277310000e+00 
4.369495000e-01 4.048965000e+00 
4.076132000e-01 4.049068000e+00 
2.807786000e-01 4.121024000e+00 
2.843142000e-01 4.091962000e+00 
5.636547000e-01 3.944382000e+00 
7.750178000e-01 3.911473000e+00 
2.807758000e-01 4.145802000e+00 
2.808849000e-01 4.099249000e+00 
9.733526000e-01 3.822193000e+00 
2.807757000e-01 4.215710000e+00 
3.225903000e-01 4.068440000e+00 
6.413039000e-01 3.925327000e+00 
4.420828000e-01 4.011772000e+00 
6.058239000e-01 3.940846000e+00 

2.808391000e-01 4.267802000e+00 
2.807766000e-01 4.378708000e+00 
2.807753000e-01 5.191956000e+00 
2.807754000e-01 4.626302000e+00 
2.807758000e-01 4.619230000e+00 
7.487932000e-01 4.070829000e+00 
7.281099000e-01 4.081572000e+00 
7.228097000e-01 4.092679000e+00 
7.228097000e-01 4.092679000e+00 
2.809146000e-01 4.263613000e+00 
2.811029000e-01 4.207883000e+00 
2.808607000e-01 4.266353000e+00 
2.807917000e-01 4.320818000e+00 
7.228097000e-01 4.092679000e+00 
2.808049000e-01 4.294580000e+00 
4.869463000e-01 4.120619000e+00 
4.730656000e-01 4.153716000e+00 
2.822667000e-01 4.157884000e+00 
6.107314000e-01 4.110242000e+00 
9.802764000e-01 3.966131000e+00 
9.580355000e-01 3.983950000e+00 
8.275860000e-01 4.069825000e+00 
2.809437000e-01 4.250571000e+00 
8.405250000e-01 4.024012000e+00 
9.999966000e-01 3.958935000e+00 
8.728095000e-01 4.018810000e+00 

2.807753000e-01 5.729769000e+00 
2.807785000e-01 4.490698000e+00 
7.059761000e-01 4.346227000e+00 
8.166860000e-01 4.292627000e+00 
6.937652000e-01 4.357270000e+00 
2.807817000e-01 4.461645000e+00 
2.808195000e-01 4.384182000e+00 
2.808083000e-01 4.445545000e+00 
6.973036000e-01 4.353994000e+00 
8.015298000e-01 4.306719000e+00 
7.130534000e-01 4.339543000e+00 
2.807755000e-01 4.494725000e+00 
2.807754000e-01 4.847595000e+00 
6.938273000e-01 4.354989000e+00 
9.770985000e-01 4.224681000e+00 
5.373739000e-01 4.361297000e+00 
8.846442000e-01 4.246350000e+00 
8.015813000e-01 4.304393000e+00 
7.453353000e-01 4.331012000e+00 

2.807777000e-01 4.321317000e+00 
2.807755000e-01 4.360836000e+00 
7.602753000e-01 4.103710000e+00 
2.835172000e-01 4.175084000e+00 
7.135728000e-01 4.126620000e+00 
2.807753000e-01 4.476776000e+00 
7.338804000e-01 4.105217000e+00 
2.807838000e-01 4.262580000e+00 
2.807850000e-01 4.251386000e+00 
2.807754000e-01 4.367479000e+00 
4.954250000e-01 4.167001000e+00 
6.171553000e-01 4.148425000e+00 
2.807789000e-01 4.266502000e+00 
2.808000000e-01 4.176815000e+00 
8.032781000e-01 3.990071000e+00 
8.468626000e-01 3.978603000e+00 
2.807947000e-01 4.213255000e+00 
2.874319000e-01 4.168556000e+00 
7.134393000e-01 4.129811000e+00 
2.860054000e-01 4.169424000e+00 
7.768928000e-01 4.052050000e+00 

5.860067000e-01 4.042198000e+00 
4.084682000e-01 4.101715000e+00 
2.808290000e-01 4.158011000e+00 
2.807753000e-01 4.790643000e+00 
2.994084000e-01 4.139201000e+00 
3.290327000e-01 4.109623000e+00 
2.807754000e-01 4.257289000e+00 
8.099534000e-01 3.976108000e+00 
6.042152000e-01 4.029711000e+00 
8.264541000e-01 3.948163000e+00 
7.988878000e-01 4.013890000e+00 
8.011784000e-01 3.994840000e+00 
5.508056000e-01 4.098304000e+00 
7.901042000e-01 4.017261000e+00 
5.790744000e-01 4.061687000e+00 
8.740038000e-01 3.945163000e+00 
8.915819000e-01 3.927711000e+00 

6.553827000e-01 4.115140000e+00 
2.807753000e-01 4.609812000e+00 
2.808432000e-01 4.299114000e+00 
5.864597000e-01 4.118307000e+00 
9.880787000e-01 3.975982000e+00 
9.488198000e-01 4.022191000e+00 
8.212385000e-01 4.063259000e+00 
5.710216000e-01 4.160161000e+00 
5.768166000e-01 4.155116000e+00 
2.807761000e-01 4.331057000e+00 
7.548574000e-01 4.068375000e+00 
9.749304000e-01 3.990000000e+00 
2.807755000e-01 4.373674000e+00 
2.815044000e-01 4.206810000e+00 
2.807756000e-01 4.361512000e+00 
9.746665000e-01 3.999647000e+00 
2.808879000e-01 4.238666000e+00 
9.685410000e-01 4.002096000e+00 
8.216825000e-01 4.055133000e+00 
7.244170000e-01 4.094055000e+00 
2.809715000e-01 4.236593000e+00 
2.816615000e-01 4.161751000e+00 
7.132759000e-01 4.106953000e+00 

2.807810000e-01 4.428918000e+00 
2.807934000e-01 4.410328000e+00 
2.807763000e-01 4.489961000e+00 
2.807955000e-01 4.352363000e+00 
8.322707000e-01 4.173102000e+00 
2.807753000e-01 4.533419000e+00 
2.925218000e-01 4.295388000e+00 
6.920910000e-01 4.213425000e+00 
2.807757000e-01 4.523002000e+00 
2.807826000e-01 4.419071000e+00 
5.896759000e-01 4.242724000e+00 
2.823556000e-01 4.297963000e+00 
2.807765000e-01 4.436438000e+00 
6.118417000e-01 4.233579000e+00 
8.238742000e-01 4.185811000e+00 
2.812512000e-01 4.303130000e+00 
2.807973000e-01 4.343363000e+00 
8.378214000e-01 4.114601000e+00 
2.811026000e-01 4.326587000e+00 
8.910406000e-01 4.106845000e+00 
2.808605000e-01 4.338842000e+00 
5.486918000e-01 4.289792000e+00 
5.740501000e-01 4.255502000e+00 
9.996210000e-01 4.086619000e+00 
5.592447000e-01 4.273331000e+00 
2.808661000e-01 4.337929000e+00 

