2.814117000e-01 5.354739000e+00 
9.999939000e-01 5.140864000e+00 
9.480587000e-01 5.210865000e+00 
9.547630000e-01 5.166813000e+00 
9.353158000e-01 5.236735000e+00 
2.807753000e-01 5.685961000e+00 
2.807915000e-01 5.370680000e+00 
2.808567000e-01 5.355367000e+00 
8.802426000e-01 5.253024000e+00 
1.000000000e+00 5.098683000e+00 
9.999956000e-01 5.136457000e+00 
9.912954000e-01 5.148355000e+00 
2.820230000e-01 5.295075000e+00 
2.807754000e-01 5.374968000e+00 
2.827479000e-01 5.257172000e+00 
9.177252000e-01 5.237327000e+00 
2.816124000e-01 5.332739000e+00 

2.807847000e-01 5.369604000e+00 
2.807753000e-01 5.576593000e+00 
2.807755000e-01 5.417072000e+00 
9.005749000e-01 5.173091000e+00 
3.132723000e-01 5.330434000e+00 
7.739272000e-01 5.234836000e+00 
7.987197000e-01 5.218643000e+00 
2.844184000e-01 5.353760000e+00 
6.544516000e-01 5.318679000e+00 

2.807798000e-01 5.616920000e+00 
9.754333000e-01 5.392486000e+00 
2.807760000e-01 5.621567000e+00 
2.811103000e-01 5.525298000e+00 
2.807757000e-01 5.645258000e+00 
9.441138000e-01 5.393920000e+00 
2.807753000e-01 5.729769000e+00 
6.735806000e-01 5.477380000e+00 
6.959541000e-01 5.451111000e+00 
2.807865000e-01 5.548577000e+00 
8.092832000e-01 5.425459000e+00 
9.038344000e-01 5.412127000e+00 
7.733870000e-01 5.449626000e+00 

2.807855000e-01 5.503151000e+00 
2.807753000e-01 5.528856000e+00 
2.807982000e-01 5.451498000e+00 
9.848435000e-01 5.261480000e+00 
2.812098000e-01 5.436423000e+00 
2.809369000e-01 5.443191000e+00 
9.792449000e-01 5.322321000e+00 
2.818849000e-01 5.434150000e+00 
9.806028000e-01 5.306340000e+00 
2.821727000e-01 5.419173000e+00 
8.607495000e-01 5.326658000e+00 

2.807753000e-01 5.540987000e+00 
8.457901000e-01 5.267145000e+00 
8.682407000e-01 5.228623000e+00 
8.450040000e-01 5.283729000e+00 
6.539602000e-01 5.329810000e+00 
8.960599000e-01 5.226052000e+00 
8.314726000e-01 5.314159000e+00 
8.816836000e-01 5.227320000e+00 
2.807758000e-01 5.378813000e+00 
9.308988000e-01 5.198229000e+00 
2.825132000e-01 5.358738000e+00 
2.808444000e-01 5.374277000e+00 
7.666529000e-01 5.324690000e+00 
8.624170000e-01 5.245665000e+00 
2.813877000e-01 5.360777000e+00 

9.481681000e-01 5.337788000e+00 
2.807754000e-01 5.493891000e+00 
2.917137000e-01 5.409554000e+00 
9.570970000e-01 5.331316000e+00 
2.807753000e-01 5.709258000e+00 
9.434354000e-01 5.368307000e+00 
8.740900000e-01 5.394604000e+00 
2.808523000e-01 5.422101000e+00 
9.046976000e-01 5.383692000e+00 
9.622503000e-01 5.316494000e+00 
2.807866000e-01 5.484566000e+00 
9.635644000e-01 5.208364000e+00 
9.183562000e-01 5.371258000e+00 

2.807753000e-01 5.939019000e+00 
2.807781000e-01 5.587058000e+00 
6.629249000e-01 5.558049000e+00 
8.057302000e-01 5.513424000e+00 
2.807754000e-01 5.717659000e+00 
8.641926000e-01 5.459760000e+00 
2.816756000e-01 5.566529000e+00 
2.807757000e-01 5.707276000e+00 
2.807760000e-01 5.605095000e+00 
8.130592000e-01 5.470469000e+00 
8.085538000e-01 5.475527000e+00 
8.797924000e-01 5.458806000e+00 
2.814473000e-01 5.572826000e+00 
7.885851000e-01 5.529962000e+00 

2.811272000e-01 5.259319000e+00 
9.796825000e-01 5.089010000e+00 
2.807753000e-01 5.364275000e+00 
2.833315000e-01 5.212695000e+00 
2.807754000e-01 5.279609000e+00 
7.118400000e-01 5.107958000e+00 

