2.816721000e-01 6.377307000e+00 
2.807753000e-01 6.819514000e+00 
2.807754000e-01 6.658763000e+00 
2.807768000e-01 6.528911000e+00 
2.807755000e-01 6.603356000e+00 
2.807793000e-01 6.465690000e+00 
5.776623000e-01 6.273754000e+00 
2.808184000e-01 6.412203000e+00 
2.807792000e-01 6.477518000e+00 
2.819344000e-01 6.311879000e+00 

2.807759000e-01 6.529438000e+00 
2.807754000e-01 6.591389000e+00 
2.807768000e-01 6.377494000e+00 
2.807758000e-01 6.575498000e+00 
2.807753000e-01 6.627789000e+00 
2.807756000e-01 6.586255000e+00 

2.807754000e-01 6.546599000e+00 
2.807760000e-01 6.523575000e+00 
2.807787000e-01 6.427562000e+00 
9.959411000e-01 6.352207000e+00 
2.807753000e-01 6.629978000e+00 
9.999324000e-01 6.320746000e+00 
2.807758000e-01 6.527488000e+00 
2.868179000e-01 6.387045000e+00 
2.823562000e-01 6.418805000e+00 
2.807785000e-01 6.519588000e+00 

2.807785000e-01 6.817518000e+00 
2.807753000e-01 6.891155000e+00 
2.808418000e-01 6.484931000e+00 
2.807840000e-01 6.652269000e+00 
2.807825000e-01 6.753253000e+00 
2.807930000e-01 6.640921000e+00 
2.807974000e-01 6.622968000e+00 
2.808114000e-01 6.545345000e+00 
2.808030000e-01 6.571614000e+00 

2.807753000e-01 6.432836000e+00 
2.811555000e-01 6.351870000e+00 
2.808640000e-01 6.430434000e+00 

2.807759000e-01 6.800897000e+00 
2.807786000e-01 6.467699000e+00 
2.807753000e-01 7.289160000e+00 
2.807772000e-01 6.785192000e+00 
2.811642000e-01 6.346710000e+00 
2.810574000e-01 6.361248000e+00 
2.809893000e-01 6.417726000e+00 
2.809892000e-01 6.462481000e+00 
2.808010000e-01 6.463060000e+00 

2.809348000e-01 6.517144000e+00 
2.807753000e-01 7.443334000e+00 
2.807754000e-01 7.337176000e+00 
2.857541000e-01 6.448537000e+00 
2.807762000e-01 6.610129000e+00 
2.809251000e-01 6.566511000e+00 
2.807756000e-01 6.666254000e+00 
2.816904000e-01 6.471735000e+00 

2.807757000e-01 6.699884000e+00 
2.807753000e-01 6.764630000e+00 
2.807762000e-01 6.561352000e+00 
9.996179000e-01 6.304209000e+00 
2.807985000e-01 6.482117000e+00 
2.807758000e-01 6.621620000e+00 
2.808315000e-01 6.314270000e+00 
2.808045000e-01 6.472835000e+00 

