9.046280000e-01 3.273520000e+00 
2.807973000e-01 3.539641000e+00 
5.180547000e-01 3.429925000e+00 
9.711761000e-01 3.152369000e+00 
2.847813000e-01 3.456608000e+00 
8.225967000e-01 3.281231000e+00 
2.807756000e-01 3.618572000e+00 
2.872531000e-01 3.435803000e+00 
5.495774000e-01 3.405042000e+00 
9.163864000e-01 3.270787000e+00 
2.807781000e-01 3.608387000e+00 
9.655723000e-01 3.268496000e+00 
2.807753000e-01 3.631489000e+00 
5.347497000e-01 3.414964000e+00 
2.807851000e-01 3.585840000e+00 
6.725155000e-01 3.356683000e+00 
9.706010000e-01 3.253681000e+00 
7.848921000e-01 3.309604000e+00 
5.430384000e-01 3.410148000e+00 
2.808184000e-01 3.512979000e+00 
2.810734000e-01 3.485530000e+00 

2.808055000e-01 3.763066000e+00 
2.807864000e-01 3.806194000e+00 
2.812006000e-01 3.730621000e+00 
8.297413000e-01 3.537085000e+00 
2.812324000e-01 3.721094000e+00 
6.496480000e-01 3.578665000e+00 
9.090500000e-01 3.511541000e+00 
2.807753000e-01 3.881897000e+00 
9.657684000e-01 3.469349000e+00 
2.807755000e-01 3.817478000e+00 
2.956979000e-01 3.720625000e+00 
3.835714000e-01 3.617582000e+00 
7.525527000e-01 3.577659000e+00 

2.807753000e-01 5.729769000e+00 
2.807754000e-01 4.847595000e+00 
2.807829000e-01 3.983363000e+00 
2.807797000e-01 4.003752000e+00 
2.807761000e-01 4.060154000e+00 
8.350994000e-01 3.817482000e+00 
9.831347000e-01 3.734896000e+00 
5.576360000e-01 3.876523000e+00 
2.816719000e-01 3.968575000e+00 
9.719246000e-01 3.763401000e+00 
2.807757000e-01 4.112906000e+00 
2.807755000e-01 4.494725000e+00 
8.367588000e-01 3.790868000e+00 
2.808000000e-01 3.971658000e+00 
2.807775000e-01 4.020929000e+00 
2.820519000e-01 3.923577000e+00 
2.820871000e-01 3.902462000e+00 
9.893936000e-01 3.701388000e+00 
6.237678000e-01 3.860198000e+00 
6.379526000e-01 3.834815000e+00 
8.780253000e-01 3.771110000e+00 

6.422952000e-01 3.587423000e+00 
9.967930000e-01 3.403270000e+00 
7.920741000e-01 3.528235000e+00 
6.705007000e-01 3.584532000e+00 
2.807954000e-01 3.779033000e+00 
2.807753000e-01 4.476776000e+00 
2.807754000e-01 4.296974000e+00 
2.807769000e-01 3.786723000e+00 
2.988370000e-01 3.654431000e+00 
9.849045000e-01 3.451714000e+00 
2.807757000e-01 3.793589000e+00 
5.838808000e-01 3.590356000e+00 
2.807755000e-01 3.795233000e+00 
5.484434000e-01 3.615665000e+00 
5.482290000e-01 3.621760000e+00 
2.808014000e-01 3.717913000e+00 
2.813590000e-01 3.712802000e+00 
2.823124000e-01 3.687420000e+00 
3.122315000e-01 3.650459000e+00 
6.890127000e-01 3.545341000e+00 
8.172461000e-01 3.454589000e+00 
2.818622000e-01 3.689798000e+00 
2.857783000e-01 3.669160000e+00 
5.208830000e-01 3.629600000e+00 

9.998179000e-01 3.415621000e+00 
3.996548000e-01 3.617422000e+00 
7.716189000e-01 3.500456000e+00 
2.807753000e-01 4.790643000e+00 
9.997469000e-01 3.418737000e+00 
5.315495000e-01 3.542586000e+00 
2.807754000e-01 4.257289000e+00 
9.983671000e-01 3.422986000e+00 
9.438685000e-01 3.441882000e+00 
2.808044000e-01 3.683427000e+00 
2.822672000e-01 3.660278000e+00 
8.174495000e-01 3.464609000e+00 
9.643091000e-01 3.430681000e+00 
2.829111000e-01 3.644864000e+00 
6.358047000e-01 3.509485000e+00 
2.915527000e-01 3.641046000e+00 
2.808122000e-01 3.668960000e+00 
2.807757000e-01 3.701767000e+00 

2.807754000e-01 3.854617000e+00 
2.807753000e-01 4.609812000e+00 
7.613719000e-01 3.534362000e+00 
2.807861000e-01 3.808427000e+00 
9.546838000e-01 3.530249000e+00 
6.928406000e-01 3.569049000e+00 
2.807782000e-01 3.828265000e+00 
5.975420000e-01 3.618135000e+00 
7.179539000e-01 3.562430000e+00 
6.673010000e-01 3.593745000e+00 
7.495287000e-01 3.552018000e+00 
9.714086000e-01 3.521585000e+00 
2.810149000e-01 3.673025000e+00 
2.808407000e-01 3.693038000e+00 
5.930526000e-01 3.656086000e+00 
5.312665000e-01 3.671576000e+00 
9.727118000e-01 3.448888000e+00 

9.978541000e-01 3.629395000e+00 
4.862458000e-01 3.811302000e+00 
6.769364000e-01 3.762395000e+00 
7.546182000e-01 3.747814000e+00 
5.037244000e-01 3.807349000e+00 
2.829974000e-01 3.845344000e+00 
9.936631000e-01 3.652423000e+00 
2.807753000e-01 3.944171000e+00 
2.807874000e-01 3.896885000e+00 
8.575683000e-01 3.698095000e+00 
8.512484000e-01 3.701466000e+00 
8.937025000e-01 3.696228000e+00 
2.808699000e-01 3.880550000e+00 
9.949230000e-01 3.631893000e+00 
6.995906000e-01 3.752901000e+00 
2.807755000e-01 3.921254000e+00 
6.337817000e-01 3.783473000e+00 
9.993583000e-01 3.617820000e+00 
4.710343000e-01 3.830735000e+00 
9.993691000e-01 3.601265000e+00 
9.057190000e-01 3.665085000e+00 
4.720013000e-01 3.823100000e+00 
8.404286000e-01 3.726701000e+00 
9.038546000e-01 3.683833000e+00 
2.851959000e-01 3.834922000e+00 
9.936738000e-01 3.644116000e+00 
9.050306000e-01 3.680662000e+00 

