2.809601000e-01 5.418843000e+00 
9.566209000e-01 5.243177000e+00 
2.815060000e-01 5.370855000e+00 
8.807442000e-01 5.287519000e+00 
2.813820000e-01 5.414783000e+00 
2.807753000e-01 5.685961000e+00 
2.807754000e-01 5.444403000e+00 

9.071787000e-01 5.227375000e+00 
2.807753000e-01 5.576593000e+00 
2.822661000e-01 5.499184000e+00 
2.818619000e-01 5.500538000e+00 
2.995318000e-01 5.493638000e+00 
8.990221000e-01 5.345813000e+00 
9.071220000e-01 5.292354000e+00 
8.370187000e-01 5.388114000e+00 
2.807775000e-01 5.509111000e+00 
6.513540000e-01 5.415806000e+00 
5.362149000e-01 5.470576000e+00 
2.814235000e-01 5.501454000e+00 

8.891105000e-01 5.521662000e+00 
2.825300000e-01 5.599740000e+00 
2.808037000e-01 5.645731000e+00 
9.238391000e-01 5.489975000e+00 
7.612048000e-01 5.557230000e+00 
8.680628000e-01 5.537657000e+00 
2.807753000e-01 5.729769000e+00 
9.369310000e-01 5.477400000e+00 
2.807790000e-01 5.709936000e+00 
2.807769000e-01 5.710401000e+00 
8.084926000e-01 5.549472000e+00 
9.034294000e-01 5.513801000e+00 
9.223486000e-01 5.497206000e+00 
9.404886000e-01 5.470794000e+00 
9.779573000e-01 5.420326000e+00 
8.881443000e-01 5.535068000e+00 
8.934076000e-01 5.514354000e+00 
9.257486000e-01 5.487352000e+00 
9.570207000e-01 5.461952000e+00 

9.790009000e-01 5.336736000e+00 
2.807753000e-01 6.891155000e+00 
2.807838000e-01 5.596934000e+00 
2.807754000e-01 5.617303000e+00 
2.811835000e-01 5.527078000e+00 
2.808136000e-01 5.574921000e+00 
9.425434000e-01 5.414491000e+00 
2.920041000e-01 5.516981000e+00 

2.807753000e-01 6.288128000e+00 
2.807770000e-01 5.653517000e+00 
2.807771000e-01 5.496263000e+00 
8.968569000e-01 5.285425000e+00 
8.691072000e-01 5.359088000e+00 
2.807754000e-01 5.755761000e+00 
8.760928000e-01 5.357285000e+00 
2.807761000e-01 5.665921000e+00 
2.812355000e-01 5.426144000e+00 
8.980469000e-01 5.272861000e+00 
9.284399000e-01 5.269048000e+00 
8.483687000e-01 5.390972000e+00 
8.777565000e-01 5.357055000e+00 
8.827563000e-01 5.333800000e+00 
2.808412000e-01 5.490749000e+00 
2.830688000e-01 5.418632000e+00 
9.512197000e-01 5.257839000e+00 

2.807781000e-01 5.633653000e+00 
2.810190000e-01 5.561509000e+00 
2.875432000e-01 5.528402000e+00 
2.807754000e-01 5.635390000e+00 
2.807753000e-01 5.709258000e+00 
9.434354000e-01 5.368307000e+00 
9.390355000e-01 5.472070000e+00 
2.890410000e-01 5.522522000e+00 
2.807755000e-01 5.634751000e+00 
2.807905000e-01 5.625742000e+00 
9.816711000e-01 5.346183000e+00 
2.808845000e-01 5.577156000e+00 
9.156697000e-01 5.489726000e+00 
2.808434000e-01 5.580785000e+00 

2.807753000e-01 5.939019000e+00 
2.817754000e-01 5.589802000e+00 
2.808232000e-01 5.683905000e+00 
9.321972000e-01 5.469838000e+00 
2.807847000e-01 5.731925000e+00 
8.053238000e-01 5.565371000e+00 
2.807758000e-01 5.838188000e+00 
2.807761000e-01 5.827009000e+00 
8.378778000e-01 5.550406000e+00 
2.807763000e-01 5.801370000e+00 
2.807775000e-01 5.760496000e+00 
9.269163000e-01 5.479952000e+00 
8.844527000e-01 5.497601000e+00 

7.218428000e-01 5.225962000e+00 
2.807753000e-01 5.477188000e+00 
3.035143000e-01 5.317491000e+00 
2.807838000e-01 5.387521000e+00 
2.807754000e-01 5.405090000e+00 
7.021961000e-01 5.269248000e+00 
9.820150000e-01 5.166268000e+00 
2.828018000e-01 5.334591000e+00 
6.614790000e-01 5.277404000e+00 
7.995683000e-01 5.197630000e+00 
2.810468000e-01 5.354771000e+00 

