9.710292000e-01 3.368948000e+00 
2.811048000e-01 3.595639000e+00 
5.184112000e-01 3.512419000e+00 
2.807758000e-01 3.664623000e+00 
2.807753000e-01 3.915988000e+00 
6.892668000e-01 3.477613000e+00 
2.808645000e-01 3.620688000e+00 
8.301061000e-01 3.426194000e+00 
2.807754000e-01 3.833860000e+00 
7.219874000e-01 3.449277000e+00 
2.807756000e-01 3.774648000e+00 
2.807790000e-01 3.651908000e+00 
2.852797000e-01 3.576763000e+00 
9.358991000e-01 3.412526000e+00 
4.813521000e-01 3.574229000e+00 
2.807799000e-01 3.647247000e+00 
2.807819000e-01 3.637538000e+00 
6.446511000e-01 3.482652000e+00 
9.449259000e-01 3.377530000e+00 
9.815105000e-01 3.349083000e+00 

9.994222000e-01 3.587897000e+00 
2.807766000e-01 4.378708000e+00 
2.807753000e-01 5.191956000e+00 
2.807754000e-01 4.626302000e+00 
2.807758000e-01 4.619230000e+00 
2.807769000e-01 3.920559000e+00 
5.934777000e-01 3.767543000e+00 
4.646358000e-01 3.845567000e+00 
5.051848000e-01 3.835492000e+00 
2.927738000e-01 3.871220000e+00 
2.809269000e-01 3.871510000e+00 
6.645516000e-01 3.733448000e+00 
8.583627000e-01 3.670907000e+00 
3.490691000e-01 3.861339000e+00 
7.669354000e-01 3.700460000e+00 
3.362025000e-01 3.868288000e+00 
9.992077000e-01 3.660629000e+00 
5.345240000e-01 3.783472000e+00 
6.390493000e-01 3.763312000e+00 

2.807753000e-01 5.729769000e+00 
2.807754000e-01 4.847595000e+00 
3.008060000e-01 4.094993000e+00 
9.564506000e-01 3.890715000e+00 
3.495607000e-01 4.062990000e+00 
9.711298000e-01 3.889766000e+00 
5.797479000e-01 4.023166000e+00 
2.954510000e-01 4.101401000e+00 
9.769849000e-01 3.842696000e+00 
5.860406000e-01 4.020338000e+00 
2.807757000e-01 4.112906000e+00 
2.807755000e-01 4.494725000e+00 
8.801446000e-01 3.903939000e+00 
5.877048000e-01 3.954085000e+00 
3.087757000e-01 4.073919000e+00 
2.909892000e-01 4.112776000e+00 

9.346404000e-01 3.638131000e+00 
2.807759000e-01 4.232630000e+00 
9.898552000e-01 3.582496000e+00 
9.930354000e-01 3.581870000e+00 
9.584607000e-01 3.618245000e+00 
2.807753000e-01 4.476776000e+00 
2.807754000e-01 4.296974000e+00 
2.807764000e-01 3.924964000e+00 
2.808071000e-01 3.827852000e+00 
8.134036000e-01 3.677253000e+00 
2.807761000e-01 3.976061000e+00 
9.792628000e-01 3.594852000e+00 
9.536199000e-01 3.634718000e+00 
8.119728000e-01 3.682821000e+00 
5.492871000e-01 3.721960000e+00 
6.881298000e-01 3.714620000e+00 
9.971267000e-01 3.556908000e+00 
2.807767000e-01 3.877259000e+00 
9.970100000e-01 3.560446000e+00 
2.833652000e-01 3.814481000e+00 
7.094613000e-01 3.687735000e+00 
9.276011000e-01 3.653278000e+00 
8.144521000e-01 3.664431000e+00 

4.851099000e-01 3.696896000e+00 
2.812796000e-01 3.765013000e+00 
7.934522000e-01 3.601198000e+00 
2.807753000e-01 4.790643000e+00 
2.807796000e-01 4.082337000e+00 
9.998841000e-01 3.509279000e+00 
2.807754000e-01 4.257289000e+00 
3.439487000e-01 3.757245000e+00 
7.914931000e-01 3.665964000e+00 
9.975679000e-01 3.559460000e+00 
7.852569000e-01 3.677676000e+00 
7.864971000e-01 3.668535000e+00 
8.481724000e-01 3.569418000e+00 
9.949312000e-01 3.566324000e+00 
2.807811000e-01 3.802086000e+00 
7.427949000e-01 3.680710000e+00 
7.599944000e-01 3.678133000e+00 

9.975745000e-01 3.567623000e+00 
2.807753000e-01 4.609812000e+00 
2.807755000e-01 4.373674000e+00 
5.782635000e-01 3.794900000e+00 
2.808353000e-01 3.889860000e+00 
2.808254000e-01 3.905589000e+00 
7.805996000e-01 3.757993000e+00 
9.999827000e-01 3.554246000e+00 
6.201161000e-01 3.762019000e+00 
2.807756000e-01 3.943206000e+00 
2.807865000e-01 3.916279000e+00 
2.887098000e-01 3.824569000e+00 
8.392533000e-01 3.688221000e+00 
8.261201000e-01 3.712236000e+00 
4.931867000e-01 3.817724000e+00 
8.310497000e-01 3.689944000e+00 
9.798719000e-01 3.596231000e+00 
2.811333000e-01 3.878500000e+00 
6.010602000e-01 3.779762000e+00 
9.695425000e-01 3.654144000e+00 
8.393532000e-01 3.656252000e+00 
2.856741000e-01 3.869969000e+00 
8.030258000e-01 3.736049000e+00 
5.581804000e-01 3.813374000e+00 
8.033951000e-01 3.715505000e+00 
2.885010000e-01 3.869787000e+00 

6.489601000e-01 3.880431000e+00 
2.903761000e-01 3.965170000e+00 
6.090870000e-01 3.907651000e+00 
6.242025000e-01 3.897049000e+00 
2.813081000e-01 4.005819000e+00 
2.807753000e-01 4.533419000e+00 
9.069143000e-01 3.765942000e+00 
5.148439000e-01 3.926485000e+00 
2.807756000e-01 4.050229000e+00 
9.936757000e-01 3.724066000e+00 
3.549666000e-01 3.942195000e+00 
4.782127000e-01 3.926956000e+00 
2.833206000e-01 3.990687000e+00 
2.811888000e-01 4.027206000e+00 
6.887573000e-01 3.795902000e+00 
6.848209000e-01 3.864909000e+00 
2.807799000e-01 4.038298000e+00 

