2.811703000e-01 6.625902000e+00 
2.807753000e-01 6.820608000e+00 
2.807845000e-01 6.633295000e+00 
2.816781000e-01 6.527334000e+00 
2.807754000e-01 6.658763000e+00 

2.811287000e-01 6.648598000e+00 
2.812313000e-01 6.636487000e+00 
2.807754000e-01 6.668164000e+00 
2.941462000e-01 6.625093000e+00 
2.807753000e-01 6.725844000e+00 

2.808005000e-01 6.692496000e+00 
2.807754000e-01 6.736208000e+00 
2.807761000e-01 6.707200000e+00 
9.876238000e-01 6.548123000e+00 
2.807753000e-01 7.653675000e+00 
2.808831000e-01 6.636602000e+00 
2.818378000e-01 6.619410000e+00 

2.807960000e-01 6.723371000e+00 
2.807838000e-01 6.891650000e+00 
2.807753000e-01 7.777964000e+00 
2.807755000e-01 7.226737000e+00 
2.807765000e-01 6.933551000e+00 
2.807853000e-01 6.868721000e+00 
2.814363000e-01 6.681890000e+00 
2.807825000e-01 6.894675000e+00 
2.811644000e-01 6.710218000e+00 
2.807854000e-01 6.842759000e+00 

2.808050000e-01 6.571395000e+00 
2.807753000e-01 6.696357000e+00 
2.807759000e-01 6.661076000e+00 
2.807754000e-01 6.668433000e+00 

2.807759000e-01 6.800897000e+00 
2.807861000e-01 6.704938000e+00 
2.807753000e-01 7.289160000e+00 
2.807772000e-01 6.785192000e+00 
2.809201000e-01 6.620160000e+00 
2.809980000e-01 6.506363000e+00 

2.807823000e-01 7.073902000e+00 
2.808432000e-01 6.880733000e+00 
2.807754000e-01 7.337176000e+00 
2.808471000e-01 6.807150000e+00 
2.807756000e-01 7.092052000e+00 
2.807843000e-01 6.893894000e+00 
2.807753000e-01 7.443334000e+00 
8.111849000e-01 6.697380000e+00 
8.129120000e-01 6.648982000e+00 
2.807777000e-01 7.087196000e+00 
2.809199000e-01 6.704714000e+00 
8.665029000e-01 6.562117000e+00 
2.811107000e-01 6.702515000e+00 

2.810724000e-01 6.636220000e+00 
2.808269000e-01 6.712779000e+00 
9.999603000e-01 6.532302000e+00 
2.808448000e-01 6.648172000e+00 
2.811147000e-01 6.565632000e+00 
9.999705000e-01 6.453249000e+00 
2.807828000e-01 6.736078000e+00 
2.807973000e-01 6.723795000e+00 
2.807753000e-01 6.764630000e+00 
2.811112000e-01 6.626164000e+00 
2.808381000e-01 6.654226000e+00 
2.808327000e-01 6.687786000e+00 
2.808265000e-01 6.718219000e+00 

