2.946245000e-01 4.107031000e+00 
8.330569000e-01 3.987946000e+00 
6.187296000e-01 4.079346000e+00 
2.807753000e-01 4.277310000e+00 
1.000000000e+00 3.869979000e+00 
6.429769000e-01 4.072248000e+00 
5.750854000e-01 4.096075000e+00 
8.355172000e-01 3.948539000e+00 
5.587117000e-01 4.101921000e+00 
8.468832000e-01 3.906554000e+00 
2.807758000e-01 4.145802000e+00 
7.985155000e-01 4.008719000e+00 
6.459836000e-01 4.019911000e+00 
6.043331000e-01 4.081947000e+00 

2.808391000e-01 4.267802000e+00 
2.807766000e-01 4.378708000e+00 
2.807753000e-01 5.191956000e+00 
2.807754000e-01 4.626302000e+00 
2.807758000e-01 4.619230000e+00 
9.797994000e-01 3.993323000e+00 
9.571943000e-01 4.070903000e+00 
9.633704000e-01 4.055541000e+00 
4.906384000e-01 4.202083000e+00 
2.853651000e-01 4.248084000e+00 
9.768273000e-01 4.027414000e+00 
2.808607000e-01 4.266353000e+00 
2.807917000e-01 4.320818000e+00 
7.228097000e-01 4.092679000e+00 
2.808049000e-01 4.294580000e+00 
2.857671000e-01 4.230605000e+00 
5.680299000e-01 4.135647000e+00 
8.340550000e-01 4.078250000e+00 

2.807753000e-01 5.729769000e+00 
7.161837000e-01 4.361033000e+00 
2.807777000e-01 4.509682000e+00 
6.581201000e-01 4.404923000e+00 
6.703142000e-01 4.394958000e+00 
8.059979000e-01 4.342361000e+00 
8.104248000e-01 4.341390000e+00 
2.810240000e-01 4.483091000e+00 
5.258385000e-01 4.413191000e+00 
4.692794000e-01 4.415496000e+00 
2.807755000e-01 4.549666000e+00 
8.059449000e-01 4.347534000e+00 
2.807754000e-01 4.847595000e+00 
2.838919000e-01 4.466378000e+00 
7.075586000e-01 4.369928000e+00 
8.661316000e-01 4.331573000e+00 
2.807763000e-01 4.514623000e+00 
9.419289000e-01 4.267119000e+00 
2.807937000e-01 4.499256000e+00 
8.871006000e-01 4.304094000e+00 
2.808777000e-01 4.497654000e+00 
8.423439000e-01 4.340957000e+00 
8.846282000e-01 4.321446000e+00 
9.272609000e-01 4.299109000e+00 

2.807777000e-01 4.321317000e+00 
2.807755000e-01 4.360836000e+00 
7.602753000e-01 4.103710000e+00 
4.925319000e-01 4.175095000e+00 
2.891615000e-01 4.236686000e+00 
2.807753000e-01 4.476776000e+00 
7.597250000e-01 4.138386000e+00 
9.186997000e-01 4.075659000e+00 
8.414469000e-01 4.076244000e+00 
2.808452000e-01 4.276357000e+00 
2.807915000e-01 4.315396000e+00 
2.820687000e-01 4.237459000e+00 
2.808937000e-01 4.273291000e+00 
4.731049000e-01 4.197340000e+00 
2.807754000e-01 4.367479000e+00 
9.733337000e-01 4.033788000e+00 

5.538923000e-01 4.157237000e+00 
7.997246000e-01 4.087748000e+00 
3.170061000e-01 4.185667000e+00 
2.807753000e-01 4.790643000e+00 
3.109809000e-01 4.193351000e+00 
8.266765000e-01 4.054800000e+00 
2.807754000e-01 4.257289000e+00 
8.784333000e-01 4.009467000e+00 
8.187053000e-01 4.082745000e+00 
2.809065000e-01 4.233149000e+00 
2.810512000e-01 4.215553000e+00 
5.880156000e-01 4.117918000e+00 
5.980313000e-01 4.116371000e+00 
5.746661000e-01 4.137383000e+00 
9.992954000e-01 3.971256000e+00 
9.944825000e-01 3.980787000e+00 
9.902335000e-01 4.006570000e+00 
3.228671000e-01 4.175573000e+00 

3.048086000e-01 4.228112000e+00 
2.807753000e-01 4.609812000e+00 
2.808432000e-01 4.299114000e+00 
8.037462000e-01 4.131484000e+00 
9.733380000e-01 4.022071000e+00 
7.404674000e-01 4.145132000e+00 
8.038335000e-01 4.128759000e+00 
2.812694000e-01 4.299001000e+00 
2.813660000e-01 4.297314000e+00 
2.807761000e-01 4.331057000e+00 
5.296154000e-01 4.196370000e+00 
9.684642000e-01 4.032897000e+00 
2.807755000e-01 4.373674000e+00 
8.180465000e-01 4.124337000e+00 
2.807756000e-01 4.361512000e+00 
7.113235000e-01 4.162478000e+00 
6.422846000e-01 4.184922000e+00 
8.328235000e-01 4.121666000e+00 
8.401264000e-01 4.099073000e+00 
2.815245000e-01 4.250370000e+00 
9.431882000e-01 4.092259000e+00 
6.574689000e-01 4.181221000e+00 

5.351145000e-01 4.347777000e+00 
2.807934000e-01 4.410328000e+00 
2.807763000e-01 4.489961000e+00 
5.905916000e-01 4.309776000e+00 
7.976356000e-01 4.256203000e+00 
2.807753000e-01 4.533419000e+00 
9.999919000e-01 4.178717000e+00 
5.881130000e-01 4.313615000e+00 
2.807757000e-01 4.523002000e+00 
2.827078000e-01 4.375275000e+00 
6.913841000e-01 4.288302000e+00 
9.999999000e-01 4.111385000e+00 
2.807765000e-01 4.436438000e+00 
8.939292000e-01 4.199205000e+00 
8.543000000e-01 4.228630000e+00 
4.673009000e-01 4.355651000e+00 
8.937679000e-01 4.218745000e+00 
5.355807000e-01 4.346654000e+00 
6.904276000e-01 4.301812000e+00 
2.807970000e-01 4.396401000e+00 
9.999993000e-01 4.125249000e+00 

