9.919802000e-01 4.896190000e+00 
2.836268000e-01 5.021189000e+00 
9.807360000e-01 4.896566000e+00 
2.807793000e-01 5.073715000e+00 
9.998570000e-01 4.889894000e+00 
9.999674000e-01 4.879048000e+00 
2.807754000e-01 5.188106000e+00 
2.807753000e-01 5.371555000e+00 
7.315973000e-01 4.933188000e+00 
6.429997000e-01 4.984446000e+00 
2.807772000e-01 5.161795000e+00 
1.000000000e+00 4.873061000e+00 
2.808302000e-01 5.042630000e+00 
2.807994000e-01 5.060081000e+00 
5.996959000e-01 5.013194000e+00 
6.686660000e-01 4.959353000e+00 
8.071519000e-01 4.907389000e+00 

6.867376000e-01 5.030416000e+00 
2.807755000e-01 5.169081000e+00 
2.807753000e-01 5.191956000e+00 
2.807760000e-01 5.157350000e+00 
7.333742000e-01 5.025815000e+00 
2.814598000e-01 5.105817000e+00 
2.813448000e-01 5.122962000e+00 
2.808255000e-01 5.127163000e+00 
7.383035000e-01 5.016962000e+00 
7.795746000e-01 4.957050000e+00 
7.771423000e-01 5.011575000e+00 
6.470419000e-01 5.061534000e+00 

8.634220000e-01 5.197369000e+00 
2.807754000e-01 5.626074000e+00 
2.807760000e-01 5.621567000e+00 
2.807761000e-01 5.578622000e+00 
5.693736000e-01 5.280319000e+00 
6.183838000e-01 5.270339000e+00 
2.807753000e-01 5.729769000e+00 
2.829919000e-01 5.319072000e+00 
9.677361000e-01 5.148683000e+00 
2.813930000e-01 5.335873000e+00 
2.815305000e-01 5.332290000e+00 
8.576533000e-01 5.231883000e+00 
2.807782000e-01 5.394747000e+00 
2.807843000e-01 5.370950000e+00 
6.423864000e-01 5.268534000e+00 
2.810473000e-01 5.363236000e+00 
6.430839000e-01 5.249613000e+00 
2.812673000e-01 5.361976000e+00 
6.505483000e-01 5.235102000e+00 
2.812996000e-01 5.337755000e+00 
8.893612000e-01 5.177236000e+00 
5.524484000e-01 5.317459000e+00 

2.823246000e-01 5.141197000e+00 
2.807753000e-01 5.528856000e+00 
2.807762000e-01 5.297253000e+00 
2.807755000e-01 5.453659000e+00 
9.847533000e-01 5.012047000e+00 
8.494748000e-01 5.034295000e+00 
9.990464000e-01 4.990642000e+00 
8.191238000e-01 5.052750000e+00 
2.810977000e-01 5.152263000e+00 
9.999058000e-01 4.933198000e+00 
9.998973000e-01 4.956317000e+00 
8.006075000e-01 5.085425000e+00 
2.807775000e-01 5.212015000e+00 

2.807753000e-01 5.540987000e+00 
2.842117000e-01 5.127105000e+00 
7.713888000e-01 4.981264000e+00 
2.807759000e-01 5.257208000e+00 
2.807758000e-01 5.378813000e+00 
2.807854000e-01 5.155832000e+00 
7.353337000e-01 5.090512000e+00 
2.872729000e-01 5.109520000e+00 
2.807817000e-01 5.238689000e+00 
2.807793000e-01 5.239720000e+00 
2.822524000e-01 5.142729000e+00 
2.807842000e-01 5.229250000e+00 
2.907728000e-01 5.105519000e+00 
8.690677000e-01 4.980292000e+00 
7.703037000e-01 5.050709000e+00 
2.808321000e-01 5.145027000e+00 
2.863843000e-01 5.126133000e+00 
7.618660000e-01 5.071166000e+00 
2.807763000e-01 5.243235000e+00 
2.873387000e-01 5.107252000e+00 

2.807771000e-01 5.415402000e+00 
2.807754000e-01 5.493891000e+00 
8.080696000e-01 5.130531000e+00 
2.807906000e-01 5.215061000e+00 
2.807753000e-01 5.709258000e+00 
2.807756000e-01 5.460721000e+00 
9.240061000e-01 5.026482000e+00 
2.972604000e-01 5.145323000e+00 
2.807774000e-01 5.246071000e+00 
8.523754000e-01 5.045168000e+00 
2.809493000e-01 5.180579000e+00 

7.605222000e-01 5.283596000e+00 
8.235541000e-01 5.238072000e+00 
2.807753000e-01 5.455333000e+00 
2.807754000e-01 5.403451000e+00 
2.807757000e-01 5.349687000e+00 
7.005716000e-01 5.329104000e+00 
2.812963000e-01 5.330234000e+00 
7.538223000e-01 5.326964000e+00 
7.635652000e-01 5.269703000e+00 

2.807780000e-01 5.036267000e+00 
8.242716000e-01 4.860664000e+00 
9.606394000e-01 4.787854000e+00 
9.549987000e-01 4.820199000e+00 
2.933337000e-01 4.940854000e+00 
6.010706000e-01 4.918042000e+00 
6.036873000e-01 4.893136000e+00 
2.807753000e-01 5.091224000e+00 
2.807938000e-01 4.957089000e+00 
9.850955000e-01 4.739954000e+00 
9.897241000e-01 4.728381000e+00 
8.383234000e-01 4.850034000e+00 
7.049999000e-01 4.876221000e+00 
7.604593000e-01 4.873213000e+00 

