5.803848000e-01 3.849686000e+00 
5.483270000e-01 3.893666000e+00 
5.816745000e-01 3.840077000e+00 
9.877342000e-01 3.711525000e+00 
2.807754000e-01 3.981204000e+00 
9.983597000e-01 3.681985000e+00 
2.807753000e-01 4.028083000e+00 
2.807974000e-01 3.935372000e+00 
5.746355000e-01 3.891791000e+00 
6.414218000e-01 3.736425000e+00 

5.783901000e-01 4.087829000e+00 
2.807766000e-01 4.378708000e+00 
2.807753000e-01 5.191956000e+00 
2.807754000e-01 4.626302000e+00 
2.807758000e-01 4.619230000e+00 
4.912451000e-01 4.094753000e+00 
5.680675000e-01 4.088589000e+00 
4.684830000e-01 4.100132000e+00 
9.771957000e-01 3.927916000e+00 
9.135291000e-01 3.942533000e+00 
5.884563000e-01 4.075638000e+00 
9.678779000e-01 3.940424000e+00 
2.807771000e-01 4.142413000e+00 
6.022332000e-01 4.024603000e+00 
9.941158000e-01 3.905689000e+00 
8.451773000e-01 3.969598000e+00 
8.110080000e-01 4.001794000e+00 
3.454992000e-01 4.119302000e+00 
2.821204000e-01 4.124798000e+00 
9.832402000e-01 3.909846000e+00 
8.111758000e-01 3.973581000e+00 
4.708541000e-01 4.098193000e+00 
8.684283000e-01 3.956213000e+00 

2.807753000e-01 5.729769000e+00 
2.807754000e-01 4.847595000e+00 
4.335295000e-01 4.331317000e+00 
5.629611000e-01 4.311048000e+00 
9.392994000e-01 4.208080000e+00 
6.906872000e-01 4.235730000e+00 
2.808195000e-01 4.384182000e+00 
8.869097000e-01 4.228857000e+00 
9.552329000e-01 4.187695000e+00 
2.807758000e-01 4.407436000e+00 
4.962786000e-01 4.318235000e+00 
2.807755000e-01 4.494725000e+00 
2.959559000e-01 4.339864000e+00 
6.445638000e-01 4.301668000e+00 

2.810835000e-01 4.068690000e+00 
9.748119000e-01 3.837122000e+00 
7.638552000e-01 3.975758000e+00 
6.319530000e-01 4.044481000e+00 
2.807764000e-01 4.085160000e+00 
2.807753000e-01 4.476776000e+00 
2.807754000e-01 4.296974000e+00 
2.855283000e-01 4.067210000e+00 
8.039908000e-01 3.973155000e+00 
7.330573000e-01 3.998957000e+00 
8.605681000e-01 3.896916000e+00 
6.481055000e-01 4.014494000e+00 
2.807759000e-01 4.232630000e+00 
2.810835000e-01 4.068690000e+00 

2.828121000e-01 4.070888000e+00 
8.425950000e-01 3.832494000e+00 
8.224742000e-01 3.914294000e+00 
2.807753000e-01 4.790643000e+00 
2.807796000e-01 4.082337000e+00 
7.432094000e-01 3.933314000e+00 
2.807754000e-01 4.257289000e+00 
2.847013000e-01 4.052018000e+00 
2.906794000e-01 4.031603000e+00 
7.884576000e-01 3.930281000e+00 
3.955073000e-01 3.980454000e+00 
6.705159000e-01 3.978860000e+00 
9.981352000e-01 3.811748000e+00 

7.218823000e-01 4.055718000e+00 
2.807753000e-01 4.609812000e+00 
6.350235000e-01 4.079112000e+00 
8.319166000e-01 4.005119000e+00 
2.815839000e-01 4.138824000e+00 
2.807831000e-01 4.215149000e+00 
9.481183000e-01 3.966395000e+00 
9.826075000e-01 3.939158000e+00 
8.559053000e-01 3.986797000e+00 
2.807761000e-01 4.331057000e+00 
8.091782000e-01 4.030851000e+00 
8.250638000e-01 4.026024000e+00 
2.807755000e-01 4.373674000e+00 
9.652150000e-01 3.956848000e+00 
2.807756000e-01 4.361512000e+00 
2.812271000e-01 4.139927000e+00 
6.103346000e-01 4.084532000e+00 
2.808058000e-01 4.162335000e+00 
6.814068000e-01 4.062626000e+00 
8.150022000e-01 4.030802000e+00 
7.631403000e-01 4.033244000e+00 
9.913981000e-01 3.936977000e+00 
3.161019000e-01 4.086792000e+00 
9.423322000e-01 3.975164000e+00 
7.299683000e-01 4.046194000e+00 

2.807810000e-01 4.428918000e+00 
8.737752000e-01 4.085905000e+00 
2.807763000e-01 4.489961000e+00 
6.861950000e-01 4.171587000e+00 
2.808700000e-01 4.301162000e+00 
2.807753000e-01 4.533419000e+00 
2.807977000e-01 4.310481000e+00 
2.807856000e-01 4.341765000e+00 
2.807757000e-01 4.523002000e+00 
2.807826000e-01 4.419071000e+00 
2.810967000e-01 4.226910000e+00 
7.155549000e-01 4.152799000e+00 
2.807765000e-01 4.436438000e+00 
4.459350000e-01 4.197202000e+00 
7.461675000e-01 4.124539000e+00 
2.808600000e-01 4.308694000e+00 
7.257496000e-01 4.150867000e+00 
7.258671000e-01 4.150155000e+00 
6.978573000e-01 4.156742000e+00 
2.809747000e-01 4.259846000e+00 
7.724993000e-01 4.113230000e+00 
6.001813000e-01 4.177509000e+00 
2.810769000e-01 4.258999000e+00 
9.999922000e-01 3.981024000e+00 
9.989674000e-01 4.041629000e+00 
8.490180000e-01 4.108427000e+00 
9.952269000e-01 4.063500000e+00 
5.579104000e-01 4.180289000e+00 
9.999866000e-01 3.988249000e+00 
2.808726000e-01 4.264762000e+00 
9.999818000e-01 4.006047000e+00 

