2.814456000e-01 3.379582000e+00 
2.814414000e-01 3.405925000e+00 
7.994720000e-01 3.178225000e+00 
6.810405000e-01 3.213719000e+00 
5.494973000e-01 3.357810000e+00 
5.236913000e-01 3.362877000e+00 
2.807756000e-01 3.618572000e+00 
6.312575000e-01 3.292053000e+00 
6.721637000e-01 3.266680000e+00 
9.146758000e-01 3.169045000e+00 
2.809461000e-01 3.426024000e+00 
6.672148000e-01 3.268591000e+00 
2.807753000e-01 3.631489000e+00 
2.807772000e-01 3.460250000e+00 
5.901617000e-01 3.331846000e+00 
5.544345000e-01 3.344201000e+00 
9.677843000e-01 3.151488000e+00 
8.952878000e-01 3.174111000e+00 
5.976525000e-01 3.324092000e+00 

2.807755000e-01 3.817478000e+00 
2.808632000e-01 3.682917000e+00 
2.811955000e-01 3.652690000e+00 
8.536996000e-01 3.398509000e+00 
6.442424000e-01 3.502830000e+00 
2.807788000e-01 3.688187000e+00 
2.808966000e-01 3.674185000e+00 
2.807753000e-01 3.881897000e+00 
9.901254000e-01 3.363299000e+00 
2.812122000e-01 3.533363000e+00 

2.807753000e-01 5.729769000e+00 
2.807754000e-01 4.847595000e+00 
2.807829000e-01 3.983363000e+00 
2.808522000e-01 3.848245000e+00 
8.718144000e-01 3.686847000e+00 
2.809276000e-01 3.836677000e+00 
5.599370000e-01 3.820449000e+00 
9.229221000e-01 3.648158000e+00 
8.677324000e-01 3.754504000e+00 
2.809861000e-01 3.822982000e+00 
2.807756000e-01 4.003666000e+00 
2.807755000e-01 4.494725000e+00 
2.808259000e-01 3.946866000e+00 
2.808000000e-01 3.971658000e+00 
8.824927000e-01 3.673806000e+00 
5.645646000e-01 3.807316000e+00 
6.062520000e-01 3.763786000e+00 
7.683859000e-01 3.757292000e+00 
8.715392000e-01 3.742332000e+00 
9.702070000e-01 3.619548000e+00 
9.880729000e-01 3.572802000e+00 

4.490611000e-01 3.523871000e+00 
2.808439000e-01 3.681169000e+00 
2.808398000e-01 3.706044000e+00 
5.665229000e-01 3.421041000e+00 
2.807954000e-01 3.779033000e+00 
2.807753000e-01 4.476776000e+00 
2.807754000e-01 4.296974000e+00 
2.807769000e-01 3.786723000e+00 
2.818029000e-01 3.622695000e+00 
9.982598000e-01 3.340531000e+00 
2.807757000e-01 3.793589000e+00 
2.813693000e-01 3.645018000e+00 
2.807755000e-01 3.795233000e+00 
8.200128000e-01 3.376772000e+00 
2.808018000e-01 3.706373000e+00 
2.808014000e-01 3.717913000e+00 
9.976644000e-01 3.360757000e+00 
9.987797000e-01 3.339469000e+00 
2.810533000e-01 3.650416000e+00 
2.868572000e-01 3.565091000e+00 

2.822422000e-01 3.588618000e+00 
9.259647000e-01 3.390255000e+00 
2.807757000e-01 3.701767000e+00 
2.807753000e-01 4.790643000e+00 
2.807826000e-01 3.609991000e+00 
8.272377000e-01 3.411812000e+00 
2.807754000e-01 4.257289000e+00 
2.816165000e-01 3.593623000e+00 
9.951636000e-01 3.334578000e+00 
6.935254000e-01 3.495519000e+00 
7.150249000e-01 3.476071000e+00 
4.875123000e-01 3.496625000e+00 
7.305407000e-01 3.445159000e+00 
2.881055000e-01 3.527918000e+00 
6.945805000e-01 3.481252000e+00 
2.808250000e-01 3.598275000e+00 
9.436033000e-01 3.349439000e+00 
9.195809000e-01 3.397305000e+00 

2.807754000e-01 3.854617000e+00 
2.807753000e-01 4.609812000e+00 
6.961698000e-01 3.528426000e+00 
2.807861000e-01 3.808427000e+00 
5.478279000e-01 3.543415000e+00 
6.413041000e-01 3.539779000e+00 
2.807782000e-01 3.828265000e+00 
2.814010000e-01 3.619045000e+00 
9.998710000e-01 3.360093000e+00 
6.606356000e-01 3.539557000e+00 
2.808616000e-01 3.667985000e+00 
7.141931000e-01 3.527789000e+00 
2.808122000e-01 3.670734000e+00 
7.148647000e-01 3.498682000e+00 
8.772968000e-01 3.400867000e+00 
8.181266000e-01 3.448592000e+00 
2.808026000e-01 3.748764000e+00 
9.995712000e-01 3.393880000e+00 
9.995814000e-01 3.381217000e+00 
2.812616000e-01 3.633431000e+00 
2.875344000e-01 3.561908000e+00 
7.479758000e-01 3.466395000e+00 

8.620408000e-01 3.631609000e+00 
3.620620000e-01 3.767595000e+00 
2.807822000e-01 3.856376000e+00 
8.807633000e-01 3.604782000e+00 
8.566964000e-01 3.646380000e+00 
2.808133000e-01 3.773209000e+00 
2.807766000e-01 3.863655000e+00 
2.807753000e-01 3.944171000e+00 
7.435477000e-01 3.651197000e+00 
9.937340000e-01 3.582267000e+00 
9.329943000e-01 3.586321000e+00 
6.619867000e-01 3.703734000e+00 
2.807755000e-01 3.921254000e+00 
9.980084000e-01 3.569046000e+00 
9.177084000e-01 3.600176000e+00 
4.235283000e-01 3.716342000e+00 
2.807827000e-01 3.813539000e+00 
9.154204000e-01 3.603615000e+00 

