2.807753000e-01 4.761742000e+00 
5.529277000e-01 4.420486000e+00 
2.807755000e-01 4.583590000e+00 
9.998545000e-01 4.254143000e+00 
7.704714000e-01 4.357174000e+00 
2.809335000e-01 4.478427000e+00 
8.948738000e-01 4.265596000e+00 
2.807762000e-01 4.554207000e+00 
5.537139000e-01 4.401782000e+00 
2.807782000e-01 4.519215000e+00 
6.216415000e-01 4.387869000e+00 
7.831826000e-01 4.339022000e+00 
2.811221000e-01 4.451322000e+00 

2.808936000e-01 4.532321000e+00 
7.025841000e-01 4.467167000e+00 
2.807753000e-01 5.191956000e+00 
2.807754000e-01 4.626302000e+00 
2.818583000e-01 4.490840000e+00 
7.052437000e-01 4.459453000e+00 
7.366814000e-01 4.427801000e+00 
2.807806000e-01 4.611363000e+00 
9.999794000e-01 4.337513000e+00 
7.210774000e-01 4.443648000e+00 
9.259362000e-01 4.356879000e+00 
9.010281000e-01 4.375673000e+00 
4.277695000e-01 4.490640000e+00 
6.799791000e-01 4.486437000e+00 
9.929053000e-01 4.337824000e+00 
6.923525000e-01 4.482803000e+00 

2.807753000e-01 5.729769000e+00 
8.224798000e-01 4.611269000e+00 
6.015189000e-01 4.674948000e+00 
7.800654000e-01 4.632647000e+00 
7.877281000e-01 4.622029000e+00 
2.807758000e-01 4.805894000e+00 
8.742560000e-01 4.561663000e+00 
2.807755000e-01 4.838466000e+00 
2.808454000e-01 4.793104000e+00 
7.724675000e-01 4.656886000e+00 
2.809739000e-01 4.757369000e+00 
9.304949000e-01 4.557005000e+00 
2.807754000e-01 4.847595000e+00 
5.768849000e-01 4.680491000e+00 
2.807758000e-01 4.805894000e+00 
2.807870000e-01 4.795141000e+00 
5.466184000e-01 4.706954000e+00 
2.815632000e-01 4.747772000e+00 
2.890220000e-01 4.725632000e+00 
2.808527000e-01 4.772581000e+00 

7.885270000e-01 4.511973000e+00 
2.807753000e-01 5.528856000e+00 
8.249184000e-01 4.464724000e+00 
2.807772000e-01 4.659999000e+00 
3.585841000e-01 4.597988000e+00 
2.807754000e-01 4.678015000e+00 
7.249355000e-01 4.522174000e+00 
8.683063000e-01 4.461620000e+00 
2.807797000e-01 4.621068000e+00 
9.586046000e-01 4.388189000e+00 
8.142828000e-01 4.497240000e+00 
9.155249000e-01 4.445269000e+00 
5.087261000e-01 4.586635000e+00 
3.416504000e-01 4.601055000e+00 
5.148236000e-01 4.568646000e+00 
2.852430000e-01 4.608648000e+00 
8.197408000e-01 4.493217000e+00 
7.314768000e-01 4.519885000e+00 
5.243376000e-01 4.558765000e+00 
7.247627000e-01 4.539096000e+00 

2.808042000e-01 4.513723000e+00 
2.807760000e-01 4.627706000e+00 
5.697176000e-01 4.459471000e+00 
2.807753000e-01 4.790643000e+00 
6.899528000e-01 4.433534000e+00 
7.931779000e-01 4.405480000e+00 
2.807893000e-01 4.539058000e+00 
9.998126000e-01 4.302709000e+00 
7.705171000e-01 4.413478000e+00 
8.541280000e-01 4.399712000e+00 
6.918818000e-01 4.431694000e+00 
2.811159000e-01 4.467913000e+00 
9.043380000e-01 4.368071000e+00 
6.229833000e-01 4.433888000e+00 
9.257169000e-01 4.326053000e+00 
9.856074000e-01 4.315000000e+00 
7.745691000e-01 4.408028000e+00 

2.817591000e-01 4.598932000e+00 
7.592499000e-01 4.497159000e+00 
2.808202000e-01 4.600150000e+00 
2.835889000e-01 4.580431000e+00 
5.086402000e-01 4.567780000e+00 
5.233703000e-01 4.567185000e+00 
6.247998000e-01 4.505860000e+00 
8.217088000e-01 4.465194000e+00 
7.844665000e-01 4.496476000e+00 
2.835954000e-01 4.568645000e+00 
8.460107000e-01 4.442202000e+00 
2.830711000e-01 4.585508000e+00 
8.744409000e-01 4.427556000e+00 
5.557706000e-01 4.548714000e+00 
6.794474000e-01 4.497267000e+00 
7.955918000e-01 4.476449000e+00 
9.719365000e-01 4.336754000e+00 
9.684626000e-01 4.390707000e+00 
2.807753000e-01 4.609812000e+00 
8.554122000e-01 4.438555000e+00 

5.600963000e-01 4.757400000e+00 
9.053851000e-01 4.543050000e+00 
5.730706000e-01 4.746944000e+00 
2.815577000e-01 4.779303000e+00 
2.807754000e-01 4.926395000e+00 
2.807801000e-01 4.803051000e+00 
2.807753000e-01 4.945725000e+00 
5.751470000e-01 4.723049000e+00 
2.817388000e-01 4.771163000e+00 
6.641078000e-01 4.652888000e+00 
5.879656000e-01 4.713467000e+00 
6.536834000e-01 4.659438000e+00 
2.812348000e-01 4.793210000e+00 
8.863338000e-01 4.554956000e+00 
5.944506000e-01 4.693933000e+00 
7.850087000e-01 4.613364000e+00 
2.818176000e-01 4.761174000e+00 
8.803163000e-01 4.572580000e+00 
2.807756000e-01 4.841886000e+00 

