2.809183000e-01 5.004007000e+00 
5.100502000e-01 4.903640000e+00 
8.116179000e-01 4.834044000e+00 
8.678643000e-01 4.790169000e+00 
5.029174000e-01 4.939503000e+00 
2.812658000e-01 4.959457000e+00 
7.610820000e-01 4.843228000e+00 
3.031807000e-01 4.941347000e+00 
2.807760000e-01 5.013985000e+00 
2.809570000e-01 4.989249000e+00 
2.807753000e-01 5.029823000e+00 
6.451873000e-01 4.884759000e+00 
7.409346000e-01 4.865633000e+00 
2.862344000e-01 4.945440000e+00 
7.392106000e-01 4.870076000e+00 
9.323766000e-01 4.755263000e+00 

6.853803000e-01 4.909923000e+00 
2.807758000e-01 5.042089000e+00 
2.807753000e-01 5.191956000e+00 
2.898162000e-01 5.028869000e+00 
6.397585000e-01 4.965444000e+00 
3.048905000e-01 4.993381000e+00 
2.807755000e-01 5.095730000e+00 
2.808027000e-01 5.036504000e+00 
6.413963000e-01 4.943752000e+00 
7.838994000e-01 4.868892000e+00 
9.999999000e-01 4.845324000e+00 
3.020833000e-01 5.019515000e+00 
6.557530000e-01 4.929610000e+00 
3.034326000e-01 5.018650000e+00 

2.827408000e-01 5.195736000e+00 
2.807754000e-01 5.626074000e+00 
9.252295000e-01 5.041850000e+00 
7.611854000e-01 5.130829000e+00 
2.807758000e-01 5.379769000e+00 
2.808927000e-01 5.206654000e+00 
2.807753000e-01 5.729769000e+00 
2.808021000e-01 5.271538000e+00 
8.535797000e-01 5.109569000e+00 
2.807832000e-01 5.345661000e+00 
2.807825000e-01 5.348991000e+00 
2.808071000e-01 5.263119000e+00 
2.807912000e-01 5.291010000e+00 
8.984975000e-01 5.071882000e+00 
9.999909000e-01 5.037867000e+00 
6.293180000e-01 5.140195000e+00 

8.341143000e-01 4.945778000e+00 
2.807753000e-01 5.528856000e+00 
2.807762000e-01 5.297253000e+00 
2.807755000e-01 5.453659000e+00 
2.807772000e-01 5.057363000e+00 
2.807769000e-01 5.198396000e+00 
8.661387000e-01 4.915260000e+00 
2.971168000e-01 5.056094000e+00 
6.112172000e-01 5.051931000e+00 
7.671712000e-01 4.967020000e+00 
6.400568000e-01 5.032385000e+00 
6.551619000e-01 5.031144000e+00 
8.350017000e-01 4.945721000e+00 
2.836861000e-01 5.057199000e+00 
9.999983000e-01 4.911113000e+00 
6.678850000e-01 5.011528000e+00 
6.770066000e-01 5.002754000e+00 

7.452535000e-01 4.944130000e+00 
2.808155000e-01 5.090155000e+00 
2.807819000e-01 5.097139000e+00 
2.807753000e-01 5.119085000e+00 
9.199932000e-01 4.888968000e+00 
2.807992000e-01 5.091244000e+00 
7.883376000e-01 4.919358000e+00 
9.182864000e-01 4.895699000e+00 
2.811338000e-01 5.039623000e+00 
7.841046000e-01 4.922616000e+00 
7.716410000e-01 4.938098000e+00 
2.807772000e-01 5.110482000e+00 
2.809284000e-01 5.044316000e+00 
6.857801000e-01 4.977511000e+00 
7.074968000e-01 4.968538000e+00 
2.808465000e-01 5.055139000e+00 
2.897220000e-01 5.035597000e+00 
9.164043000e-01 4.904916000e+00 
2.808176000e-01 5.066989000e+00 

2.807771000e-01 5.415402000e+00 
2.807754000e-01 5.493891000e+00 
9.578078000e-01 4.976173000e+00 
2.808608000e-01 5.106797000e+00 
2.807753000e-01 5.709258000e+00 
2.807756000e-01 5.460721000e+00 
2.807772000e-01 5.216134000e+00 
2.808055000e-01 5.141585000e+00 
7.982028000e-01 5.026467000e+00 
9.959527000e-01 4.970535000e+00 
8.181895000e-01 5.011885000e+00 
8.510316000e-01 4.979110000e+00 
2.838286000e-01 5.095412000e+00 
2.854181000e-01 5.085361000e+00 
2.807925000e-01 5.173456000e+00 
2.807797000e-01 5.196368000e+00 
8.177767000e-01 5.019665000e+00 
7.238860000e-01 5.048529000e+00 

7.892646000e-01 5.189934000e+00 
2.807753000e-01 5.350052000e+00 
7.647480000e-01 5.200965000e+00 
8.131561000e-01 5.181973000e+00 
2.823231000e-01 5.249676000e+00 
7.518302000e-01 5.219346000e+00 
3.358728000e-01 5.227358000e+00 
2.807755000e-01 5.347439000e+00 
7.625266000e-01 5.218408000e+00 
8.344023000e-01 5.149533000e+00 
3.073110000e-01 5.247831000e+00 
2.809396000e-01 5.277958000e+00 
8.211986000e-01 5.165485000e+00 
8.781313000e-01 5.087615000e+00 
2.807829000e-01 5.315790000e+00 
2.807966000e-01 5.290390000e+00 

