2.807753000e-01 6.349262000e+00 
2.807763000e-01 6.118909000e+00 
2.807809000e-01 6.060931000e+00 
2.807754000e-01 6.250671000e+00 
2.807759000e-01 6.130352000e+00 
2.807758000e-01 6.177698000e+00 
2.816848000e-01 5.999116000e+00 
2.818972000e-01 5.983105000e+00 
2.807992000e-01 6.053399000e+00 

2.807755000e-01 6.076628000e+00 
9.999991000e-01 5.974734000e+00 
2.807753000e-01 6.187928000e+00 
2.810368000e-01 6.076588000e+00 
2.813159000e-01 6.032814000e+00 

2.807753000e-01 6.273145000e+00 
2.810591000e-01 6.147313000e+00 
2.823151000e-01 6.104652000e+00 
2.807764000e-01 6.192551000e+00 
2.807761000e-01 6.211141000e+00 
9.657745000e-01 6.038590000e+00 
2.807890000e-01 6.182929000e+00 
9.729097000e-01 6.009266000e+00 
9.770622000e-01 5.955232000e+00 

2.807785000e-01 6.817518000e+00 
2.807753000e-01 6.891155000e+00 
2.807801000e-01 6.382481000e+00 
2.807804000e-01 6.308767000e+00 
2.807794000e-01 6.649575000e+00 
2.807843000e-01 6.201293000e+00 
2.807838000e-01 6.285809000e+00 
2.808169000e-01 6.103937000e+00 

2.807753000e-01 6.288128000e+00 
2.807755000e-01 6.267182000e+00 
2.808458000e-01 6.109336000e+00 
2.807758000e-01 6.224392000e+00 
2.807783000e-01 6.119682000e+00 
2.807768000e-01 6.209466000e+00 
2.807756000e-01 6.258314000e+00 
2.807777000e-01 6.162174000e+00 
2.808115000e-01 6.109869000e+00 
2.812856000e-01 5.977215000e+00 

2.808977000e-01 6.122168000e+00 
2.807755000e-01 6.261414000e+00 
2.807754000e-01 6.318808000e+00 
2.807765000e-01 6.196656000e+00 
2.807753000e-01 6.329043000e+00 
2.807756000e-01 6.216297000e+00 
2.808676000e-01 6.128775000e+00 
2.809575000e-01 6.028747000e+00 
2.809565000e-01 6.101200000e+00 
2.807847000e-01 6.156463000e+00 

2.807986000e-01 6.415132000e+00 
2.808000000e-01 6.341407000e+00 
2.807753000e-01 6.536482000e+00 
2.807776000e-01 6.448078000e+00 
2.808116000e-01 6.167510000e+00 
2.808073000e-01 6.271465000e+00 
2.815613000e-01 6.139961000e+00 

2.807756000e-01 6.328845000e+00 
2.807753000e-01 6.764630000e+00 
2.821463000e-01 6.003166000e+00 
2.808193000e-01 6.051702000e+00 
9.953066000e-01 5.823874000e+00 
2.846441000e-01 5.984194000e+00 
2.808323000e-01 6.023406000e+00 
2.808564000e-01 6.009774000e+00 
2.807769000e-01 6.119006000e+00 
2.915207000e-01 5.946750000e+00 
2.808689000e-01 6.006967000e+00 

