6.596180000e-01 3.157710000e+00 
2.807756000e-01 3.387693000e+00 
2.807933000e-01 3.280228000e+00 
9.069375000e-01 3.011373000e+00 
2.807805000e-01 3.362358000e+00 
6.846104000e-01 3.145884000e+00 
5.052552000e-01 3.197609000e+00 
2.807904000e-01 3.342472000e+00 
9.950150000e-01 3.000667000e+00 
8.405480000e-01 3.097922000e+00 
6.414706000e-01 3.177451000e+00 
6.706574000e-01 3.150018000e+00 
2.807753000e-01 3.631489000e+00 
2.821979000e-01 3.236879000e+00 
2.807930000e-01 3.294401000e+00 
2.808228000e-01 3.269193000e+00 
8.584936000e-01 3.092944000e+00 
6.990430000e-01 3.123170000e+00 
2.807784000e-01 3.367370000e+00 
8.391069000e-01 3.099070000e+00 
7.925430000e-01 3.103504000e+00 
9.963223000e-01 2.990607000e+00 
8.669688000e-01 3.055949000e+00 
8.634454000e-01 3.078009000e+00 
5.742515000e-01 3.189380000e+00 
4.885131000e-01 3.226077000e+00 

2.807755000e-01 3.817478000e+00 
2.807776000e-01 3.477172000e+00 
7.856814000e-01 3.326435000e+00 
9.562206000e-01 3.194033000e+00 
7.862807000e-01 3.324578000e+00 
9.254032000e-01 3.225995000e+00 
7.220570000e-01 3.328940000e+00 
2.807753000e-01 3.881897000e+00 
4.685512000e-01 3.436698000e+00 
6.180129000e-01 3.415425000e+00 
5.988222000e-01 3.419531000e+00 
8.539171000e-01 3.268561000e+00 
6.364914000e-01 3.387413000e+00 
6.325260000e-01 3.400216000e+00 
2.808250000e-01 3.442118000e+00 
8.528428000e-01 3.282164000e+00 
7.872606000e-01 3.310393000e+00 
9.530583000e-01 3.194474000e+00 

2.807753000e-01 5.729769000e+00 
2.807754000e-01 3.828404000e+00 
9.816375000e-01 3.442982000e+00 
2.807776000e-01 3.751177000e+00 
6.411284000e-01 3.580550000e+00 
6.718920000e-01 3.553363000e+00 
8.785425000e-01 3.452668000e+00 
8.413991000e-01 3.509283000e+00 
6.484107000e-01 3.560180000e+00 
2.807788000e-01 3.727109000e+00 
9.962881000e-01 3.430025000e+00 
8.633058000e-01 3.463418000e+00 
7.329570000e-01 3.528833000e+00 
2.807950000e-01 3.702270000e+00 
5.435675000e-01 3.584488000e+00 
9.919354000e-01 3.442678000e+00 
2.808407000e-01 3.622076000e+00 
4.962541000e-01 3.608959000e+00 
8.408081000e-01 3.520107000e+00 
6.495918000e-01 3.554576000e+00 
9.582115000e-01 3.446458000e+00 

2.808096000e-01 3.482390000e+00 
2.808342000e-01 3.457130000e+00 
7.664499000e-01 3.268330000e+00 
6.926483000e-01 3.308085000e+00 
9.904744000e-01 3.175208000e+00 
2.827812000e-01 3.424357000e+00 
7.510638000e-01 3.305462000e+00 
9.911843000e-01 3.148056000e+00 
8.073673000e-01 3.202493000e+00 
2.831500000e-01 3.371205000e+00 
9.951848000e-01 3.106165000e+00 
2.812179000e-01 3.437885000e+00 
2.807753000e-01 3.489766000e+00 
5.420285000e-01 3.310797000e+00 

7.825734000e-01 3.271232000e+00 
9.421419000e-01 3.203576000e+00 
2.807757000e-01 3.701767000e+00 
2.807753000e-01 4.790643000e+00 
9.657705000e-01 3.141884000e+00 
6.288654000e-01 3.278967000e+00 
2.807754000e-01 4.257289000e+00 
2.807794000e-01 3.533402000e+00 
6.232644000e-01 3.282933000e+00 
2.811890000e-01 3.449940000e+00 
2.807824000e-01 3.505223000e+00 
2.958688000e-01 3.400613000e+00 
5.812494000e-01 3.351122000e+00 
8.171899000e-01 3.205559000e+00 
4.838455000e-01 3.357068000e+00 
2.808193000e-01 3.486001000e+00 
3.703571000e-01 3.399985000e+00 
2.817944000e-01 3.409808000e+00 

2.807754000e-01 3.854617000e+00 
2.807753000e-01 4.609812000e+00 
8.464600000e-01 3.310827000e+00 
9.705104000e-01 3.212413000e+00 
5.616700000e-01 3.389888000e+00 
7.318204000e-01 3.315594000e+00 
2.807755000e-01 3.594850000e+00 
2.807761000e-01 3.568737000e+00 
6.880496000e-01 3.355867000e+00 
6.402470000e-01 3.378969000e+00 
8.632269000e-01 3.298725000e+00 
2.814074000e-01 3.468093000e+00 
6.639160000e-01 3.376162000e+00 
8.504161000e-01 3.307202000e+00 
8.606407000e-01 3.304723000e+00 
8.706652000e-01 3.288555000e+00 
6.866374000e-01 3.367595000e+00 
3.025406000e-01 3.413745000e+00 
2.807774000e-01 3.474123000e+00 
2.826669000e-01 3.464472000e+00 
2.842321000e-01 3.438425000e+00 
8.899225000e-01 3.229965000e+00 
6.905969000e-01 3.340361000e+00 

2.807753000e-01 3.848019000e+00 
9.935784000e-01 3.451476000e+00 
9.992294000e-01 3.411147000e+00 
8.210515000e-01 3.484435000e+00 
9.988450000e-01 3.413137000e+00 
6.989030000e-01 3.527938000e+00 
9.999945000e-01 3.354481000e+00 
6.984295000e-01 3.558722000e+00 
2.807763000e-01 3.712122000e+00 
9.981343000e-01 3.442051000e+00 
8.290667000e-01 3.466714000e+00 
9.191227000e-01 3.459579000e+00 
7.298771000e-01 3.512426000e+00 
9.993678000e-01 3.411076000e+00 
5.470029000e-01 3.562488000e+00 
2.889121000e-01 3.636782000e+00 
4.141572000e-01 3.608714000e+00 
7.404105000e-01 3.490722000e+00 
7.219832000e-01 3.515254000e+00 
2.807777000e-01 3.642509000e+00 
9.982154000e-01 3.414659000e+00 
3.059739000e-01 3.616914000e+00 

