2.825458000e-01 6.275097000e+00 
2.807753000e-01 6.819514000e+00 
2.816907000e-01 6.304472000e+00 
2.808133000e-01 6.370486000e+00 
2.807773000e-01 6.468560000e+00 
2.807793000e-01 6.465690000e+00 
5.776623000e-01 6.273754000e+00 
2.807754000e-01 6.488504000e+00 
2.816879000e-01 6.357850000e+00 

2.807753000e-01 6.527211000e+00 
2.812586000e-01 6.363350000e+00 
2.807768000e-01 6.377494000e+00 
2.807755000e-01 6.427960000e+00 

2.868179000e-01 6.387045000e+00 
2.807753000e-01 6.404840000e+00 
9.957214000e-01 6.379323000e+00 
9.959411000e-01 6.352207000e+00 
9.999262000e-01 6.289133000e+00 

2.807785000e-01 6.817518000e+00 
2.807753000e-01 6.891155000e+00 
2.807974000e-01 6.622968000e+00 
2.807840000e-01 6.652269000e+00 
2.807825000e-01 6.753253000e+00 
2.807849000e-01 6.623663000e+00 
2.807983000e-01 6.469617000e+00 

2.807753000e-01 6.432836000e+00 
2.811555000e-01 6.351870000e+00 
2.808640000e-01 6.430434000e+00 
1.000000000e+00 6.290562000e+00 
2.810206000e-01 6.368514000e+00 

2.807759000e-01 6.800897000e+00 
2.807786000e-01 6.467699000e+00 
2.807753000e-01 7.289160000e+00 
2.807772000e-01 6.785192000e+00 
2.811642000e-01 6.346710000e+00 
2.810574000e-01 6.361248000e+00 
2.809421000e-01 6.381740000e+00 
2.807787000e-01 6.411961000e+00 

2.809348000e-01 6.517144000e+00 
2.812224000e-01 6.516822000e+00 
2.816904000e-01 6.471735000e+00 
2.857541000e-01 6.448537000e+00 
8.472340000e-01 6.405102000e+00 
2.809251000e-01 6.566511000e+00 
2.807753000e-01 6.575125000e+00 
2.815779000e-01 6.494303000e+00 

2.807757000e-01 6.699884000e+00 
2.807753000e-01 6.764630000e+00 
2.807762000e-01 6.561352000e+00 
2.808315000e-01 6.314270000e+00 
2.810671000e-01 6.247337000e+00 
2.807758000e-01 6.621620000e+00 
2.807963000e-01 6.426643000e+00 

