2.860351000e-01 7.259559000e+00 
2.813188000e-01 7.440872000e+00 
2.813259000e-01 7.418775000e+00 
2.807753000e-01 7.635763000e+00 
2.807756000e-01 7.591657000e+00 
2.848708000e-01 7.291226000e+00 
2.813394000e-01 7.298413000e+00 
2.867791000e-01 7.221368000e+00 

3.248798000e-01 7.268185000e+00 
2.807753000e-01 7.519676000e+00 
2.820162000e-01 7.303218000e+00 
2.818466000e-01 7.351237000e+00 
2.807997000e-01 7.473809000e+00 
2.808155000e-01 7.391533000e+00 

2.819086000e-01 7.221823000e+00 
2.819084000e-01 7.236198000e+00 
2.819569000e-01 7.198719000e+00 
9.892014000e-01 7.182144000e+00 
2.807753000e-01 7.653675000e+00 
2.807758000e-01 7.332437000e+00 
2.819076000e-01 7.267501000e+00 
9.999999000e-01 7.176002000e+00 

2.807780000e-01 7.747713000e+00 
2.811669000e-01 7.463961000e+00 
2.807753000e-01 7.777964000e+00 
2.808112000e-01 7.499357000e+00 
2.807783000e-01 7.517356000e+00 
2.955741000e-01 7.296199000e+00 
2.810232000e-01 7.473290000e+00 
2.952593000e-01 7.373837000e+00 
2.812211000e-01 7.404923000e+00 
2.859440000e-01 7.396879000e+00 
2.811687000e-01 7.437505000e+00 

2.807800000e-01 7.124299000e+00 
9.675728000e-01 6.995081000e+00 
2.807757000e-01 7.408373000e+00 
2.807753000e-01 7.443591000e+00 

2.807754000e-01 8.199549000e+00 
2.807758000e-01 7.691367000e+00 
2.816680000e-01 7.250437000e+00 
1.000000000e+00 7.245333000e+00 
2.807765000e-01 7.332714000e+00 
2.808567000e-01 7.303698000e+00 
2.815223000e-01 7.282410000e+00 

2.807758000e-01 7.607220000e+00 
2.807797000e-01 7.600497000e+00 
2.807813000e-01 7.369653000e+00 
2.807753000e-01 7.761366000e+00 
6.885282000e-01 7.280520000e+00 
2.807754000e-01 7.706603000e+00 
2.807755000e-01 7.685111000e+00 
3.125764000e-01 7.339665000e+00 
9.494047000e-01 7.186836000e+00 

2.807753000e-01 7.531419000e+00 
2.808009000e-01 7.314014000e+00 
2.807754000e-01 7.398322000e+00 
2.807847000e-01 7.378791000e+00 
9.880825000e-01 7.187268000e+00 
2.812865000e-01 7.265733000e+00 
9.970120000e-01 7.110830000e+00 
2.807983000e-01 7.360209000e+00 

