2.807753000e-01 4.761742000e+00 
9.100919000e-01 4.052979000e+00 
2.807755000e-01 4.583590000e+00 
9.531714000e-01 4.045295000e+00 
7.129950000e-01 4.117316000e+00 
2.807963000e-01 4.256204000e+00 
2.807911000e-01 4.272388000e+00 
2.867039000e-01 4.190896000e+00 
2.810109000e-01 4.214451000e+00 
9.532489000e-01 4.032537000e+00 
2.807760000e-01 4.287523000e+00 
9.993385000e-01 4.016479000e+00 
6.402681000e-01 4.121848000e+00 
9.999996000e-01 3.990110000e+00 
2.808034000e-01 4.235012000e+00 
2.819409000e-01 4.198633000e+00 
9.999981000e-01 4.006099000e+00 
9.992554000e-01 4.029934000e+00 
9.490651000e-01 4.045869000e+00 
7.748806000e-01 4.084836000e+00 
5.902192000e-01 4.157977000e+00 
2.807933000e-01 4.265634000e+00 
6.174707000e-01 4.123525000e+00 

9.644217000e-01 4.148553000e+00 
2.807766000e-01 4.378708000e+00 
2.807753000e-01 5.191956000e+00 
2.807754000e-01 4.626302000e+00 
2.807758000e-01 4.619230000e+00 
2.811032000e-01 4.344825000e+00 
7.451973000e-01 4.198920000e+00 
5.003420000e-01 4.284219000e+00 
2.809381000e-01 4.369776000e+00 
6.583505000e-01 4.222875000e+00 
2.812749000e-01 4.333520000e+00 
2.810023000e-01 4.357761000e+00 
9.973542000e-01 4.092520000e+00 
2.884427000e-01 4.308565000e+00 
5.844402000e-01 4.247558000e+00 
9.888062000e-01 4.124189000e+00 
5.586453000e-01 4.267870000e+00 
9.905233000e-01 4.099313000e+00 
7.983336000e-01 4.167380000e+00 
9.667775000e-01 4.125736000e+00 
2.857040000e-01 4.318347000e+00 
6.826855000e-01 4.210327000e+00 
6.699210000e-01 4.212209000e+00 

2.807753000e-01 5.729769000e+00 
2.810667000e-01 4.520476000e+00 
6.530668000e-01 4.452133000e+00 
2.888061000e-01 4.493223000e+00 
2.807755000e-01 4.636262000e+00 
6.909832000e-01 4.442182000e+00 
2.808546000e-01 4.546699000e+00 
8.618784000e-01 4.367377000e+00 
8.486824000e-01 4.396203000e+00 
8.640494000e-01 4.361146000e+00 
8.394402000e-01 4.409354000e+00 
7.578585000e-01 4.420832000e+00 
2.807754000e-01 4.847595000e+00 
7.127007000e-01 4.435559000e+00 
6.373054000e-01 4.463242000e+00 
8.530640000e-01 4.388644000e+00 
2.807769000e-01 4.583849000e+00 
2.807763000e-01 4.593994000e+00 
8.539408000e-01 4.378594000e+00 
2.808223000e-01 4.565881000e+00 
9.450570000e-01 4.330666000e+00 
9.806376000e-01 4.297943000e+00 

6.893400000e-01 4.299707000e+00 
8.709817000e-01 4.204595000e+00 
2.807796000e-01 4.421989000e+00 
4.899709000e-01 4.300266000e+00 
2.807855000e-01 4.391434000e+00 
2.807753000e-01 4.476776000e+00 
2.807777000e-01 4.446355000e+00 
2.808978000e-01 4.386713000e+00 
2.813807000e-01 4.328400000e+00 
2.807992000e-01 4.386722000e+00 
2.811197000e-01 4.369208000e+00 
8.376505000e-01 4.217264000e+00 
2.816892000e-01 4.302722000e+00 
7.078517000e-01 4.224795000e+00 
9.770501000e-01 4.109462000e+00 
8.719151000e-01 4.126672000e+00 
2.810342000e-01 4.375714000e+00 
8.213375000e-01 4.224140000e+00 

8.859637000e-01 4.111050000e+00 
2.809214000e-01 4.292569000e+00 
2.824845000e-01 4.284236000e+00 
2.807753000e-01 4.790643000e+00 
2.807754000e-01 4.328416000e+00 
2.808586000e-01 4.328002000e+00 
5.976736000e-01 4.199859000e+00 
7.673000000e-01 4.165660000e+00 
8.836758000e-01 4.115259000e+00 
9.981732000e-01 4.015631000e+00 
6.794948000e-01 4.197790000e+00 
9.004746000e-01 4.106632000e+00 
2.838574000e-01 4.227592000e+00 
8.125086000e-01 4.159858000e+00 
8.311629000e-01 4.127456000e+00 
9.284425000e-01 4.066869000e+00 
9.284424000e-01 4.097199000e+00 
2.808724000e-01 4.322202000e+00 

7.761096000e-01 4.231899000e+00 
2.807753000e-01 4.609812000e+00 
7.744566000e-01 4.233652000e+00 
7.729849000e-01 4.247361000e+00 
2.809298000e-01 4.326806000e+00 
8.328723000e-01 4.172878000e+00 
2.807772000e-01 4.339170000e+00 
2.807759000e-01 4.569008000e+00 
6.182519000e-01 4.276549000e+00 
7.932575000e-01 4.231152000e+00 
6.194442000e-01 4.266200000e+00 
9.577191000e-01 4.103448000e+00 
8.260774000e-01 4.181704000e+00 
9.321192000e-01 4.131736000e+00 
8.015722000e-01 4.229777000e+00 
2.815630000e-01 4.302250000e+00 
8.419037000e-01 4.147480000e+00 
3.037317000e-01 4.291477000e+00 

7.131293000e-01 4.377492000e+00 
2.814914000e-01 4.475342000e+00 
2.807965000e-01 4.492071000e+00 
6.202133000e-01 4.405222000e+00 
6.901406000e-01 4.388409000e+00 
2.807753000e-01 4.533419000e+00 
6.626525000e-01 4.390610000e+00 
6.188534000e-01 4.409943000e+00 
2.807757000e-01 4.523002000e+00 
9.999824000e-01 4.221604000e+00 
7.221291000e-01 4.368468000e+00 
2.819472000e-01 4.411887000e+00 
7.925668000e-01 4.338554000e+00 
2.815955000e-01 4.475102000e+00 
8.598832000e-01 4.251838000e+00 

