2.808789000e-01 3.554624000e+00 
9.045607000e-01 3.387741000e+00 
5.325413000e-01 3.455596000e+00 
5.045714000e-01 3.487891000e+00 
9.522392000e-01 3.371141000e+00 
9.731245000e-01 3.335033000e+00 
8.007099000e-01 3.393741000e+00 
6.534162000e-01 3.435326000e+00 
9.748658000e-01 3.302566000e+00 
9.786398000e-01 3.297587000e+00 
9.789710000e-01 3.267879000e+00 
9.282838000e-01 3.377052000e+00 
2.807753000e-01 3.631489000e+00 
2.807822000e-01 3.620302000e+00 
9.730522000e-01 3.337531000e+00 
9.574828000e-01 3.341109000e+00 
2.865185000e-01 3.498042000e+00 
6.920237000e-01 3.407854000e+00 
2.808487000e-01 3.576848000e+00 
5.597005000e-01 3.445232000e+00 

7.720628000e-01 3.672541000e+00 
5.312969000e-01 3.767397000e+00 
2.807753000e-01 5.191956000e+00 
9.966851000e-01 3.568114000e+00 
2.807769000e-01 3.852448000e+00 
6.901406000e-01 3.707171000e+00 
8.983969000e-01 3.619410000e+00 
7.669354000e-01 3.700460000e+00 
9.022657000e-01 3.608887000e+00 
2.807754000e-01 3.885484000e+00 
5.763596000e-01 3.722752000e+00 
2.810591000e-01 3.769192000e+00 
9.488437000e-01 3.588742000e+00 
5.612879000e-01 3.751694000e+00 
2.807864000e-01 3.845285000e+00 
5.748012000e-01 3.725113000e+00 
7.772090000e-01 3.660804000e+00 
8.618330000e-01 3.650563000e+00 
6.650078000e-01 3.709072000e+00 

2.807753000e-01 5.729769000e+00 
2.807754000e-01 4.847595000e+00 
9.265567000e-01 3.830898000e+00 
5.877048000e-01 3.954085000e+00 
9.730466000e-01 3.783268000e+00 
9.668434000e-01 3.788709000e+00 
2.807939000e-01 4.061531000e+00 
8.348707000e-01 3.840608000e+00 
2.807835000e-01 4.069875000e+00 
3.634874000e-01 3.960903000e+00 
2.807757000e-01 4.112906000e+00 
2.807755000e-01 4.494725000e+00 
9.747220000e-01 3.781787000e+00 
6.055014000e-01 3.953676000e+00 
9.394806000e-01 3.817644000e+00 
2.817077000e-01 3.987018000e+00 
6.384058000e-01 3.903890000e+00 
8.795057000e-01 3.830977000e+00 

5.492871000e-01 3.721960000e+00 
8.862546000e-01 3.555443000e+00 
5.747617000e-01 3.656217000e+00 
8.708776000e-01 3.582869000e+00 
8.966683000e-01 3.542570000e+00 
2.807753000e-01 4.476776000e+00 
2.807754000e-01 4.296974000e+00 
2.818434000e-01 3.781169000e+00 
8.019003000e-01 3.590397000e+00 
9.682580000e-01 3.530408000e+00 
6.848212000e-01 3.594203000e+00 
2.808048000e-01 3.793641000e+00 
2.807755000e-01 3.795233000e+00 
2.828574000e-01 3.728074000e+00 
6.436900000e-01 3.623807000e+00 
2.812147000e-01 3.783417000e+00 
9.936054000e-01 3.525289000e+00 
5.389929000e-01 3.724153000e+00 

8.111776000e-01 3.537909000e+00 
2.812796000e-01 3.765013000e+00 
2.813571000e-01 3.739004000e+00 
2.807753000e-01 4.790643000e+00 
5.882704000e-01 3.626965000e+00 
3.041223000e-01 3.703744000e+00 
2.807754000e-01 4.257289000e+00 
4.520460000e-01 3.659230000e+00 
8.035220000e-01 3.584652000e+00 
2.809430000e-01 3.773647000e+00 
3.020431000e-01 3.718742000e+00 
7.148597000e-01 3.610802000e+00 
2.807775000e-01 3.779389000e+00 
1.000000000e+00 3.457621000e+00 
8.034368000e-01 3.585034000e+00 
7.544184000e-01 3.594009000e+00 
4.398179000e-01 3.697728000e+00 
7.621653000e-01 3.591580000e+00 
9.958623000e-01 3.484213000e+00 

6.408045000e-01 3.719949000e+00 
2.807753000e-01 4.609812000e+00 
2.807755000e-01 4.373674000e+00 
2.849415000e-01 3.797253000e+00 
6.060779000e-01 3.732034000e+00 
2.807826000e-01 3.837427000e+00 
5.123782000e-01 3.762598000e+00 
9.712108000e-01 3.535140000e+00 
9.997525000e-01 3.530343000e+00 
2.807756000e-01 3.943206000e+00 
8.006884000e-01 3.587410000e+00 
7.804858000e-01 3.653399000e+00 
3.360528000e-01 3.764074000e+00 
6.625297000e-01 3.694052000e+00 
5.302743000e-01 3.733447000e+00 
5.158949000e-01 3.736058000e+00 
2.810460000e-01 3.807833000e+00 

2.809383000e-01 3.905824000e+00 
2.809767000e-01 3.903539000e+00 
9.392347000e-01 3.746279000e+00 
9.942239000e-01 3.712270000e+00 
6.887573000e-01 3.795902000e+00 
9.999587000e-01 3.663759000e+00 
4.768251000e-01 3.897556000e+00 
8.546268000e-01 3.784685000e+00 
8.474193000e-01 3.789763000e+00 
5.897131000e-01 3.824322000e+00 
9.953230000e-01 3.690192000e+00 
3.725752000e-01 3.900160000e+00 
4.780604000e-01 3.876819000e+00 
5.796774000e-01 3.837191000e+00 
9.048987000e-01 3.751657000e+00 
6.689954000e-01 3.820995000e+00 
8.479428000e-01 3.786796000e+00 
9.863466000e-01 3.716740000e+00 
8.631921000e-01 3.759675000e+00 
2.807753000e-01 3.944171000e+00 
9.996981000e-01 3.686682000e+00 

