9.628006000e-01 2.905150000e+00 
2.807756000e-01 3.387693000e+00 
9.974615000e-01 2.847715000e+00 
2.807825000e-01 3.189089000e+00 
7.864203000e-01 3.055595000e+00 
6.039329000e-01 3.113096000e+00 
7.945093000e-01 3.036954000e+00 
8.893760000e-01 2.952967000e+00 
2.808991000e-01 3.174908000e+00 
9.118349000e-01 2.945374000e+00 
2.808501000e-01 3.188596000e+00 
6.077261000e-01 3.096508000e+00 
2.807753000e-01 3.631489000e+00 
2.807761000e-01 3.224223000e+00 
8.889457000e-01 2.973805000e+00 
9.330215000e-01 2.938326000e+00 
7.885944000e-01 3.040892000e+00 
7.904192000e-01 3.037216000e+00 
9.939306000e-01 2.902539000e+00 
9.939480000e-01 2.883199000e+00 
2.809903000e-01 3.168795000e+00 
6.693940000e-01 3.057917000e+00 
9.339110000e-01 2.928077000e+00 
4.241638000e-01 3.159901000e+00 
8.134521000e-01 3.024299000e+00 
4.707586000e-01 3.119626000e+00 
6.129052000e-01 3.066849000e+00 
4.775446000e-01 3.118147000e+00 
2.807820000e-01 3.195037000e+00 
8.303259000e-01 2.977088000e+00 
9.940415000e-01 2.880053000e+00 

2.807755000e-01 3.817478000e+00 
2.808020000e-01 3.379446000e+00 
7.663085000e-01 3.209375000e+00 
8.595106000e-01 3.147761000e+00 
2.807773000e-01 3.448181000e+00 
7.909821000e-01 3.191798000e+00 
2.811160000e-01 3.377521000e+00 
2.807753000e-01 3.881897000e+00 
6.107664000e-01 3.240404000e+00 
9.516830000e-01 3.074538000e+00 
2.807999000e-01 3.417346000e+00 
8.406548000e-01 3.160005000e+00 
6.266465000e-01 3.229666000e+00 
7.252336000e-01 3.223765000e+00 
9.496041000e-01 3.116167000e+00 
2.807778000e-01 3.444732000e+00 
9.429477000e-01 3.135986000e+00 
2.812105000e-01 3.303117000e+00 
8.198121000e-01 3.182353000e+00 
8.850917000e-01 3.139300000e+00 
9.462347000e-01 3.117851000e+00 
6.106942000e-01 3.300623000e+00 
8.313722000e-01 3.176338000e+00 

2.807753000e-01 5.729769000e+00 
2.807754000e-01 3.828404000e+00 
8.402623000e-01 3.338536000e+00 
9.473420000e-01 3.284405000e+00 
2.811906000e-01 3.526398000e+00 
2.908046000e-01 3.490793000e+00 
2.809579000e-01 3.543267000e+00 
5.986346000e-01 3.460275000e+00 
8.973814000e-01 3.332447000e+00 
2.807774000e-01 3.571396000e+00 
2.836038000e-01 3.520855000e+00 
9.867996000e-01 3.230348000e+00 
2.810851000e-01 3.526956000e+00 
2.807764000e-01 3.761126000e+00 
6.667828000e-01 3.351144000e+00 
9.771958000e-01 3.273320000e+00 
2.810672000e-01 3.534907000e+00 
6.028262000e-01 3.446376000e+00 
8.646390000e-01 3.337075000e+00 
6.520512000e-01 3.431095000e+00 
4.357245000e-01 3.460798000e+00 
8.912541000e-01 3.336692000e+00 

7.707363000e-01 3.159573000e+00 
2.807859000e-01 3.268740000e+00 
9.894971000e-01 3.039214000e+00 
5.681107000e-01 3.223318000e+00 
8.759434000e-01 3.078924000e+00 
2.807809000e-01 3.304034000e+00 
7.645786000e-01 3.186982000e+00 
2.807754000e-01 3.377962000e+00 
5.575727000e-01 3.236321000e+00 
7.727939000e-01 3.131327000e+00 
7.322657000e-01 3.213531000e+00 
9.908618000e-01 3.007219000e+00 
2.807753000e-01 3.489766000e+00 
5.036100000e-01 3.260299000e+00 
5.365765000e-01 3.240788000e+00 
5.106989000e-01 3.242254000e+00 
2.807757000e-01 3.364530000e+00 

3.865241000e-01 3.268346000e+00 
9.629611000e-01 3.067900000e+00 
2.809327000e-01 3.271100000e+00 
9.679854000e-01 3.018178000e+00 
9.651415000e-01 3.062659000e+00 
9.778066000e-01 3.012065000e+00 
7.687899000e-01 3.147356000e+00 
2.807778000e-01 3.341144000e+00 
2.807753000e-01 3.341673000e+00 
4.828910000e-01 3.228087000e+00 
2.807781000e-01 3.287474000e+00 
5.370762000e-01 3.176935000e+00 
9.292681000e-01 3.077286000e+00 
8.057756000e-01 3.124296000e+00 
9.030049000e-01 3.092824000e+00 

8.723676000e-01 3.181002000e+00 
2.807753000e-01 4.609812000e+00 
2.807904000e-01 3.380996000e+00 
9.697397000e-01 3.133332000e+00 
7.150368000e-01 3.181713000e+00 
6.316440000e-01 3.261371000e+00 
2.807754000e-01 3.403495000e+00 
4.997826000e-01 3.308956000e+00 
2.811936000e-01 3.346792000e+00 
9.726160000e-01 3.123340000e+00 
9.655711000e-01 3.135491000e+00 
9.979807000e-01 3.094477000e+00 
9.056020000e-01 3.136214000e+00 
6.926321000e-01 3.223226000e+00 
9.943882000e-01 3.119531000e+00 
2.808712000e-01 3.378845000e+00 
6.897836000e-01 3.223911000e+00 
8.939339000e-01 3.163105000e+00 
2.843759000e-01 3.342817000e+00 
2.809730000e-01 3.373425000e+00 
2.810777000e-01 3.368938000e+00 
4.529178000e-01 3.323981000e+00 

9.126571000e-01 3.327077000e+00 
2.807765000e-01 3.612598000e+00 
8.285817000e-01 3.333629000e+00 
2.811424000e-01 3.536474000e+00 
5.167052000e-01 3.488736000e+00 
7.082797000e-01 3.372999000e+00 
2.808072000e-01 3.582247000e+00 
2.807754000e-01 3.652438000e+00 
6.990881000e-01 3.406235000e+00 
6.986357000e-01 3.427306000e+00 
4.234564000e-01 3.507898000e+00 
7.969896000e-01 3.360912000e+00 
6.448854000e-01 3.433530000e+00 
2.807753000e-01 3.774284000e+00 
2.809310000e-01 3.542697000e+00 
9.711398000e-01 3.274505000e+00 
2.807760000e-01 3.622077000e+00 
3.077495000e-01 3.513461000e+00 
5.277613000e-01 3.465798000e+00 

