9.878807000e-01 5.330334000e+00 
2.807762000e-01 5.674936000e+00 
9.433290000e-01 5.409758000e+00 
2.807778000e-01 5.608010000e+00 
2.808194000e-01 5.521404000e+00 
2.807753000e-01 5.685961000e+00 
9.806714000e-01 5.360662000e+00 
2.807756000e-01 5.681406000e+00 
9.725868000e-01 5.386361000e+00 
2.807784000e-01 5.538407000e+00 
2.900732000e-01 5.421929000e+00 
2.810827000e-01 5.513043000e+00 
9.841885000e-01 5.334885000e+00 
9.939691000e-01 5.327698000e+00 
2.818311000e-01 5.492422000e+00 
2.828027000e-01 5.453746000e+00 
2.811708000e-01 5.505175000e+00 

9.172939000e-01 5.450643000e+00 
2.807753000e-01 5.576593000e+00 
2.822661000e-01 5.499184000e+00 
9.960895000e-01 5.295285000e+00 
9.341312000e-01 5.434385000e+00 
8.921860000e-01 5.465237000e+00 
2.819200000e-01 5.518529000e+00 
8.312147000e-01 5.486556000e+00 
2.808093000e-01 5.537873000e+00 

7.807078000e-01 5.616877000e+00 
9.604566000e-01 5.515468000e+00 
9.528582000e-01 5.530153000e+00 
9.305941000e-01 5.542028000e+00 
2.866126000e-01 5.663664000e+00 
2.812751000e-01 5.672759000e+00 
8.875491000e-01 5.607679000e+00 
2.868369000e-01 5.639864000e+00 
2.807790000e-01 5.709936000e+00 
8.207040000e-01 5.612799000e+00 
8.743439000e-01 5.611599000e+00 
9.259928000e-01 5.548635000e+00 
2.807753000e-01 5.729769000e+00 
9.381077000e-01 5.531967000e+00 
9.001913000e-01 5.594510000e+00 
9.137721000e-01 5.584445000e+00 

2.808115000e-01 5.715409000e+00 
2.807753000e-01 6.891155000e+00 
2.808124000e-01 5.658850000e+00 
9.110704000e-01 5.568127000e+00 
2.809474000e-01 5.632990000e+00 
2.813048000e-01 5.576830000e+00 
2.807824000e-01 5.752117000e+00 
2.808045000e-01 5.719043000e+00 
9.980246000e-01 5.420635000e+00 
2.808538000e-01 5.658068000e+00 
2.807767000e-01 5.761912000e+00 
2.808589000e-01 5.643379000e+00 
2.807947000e-01 5.742249000e+00 
2.809456000e-01 5.639927000e+00 
2.812427000e-01 5.628441000e+00 
9.821163000e-01 5.502521000e+00 
9.947328000e-01 5.491390000e+00 
9.969811000e-01 5.484694000e+00 

2.807753000e-01 6.288128000e+00 
2.807770000e-01 5.653517000e+00 
2.807905000e-01 5.632951000e+00 
9.091225000e-01 5.410827000e+00 
9.321922000e-01 5.343582000e+00 
2.807754000e-01 5.755761000e+00 
2.807908000e-01 5.547491000e+00 
2.807761000e-01 5.665921000e+00 
2.820029000e-01 5.503867000e+00 
9.276963000e-01 5.405055000e+00 
8.902199000e-01 5.454973000e+00 
9.016675000e-01 5.438041000e+00 
2.831980000e-01 5.479241000e+00 
3.955787000e-01 5.463908000e+00 
9.345773000e-01 5.327514000e+00 
2.816340000e-01 5.531023000e+00 

2.807781000e-01 5.633653000e+00 
2.810190000e-01 5.561509000e+00 
9.603971000e-01 5.466954000e+00 
9.999896000e-01 5.455186000e+00 
2.807753000e-01 5.709258000e+00 
9.576270000e-01 5.510474000e+00 
9.863755000e-01 5.464379000e+00 
9.443830000e-01 5.530780000e+00 
2.807754000e-01 5.635390000e+00 

2.807753000e-01 5.939019000e+00 
8.052449000e-01 5.668388000e+00 
8.901121000e-01 5.567011000e+00 
8.297840000e-01 5.661063000e+00 
2.807848000e-01 5.750442000e+00 
2.807794000e-01 5.772574000e+00 
2.807758000e-01 5.838188000e+00 
2.807761000e-01 5.827009000e+00 
2.853763000e-01 5.705256000e+00 
7.292131000e-01 5.702004000e+00 
3.159240000e-01 5.702482000e+00 
2.808577000e-01 5.731658000e+00 
8.830221000e-01 5.637370000e+00 
8.360007000e-01 5.644225000e+00 
8.320425000e-01 5.646449000e+00 
8.659178000e-01 5.639181000e+00 

2.807754000e-01 5.582270000e+00 
6.777585000e-01 5.373423000e+00 
2.807753000e-01 5.871222000e+00 
2.807838000e-01 5.387521000e+00 
2.807787000e-01 5.444805000e+00 
2.807757000e-01 5.485341000e+00 
7.159524000e-01 5.343050000e+00 
2.873705000e-01 5.378777000e+00 
7.822664000e-01 5.281555000e+00 

