2.807753000e-01 6.349262000e+00 
2.819554000e-01 6.044840000e+00 
2.807809000e-01 6.060931000e+00 
2.807759000e-01 6.161965000e+00 
2.824953000e-01 6.035330000e+00 

2.807753000e-01 6.261212000e+00 
2.807783000e-01 6.140719000e+00 
2.807755000e-01 6.148936000e+00 

2.807843000e-01 6.243142000e+00 
2.807753000e-01 6.404840000e+00 
2.807784000e-01 6.268533000e+00 
2.807757000e-01 6.304080000e+00 
9.733860000e-01 6.091576000e+00 
2.807844000e-01 6.207802000e+00 
2.807890000e-01 6.182929000e+00 
9.981361000e-01 6.015377000e+00 
2.824777000e-01 6.157010000e+00 
9.671085000e-01 6.134915000e+00 
9.864754000e-01 6.074425000e+00 

2.807785000e-01 6.817518000e+00 
2.807753000e-01 6.891155000e+00 
2.807801000e-01 6.382481000e+00 
2.807804000e-01 6.308767000e+00 
2.807794000e-01 6.649575000e+00 
2.807843000e-01 6.201293000e+00 

2.807753000e-01 6.288128000e+00 
2.807755000e-01 6.267182000e+00 
2.808406000e-01 6.147260000e+00 
2.818137000e-01 6.027653000e+00 
9.642882000e-01 6.025609000e+00 
2.817152000e-01 6.117497000e+00 
2.808002000e-01 6.205849000e+00 
2.812447000e-01 6.132738000e+00 
2.807758000e-01 6.224392000e+00 

2.807786000e-01 6.232383000e+00 
2.807776000e-01 6.233099000e+00 
2.807754000e-01 6.318808000e+00 
2.809184000e-01 6.172760000e+00 
2.807753000e-01 6.329043000e+00 
2.808975000e-01 6.228689000e+00 
2.809599000e-01 6.168333000e+00 
2.807766000e-01 6.275107000e+00 
2.809802000e-01 6.168072000e+00 

2.808072000e-01 6.364271000e+00 
2.809703000e-01 6.241302000e+00 
2.807753000e-01 6.536482000e+00 
2.807776000e-01 6.448078000e+00 
2.825833000e-01 6.200695000e+00 
2.816723000e-01 6.216984000e+00 
9.317261000e-01 6.196713000e+00 
2.808073000e-01 6.271465000e+00 
2.807986000e-01 6.415132000e+00 

2.807756000e-01 6.328845000e+00 
2.807753000e-01 6.764630000e+00 
2.807771000e-01 6.260562000e+00 
2.808561000e-01 6.107541000e+00 
9.996101000e-01 5.947212000e+00 
2.807769000e-01 6.267491000e+00 
2.807772000e-01 6.125646000e+00 
9.996089000e-01 5.976145000e+00 
2.808411000e-01 6.113696000e+00 
2.808611000e-01 6.066057000e+00 
9.946112000e-01 6.020105000e+00 

