9.906679000e-01 4.539965000e+00 
2.807753000e-01 5.029823000e+00 
7.348360000e-01 4.594959000e+00 
2.807756000e-01 4.746035000e+00 
2.838223000e-01 4.648391000e+00 
9.004333000e-01 4.564246000e+00 
9.817775000e-01 4.550030000e+00 
2.812707000e-01 4.722094000e+00 
7.272246000e-01 4.644750000e+00 
7.322368000e-01 4.631910000e+00 
9.797104000e-01 4.550313000e+00 
9.491998000e-01 4.555506000e+00 
2.808264000e-01 4.731508000e+00 

9.999936000e-01 4.600015000e+00 
2.807756000e-01 4.878212000e+00 
2.807753000e-01 5.191956000e+00 
2.807894000e-01 4.817883000e+00 
6.190179000e-01 4.659660000e+00 
7.915426000e-01 4.652994000e+00 
8.301078000e-01 4.633826000e+00 
2.807755000e-01 4.974520000e+00 
4.881639000e-01 4.741053000e+00 
2.851302000e-01 4.774844000e+00 
5.853058000e-01 4.735115000e+00 
9.999177000e-01 4.607345000e+00 
7.171850000e-01 4.653349000e+00 
9.991698000e-01 4.612813000e+00 
6.084018000e-01 4.703424000e+00 
1.000000000e+00 4.583247000e+00 

2.807753000e-01 5.729769000e+00 
6.552120000e-01 4.933293000e+00 
7.106912000e-01 4.834824000e+00 
2.808394000e-01 4.941456000e+00 
2.807869000e-01 4.997325000e+00 
9.586652000e-01 4.760607000e+00 
2.807754000e-01 5.121825000e+00 
8.853741000e-01 4.793558000e+00 
2.825831000e-01 4.936290000e+00 
6.554357000e-01 4.844993000e+00 
2.807759000e-01 5.030704000e+00 
9.449601000e-01 4.762203000e+00 
9.262870000e-01 4.775960000e+00 
6.962875000e-01 4.841496000e+00 

2.825773000e-01 4.825897000e+00 
2.807753000e-01 5.528856000e+00 
9.859478000e-01 4.635059000e+00 
5.934378000e-01 4.758947000e+00 
9.751807000e-01 4.643361000e+00 
5.123613000e-01 4.790637000e+00 
8.172716000e-01 4.737932000e+00 
2.807755000e-01 5.096958000e+00 
2.807759000e-01 4.926553000e+00 
2.807770000e-01 4.892987000e+00 
8.807475000e-01 4.722586000e+00 
8.453541000e-01 4.727734000e+00 
5.851663000e-01 4.785506000e+00 
2.809877000e-01 4.888745000e+00 
3.954893000e-01 4.799624000e+00 

6.736138000e-01 4.742366000e+00 
7.599384000e-01 4.655743000e+00 
6.991750000e-01 4.683392000e+00 
2.807753000e-01 4.790643000e+00 
8.621118000e-01 4.621011000e+00 
6.026443000e-01 4.751619000e+00 
9.963791000e-01 4.581776000e+00 
2.813227000e-01 4.771402000e+00 
9.145269000e-01 4.584995000e+00 
6.908063000e-01 4.729908000e+00 

2.807760000e-01 4.931980000e+00 
9.980252000e-01 4.565222000e+00 
9.797384000e-01 4.642574000e+00 
9.264278000e-01 4.675785000e+00 
2.807753000e-01 5.004999000e+00 
6.890610000e-01 4.782322000e+00 
2.813525000e-01 4.833829000e+00 
9.623013000e-01 4.655159000e+00 
7.158554000e-01 4.730973000e+00 
9.805725000e-01 4.641112000e+00 
2.834555000e-01 4.788693000e+00 
7.339747000e-01 4.725994000e+00 
2.807905000e-01 4.856205000e+00 
2.807761000e-01 4.924653000e+00 
9.916306000e-01 4.601005000e+00 

6.396870000e-01 4.932565000e+00 
2.807979000e-01 5.000551000e+00 
6.498371000e-01 4.891761000e+00 
2.807753000e-01 5.065391000e+00 
6.947765000e-01 4.862458000e+00 
2.842040000e-01 4.946581000e+00 
2.808140000e-01 4.976562000e+00 
7.832536000e-01 4.831490000e+00 
9.035599000e-01 4.811262000e+00 

