8.029473000e-01 4.743675000e+00 
2.807753000e-01 5.029823000e+00 
9.337613000e-01 4.670563000e+00 
2.821207000e-01 4.886179000e+00 
2.823109000e-01 4.871856000e+00 
2.807782000e-01 4.960891000e+00 
7.275996000e-01 4.792106000e+00 
7.963114000e-01 4.754511000e+00 
2.807760000e-01 5.013985000e+00 
2.807829000e-01 4.902315000e+00 
4.563424000e-01 4.818206000e+00 
2.865649000e-01 4.860580000e+00 
6.885462000e-01 4.809692000e+00 
7.891880000e-01 4.764505000e+00 
8.021179000e-01 4.753811000e+00 
9.965921000e-01 4.664729000e+00 
7.531928000e-01 4.789087000e+00 
2.811178000e-01 4.898554000e+00 

2.807757000e-01 5.008376000e+00 
2.812006000e-01 4.910600000e+00 
2.807753000e-01 5.191956000e+00 
2.807755000e-01 5.035523000e+00 
2.807761000e-01 4.970557000e+00 
7.053849000e-01 4.846574000e+00 
6.706935000e-01 4.871069000e+00 
5.820114000e-01 4.897251000e+00 
7.853188000e-01 4.816880000e+00 
1.000000000e+00 4.738460000e+00 
6.212632000e-01 4.892333000e+00 
2.809303000e-01 4.966741000e+00 
8.138855000e-01 4.799439000e+00 
8.304831000e-01 4.777576000e+00 
6.609285000e-01 4.885087000e+00 

9.151412000e-01 4.971532000e+00 
2.807754000e-01 5.626074000e+00 
9.211548000e-01 4.944590000e+00 
8.897042000e-01 4.995646000e+00 
2.810257000e-01 5.114402000e+00 
2.807849000e-01 5.227172000e+00 
2.807753000e-01 5.729769000e+00 
6.998791000e-01 4.998654000e+00 
2.807757000e-01 5.268622000e+00 
9.281965000e-01 4.931964000e+00 
2.808465000e-01 5.147574000e+00 
6.809098000e-01 5.045013000e+00 
9.856833000e-01 4.931656000e+00 
2.807930000e-01 5.225415000e+00 
3.052885000e-01 5.060681000e+00 
2.808048000e-01 5.171457000e+00 
2.808055000e-01 5.160640000e+00 
6.755567000e-01 5.055871000e+00 

9.956006000e-01 4.776833000e+00 
2.807753000e-01 5.528856000e+00 
6.711484000e-01 4.888868000e+00 
2.807829000e-01 5.042161000e+00 
2.807772000e-01 5.057363000e+00 
8.156372000e-01 4.857932000e+00 
6.441609000e-01 4.891759000e+00 
2.807755000e-01 5.096958000e+00 
2.808540000e-01 4.946345000e+00 
6.336572000e-01 4.941127000e+00 
8.633689000e-01 4.851159000e+00 
9.907428000e-01 4.823272000e+00 
8.125117000e-01 4.864957000e+00 
2.807876000e-01 5.016398000e+00 

7.157927000e-01 4.848991000e+00 
8.220130000e-01 4.812079000e+00 
2.816562000e-01 4.877115000e+00 
2.807753000e-01 5.058036000e+00 
2.807908000e-01 4.966632000e+00 
2.808507000e-01 4.930384000e+00 
2.808052000e-01 4.959804000e+00 
8.108960000e-01 4.824151000e+00 
2.807754000e-01 5.009811000e+00 
2.807838000e-01 4.967407000e+00 
6.908465000e-01 4.849264000e+00 
2.807810000e-01 5.007188000e+00 
7.460940000e-01 4.825338000e+00 
9.323153000e-01 4.776608000e+00 
2.809338000e-01 4.894270000e+00 
7.158669000e-01 4.848848000e+00 

2.807771000e-01 5.415402000e+00 
2.807754000e-01 5.493891000e+00 
8.895589000e-01 4.884085000e+00 
2.808910000e-01 5.003063000e+00 
2.807753000e-01 5.709258000e+00 
2.807756000e-01 5.460721000e+00 
2.807772000e-01 5.216134000e+00 
2.807809000e-01 5.123209000e+00 
7.370460000e-01 4.936160000e+00 
2.807797000e-01 5.196368000e+00 
8.327064000e-01 4.903906000e+00 
9.449961000e-01 4.882524000e+00 
6.914683000e-01 4.982839000e+00 
8.103252000e-01 4.909409000e+00 
2.808085000e-01 5.040237000e+00 
9.956074000e-01 4.876206000e+00 
7.150064000e-01 4.958840000e+00 
2.841112000e-01 4.998601000e+00 
6.919045000e-01 4.974001000e+00 

2.807754000e-01 5.265968000e+00 
2.807753000e-01 5.350052000e+00 
7.530139000e-01 5.060443000e+00 
3.028613000e-01 5.151566000e+00 
2.845846000e-01 5.154258000e+00 
2.817869000e-01 5.168517000e+00 
5.988694000e-01 5.111041000e+00 
2.808020000e-01 5.229760000e+00 
2.807971000e-01 5.260679000e+00 
8.370399000e-01 5.024808000e+00 
7.958448000e-01 5.053585000e+00 
2.809038000e-01 5.184168000e+00 
8.665505000e-01 5.016694000e+00 
2.808071000e-01 5.185777000e+00 

