7.947206000e-01 2.815751000e+00 
4.617780000e-01 2.964529000e+00 
4.656752000e-01 2.963174000e+00 
2.808024000e-01 3.075428000e+00 
2.809894000e-01 3.008067000e+00 
6.085608000e-01 2.878721000e+00 
2.807753000e-01 3.164314000e+00 
9.655735000e-01 2.671786000e+00 
9.026874000e-01 2.762849000e+00 
7.035954000e-01 2.865796000e+00 
2.808069000e-01 3.063438000e+00 
8.261198000e-01 2.799400000e+00 
7.325350000e-01 2.851740000e+00 
2.807759000e-01 3.160843000e+00 
4.836022000e-01 2.955195000e+00 
2.809713000e-01 3.023327000e+00 
5.356240000e-01 2.927119000e+00 
7.745510000e-01 2.834519000e+00 
5.211741000e-01 2.941821000e+00 
2.807916000e-01 3.108813000e+00 
2.809095000e-01 3.040026000e+00 
4.742036000e-01 2.956980000e+00 
4.862945000e-01 2.952953000e+00 
8.551060000e-01 2.795675000e+00 
5.567959000e-01 2.886173000e+00 
2.894642000e-01 2.976544000e+00 
4.367739000e-01 2.976521000e+00 
9.133366000e-01 2.721131000e+00 
2.861061000e-01 3.006318000e+00 

6.231925000e-01 3.020759000e+00 
5.676836000e-01 3.047913000e+00 
9.986461000e-01 2.846672000e+00 
6.512416000e-01 2.976627000e+00 
2.897395000e-01 3.094865000e+00 
7.622083000e-01 2.913844000e+00 
2.807771000e-01 3.137092000e+00 
5.342567000e-01 3.069035000e+00 
5.101373000e-01 3.083448000e+00 
7.538212000e-01 2.938525000e+00 
2.810122000e-01 3.114930000e+00 
9.739329000e-01 2.851489000e+00 
2.807753000e-01 3.168936000e+00 
5.375144000e-01 3.047961000e+00 
6.983618000e-01 2.965736000e+00 
2.810075000e-01 3.123724000e+00 
7.546214000e-01 2.936787000e+00 
2.814389000e-01 3.103656000e+00 
8.709519000e-01 2.871876000e+00 
5.834243000e-01 3.031479000e+00 
8.542877000e-01 2.894488000e+00 
7.570435000e-01 2.936390000e+00 
9.328897000e-01 2.853849000e+00 

2.807753000e-01 5.729769000e+00 
2.807754000e-01 3.828404000e+00 
7.251285000e-01 3.172247000e+00 
9.767753000e-01 3.015264000e+00 
8.549982000e-01 3.100212000e+00 
2.807817000e-01 3.569501000e+00 
2.808572000e-01 3.402450000e+00 
2.807900000e-01 3.480749000e+00 
7.184079000e-01 3.184301000e+00 
2.807774000e-01 3.571396000e+00 
7.261551000e-01 3.130112000e+00 
2.809695000e-01 3.322377000e+00 
2.874289000e-01 3.284047000e+00 
2.807764000e-01 3.761126000e+00 
9.848517000e-01 3.000954000e+00 
8.696405000e-01 3.095170000e+00 
9.752189000e-01 3.041128000e+00 
4.844650000e-01 3.206689000e+00 
2.815091000e-01 3.298625000e+00 
2.809177000e-01 3.383979000e+00 
6.127961000e-01 3.203897000e+00 
2.826556000e-01 3.287827000e+00 
9.454235000e-01 3.052604000e+00 
2.972693000e-01 3.250079000e+00 
6.410026000e-01 3.201697000e+00 

5.669749000e-01 3.018509000e+00 
6.848969000e-01 2.950379000e+00 
6.054547000e-01 2.997233000e+00 
4.934611000e-01 3.039536000e+00 
5.980704000e-01 2.997621000e+00 
2.807837000e-01 3.119746000e+00 
9.433418000e-01 2.834952000e+00 
2.807754000e-01 3.377962000e+00 
2.807817000e-01 3.127576000e+00 
6.630711000e-01 2.985129000e+00 
4.797976000e-01 3.063413000e+00 
9.697211000e-01 2.770994000e+00 
2.807753000e-01 3.489766000e+00 
9.421575000e-01 2.836836000e+00 
2.807761000e-01 3.168836000e+00 
5.470900000e-01 3.038797000e+00 
2.807757000e-01 3.364530000e+00 
2.808606000e-01 3.106045000e+00 
8.188243000e-01 2.895561000e+00 
9.667680000e-01 2.807071000e+00 
8.618126000e-01 2.841879000e+00 
2.810186000e-01 3.066009000e+00 
7.166436000e-01 2.937259000e+00 
9.958926000e-01 2.754892000e+00 
6.528156000e-01 2.985323000e+00 
4.736304000e-01 3.064225000e+00 
7.260725000e-01 2.925006000e+00 
9.675243000e-01 2.806774000e+00 
6.280461000e-01 2.994676000e+00 
8.408481000e-01 2.882625000e+00 

6.356098000e-01 3.017507000e+00 
7.470887000e-01 2.941288000e+00 
9.517431000e-01 2.849848000e+00 
5.241714000e-01 3.068963000e+00 
6.535802000e-01 2.992850000e+00 
7.949937000e-01 2.925820000e+00 
5.991562000e-01 3.045753000e+00 
2.807899000e-01 3.119965000e+00 
2.807753000e-01 3.341673000e+00 
9.793521000e-01 2.831019000e+00 
5.561188000e-01 3.055365000e+00 
6.435142000e-01 3.012083000e+00 
2.807761000e-01 3.144657000e+00 
6.239987000e-01 3.038677000e+00 
2.819724000e-01 3.110670000e+00 
8.636779000e-01 2.906106000e+00 
2.807754000e-01 3.255876000e+00 
3.655402000e-01 3.073302000e+00 
8.637500000e-01 2.883570000e+00 
2.829419000e-01 3.089061000e+00 
9.403669000e-01 2.860116000e+00 
7.251293000e-01 2.983663000e+00 
9.274096000e-01 2.870065000e+00 

9.382488000e-01 2.924447000e+00 
2.807753000e-01 4.609812000e+00 
7.018711000e-01 3.047618000e+00 
9.155747000e-01 2.944532000e+00 
5.201192000e-01 3.120148000e+00 
6.616701000e-01 3.064592000e+00 
2.807754000e-01 3.403495000e+00 
9.983854000e-01 2.861184000e+00 
2.809998000e-01 3.157822000e+00 
8.745332000e-01 2.953894000e+00 
4.185472000e-01 3.150136000e+00 
7.526493000e-01 3.020866000e+00 
6.977150000e-01 3.063512000e+00 
8.377692000e-01 3.000452000e+00 
4.543368000e-01 3.125611000e+00 
2.807755000e-01 3.199294000e+00 
6.651216000e-01 3.064465000e+00 
6.220732000e-01 3.073422000e+00 
7.317409000e-01 3.032767000e+00 
9.398480000e-01 2.915965000e+00 
8.660365000e-01 2.982337000e+00 
9.414420000e-01 2.900623000e+00 
8.766500000e-01 2.949162000e+00 
6.545737000e-01 3.066070000e+00 
9.460904000e-01 2.890340000e+00 
5.330759000e-01 3.097086000e+00 
5.460182000e-01 3.083309000e+00 
7.530811000e-01 3.009274000e+00 

9.555843000e-01 3.092996000e+00 
8.155404000e-01 3.165688000e+00 
5.915675000e-01 3.290484000e+00 
4.755368000e-01 3.297707000e+00 
2.807756000e-01 3.513900000e+00 
9.420304000e-01 3.106939000e+00 
2.807808000e-01 3.443845000e+00 
8.516279000e-01 3.133379000e+00 
9.619793000e-01 3.061084000e+00 
6.116660000e-01 3.245339000e+00 
6.048282000e-01 3.272270000e+00 
2.807754000e-01 3.591007000e+00 
6.087826000e-01 3.256221000e+00 
2.807753000e-01 3.774284000e+00 
8.392989000e-01 3.141406000e+00 
2.809517000e-01 3.313824000e+00 
2.808231000e-01 3.356187000e+00 
2.966857000e-01 3.311005000e+00 
8.741387000e-01 3.125108000e+00 
2.807820000e-01 3.436112000e+00 
4.864184000e-01 3.297069000e+00 
6.504527000e-01 3.181361000e+00 
2.807945000e-01 3.409722000e+00 
6.033974000e-01 3.281057000e+00 
9.845733000e-01 3.058482000e+00 
2.979098000e-01 3.301211000e+00 

