2.809183000e-01 5.004007000e+00 
2.808163000e-01 5.016361000e+00 
8.116179000e-01 4.834044000e+00 
3.214170000e-01 4.955894000e+00 
9.999483000e-01 4.775977000e+00 
2.812658000e-01 4.959457000e+00 
7.889430000e-01 4.863791000e+00 
9.998996000e-01 4.784973000e+00 
8.043814000e-01 4.847887000e+00 
5.073741000e-01 4.953076000e+00 
2.807753000e-01 5.029823000e+00 
6.451873000e-01 4.884759000e+00 
7.420462000e-01 4.872091000e+00 
5.652076000e-01 4.921181000e+00 
6.149624000e-01 4.909793000e+00 
5.627661000e-01 4.940468000e+00 
8.678643000e-01 4.790169000e+00 
1.000000000e+00 4.769159000e+00 

6.853803000e-01 4.909923000e+00 
1.000000000e+00 4.856683000e+00 
2.807753000e-01 5.191956000e+00 
2.898162000e-01 5.028869000e+00 
6.397585000e-01 4.965444000e+00 
3.048905000e-01 4.993381000e+00 
2.807755000e-01 5.095730000e+00 
2.808027000e-01 5.036504000e+00 
2.807792000e-01 5.064259000e+00 

6.424224000e-01 5.168231000e+00 
2.807754000e-01 5.626074000e+00 
6.395297000e-01 5.203693000e+00 
9.753069000e-01 5.052013000e+00 
2.807758000e-01 5.379769000e+00 
2.808927000e-01 5.206654000e+00 
2.807753000e-01 5.729769000e+00 
2.808021000e-01 5.271538000e+00 
6.626551000e-01 5.167208000e+00 
2.807832000e-01 5.345661000e+00 
2.807825000e-01 5.348991000e+00 
8.388723000e-01 5.161496000e+00 
2.807912000e-01 5.291010000e+00 
8.984975000e-01 5.071882000e+00 
9.681408000e-01 5.066929000e+00 
8.621981000e-01 5.115159000e+00 

6.604252000e-01 5.037128000e+00 
2.807753000e-01 5.528856000e+00 
2.807762000e-01 5.297253000e+00 
2.807755000e-01 5.453659000e+00 
6.449648000e-01 5.041115000e+00 
2.807769000e-01 5.198396000e+00 
2.818744000e-01 5.103306000e+00 
2.807864000e-01 5.144738000e+00 
6.112172000e-01 5.051931000e+00 
7.671712000e-01 4.967020000e+00 
2.808061000e-01 5.118445000e+00 
2.807834000e-01 5.156774000e+00 
2.971168000e-01 5.056094000e+00 
2.816848000e-01 5.106457000e+00 
8.661387000e-01 4.915260000e+00 
8.341143000e-01 4.945778000e+00 

7.452535000e-01 4.944130000e+00 
7.065468000e-01 5.016393000e+00 
2.807819000e-01 5.097139000e+00 
2.807753000e-01 5.119085000e+00 
9.199932000e-01 4.888968000e+00 
2.807992000e-01 5.091244000e+00 
2.860734000e-01 5.041503000e+00 
7.061255000e-01 5.035455000e+00 
7.214589000e-01 4.993935000e+00 
7.841046000e-01 4.922616000e+00 
7.327568000e-01 4.990069000e+00 
6.535105000e-01 5.036846000e+00 
2.808249000e-01 5.075835000e+00 
9.193076000e-01 4.902237000e+00 
2.809533000e-01 5.049695000e+00 
2.808465000e-01 5.055139000e+00 
2.807772000e-01 5.110482000e+00 

2.807771000e-01 5.415402000e+00 
2.807754000e-01 5.493891000e+00 
8.599663000e-01 5.002819000e+00 
9.258459000e-01 4.986324000e+00 
2.807753000e-01 5.709258000e+00 
2.807756000e-01 5.460721000e+00 
2.807772000e-01 5.216134000e+00 
8.068154000e-01 5.035055000e+00 
7.936928000e-01 5.072726000e+00 
7.713295000e-01 5.079819000e+00 
7.616357000e-01 5.081802000e+00 
8.280974000e-01 5.020497000e+00 
2.808106000e-01 5.161132000e+00 
2.808343000e-01 5.142104000e+00 
7.868102000e-01 5.074403000e+00 
2.807797000e-01 5.196368000e+00 
2.896729000e-01 5.101324000e+00 
2.808608000e-01 5.106797000e+00 

7.892646000e-01 5.189934000e+00 
2.807753000e-01 5.350052000e+00 
7.647480000e-01 5.200965000e+00 
9.286115000e-01 5.095528000e+00 
2.809432000e-01 5.325709000e+00 
8.883171000e-01 5.159108000e+00 
2.812613000e-01 5.288478000e+00 
2.807755000e-01 5.347439000e+00 
2.807901000e-01 5.338121000e+00 
8.914752000e-01 5.120855000e+00 
3.073110000e-01 5.247831000e+00 
8.935301000e-01 5.106289000e+00 
8.211986000e-01 5.165485000e+00 

2.807780000e-01 5.036267000e+00 
2.807840000e-01 4.976138000e+00 
9.811767000e-01 4.674695000e+00 
2.808221000e-01 4.927028000e+00 
2.807892000e-01 4.958584000e+00 
6.853953000e-01 4.784466000e+00 
9.790107000e-01 4.713445000e+00 
2.807753000e-01 5.091224000e+00 
2.807938000e-01 4.957089000e+00 
8.350644000e-01 4.746156000e+00 
2.808712000e-01 4.852868000e+00 
2.899602000e-01 4.849308000e+00 
2.808123000e-01 4.933838000e+00 
9.416189000e-01 4.721391000e+00 
6.606884000e-01 4.814276000e+00 
9.324432000e-01 4.732332000e+00 
9.827232000e-01 4.672713000e+00 

