6.630796000e-01 3.297452000e+00 
2.814414000e-01 3.405925000e+00 
6.565871000e-01 3.302458000e+00 
9.711761000e-01 3.152369000e+00 
5.494973000e-01 3.357810000e+00 
5.236913000e-01 3.362877000e+00 
2.807756000e-01 3.618572000e+00 
9.704696000e-01 3.155880000e+00 
6.721637000e-01 3.266680000e+00 
9.107533000e-01 3.198699000e+00 
2.809461000e-01 3.426024000e+00 
6.672148000e-01 3.268591000e+00 
2.807753000e-01 3.631489000e+00 
6.010970000e-01 3.346926000e+00 
6.431048000e-01 3.319626000e+00 
8.023725000e-01 3.217242000e+00 
2.807772000e-01 3.460250000e+00 
2.814456000e-01 3.379582000e+00 
9.146758000e-01 3.169045000e+00 
7.835637000e-01 3.243135000e+00 

9.944765000e-01 3.392738000e+00 
9.942344000e-01 3.401261000e+00 
9.561717000e-01 3.405269000e+00 
1.000000000e+00 3.385725000e+00 
2.984736000e-01 3.663022000e+00 
2.807788000e-01 3.688187000e+00 
6.061476000e-01 3.571012000e+00 
2.807753000e-01 3.881897000e+00 
2.814255000e-01 3.683026000e+00 
2.807755000e-01 3.817478000e+00 
3.030057000e-01 3.589058000e+00 
8.289228000e-01 3.509410000e+00 
6.515651000e-01 3.518371000e+00 
8.907205000e-01 3.480987000e+00 
8.546323000e-01 3.508947000e+00 
2.848120000e-01 3.676623000e+00 
3.658040000e-01 3.580862000e+00 

2.807753000e-01 5.729769000e+00 
2.807754000e-01 4.847595000e+00 
2.807829000e-01 3.983363000e+00 
2.807797000e-01 4.003752000e+00 
2.807761000e-01 4.060154000e+00 
2.809276000e-01 3.836677000e+00 
8.994518000e-01 3.727700000e+00 
8.987284000e-01 3.732783000e+00 
8.677324000e-01 3.754504000e+00 
9.229096000e-01 3.710009000e+00 
2.807757000e-01 4.112906000e+00 
2.807755000e-01 4.494725000e+00 
9.592874000e-01 3.659980000e+00 
2.808000000e-01 3.971658000e+00 
2.807775000e-01 4.020929000e+00 
9.265680000e-01 3.692505000e+00 
6.062520000e-01 3.763786000e+00 
9.020911000e-01 3.722862000e+00 
9.875782000e-01 3.631935000e+00 
2.808259000e-01 3.946866000e+00 
9.193786000e-01 3.711183000e+00 

2.899927000e-01 3.590303000e+00 
5.208317000e-01 3.546358000e+00 
2.808398000e-01 3.706044000e+00 
6.801001000e-01 3.495156000e+00 
2.807954000e-01 3.779033000e+00 
2.807753000e-01 4.476776000e+00 
2.807754000e-01 4.296974000e+00 
2.807769000e-01 3.786723000e+00 
2.812474000e-01 3.682721000e+00 
2.883281000e-01 3.617347000e+00 
2.807757000e-01 3.793589000e+00 
2.813693000e-01 3.645018000e+00 
2.807755000e-01 3.795233000e+00 
8.172461000e-01 3.454589000e+00 
2.808018000e-01 3.706373000e+00 
2.808014000e-01 3.717913000e+00 
6.008443000e-01 3.524296000e+00 
2.811017000e-01 3.687549000e+00 
2.809255000e-01 3.701051000e+00 
6.807316000e-01 3.474322000e+00 
9.984996000e-01 3.349734000e+00 
2.818029000e-01 3.622695000e+00 
6.419332000e-01 3.502119000e+00 
2.808493000e-01 3.701412000e+00 
9.976644000e-01 3.360757000e+00 
2.813472000e-01 3.667851000e+00 
8.200128000e-01 3.376772000e+00 

7.655947000e-01 3.473770000e+00 
6.358047000e-01 3.509485000e+00 
2.807757000e-01 3.701767000e+00 
2.807753000e-01 4.790643000e+00 
9.968220000e-01 3.359781000e+00 
9.237079000e-01 3.402019000e+00 
2.807754000e-01 4.257289000e+00 
2.816165000e-01 3.593623000e+00 
2.807844000e-01 3.646210000e+00 
2.845708000e-01 3.592010000e+00 
9.997776000e-01 3.355742000e+00 
8.174495000e-01 3.464609000e+00 
8.278051000e-01 3.443646000e+00 
2.881055000e-01 3.527918000e+00 
6.945805000e-01 3.481252000e+00 
8.413843000e-01 3.443181000e+00 
9.961160000e-01 3.388732000e+00 
7.897719000e-01 3.465698000e+00 
9.995670000e-01 3.359075000e+00 
2.807907000e-01 3.623482000e+00 
7.321723000e-01 3.477181000e+00 
8.701044000e-01 3.440513000e+00 

2.807754000e-01 3.854617000e+00 
2.807753000e-01 4.609812000e+00 
6.961698000e-01 3.528426000e+00 
2.807861000e-01 3.808427000e+00 
9.788537000e-01 3.407141000e+00 
8.008856000e-01 3.479522000e+00 
2.807782000e-01 3.828265000e+00 
2.818728000e-01 3.620883000e+00 
9.723899000e-01 3.440239000e+00 
6.606356000e-01 3.539557000e+00 
2.808616000e-01 3.667985000e+00 
7.141931000e-01 3.527789000e+00 
2.808122000e-01 3.670734000e+00 
5.470413000e-01 3.563925000e+00 
7.539921000e-01 3.507498000e+00 
8.181266000e-01 3.448592000e+00 
9.779449000e-01 3.413129000e+00 
9.995712000e-01 3.393880000e+00 
9.995814000e-01 3.381217000e+00 
7.449418000e-01 3.525371000e+00 
6.413041000e-01 3.539779000e+00 

9.875513000e-01 3.606661000e+00 
3.620620000e-01 3.767595000e+00 
2.809461000e-01 3.836145000e+00 
8.832455000e-01 3.646768000e+00 
9.180623000e-01 3.608060000e+00 
8.869861000e-01 3.643514000e+00 
2.807766000e-01 3.863655000e+00 
2.807753000e-01 3.944171000e+00 
7.435477000e-01 3.651197000e+00 
9.937340000e-01 3.582267000e+00 
2.811795000e-01 3.822836000e+00 
6.619867000e-01 3.703734000e+00 
2.807755000e-01 3.921254000e+00 
8.835951000e-01 3.646649000e+00 
2.835807000e-01 3.806466000e+00 
4.235283000e-01 3.716342000e+00 
2.807822000e-01 3.856376000e+00 
8.982159000e-01 3.624920000e+00 
9.927815000e-01 3.606099000e+00 

