2.807789000e-01 7.538518000e+00 
2.828724000e-01 7.196852000e+00 
2.813259000e-01 7.418775000e+00 
2.807753000e-01 7.635763000e+00 
2.807756000e-01 7.591657000e+00 
2.813977000e-01 7.293621000e+00 
2.813394000e-01 7.298413000e+00 
2.808102000e-01 7.435297000e+00 
2.819095000e-01 7.284362000e+00 

3.248798000e-01 7.268185000e+00 
2.807753000e-01 7.519676000e+00 
2.820162000e-01 7.303218000e+00 
2.807754000e-01 7.337945000e+00 
2.945318000e-01 7.269740000e+00 
2.808168000e-01 7.324447000e+00 
9.993072000e-01 7.245810000e+00 

2.819086000e-01 7.221823000e+00 
2.819084000e-01 7.236198000e+00 
2.819569000e-01 7.198719000e+00 
9.584167000e-01 7.113267000e+00 
2.807753000e-01 7.653675000e+00 
2.807758000e-01 7.332437000e+00 
2.815606000e-01 7.251612000e+00 
2.807755000e-01 7.447610000e+00 
2.808549000e-01 7.319372000e+00 
2.812609000e-01 7.285543000e+00 
2.810397000e-01 7.310026000e+00 
2.813246000e-01 7.260506000e+00 
2.807754000e-01 7.499557000e+00 

2.807780000e-01 7.747713000e+00 
2.812211000e-01 7.404923000e+00 
2.807753000e-01 7.777964000e+00 
2.813889000e-01 7.337656000e+00 
2.807783000e-01 7.517356000e+00 
2.955741000e-01 7.296199000e+00 
2.807972000e-01 7.432953000e+00 

2.807800000e-01 7.124299000e+00 
2.807781000e-01 7.319794000e+00 
2.807757000e-01 7.408373000e+00 
2.807753000e-01 7.443591000e+00 
9.359928000e-01 6.874166000e+00 
2.807755000e-01 7.409309000e+00 
2.807764000e-01 7.392638000e+00 

2.808567000e-01 7.303698000e+00 
2.807765000e-01 7.332714000e+00 
2.839674000e-01 7.119808000e+00 
2.807753000e-01 7.397294000e+00 
2.812223000e-01 7.223122000e+00 

2.807758000e-01 7.607220000e+00 
2.807787000e-01 7.460636000e+00 
2.807813000e-01 7.369653000e+00 
2.807753000e-01 7.761366000e+00 
2.807839000e-01 7.315297000e+00 
2.807754000e-01 7.706603000e+00 
2.807755000e-01 7.685111000e+00 
9.494047000e-01 7.186836000e+00 
6.731932000e-01 7.272769000e+00 
2.828302000e-01 7.282767000e+00 

9.970120000e-01 7.110830000e+00 
9.880825000e-01 7.187268000e+00 
2.807753000e-01 7.305695000e+00 
2.807791000e-01 7.249210000e+00 
2.809121000e-01 7.205176000e+00 

