2.807782000e-01 5.330791000e+00 
7.272553000e-01 5.220839000e+00 
2.807754000e-01 5.374968000e+00 
9.812011000e-01 5.072259000e+00 
2.808556000e-01 5.225407000e+00 
2.807753000e-01 5.685961000e+00 
9.997652000e-01 5.032128000e+00 
8.738457000e-01 5.113594000e+00 
7.752335000e-01 5.183238000e+00 
2.808089000e-01 5.278494000e+00 
7.163597000e-01 5.225363000e+00 
9.754347000e-01 5.111878000e+00 

2.807847000e-01 5.369604000e+00 
2.807753000e-01 5.576593000e+00 
2.809077000e-01 5.317112000e+00 
2.807755000e-01 5.414718000e+00 
2.820811000e-01 5.315210000e+00 
7.822410000e-01 5.167566000e+00 
7.699112000e-01 5.233693000e+00 
7.529693000e-01 5.241406000e+00 
2.807920000e-01 5.369336000e+00 
2.828656000e-01 5.300675000e+00 

2.807798000e-01 5.616920000e+00 
2.807754000e-01 5.626074000e+00 
2.807760000e-01 5.621567000e+00 
9.158624000e-01 5.364202000e+00 
8.047697000e-01 5.423353000e+00 
2.807807000e-01 5.591305000e+00 
2.807753000e-01 5.729769000e+00 
2.815802000e-01 5.512727000e+00 
8.796879000e-01 5.399986000e+00 
2.807865000e-01 5.548577000e+00 
6.562035000e-01 5.494060000e+00 
9.195420000e-01 5.340985000e+00 
2.807819000e-01 5.581585000e+00 
6.646794000e-01 5.431743000e+00 
2.807921000e-01 5.523039000e+00 
2.807877000e-01 5.541467000e+00 
2.820897000e-01 5.497451000e+00 

2.814766000e-01 5.396647000e+00 
2.807753000e-01 5.528856000e+00 
2.810957000e-01 5.413219000e+00 
9.551589000e-01 5.207665000e+00 
2.807781000e-01 5.417292000e+00 
9.487648000e-01 5.277348000e+00 
9.817464000e-01 5.200383000e+00 
2.814823000e-01 5.380355000e+00 
9.298285000e-01 5.315982000e+00 
2.821239000e-01 5.317294000e+00 

2.807753000e-01 5.540987000e+00 
2.816843000e-01 5.313691000e+00 
2.808444000e-01 5.374277000e+00 
7.647308000e-01 5.306467000e+00 
2.807758000e-01 5.378813000e+00 
7.523137000e-01 5.307174000e+00 
8.289529000e-01 5.224497000e+00 
8.776107000e-01 5.190077000e+00 
8.106901000e-01 5.266660000e+00 
9.140133000e-01 5.136369000e+00 
2.816051000e-01 5.320951000e+00 
8.021005000e-01 5.270891000e+00 
2.822457000e-01 5.308852000e+00 
8.835769000e-01 5.172696000e+00 
2.812375000e-01 5.343509000e+00 

2.847127000e-01 5.343017000e+00 
2.807754000e-01 5.493891000e+00 
2.808523000e-01 5.422101000e+00 
9.635644000e-01 5.208364000e+00 
2.807753000e-01 5.709258000e+00 
2.808319000e-01 5.448292000e+00 
2.811163000e-01 5.415826000e+00 
2.807842000e-01 5.484001000e+00 
9.097726000e-01 5.265624000e+00 
2.839915000e-01 5.411148000e+00 
8.875174000e-01 5.324164000e+00 
9.535054000e-01 5.265318000e+00 
9.627842000e-01 5.234421000e+00 

2.807753000e-01 5.939019000e+00 
9.232344000e-01 5.416381000e+00 
6.559837000e-01 5.469971000e+00 
2.826868000e-01 5.527482000e+00 
2.807754000e-01 5.717659000e+00 
8.307251000e-01 5.455037000e+00 
2.880016000e-01 5.522196000e+00 
7.898821000e-01 5.463408000e+00 
8.328345000e-01 5.422477000e+00 
9.289314000e-01 5.410015000e+00 
2.860187000e-01 5.527068000e+00 
2.820025000e-01 5.538314000e+00 
2.807755000e-01 5.556147000e+00 

9.814873000e-01 5.028804000e+00 
2.814227000e-01 5.229947000e+00 
2.807753000e-01 5.364275000e+00 
2.833315000e-01 5.212695000e+00 
2.807754000e-01 5.279609000e+00 
2.810798000e-01 5.232211000e+00 
2.825001000e-01 5.215347000e+00 
7.381367000e-01 5.081790000e+00 
9.813231000e-01 5.073234000e+00 
2.807790000e-01 5.232511000e+00 
7.116770000e-01 5.090438000e+00 
2.882107000e-01 5.129989000e+00 
2.853195000e-01 5.205369000e+00 
2.807781000e-01 5.270040000e+00 

