9.046280000e-01 3.273520000e+00 
2.807973000e-01 3.539641000e+00 
2.843558000e-01 3.467423000e+00 
9.711761000e-01 3.152369000e+00 
2.847813000e-01 3.456608000e+00 
8.225967000e-01 3.281231000e+00 
2.807756000e-01 3.618572000e+00 
2.808184000e-01 3.512979000e+00 
5.359489000e-01 3.396198000e+00 
2.872090000e-01 3.400410000e+00 
2.807781000e-01 3.608387000e+00 
2.857428000e-01 3.451121000e+00 
2.807753000e-01 3.631489000e+00 
2.808698000e-01 3.479901000e+00 
2.807851000e-01 3.585840000e+00 
9.147336000e-01 3.265518000e+00 
2.821133000e-01 3.479589000e+00 
6.565871000e-01 3.302458000e+00 
9.481312000e-01 3.239754000e+00 
4.907816000e-01 3.399961000e+00 
6.454402000e-01 3.375696000e+00 

2.808055000e-01 3.763066000e+00 
2.807864000e-01 3.806194000e+00 
8.258215000e-01 3.564708000e+00 
8.297413000e-01 3.537085000e+00 
9.025581000e-01 3.498127000e+00 
6.496480000e-01 3.578665000e+00 
8.986749000e-01 3.533892000e+00 
2.807753000e-01 3.881897000e+00 
9.657684000e-01 3.469349000e+00 
2.807755000e-01 3.817478000e+00 
3.019564000e-01 3.679708000e+00 
3.835714000e-01 3.617582000e+00 
7.525527000e-01 3.577659000e+00 
2.807970000e-01 3.780364000e+00 
9.790344000e-01 3.446016000e+00 
9.944765000e-01 3.392738000e+00 
2.899256000e-01 3.716323000e+00 
2.809961000e-01 3.717075000e+00 

2.807753000e-01 5.729769000e+00 
2.807754000e-01 4.847595000e+00 
2.807829000e-01 3.983363000e+00 
2.807797000e-01 4.003752000e+00 
2.807761000e-01 4.060154000e+00 
5.209550000e-01 3.865508000e+00 
6.237678000e-01 3.860198000e+00 
9.374620000e-01 3.692964000e+00 
7.949936000e-01 3.811672000e+00 
9.229096000e-01 3.710009000e+00 
2.807757000e-01 4.112906000e+00 
2.807755000e-01 4.494725000e+00 
8.367588000e-01 3.790868000e+00 
2.808000000e-01 3.971658000e+00 
2.807775000e-01 4.020929000e+00 
2.810732000e-01 3.957089000e+00 
8.994518000e-01 3.727700000e+00 
8.780253000e-01 3.771110000e+00 
2.816772000e-01 3.895551000e+00 
6.276129000e-01 3.815914000e+00 

5.210168000e-01 3.579404000e+00 
8.125385000e-01 3.525067000e+00 
7.920741000e-01 3.528235000e+00 
9.965480000e-01 3.388348000e+00 
2.807954000e-01 3.779033000e+00 
2.807753000e-01 4.476776000e+00 
2.807754000e-01 4.296974000e+00 
2.807769000e-01 3.786723000e+00 
2.812474000e-01 3.682721000e+00 
9.948851000e-01 3.409516000e+00 
2.807757000e-01 3.793589000e+00 
2.813693000e-01 3.645018000e+00 
2.807755000e-01 3.795233000e+00 
8.172461000e-01 3.454589000e+00 
6.829956000e-01 3.532195000e+00 
2.808014000e-01 3.717913000e+00 
5.083574000e-01 3.606932000e+00 
6.586666000e-01 3.550457000e+00 
4.641322000e-01 3.627474000e+00 
9.685536000e-01 3.427832000e+00 
5.209529000e-01 3.596185000e+00 

7.655947000e-01 3.473770000e+00 
6.358047000e-01 3.509485000e+00 
2.807757000e-01 3.701767000e+00 
2.807753000e-01 4.790643000e+00 
9.968220000e-01 3.359781000e+00 
5.315495000e-01 3.542586000e+00 
2.807754000e-01 4.257289000e+00 
2.816165000e-01 3.593623000e+00 
2.808115000e-01 3.633901000e+00 
2.808044000e-01 3.683427000e+00 
9.347359000e-01 3.403414000e+00 
8.174495000e-01 3.464609000e+00 
8.278051000e-01 3.443646000e+00 
7.539668000e-01 3.498475000e+00 

2.807754000e-01 3.854617000e+00 
2.807753000e-01 4.609812000e+00 
7.613719000e-01 3.534362000e+00 
2.807861000e-01 3.808427000e+00 
9.546838000e-01 3.530249000e+00 
6.928406000e-01 3.569049000e+00 
2.807782000e-01 3.828265000e+00 
5.975420000e-01 3.618135000e+00 
7.484007000e-01 3.562255000e+00 
6.673010000e-01 3.593745000e+00 
7.495287000e-01 3.552018000e+00 
6.940606000e-01 3.562293000e+00 
2.810149000e-01 3.673025000e+00 
2.808407000e-01 3.693038000e+00 
9.605332000e-01 3.487620000e+00 
5.312665000e-01 3.671576000e+00 
5.506405000e-01 3.642879000e+00 
8.097504000e-01 3.530957000e+00 
9.723899000e-01 3.440239000e+00 
2.808598000e-01 3.677987000e+00 
2.808142000e-01 3.715181000e+00 

7.901455000e-01 3.724529000e+00 
9.032972000e-01 3.646824000e+00 
9.937843000e-01 3.624457000e+00 
8.507071000e-01 3.691792000e+00 
5.037244000e-01 3.807349000e+00 
2.829974000e-01 3.845344000e+00 
2.807766000e-01 3.863655000e+00 
2.807753000e-01 3.944171000e+00 
9.972643000e-01 3.613506000e+00 
7.522872000e-01 3.726040000e+00 
9.920754000e-01 3.643563000e+00 
2.851959000e-01 3.834922000e+00 
9.991383000e-01 3.604635000e+00 
2.811597000e-01 3.861289000e+00 
8.885708000e-01 3.686605000e+00 
2.807755000e-01 3.921254000e+00 
1.000000000e+00 3.598084000e+00 
3.828273000e-01 3.813387000e+00 
8.899916000e-01 3.683675000e+00 
9.993691000e-01 3.601265000e+00 
3.869299000e-01 3.810499000e+00 
5.321277000e-01 3.745177000e+00 

