2.807756000e-01 6.773149000e+00 
2.807753000e-01 6.840920000e+00 
2.807845000e-01 6.633295000e+00 
2.816781000e-01 6.527334000e+00 

2.807754000e-01 6.791495000e+00 
2.807765000e-01 6.725446000e+00 
2.807755000e-01 6.728038000e+00 
2.807777000e-01 6.669972000e+00 
2.811287000e-01 6.648598000e+00 
2.807753000e-01 6.896160000e+00 

2.808005000e-01 6.692496000e+00 
2.807754000e-01 7.499557000e+00 
2.807755000e-01 6.973353000e+00 
2.807759000e-01 6.737171000e+00 
2.807753000e-01 7.653675000e+00 
2.808831000e-01 6.636602000e+00 
9.908479000e-01 6.617866000e+00 
9.949038000e-01 6.555119000e+00 
2.807761000e-01 6.707200000e+00 

2.807960000e-01 6.723371000e+00 
2.807838000e-01 6.891650000e+00 
2.807753000e-01 7.777964000e+00 
2.807755000e-01 7.226737000e+00 
2.807765000e-01 6.933551000e+00 
2.807853000e-01 6.868721000e+00 
2.814363000e-01 6.681890000e+00 

2.808050000e-01 6.571395000e+00 
2.807753000e-01 6.696357000e+00 
2.807755000e-01 6.691118000e+00 

2.807759000e-01 6.800897000e+00 
2.811560000e-01 6.625765000e+00 
2.807753000e-01 7.289160000e+00 
2.807772000e-01 6.785192000e+00 
4.146288000e-01 6.579241000e+00 
2.809397000e-01 6.674162000e+00 
2.807861000e-01 6.704938000e+00 

2.807823000e-01 7.073902000e+00 
2.808432000e-01 6.880733000e+00 
2.807754000e-01 7.337176000e+00 
2.808220000e-01 6.921482000e+00 
2.811526000e-01 6.777861000e+00 
2.981678000e-01 6.706477000e+00 
2.807753000e-01 7.443334000e+00 
2.807851000e-01 6.973103000e+00 
2.811229000e-01 6.787891000e+00 
2.807777000e-01 7.087196000e+00 
2.807756000e-01 7.092052000e+00 
2.813896000e-01 6.762398000e+00 
8.129120000e-01 6.648982000e+00 
2.807878000e-01 6.952741000e+00 
2.808471000e-01 6.807150000e+00 
2.854751000e-01 6.752931000e+00 
8.111849000e-01 6.697380000e+00 

2.807755000e-01 6.979061000e+00 
2.808269000e-01 6.712779000e+00 
9.999603000e-01 6.532302000e+00 
2.807753000e-01 7.058496000e+00 
2.807818000e-01 6.791015000e+00 
2.807763000e-01 6.807388000e+00 
2.807756000e-01 6.942110000e+00 
2.807973000e-01 6.723795000e+00 
2.810724000e-01 6.636220000e+00 
2.808448000e-01 6.648172000e+00 
2.807801000e-01 6.799517000e+00 
9.999705000e-01 6.453249000e+00 
2.807828000e-01 6.736078000e+00 
8.049838000e-01 6.615294000e+00 

