2.807753000e-01 6.440434000e+00 
2.807760000e-01 6.289086000e+00 
2.861223000e-01 6.193784000e+00 
2.807823000e-01 6.198503000e+00 
2.807778000e-01 6.243365000e+00 

2.812270000e-01 6.260007000e+00 
2.807756000e-01 6.275667000e+00 
2.825058000e-01 6.249150000e+00 
2.807753000e-01 6.368336000e+00 
2.807754000e-01 6.285320000e+00 

2.807759000e-01 6.324879000e+00 
2.807753000e-01 6.404840000e+00 
2.807784000e-01 6.268533000e+00 
2.827316000e-01 6.254829000e+00 
9.987573000e-01 6.168091000e+00 
9.777133000e-01 6.171697000e+00 
9.709490000e-01 6.209068000e+00 

2.807785000e-01 6.817518000e+00 
2.807753000e-01 6.891155000e+00 
2.810376000e-01 6.403564000e+00 
2.808130000e-01 6.407109000e+00 
2.808116000e-01 6.424303000e+00 
2.807826000e-01 6.660947000e+00 
2.807823000e-01 6.688124000e+00 
2.807828000e-01 6.508728000e+00 
2.807852000e-01 6.427260000e+00 
2.811004000e-01 6.346017000e+00 

2.807753000e-01 6.432836000e+00 
2.812960000e-01 6.182611000e+00 
2.807771000e-01 6.390842000e+00 
9.622634000e-01 6.179509000e+00 
2.808051000e-01 6.324636000e+00 
2.808026000e-01 6.329838000e+00 
2.808329000e-01 6.267148000e+00 
2.808252000e-01 6.298847000e+00 
2.807759000e-01 6.418211000e+00 
2.807943000e-01 6.356257000e+00 
2.807772000e-01 6.376194000e+00 
2.808557000e-01 6.250747000e+00 

2.807759000e-01 6.800897000e+00 
2.807766000e-01 6.407911000e+00 
2.807753000e-01 7.289160000e+00 
2.807786000e-01 6.237929000e+00 

2.810390000e-01 6.355034000e+00 
2.807846000e-01 6.505184000e+00 
2.815397000e-01 6.331018000e+00 
2.809011000e-01 6.401459000e+00 
2.807753000e-01 6.536482000e+00 
2.835650000e-01 6.324882000e+00 
2.809715000e-01 6.394403000e+00 
2.864851000e-01 6.324749000e+00 

2.807756000e-01 6.328845000e+00 
2.807753000e-01 6.764630000e+00 
2.808364000e-01 6.212977000e+00 
9.999824000e-01 6.092997000e+00 
9.995981000e-01 6.128012000e+00 
2.808134000e-01 6.222691000e+00 
2.808106000e-01 6.300399000e+00 
2.807807000e-01 6.301302000e+00 
2.808489000e-01 6.149757000e+00 
9.991156000e-01 6.135400000e+00 

