9.998429000e-01 7.381688000e+00 
2.858617000e-01 7.535961000e+00 
2.826024000e-01 7.615443000e+00 
2.896596000e-01 7.492624000e+00 
9.369980000e-01 7.451615000e+00 
2.807753000e-01 7.635763000e+00 
2.831301000e-01 7.567549000e+00 

2.807965000e-01 7.806814000e+00 
2.807983000e-01 7.684152000e+00 
2.807756000e-01 8.054488000e+00 
2.807842000e-01 7.861926000e+00 
2.807841000e-01 7.957292000e+00 
2.807796000e-01 8.006939000e+00 
2.807855000e-01 7.850619000e+00 
2.808460000e-01 7.672756000e+00 
2.808916000e-01 7.583337000e+00 
2.807857000e-01 7.834747000e+00 
2.808866000e-01 7.669184000e+00 
2.809499000e-01 7.558956000e+00 
2.875940000e-01 7.401499000e+00 

2.807765000e-01 8.083490000e+00 
9.732724000e-01 7.428243000e+00 
9.259390000e-01 7.500747000e+00 
9.602231000e-01 7.452433000e+00 
2.807753000e-01 8.349423000e+00 
3.074909000e-01 7.592320000e+00 
2.807760000e-01 8.087371000e+00 
3.277454000e-01 7.568120000e+00 
3.151980000e-01 7.587268000e+00 
9.063453000e-01 7.506954000e+00 
9.424304000e-01 7.464617000e+00 
9.586752000e-01 7.461776000e+00 
2.807777000e-01 7.785627000e+00 
9.671700000e-01 7.452423000e+00 
2.808412000e-01 7.611806000e+00 
2.807784000e-01 7.654196000e+00 
5.975302000e-01 7.513924000e+00 
2.830644000e-01 7.598431000e+00 

2.815333000e-01 7.628999000e+00 
2.807756000e-01 8.062624000e+00 
2.807979000e-01 7.722622000e+00 
2.808094000e-01 7.631606000e+00 
2.868986000e-01 7.569256000e+00 
5.871984000e-01 7.529748000e+00 
2.865681000e-01 7.591146000e+00 
2.807780000e-01 7.747713000e+00 
2.807761000e-01 7.844215000e+00 

2.813733000e-01 7.491814000e+00 
9.239631000e-01 7.435203000e+00 
2.807755000e-01 7.729336000e+00 
2.807753000e-01 7.914518000e+00 
2.808077000e-01 7.542665000e+00 
2.807866000e-01 7.692408000e+00 

2.807754000e-01 8.199549000e+00 
2.818563000e-01 7.517608000e+00 
2.807759000e-01 7.910894000e+00 
2.807778000e-01 7.727954000e+00 
2.892840000e-01 7.458387000e+00 
2.807758000e-01 8.072649000e+00 
2.812665000e-01 7.598563000e+00 
2.809358000e-01 7.700096000e+00 
2.807770000e-01 7.781768000e+00 
2.811281000e-01 7.673245000e+00 
2.808159000e-01 7.700190000e+00 
2.823507000e-01 7.462553000e+00 

2.829386000e-01 7.603337000e+00 
2.936779000e-01 7.515226000e+00 
2.807898000e-01 7.653221000e+00 
2.807753000e-01 7.761366000e+00 
9.851483000e-01 7.467307000e+00 

2.807753000e-01 7.899415000e+00 
2.807755000e-01 7.454535000e+00 
9.938371000e-01 7.443421000e+00 
9.998182000e-01 7.433311000e+00 

