5.268711000e-01 3.299415000e+00 
8.999680000e-01 3.125821000e+00 
9.670249000e-01 3.079379000e+00 
8.966653000e-01 3.132829000e+00 
2.807805000e-01 3.362358000e+00 
8.253038000e-01 3.147587000e+00 
9.967082000e-01 3.061055000e+00 
2.807904000e-01 3.342472000e+00 
9.706442000e-01 3.063668000e+00 
6.682626000e-01 3.185364000e+00 
2.808724000e-01 3.333107000e+00 
9.588582000e-01 3.085785000e+00 
2.807753000e-01 3.631489000e+00 
2.812462000e-01 3.311089000e+00 
6.043915000e-01 3.245192000e+00 
9.157572000e-01 3.122365000e+00 
6.577472000e-01 3.210606000e+00 
5.182876000e-01 3.300475000e+00 
2.807784000e-01 3.367370000e+00 
9.448465000e-01 3.094787000e+00 
2.807756000e-01 3.387693000e+00 
6.239007000e-01 3.217651000e+00 
9.322122000e-01 3.095819000e+00 
5.594346000e-01 3.250043000e+00 
8.870471000e-01 3.137888000e+00 
2.809218000e-01 3.327812000e+00 
4.892155000e-01 3.307607000e+00 
7.870277000e-01 3.149567000e+00 
7.738328000e-01 3.171837000e+00 

2.807755000e-01 3.817478000e+00 
9.972545000e-01 3.264766000e+00 
8.124282000e-01 3.392908000e+00 
8.501477000e-01 3.356853000e+00 
2.814027000e-01 3.531165000e+00 
2.807788000e-01 3.688187000e+00 
5.866123000e-01 3.454229000e+00 
2.807753000e-01 3.881897000e+00 
8.673345000e-01 3.339640000e+00 
2.812122000e-01 3.533363000e+00 
2.828337000e-01 3.513457000e+00 
2.808549000e-01 3.553059000e+00 
2.807853000e-01 3.665308000e+00 
9.875281000e-01 3.279068000e+00 
9.693308000e-01 3.291766000e+00 
7.648151000e-01 3.425415000e+00 
2.808430000e-01 3.588323000e+00 
2.808136000e-01 3.650645000e+00 
2.824740000e-01 3.529820000e+00 
2.863148000e-01 3.457911000e+00 
8.314459000e-01 3.386952000e+00 
8.851283000e-01 3.333318000e+00 
9.143332000e-01 3.304346000e+00 
6.822089000e-01 3.434606000e+00 
6.086771000e-01 3.438710000e+00 
7.949467000e-01 3.400983000e+00 
7.536972000e-01 3.433849000e+00 

2.807753000e-01 5.729769000e+00 
2.807754000e-01 3.828404000e+00 
8.724273000e-01 3.607420000e+00 
6.827706000e-01 3.636649000e+00 
8.847546000e-01 3.590023000e+00 
8.929110000e-01 3.539870000e+00 
7.232386000e-01 3.616326000e+00 
8.746320000e-01 3.596091000e+00 
9.367518000e-01 3.502497000e+00 
8.890753000e-01 3.571481000e+00 
6.450001000e-01 3.651437000e+00 
4.722052000e-01 3.669524000e+00 
2.807776000e-01 3.751177000e+00 
2.809869000e-01 3.719474000e+00 
8.688325000e-01 3.611336000e+00 
2.808073000e-01 3.736645000e+00 
6.544819000e-01 3.636772000e+00 

5.721513000e-01 3.378694000e+00 
5.616067000e-01 3.437359000e+00 
8.749748000e-01 3.314641000e+00 
9.332618000e-01 3.295118000e+00 
2.807755000e-01 3.795233000e+00 
2.807753000e-01 4.476776000e+00 
2.807754000e-01 4.296974000e+00 
7.296049000e-01 3.334723000e+00 
2.807852000e-01 3.544438000e+00 
2.846067000e-01 3.497105000e+00 
2.807757000e-01 3.793589000e+00 
9.980172000e-01 3.261369000e+00 
5.658261000e-01 3.436497000e+00 
4.738665000e-01 3.448304000e+00 
5.666366000e-01 3.412893000e+00 
2.808212000e-01 3.521630000e+00 
5.665229000e-01 3.419028000e+00 
9.987992000e-01 3.220727000e+00 
5.107966000e-01 3.438573000e+00 
9.901937000e-01 3.285093000e+00 
9.628003000e-01 3.294056000e+00 
4.422176000e-01 3.465748000e+00 
2.866062000e-01 3.472607000e+00 
2.807767000e-01 3.577749000e+00 
2.816927000e-01 3.513449000e+00 
5.204441000e-01 3.437802000e+00 
7.885880000e-01 3.319296000e+00 
6.958814000e-01 3.349003000e+00 
6.526385000e-01 3.373635000e+00 

2.807800000e-01 3.593887000e+00 
3.580893000e-01 3.476207000e+00 
2.807757000e-01 3.701767000e+00 
2.807753000e-01 4.790643000e+00 
8.898738000e-01 3.305390000e+00 
7.964813000e-01 3.343123000e+00 
2.807754000e-01 4.257289000e+00 
3.144871000e-01 3.490909000e+00 
5.732805000e-01 3.460819000e+00 
9.740071000e-01 3.211773000e+00 
2.807824000e-01 3.505223000e+00 
3.996726000e-01 3.465050000e+00 
2.813938000e-01 3.504998000e+00 
7.907173000e-01 3.363018000e+00 
6.669219000e-01 3.403485000e+00 
6.922397000e-01 3.376264000e+00 
6.827992000e-01 3.390560000e+00 
5.749738000e-01 3.411061000e+00 
8.223553000e-01 3.342551000e+00 
5.893547000e-01 3.408885000e+00 
9.471706000e-01 3.215559000e+00 
9.012415000e-01 3.218671000e+00 
8.589391000e-01 3.334430000e+00 
8.852812000e-01 3.307343000e+00 

2.807754000e-01 3.854617000e+00 
2.807753000e-01 4.609812000e+00 
9.051879000e-01 3.325959000e+00 
2.809529000e-01 3.558060000e+00 
9.999830000e-01 3.286728000e+00 
6.964621000e-01 3.389045000e+00 
2.807755000e-01 3.594850000e+00 
9.482354000e-01 3.290652000e+00 
8.781343000e-01 3.340722000e+00 
8.748520000e-01 3.376807000e+00 
9.993042000e-01 3.286921000e+00 
9.291921000e-01 3.323024000e+00 
5.825943000e-01 3.418135000e+00 
2.807761000e-01 3.568737000e+00 
6.868858000e-01 3.398407000e+00 
2.818241000e-01 3.469800000e+00 

2.807753000e-01 3.848019000e+00 
8.484939000e-01 3.542583000e+00 
2.883265000e-01 3.685487000e+00 
3.220650000e-01 3.684082000e+00 
8.573519000e-01 3.532352000e+00 
4.110236000e-01 3.656474000e+00 
9.987007000e-01 3.429772000e+00 
9.993408000e-01 3.415654000e+00 
8.014990000e-01 3.595768000e+00 
2.852005000e-01 3.709246000e+00 
7.732459000e-01 3.595783000e+00 
7.311185000e-01 3.619367000e+00 
8.281342000e-01 3.554520000e+00 
5.703078000e-01 3.648918000e+00 
8.616444000e-01 3.478499000e+00 
2.807763000e-01 3.712122000e+00 

