8.308696000e-01 2.940151000e+00 
9.971604000e-01 2.819538000e+00 
2.807970000e-01 3.159611000e+00 
7.225242000e-01 3.016223000e+00 
5.541623000e-01 3.046116000e+00 
7.663135000e-01 3.008495000e+00 
2.807753000e-01 3.164314000e+00 
8.155561000e-01 2.943665000e+00 
9.913994000e-01 2.858197000e+00 
5.159386000e-01 3.072046000e+00 
6.383731000e-01 3.020917000e+00 
9.966320000e-01 2.855184000e+00 
9.946014000e-01 2.856451000e+00 
2.807759000e-01 3.160843000e+00 
7.870348000e-01 2.986974000e+00 
6.334466000e-01 3.036192000e+00 
8.137388000e-01 2.967111000e+00 
9.709166000e-01 2.886308000e+00 
9.947910000e-01 2.855283000e+00 
8.311365000e-01 2.922461000e+00 
7.936234000e-01 2.980520000e+00 
8.602027000e-01 2.896702000e+00 
2.808975000e-01 3.074945000e+00 

2.807755000e-01 3.817478000e+00 
2.807778000e-01 3.444732000e+00 
7.521668000e-01 3.048156000e+00 
2.807784000e-01 3.271783000e+00 
2.807773000e-01 3.448181000e+00 
7.361854000e-01 3.158604000e+00 
9.585714000e-01 2.997634000e+00 
2.807753000e-01 3.881897000e+00 
7.516445000e-01 3.120003000e+00 
6.667501000e-01 3.187433000e+00 
6.706748000e-01 3.172338000e+00 
7.398758000e-01 3.144910000e+00 
8.583462000e-01 3.019413000e+00 
2.807861000e-01 3.260315000e+00 
5.112210000e-01 3.254887000e+00 
9.831113000e-01 2.985120000e+00 
6.485595000e-01 3.188036000e+00 
5.459519000e-01 3.251857000e+00 
6.204518000e-01 3.193947000e+00 
6.607485000e-01 3.187773000e+00 
5.760640000e-01 3.221691000e+00 
5.521348000e-01 3.241251000e+00 
6.984934000e-01 3.159678000e+00 

2.807753000e-01 5.729769000e+00 
2.807754000e-01 3.828404000e+00 
2.820741000e-01 3.458590000e+00 
9.588295000e-01 3.229966000e+00 
2.809042000e-01 3.562556000e+00 
9.941534000e-01 3.224131000e+00 
9.970821000e-01 3.195765000e+00 
8.178503000e-01 3.255188000e+00 
7.353379000e-01 3.283113000e+00 
2.807774000e-01 3.571396000e+00 
6.667450000e-01 3.340795000e+00 
2.908580000e-01 3.444426000e+00 
2.815954000e-01 3.478816000e+00 
2.807764000e-01 3.761126000e+00 
5.027352000e-01 3.354383000e+00 
2.809894000e-01 3.482465000e+00 
6.798272000e-01 3.295690000e+00 
7.527603000e-01 3.282572000e+00 
6.497547000e-01 3.344885000e+00 
9.505687000e-01 3.249306000e+00 
9.814315000e-01 3.228711000e+00 
2.807817000e-01 3.569501000e+00 
3.627123000e-01 3.387940000e+00 
2.838229000e-01 3.454486000e+00 
9.572158000e-01 3.241854000e+00 
2.809223000e-01 3.505714000e+00 
9.455773000e-01 3.251998000e+00 

6.744943000e-01 3.153207000e+00 
2.807859000e-01 3.268740000e+00 
6.485159000e-01 3.156457000e+00 
9.949691000e-01 2.942011000e+00 
9.941267000e-01 2.943085000e+00 
2.807809000e-01 3.304034000e+00 
2.807772000e-01 3.359776000e+00 
2.807754000e-01 3.377962000e+00 
5.119137000e-01 3.175637000e+00 
9.898714000e-01 2.977051000e+00 
9.090452000e-01 3.009321000e+00 
4.885454000e-01 3.211635000e+00 
2.807753000e-01 3.489766000e+00 
7.893584000e-01 3.079559000e+00 
2.809555000e-01 3.231243000e+00 
8.483126000e-01 3.018837000e+00 
2.807757000e-01 3.364530000e+00 
7.721387000e-01 3.080576000e+00 
8.025103000e-01 3.060859000e+00 
9.275450000e-01 2.977472000e+00 
2.808401000e-01 3.261790000e+00 
7.899515000e-01 3.073985000e+00 
7.505387000e-01 3.128640000e+00 
7.177373000e-01 3.152074000e+00 
5.112371000e-01 3.207833000e+00 
7.583003000e-01 3.101736000e+00 
9.955975000e-01 2.869582000e+00 

4.828938000e-01 3.182911000e+00 
2.812655000e-01 3.253127000e+00 
9.846668000e-01 2.957496000e+00 
7.492516000e-01 3.089711000e+00 
6.176204000e-01 3.140752000e+00 
5.826569000e-01 3.157597000e+00 
2.807846000e-01 3.279440000e+00 
2.807778000e-01 3.341144000e+00 
2.807753000e-01 3.341673000e+00 
9.629494000e-01 2.985012000e+00 
2.807781000e-01 3.287474000e+00 
7.202167000e-01 3.107957000e+00 
9.392517000e-01 2.988573000e+00 
7.635178000e-01 3.086551000e+00 
4.574540000e-01 3.191524000e+00 
2.836338000e-01 3.216201000e+00 
2.986030000e-01 3.202478000e+00 
7.932837000e-01 3.066109000e+00 
2.808490000e-01 3.262220000e+00 
7.167665000e-01 3.137558000e+00 
9.730700000e-01 2.967921000e+00 
8.623517000e-01 3.047568000e+00 
9.781101000e-01 2.967630000e+00 
3.891699000e-01 3.197063000e+00 
8.677668000e-01 3.005672000e+00 
5.271389000e-01 3.161727000e+00 

9.593408000e-01 3.041033000e+00 
2.807753000e-01 4.609812000e+00 
6.121607000e-01 3.173803000e+00 
2.807918000e-01 3.346546000e+00 
9.957707000e-01 3.034174000e+00 
4.872278000e-01 3.287215000e+00 
2.807754000e-01 3.403495000e+00 
4.909903000e-01 3.252042000e+00 
2.807815000e-01 3.371809000e+00 
2.807990000e-01 3.328722000e+00 
7.014029000e-01 3.159116000e+00 
2.986205000e-01 3.292839000e+00 
5.642875000e-01 3.220678000e+00 
6.100608000e-01 3.201171000e+00 
2.809616000e-01 3.312259000e+00 
5.459703000e-01 3.240232000e+00 
9.994013000e-01 3.022282000e+00 
8.356306000e-01 3.118192000e+00 
2.929283000e-01 3.295650000e+00 
8.623983000e-01 3.095187000e+00 
6.004232000e-01 3.212526000e+00 
7.037777000e-01 3.125784000e+00 
9.573943000e-01 3.064780000e+00 
8.442794000e-01 3.117089000e+00 

5.592101000e-01 3.436402000e+00 
2.890512000e-01 3.471254000e+00 
9.114888000e-01 3.268996000e+00 
7.519408000e-01 3.336674000e+00 
2.807756000e-01 3.513900000e+00 
5.288198000e-01 3.441266000e+00 
2.926232000e-01 3.461339000e+00 
6.588124000e-01 3.364572000e+00 
2.807857000e-01 3.495566000e+00 
8.598636000e-01 3.283618000e+00 
9.067772000e-01 3.273018000e+00 
2.807754000e-01 3.591007000e+00 
6.835671000e-01 3.357958000e+00 
2.807753000e-01 3.774284000e+00 
6.350815000e-01 3.394207000e+00 
9.617067000e-01 3.244813000e+00 
2.811422000e-01 3.484476000e+00 
5.404133000e-01 3.438176000e+00 
7.407659000e-01 3.349250000e+00 
9.493586000e-01 3.245929000e+00 
6.562584000e-01 3.377302000e+00 
6.951488000e-01 3.356538000e+00 
9.999999000e-01 3.182990000e+00 
7.522963000e-01 3.322127000e+00 
6.017978000e-01 3.400139000e+00 
9.185565000e-01 3.254165000e+00 
7.234035000e-01 3.350200000e+00 
2.894053000e-01 3.468946000e+00 
6.562054000e-01 3.386644000e+00 
5.119332000e-01 3.450876000e+00 
8.323188000e-01 3.300341000e+00 

