2.807782000e-01 5.330791000e+00 
6.465374000e-01 5.201687000e+00 
8.815504000e-01 5.069149000e+00 
2.853043000e-01 5.222961000e+00 
2.808556000e-01 5.225407000e+00 
7.262016000e-01 5.178920000e+00 
7.871648000e-01 5.137779000e+00 
7.751046000e-01 5.168060000e+00 
9.906986000e-01 5.014242000e+00 
2.808089000e-01 5.278494000e+00 
9.826680000e-01 5.023866000e+00 
8.446012000e-01 5.107003000e+00 
2.813759000e-01 5.223898000e+00 
2.876308000e-01 5.222339000e+00 
7.150989000e-01 5.195327000e+00 
7.228196000e-01 5.181012000e+00 
6.454151000e-01 5.203946000e+00 
2.807753000e-01 5.371555000e+00 

2.819052000e-01 5.278832000e+00 
2.807753000e-01 5.576593000e+00 
6.606925000e-01 5.212981000e+00 
2.807755000e-01 5.414718000e+00 
2.807771000e-01 5.408658000e+00 
6.469544000e-01 5.226654000e+00 
9.014185000e-01 5.107240000e+00 
7.718444000e-01 5.118898000e+00 
2.833267000e-01 5.270259000e+00 
2.807880000e-01 5.304956000e+00 
2.807792000e-01 5.350736000e+00 
7.477485000e-01 5.162252000e+00 

2.828432000e-01 5.462422000e+00 
2.807754000e-01 5.626074000e+00 
2.807760000e-01 5.621567000e+00 
2.814302000e-01 5.478547000e+00 
6.261197000e-01 5.461187000e+00 
7.000239000e-01 5.411888000e+00 
2.807753000e-01 5.729769000e+00 
6.335501000e-01 5.440403000e+00 
2.809196000e-01 5.488301000e+00 
8.792317000e-01 5.322565000e+00 
2.807761000e-01 5.578622000e+00 
2.809056000e-01 5.516794000e+00 
2.807842000e-01 5.538978000e+00 
6.646794000e-01 5.431743000e+00 
2.807921000e-01 5.523039000e+00 
7.070866000e-01 5.408912000e+00 
7.672271000e-01 5.364769000e+00 

9.296790000e-01 5.233723000e+00 
2.807753000e-01 5.528856000e+00 
2.807763000e-01 5.405400000e+00 
9.551589000e-01 5.207665000e+00 
2.821239000e-01 5.317294000e+00 
8.345564000e-01 5.269565000e+00 
9.817464000e-01 5.200383000e+00 
2.807791000e-01 5.386690000e+00 
2.810667000e-01 5.366584000e+00 
8.996519000e-01 5.263959000e+00 
2.808131000e-01 5.374614000e+00 
2.987988000e-01 5.270646000e+00 
9.347076000e-01 5.212287000e+00 

2.807753000e-01 5.540987000e+00 
2.815780000e-01 5.267860000e+00 
8.733802000e-01 5.131492000e+00 
7.409188000e-01 5.242131000e+00 
2.807758000e-01 5.378813000e+00 
2.808112000e-01 5.325586000e+00 
7.611530000e-01 5.211571000e+00 
2.809521000e-01 5.320257000e+00 
8.196506000e-01 5.149372000e+00 
2.807842000e-01 5.341887000e+00 
7.728798000e-01 5.194316000e+00 

9.369842000e-01 5.219550000e+00 
2.807754000e-01 5.493891000e+00 
2.808523000e-01 5.422101000e+00 
9.635644000e-01 5.208364000e+00 
2.807753000e-01 5.709258000e+00 
2.808319000e-01 5.448292000e+00 
2.807868000e-01 5.473824000e+00 
2.807842000e-01 5.484001000e+00 
9.715487000e-01 5.193951000e+00 
2.807978000e-01 5.459836000e+00 
2.808915000e-01 5.373460000e+00 
9.742211000e-01 5.183946000e+00 
8.773430000e-01 5.291398000e+00 
2.810510000e-01 5.317780000e+00 
8.831005000e-01 5.250349000e+00 
2.847253000e-01 5.293915000e+00 
9.659640000e-01 5.195541000e+00 

2.807753000e-01 5.939019000e+00 
8.623990000e-01 5.374019000e+00 
9.321207000e-01 5.365029000e+00 
2.807755000e-01 5.556147000e+00 
7.908801000e-01 5.409918000e+00 
2.807754000e-01 5.598405000e+00 
2.809882000e-01 5.472266000e+00 
6.465737000e-01 5.453532000e+00 

9.814873000e-01 5.028804000e+00 
2.882107000e-01 5.129989000e+00 
2.807753000e-01 5.364275000e+00 
9.930864000e-01 5.008833000e+00 
2.807754000e-01 5.279609000e+00 
2.807781000e-01 5.270040000e+00 
2.949031000e-01 5.126875000e+00 
2.957844000e-01 5.113013000e+00 
2.808340000e-01 5.152957000e+00 
2.807790000e-01 5.232511000e+00 
9.940914000e-01 4.957611000e+00 
6.827724000e-01 5.030464000e+00 
9.809814000e-01 5.028969000e+00 

