2.819945000e-01 6.726893000e+00 
2.816142000e-01 6.766982000e+00 
2.807753000e-01 6.880833000e+00 
2.807866000e-01 6.849695000e+00 

2.810616000e-01 6.846768000e+00 
2.807757000e-01 6.926883000e+00 
2.807753000e-01 7.255415000e+00 
2.810633000e-01 6.831157000e+00 
2.808072000e-01 6.899691000e+00 
2.807754000e-01 7.030412000e+00 
2.849155000e-01 6.805094000e+00 

9.923715000e-01 6.655169000e+00 
2.807754000e-01 7.499557000e+00 
2.827885000e-01 6.820023000e+00 
2.850936000e-01 6.775452000e+00 
2.807753000e-01 7.653675000e+00 
2.820024000e-01 6.825720000e+00 
2.807769000e-01 6.826919000e+00 
2.863518000e-01 6.761168000e+00 
2.807755000e-01 6.973353000e+00 
2.807765000e-01 6.962027000e+00 

2.807889000e-01 6.965669000e+00 
2.807846000e-01 7.102489000e+00 
2.807753000e-01 7.777964000e+00 
2.810867000e-01 6.926925000e+00 
2.807881000e-01 6.990717000e+00 
2.807841000e-01 7.189771000e+00 
2.807755000e-01 7.226737000e+00 
2.807868000e-01 7.007375000e+00 
2.811052000e-01 6.832569000e+00 
2.809361000e-01 6.958830000e+00 

2.807753000e-01 6.900435000e+00 
2.807756000e-01 6.762419000e+00 
2.816614000e-01 6.679263000e+00 

2.809432000e-01 6.784750000e+00 
2.807760000e-01 7.038805000e+00 
2.807753000e-01 7.289160000e+00 
2.807995000e-01 6.836849000e+00 
2.809482000e-01 6.696485000e+00 
2.817154000e-01 6.677253000e+00 

2.807764000e-01 7.326617000e+00 
2.807763000e-01 7.335856000e+00 
2.807754000e-01 7.337176000e+00 
8.166910000e-01 6.839675000e+00 
9.124337000e-01 6.753528000e+00 
3.822776000e-01 6.852931000e+00 
2.807753000e-01 7.443334000e+00 
2.811466000e-01 6.891597000e+00 
2.807881000e-01 6.997925000e+00 
2.807777000e-01 7.087196000e+00 
2.821948000e-01 6.873543000e+00 
2.808220000e-01 6.921482000e+00 
2.822439000e-01 6.872212000e+00 

2.807755000e-01 6.979061000e+00 
2.808054000e-01 6.795659000e+00 
2.808258000e-01 6.750028000e+00 
2.807753000e-01 7.058496000e+00 
2.807768000e-01 6.819315000e+00 
9.997949000e-01 6.627518000e+00 

