9.941065000e-01 4.657290000e+00 
2.807753000e-01 5.029823000e+00 
9.337613000e-01 4.670563000e+00 
9.948761000e-01 4.654911000e+00 
8.197906000e-01 4.681127000e+00 
2.807782000e-01 4.960891000e+00 
9.182586000e-01 4.680836000e+00 
2.826662000e-01 4.853224000e+00 
2.807760000e-01 5.013985000e+00 
2.861881000e-01 4.776280000e+00 
2.807786000e-01 4.864991000e+00 
6.996426000e-01 4.740215000e+00 
2.824511000e-01 4.854810000e+00 
6.932289000e-01 4.765219000e+00 
7.182536000e-01 4.708367000e+00 
2.856154000e-01 4.845951000e+00 
9.999892000e-01 4.647478000e+00 
9.864660000e-01 4.657472000e+00 

8.320378000e-01 4.725278000e+00 
2.808070000e-01 4.909912000e+00 
2.807753000e-01 5.191956000e+00 
2.808725000e-01 4.886066000e+00 
2.807761000e-01 4.970557000e+00 
2.807995000e-01 4.950705000e+00 
6.181926000e-01 4.798424000e+00 
7.845410000e-01 4.769982000e+00 
5.595716000e-01 4.860257000e+00 
9.999999000e-01 4.690168000e+00 
5.793698000e-01 4.847916000e+00 
8.881638000e-01 4.701600000e+00 
2.807755000e-01 5.003186000e+00 
5.443354000e-01 4.884023000e+00 

2.807753000e-01 5.729769000e+00 
9.712293000e-01 4.870239000e+00 
6.589201000e-01 4.953380000e+00 
2.809198000e-01 5.084750000e+00 
8.844542000e-01 4.905701000e+00 
2.818901000e-01 4.993859000e+00 
2.807754000e-01 5.121825000e+00 
9.999775000e-01 4.853948000e+00 

9.956006000e-01 4.776833000e+00 
2.807753000e-01 5.528856000e+00 
4.902083000e-01 4.911388000e+00 
7.474042000e-01 4.852392000e+00 
2.807772000e-01 5.057363000e+00 
2.807786000e-01 5.014299000e+00 
6.192285000e-01 4.876827000e+00 
2.807755000e-01 5.096958000e+00 
2.808540000e-01 4.946345000e+00 
3.214035000e-01 4.914777000e+00 
3.008106000e-01 4.927733000e+00 
9.803755000e-01 4.777773000e+00 
7.936554000e-01 4.828758000e+00 
5.913911000e-01 4.897172000e+00 
8.578634000e-01 4.828114000e+00 
2.807904000e-01 4.948288000e+00 
6.321133000e-01 4.866553000e+00 
6.146990000e-01 4.889737000e+00 
8.755187000e-01 4.815410000e+00 

7.157927000e-01 4.848991000e+00 
7.158669000e-01 4.848848000e+00 
2.815079000e-01 4.853775000e+00 
2.807753000e-01 5.058036000e+00 
7.193152000e-01 4.818532000e+00 
2.808934000e-01 4.886427000e+00 
7.456087000e-01 4.810600000e+00 
2.808953000e-01 4.873761000e+00 
2.807754000e-01 5.009811000e+00 
2.807880000e-01 4.890232000e+00 
6.908465000e-01 4.849264000e+00 
2.807759000e-01 4.947447000e+00 
2.808995000e-01 4.865373000e+00 
7.516828000e-01 4.752622000e+00 
7.163650000e-01 4.823489000e+00 

2.807806000e-01 5.004648000e+00 
2.807754000e-01 5.493891000e+00 
2.807757000e-01 5.032237000e+00 
2.834631000e-01 4.937836000e+00 
2.807753000e-01 5.709258000e+00 
2.807756000e-01 5.460721000e+00 
7.454646000e-01 4.853698000e+00 
2.807798000e-01 5.006337000e+00 
8.605175000e-01 4.809501000e+00 
7.166446000e-01 4.897814000e+00 
2.807809000e-01 4.989056000e+00 
2.820308000e-01 4.956600000e+00 
2.813412000e-01 4.975459000e+00 
6.676371000e-01 4.898277000e+00 

2.807754000e-01 5.265968000e+00 
2.807753000e-01 5.350052000e+00 
7.885661000e-01 4.995388000e+00 
8.873300000e-01 4.984923000e+00 
2.814582000e-01 5.096307000e+00 
2.828058000e-01 5.089178000e+00 
7.463074000e-01 5.086870000e+00 
2.807779000e-01 5.262299000e+00 
7.472932000e-01 5.026754000e+00 
2.807829000e-01 5.211677000e+00 
2.807983000e-01 5.126802000e+00 
2.811988000e-01 5.105745000e+00 

