9.998429000e-01 7.381688000e+00 
2.873410000e-01 7.404421000e+00 
2.831852000e-01 7.453809000e+00 
2.807753000e-01 7.635763000e+00 
2.818953000e-01 7.469522000e+00 
2.813855000e-01 7.568294000e+00 

2.875940000e-01 7.401499000e+00 
2.808045000e-01 7.526919000e+00 
2.807974000e-01 7.546244000e+00 
2.807755000e-01 7.700467000e+00 
2.807895000e-01 7.665548000e+00 
2.811595000e-01 7.422429000e+00 

2.807765000e-01 8.083490000e+00 
2.812736000e-01 7.416437000e+00 
2.807773000e-01 7.595215000e+00 
2.807760000e-01 8.087371000e+00 
2.807753000e-01 8.349423000e+00 
2.807774000e-01 7.529051000e+00 
9.892014000e-01 7.182144000e+00 
2.820185000e-01 7.362189000e+00 
9.242754000e-01 7.281286000e+00 

2.807780000e-01 7.747713000e+00 
2.810125000e-01 7.502741000e+00 
2.807979000e-01 7.722622000e+00 
2.808094000e-01 7.631606000e+00 
3.413396000e-01 7.445373000e+00 
2.807753000e-01 7.777964000e+00 
2.954079000e-01 7.470597000e+00 
2.809930000e-01 7.609668000e+00 

2.808091000e-01 7.509312000e+00 
2.808507000e-01 7.313460000e+00 
2.807755000e-01 7.729336000e+00 
2.807753000e-01 7.914518000e+00 
2.808077000e-01 7.542665000e+00 
2.807756000e-01 7.598882000e+00 
2.808106000e-01 7.424361000e+00 

2.807754000e-01 8.199549000e+00 
2.807770000e-01 7.781768000e+00 
2.807759000e-01 7.910894000e+00 
2.807778000e-01 7.727954000e+00 
2.807781000e-01 7.551265000e+00 
2.807758000e-01 8.072649000e+00 
2.812643000e-01 7.457040000e+00 
3.315605000e-01 7.404108000e+00 
2.807820000e-01 7.490581000e+00 

2.807755000e-01 7.709006000e+00 
2.936779000e-01 7.515226000e+00 
2.807898000e-01 7.653221000e+00 
2.807753000e-01 7.761366000e+00 
2.885730000e-01 7.531057000e+00 
2.810102000e-01 7.546529000e+00 
2.809691000e-01 7.576076000e+00 
2.807765000e-01 7.655016000e+00 
2.809537000e-01 7.587268000e+00 
6.885282000e-01 7.280520000e+00 

2.807753000e-01 7.899415000e+00 
2.807755000e-01 7.454535000e+00 
9.958012000e-01 7.356619000e+00 
2.807847000e-01 7.378791000e+00 
2.807754000e-01 7.871975000e+00 

