9.999921000e-01 5.253572000e+00 
2.807784000e-01 5.538407000e+00 
9.476517000e-01 5.316307000e+00 
2.807799000e-01 5.477482000e+00 
2.809729000e-01 5.455111000e+00 
2.807753000e-01 5.685961000e+00 
2.807754000e-01 5.589258000e+00 
9.623826000e-01 5.310321000e+00 
9.012009000e-01 5.346524000e+00 
2.815060000e-01 5.370855000e+00 
9.861978000e-01 5.254341000e+00 

9.011402000e-01 5.390304000e+00 
2.807753000e-01 5.576593000e+00 
2.822661000e-01 5.499184000e+00 
2.818619000e-01 5.500538000e+00 
2.995318000e-01 5.493638000e+00 
9.958736000e-01 5.278736000e+00 
8.393964000e-01 5.415956000e+00 
8.985218000e-01 5.404410000e+00 
2.807775000e-01 5.509111000e+00 
9.071220000e-01 5.292354000e+00 
7.898193000e-01 5.436080000e+00 
8.984618000e-01 5.412333000e+00 

8.891105000e-01 5.521662000e+00 
2.825300000e-01 5.599740000e+00 
7.738536000e-01 5.575120000e+00 
2.808981000e-01 5.651272000e+00 
8.742217000e-01 5.546363000e+00 
9.201267000e-01 5.514377000e+00 
2.807753000e-01 5.729769000e+00 
7.641086000e-01 5.598840000e+00 
2.807790000e-01 5.709936000e+00 
2.807769000e-01 5.710401000e+00 
2.808212000e-01 5.694798000e+00 
9.238391000e-01 5.489975000e+00 
8.084926000e-01 5.549472000e+00 

2.807767000e-01 5.761912000e+00 
2.807753000e-01 6.891155000e+00 
2.807963000e-01 5.602891000e+00 
2.810748000e-01 5.576909000e+00 
2.811835000e-01 5.527078000e+00 
2.810469000e-01 5.598951000e+00 
2.807824000e-01 5.752117000e+00 
2.807830000e-01 5.639199000e+00 
9.790009000e-01 5.336736000e+00 

2.807753000e-01 6.288128000e+00 
2.807770000e-01 5.653517000e+00 
2.807771000e-01 5.496263000e+00 
2.820528000e-01 5.447577000e+00 
8.691072000e-01 5.359088000e+00 
2.807754000e-01 5.755761000e+00 
8.760928000e-01 5.357285000e+00 
2.807761000e-01 5.665921000e+00 
8.673297000e-01 5.443238000e+00 
8.980469000e-01 5.272861000e+00 
2.891714000e-01 5.446702000e+00 
2.810556000e-01 5.493761000e+00 

2.807781000e-01 5.633653000e+00 
2.810190000e-01 5.561509000e+00 
2.808369000e-01 5.632907000e+00 
2.807754000e-01 5.635390000e+00 
2.807753000e-01 5.709258000e+00 
9.434354000e-01 5.368307000e+00 
2.808850000e-01 5.625800000e+00 
2.890410000e-01 5.522522000e+00 
2.809256000e-01 5.584106000e+00 
2.808872000e-01 5.601466000e+00 
9.816711000e-01 5.346183000e+00 
2.807755000e-01 5.634751000e+00 

2.807753000e-01 5.939019000e+00 
9.278189000e-01 5.489638000e+00 
2.808232000e-01 5.683905000e+00 
8.913765000e-01 5.516864000e+00 
2.807848000e-01 5.750442000e+00 
2.826953000e-01 5.649291000e+00 
2.807758000e-01 5.838188000e+00 
2.807761000e-01 5.827009000e+00 
8.378778000e-01 5.550406000e+00 
7.809514000e-01 5.604084000e+00 
2.807775000e-01 5.760496000e+00 
8.053238000e-01 5.565371000e+00 
2.807763000e-01 5.801370000e+00 

7.623858000e-01 5.264526000e+00 
2.807753000e-01 5.477188000e+00 
6.630108000e-01 5.313396000e+00 
2.807838000e-01 5.387521000e+00 
7.106815000e-01 5.285006000e+00 
6.748952000e-01 5.311734000e+00 
2.813602000e-01 5.370616000e+00 
2.807758000e-01 5.456912000e+00 
2.810548000e-01 5.385791000e+00 
7.995683000e-01 5.197630000e+00 
6.386500000e-01 5.341238000e+00 
9.820150000e-01 5.166268000e+00 
7.406126000e-01 5.282272000e+00 
2.890781000e-01 5.350134000e+00 
2.807823000e-01 5.435086000e+00 
2.807773000e-01 5.441957000e+00 

