8.712019000e-01 7.541853000e+00 
8.108242000e-01 7.637399000e+00 
2.807759000e-01 7.847485000e+00 
2.807905000e-01 7.837189000e+00 
2.826165000e-01 7.640213000e+00 
2.807754000e-01 8.022781000e+00 
2.813906000e-01 7.642343000e+00 
2.809318000e-01 7.825225000e+00 
2.807753000e-01 8.118519000e+00 

2.808100000e-01 7.791028000e+00 
8.789551000e-01 7.530077000e+00 
2.807756000e-01 8.054488000e+00 
2.807842000e-01 7.861926000e+00 
2.807841000e-01 7.957292000e+00 
2.808250000e-01 7.760378000e+00 
2.807855000e-01 7.850619000e+00 
2.808460000e-01 7.672756000e+00 
2.808068000e-01 7.829708000e+00 
2.850592000e-01 7.657130000e+00 
2.807924000e-01 7.841330000e+00 
6.540646000e-01 7.566453000e+00 

2.807765000e-01 8.083490000e+00 
2.826841000e-01 7.657626000e+00 
2.808586000e-01 7.770737000e+00 
9.602231000e-01 7.452433000e+00 
2.807753000e-01 8.349423000e+00 
2.807789000e-01 8.048667000e+00 
2.807760000e-01 8.087371000e+00 
2.808831000e-01 7.690061000e+00 
2.808087000e-01 7.854067000e+00 
2.826869000e-01 7.651151000e+00 
2.813249000e-01 7.680108000e+00 
2.807810000e-01 7.856087000e+00 
3.074909000e-01 7.592320000e+00 
9.075525000e-01 7.580366000e+00 
2.808089000e-01 7.812428000e+00 
2.808217000e-01 7.772906000e+00 

2.807762000e-01 8.052802000e+00 
2.807756000e-01 8.062624000e+00 
2.807797000e-01 7.864907000e+00 
2.967843000e-01 7.657391000e+00 
2.807767000e-01 7.971425000e+00 
2.808139000e-01 7.853294000e+00 
2.809971000e-01 7.691988000e+00 
2.807775000e-01 7.885368000e+00 
6.052091000e-01 7.616366000e+00 
2.807815000e-01 7.857553000e+00 
2.808309000e-01 7.764190000e+00 

2.807766000e-01 8.137786000e+00 
2.808026000e-01 7.888425000e+00 
2.807871000e-01 7.956693000e+00 
2.808057000e-01 7.873141000e+00 
2.807761000e-01 8.301317000e+00 
2.828614000e-01 7.681375000e+00 
2.807773000e-01 7.991375000e+00 
2.808195000e-01 7.819434000e+00 
8.673782000e-01 7.586030000e+00 
9.816546000e-01 7.443535000e+00 
2.829504000e-01 7.665997000e+00 
6.630535000e-01 7.606112000e+00 
2.808556000e-01 7.681662000e+00 

2.807754000e-01 8.199549000e+00 
2.808109000e-01 7.745960000e+00 
2.807759000e-01 7.910894000e+00 
2.809837000e-01 7.705873000e+00 
2.807853000e-01 7.822174000e+00 
2.807758000e-01 8.072649000e+00 
9.999961000e-01 7.486328000e+00 
9.943455000e-01 7.528997000e+00 
8.765437000e-01 7.585697000e+00 
2.811281000e-01 7.673245000e+00 
2.941916000e-01 7.598408000e+00 
9.857338000e-01 7.550423000e+00 
2.807846000e-01 7.855078000e+00 
2.814658000e-01 7.636802000e+00 
2.809796000e-01 7.731188000e+00 

8.166314000e-01 7.699354000e+00 
8.848776000e-01 7.583236000e+00 
8.113539000e-01 7.700812000e+00 
2.807753000e-01 7.859119000e+00 
2.808688000e-01 7.721620000e+00 
2.807990000e-01 7.772784000e+00 
2.807765000e-01 7.825188000e+00 

2.807753000e-01 7.899415000e+00 
9.938998000e-01 7.589665000e+00 
9.978152000e-01 7.521377000e+00 
2.807755000e-01 7.590937000e+00 
9.978660000e-01 7.483133000e+00 
9.998192000e-01 7.450823000e+00 

