2.808074000e-01 3.149616000e+00 
8.620610000e-01 2.889020000e+00 
2.807970000e-01 3.159611000e+00 
2.808975000e-01 3.074945000e+00 
8.050640000e-01 2.942714000e+00 
8.332350000e-01 2.911249000e+00 
2.807753000e-01 3.164314000e+00 
9.967285000e-01 2.795687000e+00 
9.913994000e-01 2.858197000e+00 
2.808710000e-01 3.141862000e+00 
9.743426000e-01 2.872337000e+00 
4.525010000e-01 3.037180000e+00 
9.933936000e-01 2.803112000e+00 
2.807759000e-01 3.160843000e+00 
8.307508000e-01 2.921048000e+00 
9.670963000e-01 2.884312000e+00 
8.602027000e-01 2.896702000e+00 
7.125953000e-01 2.954824000e+00 
8.112919000e-01 2.936272000e+00 
6.313725000e-01 2.986619000e+00 
4.419701000e-01 3.074613000e+00 

2.807755000e-01 3.817478000e+00 
2.807778000e-01 3.444732000e+00 
7.521668000e-01 3.048156000e+00 
2.807784000e-01 3.271783000e+00 
2.807773000e-01 3.448181000e+00 
6.741882000e-01 3.114492000e+00 
9.585714000e-01 2.997634000e+00 
2.807753000e-01 3.881897000e+00 
7.374084000e-01 3.109304000e+00 
2.810818000e-01 3.194568000e+00 
9.591255000e-01 2.979580000e+00 
2.808581000e-01 3.211543000e+00 
8.583462000e-01 3.019413000e+00 
2.807861000e-01 3.260315000e+00 
6.153981000e-01 3.186799000e+00 
6.639632000e-01 3.160110000e+00 
9.015917000e-01 3.001028000e+00 
6.657473000e-01 3.137815000e+00 

2.807753000e-01 5.729769000e+00 
2.807754000e-01 3.828404000e+00 
2.820741000e-01 3.458590000e+00 
9.758558000e-01 3.175983000e+00 
7.893092000e-01 3.215987000e+00 
2.807817000e-01 3.569501000e+00 
2.940939000e-01 3.418115000e+00 
3.627123000e-01 3.387940000e+00 
7.353379000e-01 3.283113000e+00 
2.807774000e-01 3.571396000e+00 
4.980326000e-01 3.377083000e+00 
2.908580000e-01 3.444426000e+00 
2.815954000e-01 3.478816000e+00 
2.807764000e-01 3.761126000e+00 
5.027352000e-01 3.354383000e+00 
4.355977000e-01 3.380871000e+00 
6.798272000e-01 3.295690000e+00 
7.527603000e-01 3.282572000e+00 
6.497547000e-01 3.344885000e+00 
2.838229000e-01 3.454486000e+00 
2.807900000e-01 3.480749000e+00 
6.661010000e-01 3.332326000e+00 
6.688531000e-01 3.323045000e+00 
2.817441000e-01 3.466815000e+00 

2.808200000e-01 3.245487000e+00 
2.807859000e-01 3.268740000e+00 
7.864262000e-01 3.062274000e+00 
2.819862000e-01 3.218758000e+00 
2.813464000e-01 3.220591000e+00 
2.807809000e-01 3.304034000e+00 
2.807772000e-01 3.359776000e+00 
2.807754000e-01 3.377962000e+00 
5.119137000e-01 3.175637000e+00 
7.272851000e-01 3.088722000e+00 
9.711348000e-01 2.915727000e+00 
8.359907000e-01 3.044365000e+00 
2.807753000e-01 3.489766000e+00 
9.955975000e-01 2.869582000e+00 
2.809555000e-01 3.231243000e+00 
8.483126000e-01 3.018837000e+00 
2.807757000e-01 3.364530000e+00 
5.112371000e-01 3.207833000e+00 
8.025103000e-01 3.060859000e+00 
9.275450000e-01 2.977472000e+00 
9.955934000e-01 2.897320000e+00 
5.708893000e-01 3.118640000e+00 
3.421612000e-01 3.210629000e+00 
7.624439000e-01 3.070790000e+00 
8.590940000e-01 2.988621000e+00 
9.292947000e-01 2.932157000e+00 

9.408394000e-01 2.985684000e+00 
9.787671000e-01 2.954709000e+00 
8.623517000e-01 3.047568000e+00 
8.650787000e-01 3.043124000e+00 
6.176204000e-01 3.140752000e+00 
5.826569000e-01 3.157597000e+00 
2.822465000e-01 3.193713000e+00 
9.613277000e-01 2.963899000e+00 
2.807753000e-01 3.341673000e+00 
7.487161000e-01 3.078904000e+00 
7.112965000e-01 3.115223000e+00 
7.202167000e-01 3.107957000e+00 
9.392517000e-01 2.988573000e+00 
8.677668000e-01 3.005672000e+00 
4.574540000e-01 3.191524000e+00 
4.659592000e-01 3.164847000e+00 
2.807754000e-01 3.255876000e+00 
6.703469000e-01 3.125901000e+00 
9.991329000e-01 2.951722000e+00 
7.658942000e-01 3.048923000e+00 
5.271389000e-01 3.161727000e+00 
2.812136000e-01 3.231329000e+00 

3.433317000e-01 3.278154000e+00 
2.807753000e-01 4.609812000e+00 
6.121607000e-01 3.173803000e+00 
2.899026000e-01 3.303654000e+00 
9.957707000e-01 3.034174000e+00 
9.995731000e-01 3.003338000e+00 
2.807754000e-01 3.403495000e+00 
6.542155000e-01 3.165716000e+00 
2.807815000e-01 3.371809000e+00 
5.480767000e-01 3.225430000e+00 
7.014029000e-01 3.159116000e+00 
8.947697000e-01 3.069441000e+00 
5.642875000e-01 3.220678000e+00 
2.900281000e-01 3.284882000e+00 
5.124703000e-01 3.235181000e+00 
9.990289000e-01 3.007638000e+00 
8.886593000e-01 3.091794000e+00 
8.356306000e-01 3.118192000e+00 
2.807912000e-01 3.307162000e+00 
8.623983000e-01 3.095187000e+00 
8.442794000e-01 3.117089000e+00 
7.037777000e-01 3.125784000e+00 
6.003074000e-01 3.193264000e+00 
9.550565000e-01 3.035746000e+00 
4.522130000e-01 3.249664000e+00 
9.134900000e-01 3.067432000e+00 

2.811025000e-01 3.486662000e+00 
2.846302000e-01 3.463894000e+00 
5.588656000e-01 3.416294000e+00 
9.598091000e-01 3.217589000e+00 
2.807756000e-01 3.513900000e+00 
3.144676000e-01 3.416638000e+00 
9.872170000e-01 3.201334000e+00 
6.017978000e-01 3.400139000e+00 
2.807857000e-01 3.495566000e+00 
7.522963000e-01 3.322127000e+00 
6.568592000e-01 3.343531000e+00 
2.807754000e-01 3.591007000e+00 
7.678346000e-01 3.308201000e+00 
2.807753000e-01 3.774284000e+00 
8.323188000e-01 3.300341000e+00 
8.450092000e-01 3.261072000e+00 
2.811422000e-01 3.484476000e+00 
9.999999000e-01 3.182990000e+00 
9.998181000e-01 3.194653000e+00 
6.206871000e-01 3.367421000e+00 
2.823826000e-01 3.484077000e+00 
9.119047000e-01 3.235207000e+00 
9.999745000e-01 3.189174000e+00 
2.870968000e-01 3.426422000e+00 
8.255633000e-01 3.305489000e+00 
6.164472000e-01 3.390878000e+00 
7.059504000e-01 3.325922000e+00 

