5.560969000e-01 3.833157000e+00 
2.807757000e-01 3.918523000e+00 
2.809941000e-01 3.891506000e+00 
6.153568000e-01 3.794001000e+00 
2.807754000e-01 3.981204000e+00 
2.811475000e-01 3.856287000e+00 
2.807753000e-01 4.028083000e+00 
9.800791000e-01 3.605031000e+00 
6.408183000e-01 3.704342000e+00 

8.111758000e-01 3.973581000e+00 
2.807766000e-01 4.378708000e+00 
2.807753000e-01 5.191956000e+00 
2.807754000e-01 4.626302000e+00 
2.807758000e-01 4.619230000e+00 
9.729065000e-01 3.903913000e+00 
9.409732000e-01 3.929428000e+00 
9.999888000e-01 3.848554000e+00 
9.999776000e-01 3.872080000e+00 
9.135291000e-01 3.942533000e+00 
5.815727000e-01 4.036220000e+00 
2.808072000e-01 4.082652000e+00 
2.807771000e-01 4.142413000e+00 
6.022332000e-01 4.024603000e+00 
7.556755000e-01 3.983495000e+00 
6.531577000e-01 3.988357000e+00 
8.773215000e-01 3.944582000e+00 
8.089207000e-01 3.974806000e+00 
6.223536000e-01 4.013283000e+00 
4.661715000e-01 4.060551000e+00 
8.410061000e-01 3.945990000e+00 

2.807753000e-01 5.729769000e+00 
2.807754000e-01 4.847595000e+00 
6.904017000e-01 4.252599000e+00 
9.770600000e-01 4.160023000e+00 
2.829241000e-01 4.310121000e+00 
6.906872000e-01 4.235730000e+00 
2.809429000e-01 4.372056000e+00 
6.261986000e-01 4.266095000e+00 
8.161226000e-01 4.220018000e+00 
2.807758000e-01 4.407436000e+00 
8.259542000e-01 4.175653000e+00 
2.807755000e-01 4.494725000e+00 
2.807777000e-01 4.378212000e+00 
6.906388000e-01 4.243265000e+00 
4.975698000e-01 4.308226000e+00 

2.808638000e-01 4.070291000e+00 
2.807759000e-01 4.232630000e+00 
8.362602000e-01 3.900419000e+00 
2.834193000e-01 4.054137000e+00 
2.807764000e-01 4.085160000e+00 
2.807753000e-01 4.476776000e+00 
2.807754000e-01 4.296974000e+00 
2.810355000e-01 4.056387000e+00 
6.357043000e-01 3.955532000e+00 
6.318933000e-01 4.026308000e+00 
8.605681000e-01 3.896916000e+00 
7.443059000e-01 3.918002000e+00 
9.348587000e-01 3.799299000e+00 
2.872511000e-01 4.043082000e+00 

3.955073000e-01 3.980454000e+00 
8.425950000e-01 3.832494000e+00 
7.835904000e-01 3.893900000e+00 
2.807753000e-01 4.790643000e+00 
2.807796000e-01 4.082337000e+00 
9.981352000e-01 3.811748000e+00 
2.807754000e-01 4.257289000e+00 
3.516799000e-01 3.999791000e+00 
6.660861000e-01 3.921088000e+00 
9.163320000e-01 3.821548000e+00 
6.207821000e-01 3.947273000e+00 
8.002735000e-01 3.879950000e+00 
7.610185000e-01 3.916865000e+00 
9.999373000e-01 3.777456000e+00 
3.154566000e-01 4.024025000e+00 
2.813029000e-01 4.025516000e+00 
2.807826000e-01 4.026744000e+00 
9.995396000e-01 3.804031000e+00 
6.124675000e-01 3.970121000e+00 

2.808402000e-01 4.120343000e+00 
2.807753000e-01 4.609812000e+00 
2.807755000e-01 4.373674000e+00 
2.808058000e-01 4.162335000e+00 
6.107579000e-01 4.015146000e+00 
5.451532000e-01 4.063508000e+00 
9.580799000e-01 3.906104000e+00 
2.807756000e-01 4.361512000e+00 
6.986994000e-01 3.974383000e+00 
2.807761000e-01 4.174599000e+00 
2.809963000e-01 4.074137000e+00 
9.330151000e-01 3.924079000e+00 
8.560985000e-01 3.959516000e+00 
6.932452000e-01 3.996343000e+00 
9.964769000e-01 3.866962000e+00 
9.806801000e-01 3.900110000e+00 
8.504240000e-01 3.972475000e+00 
4.835805000e-01 4.073484000e+00 
6.964198000e-01 3.976238000e+00 

9.999922000e-01 3.981024000e+00 
5.993105000e-01 4.134451000e+00 
2.807763000e-01 4.489961000e+00 
2.808483000e-01 4.213451000e+00 
2.807795000e-01 4.274662000e+00 
2.807753000e-01 4.533419000e+00 
9.999973000e-01 3.961684000e+00 
2.807876000e-01 4.270344000e+00 
2.807757000e-01 4.523002000e+00 
8.926831000e-01 4.014448000e+00 
6.988078000e-01 4.082866000e+00 
3.394073000e-01 4.169337000e+00 
2.807765000e-01 4.436438000e+00 
2.813092000e-01 4.194589000e+00 
8.448124000e-01 4.039124000e+00 
5.698640000e-01 4.165113000e+00 
9.999866000e-01 3.988249000e+00 
6.042974000e-01 4.107681000e+00 
6.034198000e-01 4.125551000e+00 
5.863856000e-01 4.164504000e+00 
8.816823000e-01 4.036161000e+00 
9.961717000e-01 4.002719000e+00 

