6.726328000e-01 4.881885000e+00 
5.100502000e-01 4.903640000e+00 
9.323766000e-01 4.755263000e+00 
8.678643000e-01 4.790169000e+00 
7.362991000e-01 4.831430000e+00 
2.812658000e-01 4.959457000e+00 
8.210335000e-01 4.805024000e+00 
7.300829000e-01 4.862801000e+00 
2.807760000e-01 5.013985000e+00 
2.808434000e-01 4.959795000e+00 
2.807753000e-01 5.029823000e+00 
6.451873000e-01 4.884759000e+00 
2.815091000e-01 4.920989000e+00 
2.808044000e-01 4.987975000e+00 
2.808014000e-01 5.009183000e+00 
7.984858000e-01 4.812658000e+00 

6.853803000e-01 4.909923000e+00 
2.807758000e-01 5.042089000e+00 
2.807753000e-01 5.191956000e+00 
6.007051000e-01 4.960437000e+00 
3.010312000e-01 5.018536000e+00 
3.048905000e-01 4.993381000e+00 
2.807755000e-01 5.095730000e+00 
2.808027000e-01 5.036504000e+00 
6.413963000e-01 4.943752000e+00 
7.838994000e-01 4.868892000e+00 
9.999999000e-01 4.845324000e+00 
8.302947000e-01 4.858599000e+00 
6.557530000e-01 4.929610000e+00 
2.807757000e-01 5.063601000e+00 
2.812367000e-01 5.020912000e+00 
7.745587000e-01 4.888393000e+00 
8.305831000e-01 4.847872000e+00 
1.000000000e+00 4.834540000e+00 
7.713821000e-01 4.909271000e+00 

6.234970000e-01 5.158338000e+00 
2.807754000e-01 5.626074000e+00 
9.252295000e-01 5.041850000e+00 
7.611854000e-01 5.130829000e+00 
8.901246000e-01 5.046400000e+00 
2.808927000e-01 5.206654000e+00 
2.807753000e-01 5.729769000e+00 
2.856020000e-01 5.183537000e+00 
8.535797000e-01 5.109569000e+00 
2.808281000e-01 5.245704000e+00 
6.850126000e-01 5.136401000e+00 
2.808071000e-01 5.263119000e+00 
3.045720000e-01 5.160574000e+00 
6.293180000e-01 5.140195000e+00 
9.999909000e-01 5.037867000e+00 
2.807757000e-01 5.268622000e+00 
8.809720000e-01 5.062843000e+00 
8.806237000e-01 5.106549000e+00 
8.447402000e-01 5.112060000e+00 
2.823650000e-01 5.195186000e+00 

9.801461000e-01 4.899888000e+00 
2.807753000e-01 5.528856000e+00 
2.807762000e-01 5.297253000e+00 
2.807755000e-01 5.453659000e+00 
2.807772000e-01 5.057363000e+00 
2.807769000e-01 5.198396000e+00 
8.661387000e-01 4.915260000e+00 
9.958134000e-01 4.897214000e+00 
8.336798000e-01 4.945528000e+00 
7.671712000e-01 4.967020000e+00 
6.400568000e-01 5.032385000e+00 
7.665496000e-01 4.991164000e+00 
6.989931000e-01 4.993425000e+00 
2.836861000e-01 5.057199000e+00 
6.770066000e-01 5.002754000e+00 
7.950068000e-01 4.947143000e+00 
6.694854000e-01 5.003743000e+00 
2.851250000e-01 5.055406000e+00 
8.475513000e-01 4.932892000e+00 
3.103730000e-01 5.040199000e+00 
6.439697000e-01 5.007089000e+00 

3.027179000e-01 4.966925000e+00 
7.200411000e-01 4.918155000e+00 
8.275466000e-01 4.883112000e+00 
2.807753000e-01 5.119085000e+00 
2.809044000e-01 5.034073000e+00 
2.912059000e-01 5.011571000e+00 
2.808042000e-01 5.037871000e+00 
2.807756000e-01 5.090973000e+00 
2.807859000e-01 5.074673000e+00 
2.809353000e-01 5.030868000e+00 
2.807920000e-01 5.061437000e+00 

2.807771000e-01 5.415402000e+00 
2.807754000e-01 5.493891000e+00 
8.177767000e-01 5.019665000e+00 
2.808608000e-01 5.106797000e+00 
2.807753000e-01 5.709258000e+00 
2.807756000e-01 5.460721000e+00 
2.807772000e-01 5.216134000e+00 
2.808055000e-01 5.141585000e+00 
7.982028000e-01 5.026467000e+00 
2.807797000e-01 5.196368000e+00 
8.181895000e-01 5.011885000e+00 
8.510316000e-01 4.979110000e+00 
2.838286000e-01 5.095412000e+00 
2.853220000e-01 5.046394000e+00 
2.807925000e-01 5.173456000e+00 
8.588130000e-01 4.909839000e+00 
2.842530000e-01 5.050839000e+00 
7.982028000e-01 5.026467000e+00 
7.982028000e-01 5.026467000e+00 
7.737268000e-01 5.034513000e+00 
8.440419000e-01 4.983461000e+00 
8.220880000e-01 5.007389000e+00 

2.807754000e-01 5.265968000e+00 
2.807753000e-01 5.350052000e+00 
7.535995000e-01 5.208531000e+00 
8.749460000e-01 5.123460000e+00 
2.823231000e-01 5.249676000e+00 
7.518302000e-01 5.219346000e+00 
7.582088000e-01 5.166513000e+00 
8.781313000e-01 5.087615000e+00 
8.855498000e-01 5.072289000e+00 
8.344023000e-01 5.149533000e+00 
2.835983000e-01 5.225500000e+00 
7.920536000e-01 5.162966000e+00 

