2.807753000e-01 5.848593000e+00 
9.916425000e-01 5.606203000e+00 
2.817900000e-01 5.760913000e+00 
2.807937000e-01 5.781815000e+00 
2.820443000e-01 5.755087000e+00 
2.807754000e-01 5.805973000e+00 
2.822613000e-01 5.708185000e+00 

9.956765000e-01 5.725934000e+00 
2.807754000e-01 5.913342000e+00 
9.983330000e-01 5.710188000e+00 
2.807753000e-01 5.949007000e+00 
2.807834000e-01 5.794593000e+00 
2.807761000e-01 5.842795000e+00 

2.807753000e-01 6.273145000e+00 
2.815986000e-01 5.918367000e+00 
9.370148000e-01 5.828850000e+00 
2.807760000e-01 5.954796000e+00 
9.494685000e-01 5.810900000e+00 
9.195339000e-01 5.889214000e+00 
9.234639000e-01 5.831352000e+00 
8.347362000e-01 5.909856000e+00 
2.810700000e-01 5.932463000e+00 
2.807759000e-01 6.055198000e+00 
9.693896000e-01 5.755087000e+00 

2.807785000e-01 6.817518000e+00 
2.807753000e-01 6.891155000e+00 
2.807877000e-01 6.128037000e+00 
2.807804000e-01 6.209669000e+00 
2.807793000e-01 6.228886000e+00 
2.807842000e-01 6.149890000e+00 
2.807837000e-01 6.197251000e+00 
2.807956000e-01 6.024856000e+00 
2.807832000e-01 6.202690000e+00 
2.807954000e-01 6.070818000e+00 
2.808782000e-01 5.894018000e+00 
2.808135000e-01 5.955275000e+00 
9.980828000e-01 5.871609000e+00 
2.808145000e-01 5.926154000e+00 
9.980664000e-01 5.877842000e+00 
2.808129000e-01 5.970116000e+00 
2.807959000e-01 5.972920000e+00 

2.807753000e-01 6.288128000e+00 
2.807786000e-01 5.975809000e+00 
9.487380000e-01 5.795296000e+00 
2.807754000e-01 6.038394000e+00 
2.807766000e-01 6.020961000e+00 
2.807986000e-01 5.816015000e+00 
9.660859000e-01 5.737775000e+00 
9.701983000e-01 5.697652000e+00 
9.664595000e-01 5.720386000e+00 
9.613478000e-01 5.778664000e+00 
2.819883000e-01 5.795857000e+00 
2.807831000e-01 5.929145000e+00 
2.807895000e-01 5.851570000e+00 
9.712688000e-01 5.695564000e+00 

2.807754000e-01 6.046380000e+00 
2.807753000e-01 6.079591000e+00 
9.808722000e-01 5.801196000e+00 
2.807755000e-01 5.896222000e+00 
9.840043000e-01 5.781375000e+00 
2.807769000e-01 5.847501000e+00 
9.789390000e-01 5.823087000e+00 

2.807796000e-01 5.994286000e+00 
2.824360000e-01 5.938788000e+00 
2.807753000e-01 6.536482000e+00 
9.831006000e-01 5.840231000e+00 
2.811300000e-01 5.956133000e+00 
9.816527000e-01 5.843398000e+00 
8.628422000e-01 5.884328000e+00 
2.807755000e-01 6.153946000e+00 
2.808504000e-01 5.956985000e+00 
2.807790000e-01 6.044451000e+00 

2.807805000e-01 5.807824000e+00 
2.807967000e-01 5.779062000e+00 
2.807753000e-01 5.871222000e+00 
2.808654000e-01 5.739398000e+00 
7.065552000e-01 5.536793000e+00 
2.825912000e-01 5.727072000e+00 

