2.807756000e-01 7.591657000e+00 
2.828966000e-01 7.170823000e+00 
2.832863000e-01 7.125958000e+00 
2.807753000e-01 7.635763000e+00 
2.807777000e-01 7.257342000e+00 
2.816334000e-01 7.200688000e+00 
2.817224000e-01 7.175817000e+00 

2.807754000e-01 7.337945000e+00 
9.995647000e-01 7.042513000e+00 
2.807753000e-01 7.472482000e+00 
2.807816000e-01 7.256394000e+00 
2.807836000e-01 7.048838000e+00 

2.820588000e-01 7.130040000e+00 
2.807754000e-01 7.499557000e+00 
2.832523000e-01 7.119000000e+00 
2.807878000e-01 7.323616000e+00 
2.807753000e-01 7.653675000e+00 
2.807758000e-01 7.332437000e+00 
9.681586000e-01 7.058958000e+00 
2.807755000e-01 7.447610000e+00 
2.807896000e-01 7.313572000e+00 
9.792046000e-01 6.976846000e+00 
2.808297000e-01 7.296607000e+00 
2.811100000e-01 7.209376000e+00 
2.812162000e-01 7.183454000e+00 
9.122367000e-01 7.108350000e+00 

2.807969000e-01 7.410432000e+00 
2.812228000e-01 7.216848000e+00 
2.807753000e-01 7.777964000e+00 
2.807762000e-01 7.690269000e+00 
2.807783000e-01 7.517356000e+00 
2.808032000e-01 7.267538000e+00 
2.807809000e-01 7.472093000e+00 
2.807998000e-01 7.322758000e+00 

2.807800000e-01 7.124299000e+00 
2.809903000e-01 7.110450000e+00 
9.359928000e-01 6.874166000e+00 
2.807753000e-01 7.375942000e+00 
2.835337000e-01 7.056397000e+00 
2.807754000e-01 7.228994000e+00 

2.809849000e-01 7.268819000e+00 
2.811696000e-01 7.254037000e+00 
2.813194000e-01 7.173444000e+00 
2.814263000e-01 7.054056000e+00 
2.812223000e-01 7.223122000e+00 
2.807753000e-01 7.289160000e+00 

2.807755000e-01 7.685111000e+00 
2.808967000e-01 7.196189000e+00 
2.844624000e-01 7.142332000e+00 
2.807753000e-01 7.761366000e+00 
2.807839000e-01 7.315297000e+00 
2.807754000e-01 7.706603000e+00 
2.807756000e-01 7.365329000e+00 

9.946735000e-01 7.002271000e+00 
2.955210000e-01 7.137383000e+00 
2.807753000e-01 7.305695000e+00 
2.807791000e-01 7.144084000e+00 
9.866573000e-01 7.066161000e+00 
2.807784000e-01 7.163954000e+00 

