2.807753000e-01 4.761742000e+00 
9.999294000e-01 4.121443000e+00 
2.807755000e-01 4.583590000e+00 
2.807768000e-01 4.551660000e+00 
6.231510000e-01 4.275307000e+00 
2.807780000e-01 4.507168000e+00 
9.149781000e-01 4.173101000e+00 
2.807762000e-01 4.554207000e+00 
6.050224000e-01 4.306012000e+00 
9.114831000e-01 4.178086000e+00 
2.833266000e-01 4.324464000e+00 
6.221329000e-01 4.304965000e+00 
2.807888000e-01 4.506955000e+00 
2.809266000e-01 4.367512000e+00 
6.221372000e-01 4.283395000e+00 
2.810170000e-01 4.367477000e+00 
6.898023000e-01 4.214192000e+00 
7.469451000e-01 4.193777000e+00 
6.875635000e-01 4.243831000e+00 
9.170489000e-01 4.168845000e+00 
2.807899000e-01 4.393234000e+00 

2.807775000e-01 4.540299000e+00 
2.826379000e-01 4.434347000e+00 
2.807753000e-01 5.191956000e+00 
2.807754000e-01 4.626302000e+00 
2.807758000e-01 4.619230000e+00 
9.999910000e-01 4.226073000e+00 
9.788962000e-01 4.263621000e+00 
2.808328000e-01 4.450601000e+00 
2.807822000e-01 4.483022000e+00 
6.047781000e-01 4.402599000e+00 
7.949334000e-01 4.266766000e+00 
7.745798000e-01 4.312202000e+00 
2.834034000e-01 4.404621000e+00 
6.478728000e-01 4.347782000e+00 
2.829363000e-01 4.418704000e+00 
6.425151000e-01 4.351026000e+00 
1.000000000e+00 4.220506000e+00 
2.808904000e-01 4.434519000e+00 
2.807927000e-01 4.456773000e+00 
2.807809000e-01 4.518324000e+00 

2.807753000e-01 5.729769000e+00 
2.807977000e-01 4.646280000e+00 
2.807758000e-01 4.805894000e+00 
2.811050000e-01 4.640383000e+00 
2.807827000e-01 4.699111000e+00 
2.807758000e-01 4.805894000e+00 
2.807793000e-01 4.700673000e+00 
2.807755000e-01 4.838466000e+00 
2.807788000e-01 4.744616000e+00 
9.180310000e-01 4.474179000e+00 
9.333848000e-01 4.454278000e+00 
2.811293000e-01 4.607421000e+00 
2.807754000e-01 4.847595000e+00 
7.139359000e-01 4.594968000e+00 
7.172165000e-01 4.548510000e+00 
6.416090000e-01 4.598492000e+00 
6.160280000e-01 4.600974000e+00 
7.285048000e-01 4.537961000e+00 
9.028926000e-01 4.495425000e+00 
2.807832000e-01 4.670750000e+00 
6.445092000e-01 4.597174000e+00 
9.049732000e-01 4.481974000e+00 
7.662970000e-01 4.521021000e+00 
8.330534000e-01 4.505988000e+00 

2.810049000e-01 4.462293000e+00 
2.807769000e-01 4.493038000e+00 
2.807753000e-01 4.540865000e+00 
9.761201000e-01 4.290705000e+00 
7.872151000e-01 4.380589000e+00 
4.821751000e-01 4.397312000e+00 
7.410346000e-01 4.390988000e+00 
2.809806000e-01 4.485891000e+00 
8.372989000e-01 4.308226000e+00 
9.578291000e-01 4.298124000e+00 
8.194948000e-01 4.313173000e+00 

2.807777000e-01 4.457333000e+00 
2.807755000e-01 4.521275000e+00 
8.024664000e-01 4.238370000e+00 
2.807753000e-01 4.790643000e+00 
2.808011000e-01 4.446406000e+00 
6.801919000e-01 4.328264000e+00 
9.288526000e-01 4.238320000e+00 
2.890993000e-01 4.372892000e+00 
6.195278000e-01 4.352487000e+00 
2.807754000e-01 4.556915000e+00 
9.312403000e-01 4.236136000e+00 
2.808100000e-01 4.428489000e+00 
2.807820000e-01 4.446611000e+00 
9.995087000e-01 4.157427000e+00 
7.388779000e-01 4.298456000e+00 
9.667945000e-01 4.207611000e+00 
2.808519000e-01 4.409846000e+00 
2.808951000e-01 4.387764000e+00 
7.269541000e-01 4.320027000e+00 
9.970024000e-01 4.166360000e+00 
7.471029000e-01 4.275977000e+00 
2.808181000e-01 4.410906000e+00 

2.809840000e-01 4.454901000e+00 
2.807753000e-01 4.609812000e+00 
5.603162000e-01 4.443852000e+00 
8.199943000e-01 4.287124000e+00 
2.809350000e-01 4.517853000e+00 
2.807900000e-01 4.540430000e+00 
2.807895000e-01 4.545661000e+00 
8.016490000e-01 4.358366000e+00 
9.953492000e-01 4.259998000e+00 
2.807834000e-01 4.585275000e+00 
5.837934000e-01 4.431937000e+00 
6.541079000e-01 4.431522000e+00 
9.379735000e-01 4.275424000e+00 
2.808092000e-01 4.520205000e+00 
6.942027000e-01 4.384935000e+00 

2.807756000e-01 4.841886000e+00 
2.807774000e-01 4.682447000e+00 
7.288513000e-01 4.488515000e+00 
2.807758000e-01 4.815685000e+00 
2.807754000e-01 4.926395000e+00 
2.809338000e-01 4.637379000e+00 
2.807753000e-01 4.945725000e+00 
2.808130000e-01 4.644172000e+00 
2.807801000e-01 4.670374000e+00 
7.660804000e-01 4.478512000e+00 
2.807765000e-01 4.726422000e+00 
2.810600000e-01 4.592847000e+00 
2.809998000e-01 4.596565000e+00 
2.808276000e-01 4.642332000e+00 
2.809566000e-01 4.623533000e+00 
2.892418000e-01 4.569790000e+00 
2.808002000e-01 4.665554000e+00 
9.145527000e-01 4.441326000e+00 
2.807766000e-01 4.687653000e+00 
3.257291000e-01 4.528542000e+00 

