2.807756000e-01 7.591657000e+00 
2.812373000e-01 7.098403000e+00 
2.812878000e-01 7.073167000e+00 
2.807753000e-01 7.635763000e+00 
2.825640000e-01 6.737972000e+00 
2.808003000e-01 7.109885000e+00 
2.825484000e-01 6.978223000e+00 
2.814279000e-01 7.043107000e+00 
2.807757000e-01 7.125477000e+00 
2.807886000e-01 7.119851000e+00 

2.807802000e-01 7.198965000e+00 
2.807755000e-01 7.233845000e+00 
2.807753000e-01 7.255415000e+00 
2.807812000e-01 6.987538000e+00 
2.810616000e-01 6.846768000e+00 

2.807760000e-01 7.240003000e+00 
2.807754000e-01 7.499557000e+00 
2.820785000e-01 7.037227000e+00 
2.810581000e-01 7.054115000e+00 
2.807753000e-01 7.653675000e+00 
2.807758000e-01 7.332437000e+00 
2.839840000e-01 6.844857000e+00 
2.807755000e-01 7.447610000e+00 
2.807765000e-01 7.074782000e+00 
2.807813000e-01 7.070550000e+00 

2.807804000e-01 7.497906000e+00 
2.807816000e-01 7.389943000e+00 
2.807753000e-01 7.777964000e+00 
2.807762000e-01 7.690269000e+00 
2.807783000e-01 7.517356000e+00 
2.811421000e-01 7.084104000e+00 
2.807904000e-01 7.290799000e+00 
2.807809000e-01 7.393322000e+00 
2.807940000e-01 7.148525000e+00 
2.810644000e-01 7.122359000e+00 
2.807897000e-01 7.384793000e+00 

2.895707000e-01 6.934361000e+00 
2.807754000e-01 7.228994000e+00 
9.359928000e-01 6.874166000e+00 
2.807753000e-01 7.375942000e+00 
2.835297000e-01 6.958386000e+00 
2.807760000e-01 7.188257000e+00 
2.807779000e-01 6.971155000e+00 
2.807756000e-01 7.227125000e+00 
9.695419000e-01 6.873182000e+00 

2.807765000e-01 7.279525000e+00 
2.807950000e-01 7.050457000e+00 
2.807753000e-01 7.289160000e+00 
2.810572000e-01 6.988169000e+00 
2.807793000e-01 7.053774000e+00 
2.815237000e-01 6.935283000e+00 

2.807794000e-01 7.302040000e+00 
2.807763000e-01 7.335856000e+00 
2.807915000e-01 7.252734000e+00 
2.808692000e-01 7.136772000e+00 
2.807835000e-01 7.259998000e+00 
2.807802000e-01 7.260144000e+00 
2.807753000e-01 7.443334000e+00 
2.811466000e-01 6.891597000e+00 
2.807754000e-01 7.337176000e+00 
2.808402000e-01 7.215837000e+00 

2.820082000e-01 6.917871000e+00 
2.807777000e-01 7.032961000e+00 
2.812741000e-01 6.957890000e+00 
2.807753000e-01 7.058496000e+00 
2.812742000e-01 6.934438000e+00 
2.809095000e-01 6.968785000e+00 

