9.878807000e-01 5.330334000e+00 
2.807762000e-01 5.674936000e+00 
9.921208000e-01 5.279449000e+00 
2.807778000e-01 5.608010000e+00 
2.808194000e-01 5.521404000e+00 
2.807753000e-01 5.685961000e+00 
2.807782000e-01 5.602368000e+00 
2.807756000e-01 5.681406000e+00 
2.811708000e-01 5.505175000e+00 
2.807784000e-01 5.538407000e+00 
2.900732000e-01 5.421929000e+00 
2.816659000e-01 5.490992000e+00 
9.841885000e-01 5.334885000e+00 
2.807935000e-01 5.530087000e+00 
2.901148000e-01 5.408482000e+00 
2.828027000e-01 5.453746000e+00 
2.808960000e-01 5.509063000e+00 
2.892300000e-01 5.429475000e+00 
9.721208000e-01 5.360339000e+00 
9.837773000e-01 5.355459000e+00 
9.038644000e-01 5.383707000e+00 
2.819974000e-01 5.484279000e+00 

9.673860000e-01 5.355678000e+00 
2.807753000e-01 5.576593000e+00 
2.822661000e-01 5.499184000e+00 
2.808093000e-01 5.537873000e+00 
9.519351000e-01 5.382508000e+00 
9.958736000e-01 5.278736000e+00 
2.819200000e-01 5.518529000e+00 
8.312147000e-01 5.486556000e+00 
8.417325000e-01 5.455257000e+00 
2.807955000e-01 5.571814000e+00 
8.985218000e-01 5.404410000e+00 

8.891105000e-01 5.521662000e+00 
9.604566000e-01 5.515468000e+00 
9.652963000e-01 5.515278000e+00 
2.808981000e-01 5.651272000e+00 
8.742217000e-01 5.546363000e+00 
2.808234000e-01 5.702948000e+00 
2.807753000e-01 5.729769000e+00 
2.868369000e-01 5.639864000e+00 
2.807790000e-01 5.709936000e+00 
6.868744000e-01 5.612543000e+00 
8.154864000e-01 5.584784000e+00 

9.947328000e-01 5.491390000e+00 
2.807753000e-01 6.891155000e+00 
2.808124000e-01 5.658850000e+00 
9.849277000e-01 5.499962000e+00 
2.809474000e-01 5.632990000e+00 
2.813048000e-01 5.576830000e+00 
2.807824000e-01 5.752117000e+00 
9.797376000e-01 5.537274000e+00 
9.980246000e-01 5.420635000e+00 
2.808538000e-01 5.658068000e+00 
2.807767000e-01 5.761912000e+00 
2.808589000e-01 5.643379000e+00 
2.807947000e-01 5.742249000e+00 
2.809456000e-01 5.639927000e+00 
2.812427000e-01 5.628441000e+00 
9.821163000e-01 5.502521000e+00 
2.807965000e-01 5.670263000e+00 
2.992649000e-01 5.543026000e+00 
9.969178000e-01 5.421973000e+00 
9.986722000e-01 5.420310000e+00 
9.992458000e-01 5.416644000e+00 
9.954209000e-01 5.450853000e+00 

2.807753000e-01 6.288128000e+00 
2.807770000e-01 5.653517000e+00 
2.807905000e-01 5.632951000e+00 
2.831980000e-01 5.479241000e+00 
8.766735000e-01 5.372596000e+00 
2.807754000e-01 5.755761000e+00 
2.807908000e-01 5.547491000e+00 
2.807761000e-01 5.665921000e+00 
9.139007000e-01 5.358753000e+00 
2.808312000e-01 5.520148000e+00 
3.955787000e-01 5.463908000e+00 
9.345773000e-01 5.327514000e+00 
9.269257000e-01 5.335376000e+00 
2.807971000e-01 5.528632000e+00 
2.812275000e-01 5.503261000e+00 
8.505236000e-01 5.463148000e+00 
2.814047000e-01 5.494597000e+00 

2.807781000e-01 5.633653000e+00 
2.810190000e-01 5.561509000e+00 
9.603971000e-01 5.466954000e+00 
2.807754000e-01 5.635390000e+00 
2.807753000e-01 5.709258000e+00 
9.245675000e-01 5.526097000e+00 
2.808850000e-01 5.625800000e+00 
9.860478000e-01 5.413784000e+00 
9.459654000e-01 5.477912000e+00 

2.807753000e-01 5.939019000e+00 
2.827020000e-01 5.680688000e+00 
7.526809000e-01 5.650515000e+00 
8.913765000e-01 5.516864000e+00 
2.807848000e-01 5.750442000e+00 
2.807794000e-01 5.772574000e+00 
2.807758000e-01 5.838188000e+00 
2.807761000e-01 5.827009000e+00 
8.213959000e-01 5.605553000e+00 
2.808577000e-01 5.731658000e+00 
4.304324000e-01 5.657909000e+00 
8.378778000e-01 5.550406000e+00 
8.050485000e-01 5.647264000e+00 
8.101169000e-01 5.642220000e+00 

7.623858000e-01 5.264526000e+00 
2.807753000e-01 5.477188000e+00 
6.630108000e-01 5.313396000e+00 
2.807838000e-01 5.387521000e+00 
2.807787000e-01 5.444805000e+00 
7.162273000e-01 5.287243000e+00 
2.813602000e-01 5.370616000e+00 
2.807758000e-01 5.456912000e+00 

