2.807753000e-01 4.761742000e+00 
2.807761000e-01 4.607326000e+00 
2.807806000e-01 4.587591000e+00 
2.807756000e-01 4.746035000e+00 
7.428293000e-01 4.445878000e+00 
2.807759000e-01 4.719674000e+00 
2.809303000e-01 4.522608000e+00 
9.721758000e-01 4.369254000e+00 
9.992644000e-01 4.311193000e+00 
6.018669000e-01 4.456587000e+00 
6.591007000e-01 4.446344000e+00 
2.812536000e-01 4.510507000e+00 
7.743813000e-01 4.379193000e+00 
2.808270000e-01 4.571380000e+00 
5.731529000e-01 4.508235000e+00 

7.839022000e-01 4.467807000e+00 
2.807756000e-01 4.878212000e+00 
2.807753000e-01 5.191956000e+00 
2.807799000e-01 4.761686000e+00 
9.109890000e-01 4.426783000e+00 
9.998758000e-01 4.411150000e+00 
9.256248000e-01 4.416507000e+00 
2.807755000e-01 4.974520000e+00 
2.807771000e-01 4.764351000e+00 
2.814764000e-01 4.589979000e+00 
7.529294000e-01 4.533414000e+00 
2.807868000e-01 4.706409000e+00 
8.336184000e-01 4.450521000e+00 
2.817150000e-01 4.580398000e+00 
2.808939000e-01 4.620712000e+00 
2.807805000e-01 4.739515000e+00 
2.992094000e-01 4.542917000e+00 
4.380721000e-01 4.539069000e+00 
8.722443000e-01 4.431916000e+00 
2.808392000e-01 4.691282000e+00 

2.807753000e-01 5.729769000e+00 
9.510629000e-01 4.609088000e+00 
8.462565000e-01 4.688583000e+00 
5.736730000e-01 4.783018000e+00 
2.808863000e-01 4.827327000e+00 
8.781951000e-01 4.675314000e+00 
2.807754000e-01 5.121825000e+00 
2.815073000e-01 4.802655000e+00 
9.024737000e-01 4.658161000e+00 
9.603570000e-01 4.606878000e+00 
5.750313000e-01 4.724967000e+00 
9.823632000e-01 4.575172000e+00 
2.808358000e-01 4.829748000e+00 
5.191209000e-01 4.799230000e+00 
9.189087000e-01 4.624480000e+00 
5.633075000e-01 4.796486000e+00 
6.574534000e-01 4.719137000e+00 
8.861841000e-01 4.672401000e+00 
2.807755000e-01 4.838466000e+00 
6.844236000e-01 4.691918000e+00 

5.053957000e-01 4.636747000e+00 
2.807753000e-01 5.528856000e+00 
2.991715000e-01 4.668984000e+00 
8.266360000e-01 4.480934000e+00 
2.807758000e-01 4.726670000e+00 
7.394360000e-01 4.605200000e+00 
2.808202000e-01 4.676218000e+00 
2.807755000e-01 5.096958000e+00 
9.667995000e-01 4.474989000e+00 
2.836301000e-01 4.674548000e+00 
2.807756000e-01 4.896111000e+00 
9.794560000e-01 4.459428000e+00 
2.807761000e-01 4.685890000e+00 
5.231921000e-01 4.618247000e+00 
3.329425000e-01 4.647847000e+00 
8.072012000e-01 4.554223000e+00 

6.729881000e-01 4.491708000e+00 
2.807760000e-01 4.627706000e+00 
9.263063000e-01 4.415576000e+00 
2.807753000e-01 4.790643000e+00 
6.630276000e-01 4.537438000e+00 
9.998900000e-01 4.374750000e+00 
2.817797000e-01 4.558729000e+00 
9.621204000e-01 4.414969000e+00 
2.808107000e-01 4.588555000e+00 
9.248551000e-01 4.432977000e+00 
5.928276000e-01 4.544892000e+00 
2.808577000e-01 4.573365000e+00 
6.899528000e-01 4.433534000e+00 
2.808574000e-01 4.576826000e+00 

9.731658000e-01 4.476638000e+00 
9.149107000e-01 4.477830000e+00 
8.229245000e-01 4.492040000e+00 
2.835889000e-01 4.580431000e+00 
7.605668000e-01 4.517832000e+00 
9.835505000e-01 4.474846000e+00 
9.847373000e-01 4.469294000e+00 
7.029250000e-01 4.577420000e+00 
9.904914000e-01 4.448348000e+00 
9.744867000e-01 4.476488000e+00 
7.036265000e-01 4.564237000e+00 
9.889292000e-01 4.468569000e+00 
2.807753000e-01 4.643371000e+00 
2.828064000e-01 4.630254000e+00 

8.847035000e-01 4.699258000e+00 
5.761536000e-01 4.792038000e+00 
2.811137000e-01 4.823769000e+00 
2.807773000e-01 4.893013000e+00 
2.807754000e-01 4.926395000e+00 
6.255387000e-01 4.754207000e+00 
2.807753000e-01 4.945725000e+00 
9.317519000e-01 4.645708000e+00 
8.081208000e-01 4.704090000e+00 
2.810464000e-01 4.837763000e+00 
2.807757000e-01 4.902005000e+00 
6.257340000e-01 4.751249000e+00 
2.812348000e-01 4.793210000e+00 
2.807875000e-01 4.852714000e+00 
6.140421000e-01 4.766181000e+00 
6.477631000e-01 4.707751000e+00 
8.917396000e-01 4.647243000e+00 

