6.831809000e-01 3.163667000e+00 
2.807756000e-01 3.387693000e+00 
2.807933000e-01 3.280228000e+00 
6.752949000e-01 3.165360000e+00 
2.807805000e-01 3.362358000e+00 
6.846104000e-01 3.145884000e+00 
5.052552000e-01 3.197609000e+00 
2.807904000e-01 3.342472000e+00 
9.670427000e-01 3.018743000e+00 
7.567015000e-01 3.124539000e+00 
6.414706000e-01 3.177451000e+00 
6.106373000e-01 3.196026000e+00 
2.807753000e-01 3.631489000e+00 
8.736519000e-01 3.061327000e+00 
2.807930000e-01 3.294401000e+00 
2.808228000e-01 3.269193000e+00 
9.969918000e-01 3.004166000e+00 
8.899480000e-01 3.060402000e+00 
2.807784000e-01 3.367370000e+00 
4.905485000e-01 3.249433000e+00 
6.396094000e-01 3.195294000e+00 
9.239058000e-01 3.054942000e+00 
9.157486000e-01 3.055343000e+00 
8.634454000e-01 3.078009000e+00 
7.925430000e-01 3.103504000e+00 

2.807755000e-01 3.817478000e+00 
7.351038000e-01 3.355026000e+00 
7.856814000e-01 3.326435000e+00 
9.562206000e-01 3.194033000e+00 
7.862807000e-01 3.324578000e+00 
4.948138000e-01 3.443164000e+00 
7.279548000e-01 3.371604000e+00 
2.807753000e-01 3.881897000e+00 
7.549445000e-01 3.344998000e+00 
6.180129000e-01 3.415425000e+00 
5.988222000e-01 3.419531000e+00 
8.638338000e-01 3.280657000e+00 
6.364914000e-01 3.387413000e+00 
5.863073000e-01 3.440879000e+00 
8.274996000e-01 3.316574000e+00 
2.829706000e-01 3.450749000e+00 
2.807776000e-01 3.477172000e+00 
9.539914000e-01 3.268521000e+00 
9.079031000e-01 3.277967000e+00 

2.807753000e-01 5.729769000e+00 
2.807754000e-01 3.828404000e+00 
2.810537000e-01 3.654923000e+00 
2.807776000e-01 3.751177000e+00 
4.990178000e-01 3.619419000e+00 
6.718920000e-01 3.553363000e+00 
8.785425000e-01 3.452668000e+00 
2.809869000e-01 3.719474000e+00 
6.484107000e-01 3.560180000e+00 
2.807788000e-01 3.727109000e+00 
8.529577000e-01 3.515068000e+00 
8.633058000e-01 3.463418000e+00 
7.329570000e-01 3.528833000e+00 
2.819316000e-01 3.628286000e+00 
5.435675000e-01 3.584488000e+00 
9.919354000e-01 3.442678000e+00 
9.816375000e-01 3.442982000e+00 

2.808096000e-01 3.482390000e+00 
2.808342000e-01 3.457130000e+00 
8.234209000e-01 3.247707000e+00 
9.791934000e-01 3.221120000e+00 
2.807755000e-01 3.795233000e+00 
2.807753000e-01 4.476776000e+00 
2.807754000e-01 4.296974000e+00 
5.503593000e-01 3.318759000e+00 
2.807852000e-01 3.544438000e+00 
2.831500000e-01 3.371205000e+00 
2.807757000e-01 3.793589000e+00 
2.812179000e-01 3.437885000e+00 
2.807767000e-01 3.577749000e+00 
9.904744000e-01 3.175208000e+00 
5.487614000e-01 3.363487000e+00 
2.807891000e-01 3.519223000e+00 
9.998284000e-01 3.170051000e+00 
8.158257000e-01 3.266359000e+00 
8.792903000e-01 3.246122000e+00 
7.664499000e-01 3.268330000e+00 
2.807831000e-01 3.554756000e+00 
9.979551000e-01 3.173117000e+00 

7.825734000e-01 3.271232000e+00 
9.421419000e-01 3.203576000e+00 
2.807757000e-01 3.701767000e+00 
2.807753000e-01 4.790643000e+00 
9.657705000e-01 3.141884000e+00 
2.824233000e-01 3.449242000e+00 
2.807754000e-01 4.257289000e+00 
2.807794000e-01 3.533402000e+00 
5.605558000e-01 3.363316000e+00 
2.811890000e-01 3.449940000e+00 
2.807824000e-01 3.505223000e+00 
2.958688000e-01 3.400613000e+00 
2.837545000e-01 3.427126000e+00 
8.171899000e-01 3.205559000e+00 
6.270988000e-01 3.312398000e+00 
2.808193000e-01 3.486001000e+00 

2.807754000e-01 3.854617000e+00 
2.807753000e-01 4.609812000e+00 
8.464600000e-01 3.310827000e+00 
7.037680000e-01 3.361746000e+00 
5.616700000e-01 3.389888000e+00 
9.246150000e-01 3.263952000e+00 
2.807755000e-01 3.594850000e+00 
2.807761000e-01 3.568737000e+00 
9.999869000e-01 3.224695000e+00 
6.402470000e-01 3.378969000e+00 
9.091342000e-01 3.289511000e+00 
2.814074000e-01 3.468093000e+00 
9.456774000e-01 3.237505000e+00 
9.997906000e-01 3.227009000e+00 
2.828334000e-01 3.466820000e+00 
7.991603000e-01 3.327523000e+00 
6.866374000e-01 3.367595000e+00 
3.025406000e-01 3.413745000e+00 
2.807774000e-01 3.474123000e+00 
7.246061000e-01 3.340412000e+00 
2.860676000e-01 3.464745000e+00 
2.960435000e-01 3.448782000e+00 
8.816638000e-01 3.290880000e+00 
9.890093000e-01 3.227480000e+00 

2.807753000e-01 3.848019000e+00 
9.283256000e-01 3.472787000e+00 
4.669767000e-01 3.632854000e+00 
6.989974000e-01 3.554773000e+00 
2.807972000e-01 3.671561000e+00 
3.127853000e-01 3.653550000e+00 
9.987007000e-01 3.429772000e+00 
9.993408000e-01 3.415654000e+00 
2.807763000e-01 3.712122000e+00 
9.981343000e-01 3.442051000e+00 
7.815026000e-01 3.512795000e+00 
8.291329000e-01 3.485207000e+00 
4.752234000e-01 3.619939000e+00 
5.744805000e-01 3.603936000e+00 
2.807845000e-01 3.674042000e+00 
3.130425000e-01 3.633842000e+00 
6.213487000e-01 3.598297000e+00 
1.000000000e+00 3.407576000e+00 
7.219832000e-01 3.515254000e+00 
2.984771000e-01 3.671250000e+00 
4.758303000e-01 3.616678000e+00 
9.935784000e-01 3.451476000e+00 
6.750075000e-01 3.570574000e+00 
8.398390000e-01 3.482059000e+00 
8.525230000e-01 3.475093000e+00 

