2.809168000e-01 2.996884000e+00 
2.812622000e-01 2.996180000e+00 
5.723105000e-01 2.877367000e+00 
4.977697000e-01 2.924408000e+00 
6.406794000e-01 2.871046000e+00 
9.089235000e-01 2.739981000e+00 
2.807753000e-01 3.164314000e+00 
9.655735000e-01 2.671786000e+00 
5.567959000e-01 2.886173000e+00 
2.807994000e-01 3.036210000e+00 
8.248699000e-01 2.796704000e+00 
5.457487000e-01 2.912649000e+00 
7.290051000e-01 2.802509000e+00 
2.807759000e-01 3.160843000e+00 
6.414979000e-01 2.842568000e+00 
9.622300000e-01 2.689588000e+00 
9.133366000e-01 2.721131000e+00 
8.195716000e-01 2.799553000e+00 
8.301797000e-01 2.758061000e+00 
2.807916000e-01 3.108813000e+00 
3.959776000e-01 2.949928000e+00 
2.842746000e-01 2.957292000e+00 
9.948065000e-01 2.652611000e+00 
2.851257000e-01 2.953601000e+00 

8.513261000e-01 2.834204000e+00 
2.809071000e-01 3.091196000e+00 
5.128075000e-01 3.022153000e+00 
6.512416000e-01 2.976627000e+00 
6.548751000e-01 2.952240000e+00 
9.395492000e-01 2.820985000e+00 
2.807771000e-01 3.137092000e+00 
7.247136000e-01 2.930810000e+00 
9.664876000e-01 2.785261000e+00 
9.993487000e-01 2.772038000e+00 
7.533643000e-01 2.901363000e+00 
7.256250000e-01 2.926262000e+00 
2.807753000e-01 3.168936000e+00 
9.986223000e-01 2.773205000e+00 
5.653761000e-01 3.000107000e+00 
2.856307000e-01 3.049564000e+00 
5.463320000e-01 3.009780000e+00 
9.571431000e-01 2.802934000e+00 
2.837427000e-01 3.070813000e+00 
5.952956000e-01 2.977445000e+00 
5.402886000e-01 3.013921000e+00 

2.807753000e-01 5.729769000e+00 
2.807754000e-01 3.828404000e+00 
2.807763000e-01 3.358934000e+00 
6.733765000e-01 3.120295000e+00 
9.587948000e-01 2.942122000e+00 
6.659431000e-01 3.147853000e+00 
6.115659000e-01 3.166695000e+00 
2.918817000e-01 3.221730000e+00 
8.617608000e-01 3.071636000e+00 
2.808049000e-01 3.232072000e+00 
8.400701000e-01 3.100233000e+00 
4.844650000e-01 3.206689000e+00 
4.631878000e-01 3.213837000e+00 
5.955798000e-01 3.167980000e+00 
8.758718000e-01 3.041289000e+00 
8.549221000e-01 3.076532000e+00 
8.528538000e-01 3.084045000e+00 
4.430954000e-01 3.217298000e+00 
4.865977000e-01 3.202759000e+00 
7.419738000e-01 3.103881000e+00 
9.352957000e-01 2.970575000e+00 

6.076277000e-01 2.950086000e+00 
2.915780000e-01 3.026692000e+00 
8.969193000e-01 2.835252000e+00 
2.810077000e-01 3.061958000e+00 
6.087593000e-01 2.943708000e+00 
2.807837000e-01 3.119746000e+00 
9.566155000e-01 2.780285000e+00 
2.807754000e-01 3.377962000e+00 
2.807817000e-01 3.127576000e+00 
8.530908000e-01 2.851765000e+00 
8.938361000e-01 2.837097000e+00 
6.584522000e-01 2.909773000e+00 
2.807753000e-01 3.489766000e+00 
6.742919000e-01 2.909637000e+00 
2.807761000e-01 3.168836000e+00 
7.447640000e-01 2.903635000e+00 
2.807757000e-01 3.364530000e+00 
4.866241000e-01 2.983839000e+00 
2.858069000e-01 3.032745000e+00 
4.745043000e-01 3.023283000e+00 
8.618126000e-01 2.841879000e+00 
2.825405000e-01 3.054109000e+00 
9.626119000e-01 2.737698000e+00 
6.545128000e-01 2.932448000e+00 
2.827616000e-01 3.034053000e+00 
6.027192000e-01 2.962750000e+00 
2.807896000e-01 3.084662000e+00 
8.981051000e-01 2.809607000e+00 
7.990584000e-01 2.881150000e+00 

8.088093000e-01 2.912710000e+00 
7.470887000e-01 2.941288000e+00 
2.808501000e-01 3.113630000e+00 
6.317076000e-01 3.005591000e+00 
2.807755000e-01 3.146430000e+00 
7.949937000e-01 2.925820000e+00 
9.618678000e-01 2.824754000e+00 
2.807899000e-01 3.119965000e+00 
2.807753000e-01 3.341673000e+00 
7.530503000e-01 2.937840000e+00 
2.812607000e-01 3.106787000e+00 
8.302509000e-01 2.893710000e+00 
2.807761000e-01 3.144657000e+00 
8.676048000e-01 2.882433000e+00 
2.991070000e-01 3.074514000e+00 
4.966919000e-01 3.071446000e+00 
2.807754000e-01 3.255876000e+00 
3.655402000e-01 3.073302000e+00 
8.637500000e-01 2.883570000e+00 
5.739934000e-01 3.007642000e+00 
6.637705000e-01 2.962687000e+00 
2.818261000e-01 3.081373000e+00 
6.630025000e-01 2.980883000e+00 
5.020265000e-01 3.013574000e+00 
9.317265000e-01 2.830131000e+00 
6.462396000e-01 2.986772000e+00 
9.093990000e-01 2.853573000e+00 
9.732456000e-01 2.790881000e+00 
7.466487000e-01 2.956537000e+00 
7.959965000e-01 2.920320000e+00 

7.236902000e-01 3.014648000e+00 
6.583505000e-01 3.046451000e+00 
6.287906000e-01 3.060217000e+00 
2.807753000e-01 3.150100000e+00 
4.670294000e-01 3.094526000e+00 
8.718283000e-01 2.916901000e+00 
6.637445000e-01 3.038672000e+00 
9.983854000e-01 2.861184000e+00 
9.414420000e-01 2.900623000e+00 
9.387835000e-01 2.901182000e+00 
4.277978000e-01 3.132717000e+00 
5.178352000e-01 3.082090000e+00 
7.611608000e-01 2.965158000e+00 
9.460904000e-01 2.890340000e+00 
8.647075000e-01 2.941455000e+00 
7.569469000e-01 2.970129000e+00 
9.378347000e-01 2.908372000e+00 
7.499210000e-01 2.993522000e+00 
4.485689000e-01 3.114142000e+00 
2.927260000e-01 3.136179000e+00 
8.819293000e-01 2.914634000e+00 
6.314286000e-01 3.052321000e+00 
9.554363000e-01 2.878699000e+00 
5.260263000e-01 3.080949000e+00 
5.288760000e-01 3.069294000e+00 
6.931166000e-01 3.038425000e+00 

2.843188000e-01 3.303193000e+00 
4.680304000e-01 3.279436000e+00 
8.171379000e-01 3.133758000e+00 
8.788089000e-01 3.097147000e+00 
2.807756000e-01 3.513900000e+00 
6.185492000e-01 3.197761000e+00 
8.201294000e-01 3.117448000e+00 
2.807766000e-01 3.346225000e+00 
9.418490000e-01 3.096382000e+00 
5.035650000e-01 3.230841000e+00 
2.807861000e-01 3.329407000e+00 
2.807754000e-01 3.591007000e+00 
2.809646000e-01 3.307685000e+00 
2.807753000e-01 3.774284000e+00 
9.993035000e-01 3.027099000e+00 
2.809517000e-01 3.313824000e+00 
8.615794000e-01 3.109970000e+00 
2.809294000e-01 3.325976000e+00 
9.802288000e-01 3.036914000e+00 
6.497971000e-01 3.157465000e+00 
8.724769000e-01 3.099169000e+00 
7.728426000e-01 3.155060000e+00 
9.496085000e-01 3.050262000e+00 
2.977856000e-01 3.286583000e+00 
6.132313000e-01 3.216781000e+00 
4.774456000e-01 3.245644000e+00 
2.822022000e-01 3.307425000e+00 

