9.940088000e-01 5.817409000e+00 
2.807753000e-01 6.087286000e+00 
2.807781000e-01 5.876587000e+00 
9.956126000e-01 5.761602000e+00 
2.807757000e-01 5.935793000e+00 
2.807754000e-01 6.055642000e+00 
2.818962000e-01 5.831620000e+00 
2.807780000e-01 5.922777000e+00 

9.956765000e-01 5.725934000e+00 
2.807754000e-01 5.913342000e+00 
2.807753000e-01 5.978410000e+00 
2.807798000e-01 5.905139000e+00 

2.807753000e-01 6.273145000e+00 
2.807769000e-01 6.066812000e+00 
9.357207000e-01 5.847301000e+00 
2.807764000e-01 6.192551000e+00 
2.807761000e-01 6.211141000e+00 
3.077914000e-01 5.997610000e+00 
2.807765000e-01 6.110411000e+00 
9.922604000e-01 5.811337000e+00 
2.815598000e-01 6.009804000e+00 
2.807854000e-01 6.039091000e+00 
2.809126000e-01 6.016132000e+00 
9.232498000e-01 5.954904000e+00 

2.807785000e-01 6.817518000e+00 
2.807753000e-01 6.891155000e+00 
2.808066000e-01 6.066315000e+00 
2.807804000e-01 6.209669000e+00 
2.807793000e-01 6.228886000e+00 
2.807842000e-01 6.149890000e+00 
2.807837000e-01 6.197251000e+00 
2.808137000e-01 6.063479000e+00 
2.807832000e-01 6.202690000e+00 
2.808160000e-01 6.018310000e+00 
9.990480000e-01 5.954375000e+00 
2.807962000e-01 6.145631000e+00 
2.807966000e-01 6.077161000e+00 
2.808551000e-01 5.991835000e+00 

2.807753000e-01 6.288128000e+00 
2.807786000e-01 5.975809000e+00 
9.989937000e-01 5.754512000e+00 
2.807754000e-01 6.038394000e+00 
2.807766000e-01 6.020961000e+00 
9.992372000e-01 5.723714000e+00 
9.981241000e-01 5.797845000e+00 
2.808514000e-01 5.904393000e+00 
2.808042000e-01 5.905140000e+00 
2.812168000e-01 5.888084000e+00 
2.817356000e-01 5.842836000e+00 

2.807753000e-01 6.329043000e+00 
2.807754000e-01 6.064973000e+00 
2.808659000e-01 5.960955000e+00 
2.811803000e-01 5.920924000e+00 
9.877778000e-01 5.919646000e+00 
2.807755000e-01 6.041467000e+00 
2.807787000e-01 6.008738000e+00 
2.807765000e-01 6.031347000e+00 
2.809319000e-01 5.936025000e+00 
2.807796000e-01 5.991655000e+00 

8.855882000e-01 5.930926000e+00 
2.810017000e-01 6.036503000e+00 
2.807753000e-01 6.536482000e+00 
2.807761000e-01 6.255374000e+00 
2.807864000e-01 6.137877000e+00 
2.807812000e-01 6.251496000e+00 
2.808512000e-01 6.051561000e+00 
2.825168000e-01 6.032959000e+00 
8.835742000e-01 5.949616000e+00 
2.816301000e-01 6.034727000e+00 
2.826905000e-01 5.985721000e+00 
2.807961000e-01 6.115856000e+00 
2.808032000e-01 6.064433000e+00 
8.922295000e-01 5.927849000e+00 

2.807857000e-01 5.853352000e+00 
2.808674000e-01 5.792483000e+00 
2.807753000e-01 5.871222000e+00 
7.497829000e-01 5.750663000e+00 
8.720283000e-01 5.691083000e+00 

