5.850386000e-01 2.926215000e+00 
5.732620000e-01 2.930041000e+00 
4.656752000e-01 2.963174000e+00 
2.808024000e-01 3.075428000e+00 
9.649062000e-01 2.757902000e+00 
9.957965000e-01 2.704305000e+00 
2.807753000e-01 3.164314000e+00 
9.190057000e-01 2.790322000e+00 
9.850115000e-01 2.709284000e+00 
7.035954000e-01 2.865796000e+00 
2.808069000e-01 3.063438000e+00 
8.429022000e-01 2.815997000e+00 
7.325350000e-01 2.851740000e+00 
2.807759000e-01 3.160843000e+00 
4.874019000e-01 2.960520000e+00 
2.809713000e-01 3.023327000e+00 
4.419805000e-01 2.994469000e+00 
8.224483000e-01 2.825093000e+00 
5.991051000e-01 2.915833000e+00 
2.807916000e-01 3.108813000e+00 
2.809095000e-01 3.040026000e+00 
9.579266000e-01 2.782125000e+00 
8.215095000e-01 2.846264000e+00 
8.551060000e-01 2.795675000e+00 
9.190057000e-01 2.790322000e+00 
9.666515000e-01 2.744274000e+00 
5.532510000e-01 2.944177000e+00 
6.085608000e-01 2.878721000e+00 
8.143071000e-01 2.849120000e+00 
9.645581000e-01 2.772759000e+00 
3.980521000e-01 3.012552000e+00 
8.161116000e-01 2.848164000e+00 
5.346640000e-01 2.958022000e+00 

6.231925000e-01 3.020759000e+00 
9.316249000e-01 2.872071000e+00 
5.384490000e-01 3.075600000e+00 
6.512416000e-01 2.976627000e+00 
9.999943000e-01 2.849942000e+00 
5.380474000e-01 3.087607000e+00 
2.807771000e-01 3.137092000e+00 
8.751822000e-01 2.918025000e+00 
8.078218000e-01 2.922573000e+00 
5.266965000e-01 3.100576000e+00 
8.772490000e-01 2.912536000e+00 
9.739329000e-01 2.851489000e+00 
2.807753000e-01 3.168936000e+00 
7.540741000e-01 2.951782000e+00 
6.983618000e-01 2.965736000e+00 
5.509783000e-01 3.069124000e+00 
7.546214000e-01 2.936787000e+00 
8.981762000e-01 2.883520000e+00 
5.676836000e-01 3.047913000e+00 
8.762792000e-01 2.917360000e+00 
2.814389000e-01 3.103656000e+00 

2.807753000e-01 5.729769000e+00 
2.807754000e-01 3.828404000e+00 
2.922619000e-01 3.329910000e+00 
9.506283000e-01 3.072142000e+00 
2.810488000e-01 3.382178000e+00 
2.807817000e-01 3.569501000e+00 
2.808572000e-01 3.402450000e+00 
2.807900000e-01 3.480749000e+00 
7.184079000e-01 3.184301000e+00 
2.807774000e-01 3.571396000e+00 
7.261551000e-01 3.130112000e+00 
3.961999000e-01 3.301432000e+00 
9.845852000e-01 3.050686000e+00 
2.807764000e-01 3.761126000e+00 
9.869354000e-01 3.048111000e+00 
4.675059000e-01 3.295586000e+00 
3.060876000e-01 3.309807000e+00 
9.178787000e-01 3.099639000e+00 
2.812602000e-01 3.334025000e+00 
2.809177000e-01 3.383979000e+00 
8.740560000e-01 3.108444000e+00 
2.810574000e-01 3.368251000e+00 
7.251285000e-01 3.172247000e+00 
9.871710000e-01 3.001768000e+00 
4.844650000e-01 3.206689000e+00 
6.127961000e-01 3.203897000e+00 

5.669749000e-01 3.018509000e+00 
2.823464000e-01 3.077945000e+00 
9.058385000e-01 2.878198000e+00 
8.437357000e-01 2.922723000e+00 
5.365129000e-01 3.049173000e+00 
9.171920000e-01 2.876055000e+00 
9.433418000e-01 2.834952000e+00 
2.807754000e-01 3.377962000e+00 
7.999032000e-01 2.950119000e+00 
6.630711000e-01 2.985129000e+00 
4.797976000e-01 3.063413000e+00 
8.786247000e-01 2.898689000e+00 
2.807753000e-01 3.489766000e+00 
9.967610000e-01 2.769202000e+00 
2.807761000e-01 3.168836000e+00 
5.470900000e-01 3.038797000e+00 
2.807757000e-01 3.364530000e+00 
9.185908000e-01 2.868897000e+00 
2.822068000e-01 3.092075000e+00 
9.667680000e-01 2.807071000e+00 
8.178296000e-01 2.940498000e+00 
8.950027000e-01 2.891931000e+00 
2.807817000e-01 3.127576000e+00 
6.008492000e-01 3.003532000e+00 
2.807837000e-01 3.119746000e+00 
2.808606000e-01 3.106045000e+00 
6.848969000e-01 2.950379000e+00 
8.562683000e-01 2.900222000e+00 

6.356098000e-01 3.017507000e+00 
9.602878000e-01 2.872340000e+00 
7.374993000e-01 3.003652000e+00 
5.241714000e-01 3.068963000e+00 
7.801863000e-01 2.950750000e+00 
9.964039000e-01 2.847463000e+00 
5.991562000e-01 3.045753000e+00 
2.807880000e-01 3.149586000e+00 
2.807753000e-01 3.341673000e+00 
4.146599000e-01 3.097941000e+00 
4.889079000e-01 3.084426000e+00 
7.280867000e-01 3.015279000e+00 
7.606743000e-01 2.983501000e+00 
9.630904000e-01 2.868819000e+00 
2.819724000e-01 3.110670000e+00 
8.373484000e-01 2.935335000e+00 
2.807754000e-01 3.255876000e+00 
9.525840000e-01 2.875440000e+00 
8.637500000e-01 2.883570000e+00 
7.555281000e-01 2.987691000e+00 
7.758863000e-01 2.965305000e+00 
9.758809000e-01 2.860151000e+00 
7.503053000e-01 3.001114000e+00 
7.741796000e-01 2.981600000e+00 
2.808012000e-01 3.133893000e+00 
2.986486000e-01 3.104816000e+00 
6.239987000e-01 3.038677000e+00 
2.808707000e-01 3.128941000e+00 

4.444592000e-01 3.178812000e+00 
2.807753000e-01 4.609812000e+00 
2.807771000e-01 3.321518000e+00 
2.827880000e-01 3.220475000e+00 
5.201192000e-01 3.120148000e+00 
6.616701000e-01 3.064592000e+00 
2.807754000e-01 3.403495000e+00 
9.983854000e-01 2.861184000e+00 
2.899474000e-01 3.181693000e+00 
2.807782000e-01 3.245848000e+00 
2.856799000e-01 3.200752000e+00 
7.526493000e-01 3.020866000e+00 
6.977150000e-01 3.063512000e+00 
8.377692000e-01 3.000452000e+00 
4.311386000e-01 3.179471000e+00 
5.506454000e-01 3.104324000e+00 
6.651216000e-01 3.064465000e+00 
6.220732000e-01 3.073422000e+00 
5.516035000e-01 3.093141000e+00 
9.398480000e-01 2.915965000e+00 
8.660365000e-01 2.982337000e+00 
5.161696000e-01 3.175961000e+00 
8.766500000e-01 2.949162000e+00 
6.545737000e-01 3.066070000e+00 
9.460904000e-01 2.890340000e+00 
2.807811000e-01 3.224101000e+00 
9.155747000e-01 2.944532000e+00 
7.468835000e-01 3.061151000e+00 

2.813256000e-01 3.353002000e+00 
8.155404000e-01 3.165688000e+00 
7.260718000e-01 3.243149000e+00 
6.838991000e-01 3.245058000e+00 
2.807756000e-01 3.513900000e+00 
9.420304000e-01 3.106939000e+00 
2.807808000e-01 3.443845000e+00 
6.113921000e-01 3.256473000e+00 
9.619793000e-01 3.061084000e+00 
6.116660000e-01 3.245339000e+00 
7.638112000e-01 3.206528000e+00 
2.807754000e-01 3.591007000e+00 
7.616389000e-01 3.229228000e+00 
2.807753000e-01 3.774284000e+00 
8.392989000e-01 3.141406000e+00 
4.724069000e-01 3.308548000e+00 
7.352591000e-01 3.229493000e+00 
2.809828000e-01 3.392560000e+00 
9.586549000e-01 3.095046000e+00 
2.807820000e-01 3.436112000e+00 
2.895543000e-01 3.313981000e+00 
6.106091000e-01 3.286400000e+00 
2.808162000e-01 3.426162000e+00 
8.800385000e-01 3.138541000e+00 
2.832947000e-01 3.338912000e+00 
8.597605000e-01 3.141323000e+00 
5.281550000e-01 3.302347000e+00 
6.057659000e-01 3.297359000e+00 

