2.807753000e-01 6.349262000e+00 
2.807755000e-01 6.257749000e+00 
2.807809000e-01 6.060931000e+00 
2.807759000e-01 6.161965000e+00 
2.818213000e-01 6.038532000e+00 
2.807781000e-01 6.120506000e+00 
2.818998000e-01 5.989901000e+00 

2.807755000e-01 6.076628000e+00 
2.807753000e-01 6.213049000e+00 

2.991680000e-01 6.131772000e+00 
2.807753000e-01 6.404840000e+00 
9.970573000e-01 6.018211000e+00 
2.807757000e-01 6.304080000e+00 
2.807761000e-01 6.211141000e+00 
2.807844000e-01 6.207802000e+00 
2.807890000e-01 6.182929000e+00 
9.981361000e-01 6.015377000e+00 
9.713209000e-01 6.061740000e+00 
9.672583000e-01 6.100779000e+00 
2.810591000e-01 6.147313000e+00 

2.807785000e-01 6.817518000e+00 
2.807753000e-01 6.891155000e+00 
2.807801000e-01 6.382481000e+00 
2.807804000e-01 6.308767000e+00 
2.807794000e-01 6.649575000e+00 
2.807843000e-01 6.201293000e+00 

2.807753000e-01 6.288128000e+00 
2.807755000e-01 6.267182000e+00 
2.808458000e-01 6.109336000e+00 
2.807758000e-01 6.224392000e+00 
2.807783000e-01 6.119682000e+00 
2.818137000e-01 6.024306000e+00 
2.817190000e-01 6.072110000e+00 

2.808257000e-01 6.176289000e+00 
2.807755000e-01 6.261414000e+00 
2.807754000e-01 6.318808000e+00 
2.808871000e-01 6.168904000e+00 
2.807753000e-01 6.329043000e+00 
2.807756000e-01 6.216297000e+00 
2.807775000e-01 6.205554000e+00 
2.809584000e-01 6.130645000e+00 

2.807986000e-01 6.415132000e+00 
2.808000000e-01 6.341407000e+00 
2.807753000e-01 6.536482000e+00 
2.807776000e-01 6.448078000e+00 
2.825833000e-01 6.200695000e+00 
2.816723000e-01 6.216984000e+00 
2.817811000e-01 6.216638000e+00 
2.808073000e-01 6.271465000e+00 
2.808691000e-01 6.228729000e+00 
9.052868000e-01 6.189557000e+00 

2.807756000e-01 6.328845000e+00 
2.807753000e-01 6.764630000e+00 
2.807771000e-01 6.260562000e+00 
2.808193000e-01 6.051702000e+00 
9.953066000e-01 5.823874000e+00 
2.807769000e-01 6.267491000e+00 
2.807772000e-01 6.125646000e+00 
2.808564000e-01 6.009774000e+00 

