2.825458000e-01 6.275097000e+00 
2.807753000e-01 6.819514000e+00 
2.807754000e-01 6.488504000e+00 
5.987959000e-01 6.204798000e+00 
2.807773000e-01 6.468560000e+00 
2.807793000e-01 6.465690000e+00 
2.807844000e-01 6.279677000e+00 
2.857949000e-01 6.257776000e+00 

7.204626000e-01 6.320977000e+00 
2.807855000e-01 6.347970000e+00 
2.807754000e-01 6.355246000e+00 
2.807753000e-01 6.463997000e+00 

2.813393000e-01 6.375800000e+00 
2.807753000e-01 6.404840000e+00 
9.991943000e-01 6.253242000e+00 
2.826808000e-01 6.289209000e+00 

2.807785000e-01 6.817518000e+00 
2.807753000e-01 6.891155000e+00 
2.807983000e-01 6.469617000e+00 
2.807840000e-01 6.652269000e+00 
2.807912000e-01 6.533991000e+00 
2.807849000e-01 6.623663000e+00 
2.807823000e-01 6.688124000e+00 
2.807867000e-01 6.619372000e+00 
2.807873000e-01 6.590977000e+00 
2.807826000e-01 6.660947000e+00 
2.808120000e-01 6.433273000e+00 

2.807753000e-01 6.432836000e+00 
2.808071000e-01 6.382881000e+00 
2.807771000e-01 6.390842000e+00 
2.819889000e-01 6.275124000e+00 
2.811595000e-01 6.320601000e+00 
2.808267000e-01 6.339023000e+00 

2.807759000e-01 6.800897000e+00 
2.807786000e-01 6.467699000e+00 
2.807753000e-01 7.289160000e+00 
2.807772000e-01 6.785192000e+00 
2.821775000e-01 6.255975000e+00 
2.807787000e-01 6.411961000e+00 
2.809773000e-01 6.322581000e+00 
2.809722000e-01 6.350116000e+00 
2.807797000e-01 6.363363000e+00 

2.809348000e-01 6.517144000e+00 
2.807753000e-01 6.575125000e+00 
2.817248000e-01 6.391740000e+00 
2.810973000e-01 6.516280000e+00 
9.681921000e-01 6.358652000e+00 
2.809219000e-01 6.566026000e+00 
2.811824000e-01 6.451015000e+00 

2.810671000e-01 6.247337000e+00 
2.807753000e-01 6.764630000e+00 
9.999871000e-01 6.162753000e+00 
2.808315000e-01 6.314270000e+00 
2.807756000e-01 6.328845000e+00 

