9.628006000e-01 2.905150000e+00 
9.560077000e-01 2.922867000e+00 
9.974615000e-01 2.847715000e+00 
7.225242000e-01 3.016223000e+00 
5.541623000e-01 3.046116000e+00 
7.663135000e-01 3.008495000e+00 
8.679160000e-01 2.929159000e+00 
2.814024000e-01 3.156136000e+00 
9.913994000e-01 2.858197000e+00 
8.304186000e-01 2.964827000e+00 
6.383731000e-01 3.020917000e+00 
2.819150000e-01 3.144551000e+00 
8.621699000e-01 2.935484000e+00 
7.946578000e-01 2.981042000e+00 
5.251685000e-01 3.094031000e+00 
9.607779000e-01 2.906750000e+00 
8.137388000e-01 2.967111000e+00 
9.709166000e-01 2.886308000e+00 
8.316296000e-01 2.954083000e+00 
2.817370000e-01 3.145668000e+00 
9.689654000e-01 2.899671000e+00 
7.932511000e-01 3.006502000e+00 
9.339110000e-01 2.928077000e+00 
4.546034000e-01 3.096320000e+00 
2.807753000e-01 3.164314000e+00 
9.561331000e-01 2.907216000e+00 
8.958007000e-01 2.929022000e+00 
4.216263000e-01 3.116600000e+00 
2.809492000e-01 3.162959000e+00 
2.810614000e-01 3.158744000e+00 
9.946014000e-01 2.856451000e+00 

2.807755000e-01 3.817478000e+00 
2.807778000e-01 3.444732000e+00 
6.082037000e-01 3.227714000e+00 
2.807784000e-01 3.271783000e+00 
2.807773000e-01 3.448181000e+00 
2.950927000e-01 3.260364000e+00 
9.585714000e-01 2.997634000e+00 
2.807753000e-01 3.881897000e+00 
9.327644000e-01 3.041002000e+00 
9.464534000e-01 3.020649000e+00 
6.706748000e-01 3.172338000e+00 
7.398758000e-01 3.144910000e+00 
7.357080000e-01 3.170063000e+00 
8.478433000e-01 3.057549000e+00 
5.112210000e-01 3.254887000e+00 
9.831113000e-01 2.985120000e+00 
2.857396000e-01 3.262883000e+00 
7.854287000e-01 3.097730000e+00 
6.204518000e-01 3.193947000e+00 

2.807753000e-01 5.729769000e+00 
2.807754000e-01 3.828404000e+00 
4.690279000e-01 3.427115000e+00 
4.544273000e-01 3.441691000e+00 
5.185009000e-01 3.386331000e+00 
4.313896000e-01 3.450143000e+00 
7.330219000e-01 3.344227000e+00 
5.172494000e-01 3.395630000e+00 
6.595772000e-01 3.360470000e+00 
2.807774000e-01 3.571396000e+00 
9.623723000e-01 3.235077000e+00 
9.867996000e-01 3.230348000e+00 
6.485007000e-01 3.368049000e+00 
2.807764000e-01 3.761126000e+00 
6.667828000e-01 3.351144000e+00 
9.091788000e-01 3.258549000e+00 
2.810729000e-01 3.486709000e+00 
7.527603000e-01 3.282572000e+00 
2.827802000e-01 3.463610000e+00 
9.505687000e-01 3.249306000e+00 
4.786530000e-01 3.426457000e+00 
2.807817000e-01 3.569501000e+00 
4.677666000e-01 3.440146000e+00 
2.809298000e-01 3.540396000e+00 
2.809042000e-01 3.562556000e+00 
2.809598000e-01 3.520179000e+00 
7.353379000e-01 3.283113000e+00 
2.815954000e-01 3.478816000e+00 

6.744943000e-01 3.153207000e+00 
2.807859000e-01 3.268740000e+00 
7.716028000e-01 3.121521000e+00 
7.692112000e-01 3.121646000e+00 
9.941267000e-01 2.943085000e+00 
2.807809000e-01 3.304034000e+00 
2.807772000e-01 3.359776000e+00 
2.807754000e-01 3.377962000e+00 
7.642981000e-01 3.125488000e+00 
9.898714000e-01 2.977051000e+00 
2.895054000e-01 3.234130000e+00 
9.010265000e-01 3.018850000e+00 
2.807753000e-01 3.489766000e+00 
7.893584000e-01 3.079559000e+00 
4.985165000e-01 3.222967000e+00 
8.644424000e-01 3.065573000e+00 
2.807757000e-01 3.364530000e+00 
7.810491000e-01 3.083541000e+00 
5.191515000e-01 3.186718000e+00 
9.275450000e-01 2.977472000e+00 
2.808401000e-01 3.261790000e+00 
7.899515000e-01 3.073985000e+00 
7.505387000e-01 3.128640000e+00 
5.351923000e-01 3.182697000e+00 
6.703819000e-01 3.179115000e+00 
5.096122000e-01 3.216048000e+00 
5.563441000e-01 3.179630000e+00 
5.112371000e-01 3.207833000e+00 

4.828938000e-01 3.182911000e+00 
9.779907000e-01 2.973042000e+00 
9.846668000e-01 2.957496000e+00 
7.492516000e-01 3.089711000e+00 
5.676671000e-01 3.170434000e+00 
9.109851000e-01 3.031996000e+00 
2.807846000e-01 3.279440000e+00 
2.807778000e-01 3.341144000e+00 
2.807753000e-01 3.341673000e+00 
9.629494000e-01 2.985012000e+00 
2.807781000e-01 3.287474000e+00 
5.370762000e-01 3.176935000e+00 
9.392517000e-01 2.988573000e+00 
7.635178000e-01 3.086551000e+00 
4.574540000e-01 3.191524000e+00 
2.836338000e-01 3.216201000e+00 
8.526671000e-01 3.077718000e+00 
6.545345000e-01 3.143425000e+00 
2.808490000e-01 3.262220000e+00 
9.361368000e-01 3.022816000e+00 
7.174793000e-01 3.142686000e+00 
8.587478000e-01 3.070016000e+00 
9.781101000e-01 2.967630000e+00 
3.891699000e-01 3.197063000e+00 
2.828999000e-01 3.254546000e+00 
8.623517000e-01 3.047568000e+00 
2.986030000e-01 3.202478000e+00 

8.426905000e-01 3.164464000e+00 
2.807753000e-01 4.609812000e+00 
6.121607000e-01 3.173803000e+00 
9.787231000e-01 3.058329000e+00 
9.957707000e-01 3.034174000e+00 
9.344622000e-01 3.098094000e+00 
2.807754000e-01 3.403495000e+00 
2.825897000e-01 3.315183000e+00 
2.807815000e-01 3.371809000e+00 
2.807990000e-01 3.328722000e+00 
5.110801000e-01 3.269922000e+00 
5.276851000e-01 3.269312000e+00 
5.642875000e-01 3.220678000e+00 
8.533154000e-01 3.160340000e+00 
8.717787000e-01 3.151721000e+00 
5.459703000e-01 3.240232000e+00 
8.980700000e-01 3.106643000e+00 
5.360708000e-01 3.266684000e+00 
2.807918000e-01 3.346546000e+00 
6.100608000e-01 3.201171000e+00 
8.963376000e-01 3.124689000e+00 
9.023165000e-01 3.103367000e+00 
9.597808000e-01 3.066547000e+00 
8.812261000e-01 3.127353000e+00 
2.986205000e-01 3.292839000e+00 

5.592101000e-01 3.436402000e+00 
2.890512000e-01 3.471254000e+00 
8.285817000e-01 3.333629000e+00 
7.519408000e-01 3.336674000e+00 
2.807756000e-01 3.513900000e+00 
6.485127000e-01 3.425878000e+00 
2.926232000e-01 3.461339000e+00 
6.588124000e-01 3.364572000e+00 
2.807857000e-01 3.495566000e+00 
8.598636000e-01 3.283618000e+00 
9.067772000e-01 3.273018000e+00 
2.807754000e-01 3.591007000e+00 
6.448854000e-01 3.433530000e+00 
2.807753000e-01 3.774284000e+00 
1.000000000e+00 3.230407000e+00 
6.442651000e-01 3.433939000e+00 
2.811422000e-01 3.484476000e+00 
5.404133000e-01 3.438176000e+00 
8.584016000e-01 3.329357000e+00 
9.493586000e-01 3.245929000e+00 
6.562584000e-01 3.377302000e+00 
6.536798000e-01 3.412348000e+00 
5.288198000e-01 3.441266000e+00 

