2.857873000e-01 6.685130000e+00 
2.857873000e-01 6.685130000e+00 
2.857873000e-01 6.685130000e+00 
9.997813000e-01 6.662275000e+00 
2.807753000e-01 6.840920000e+00 
2.807756000e-01 6.773149000e+00 
2.813411000e-01 6.712892000e+00 
2.808311000e-01 6.771723000e+00 
2.851062000e-01 6.699431000e+00 

2.935253000e-01 6.678769000e+00 
2.811012000e-01 6.713713000e+00 
2.935253000e-01 6.678769000e+00 
2.807754000e-01 6.791495000e+00 
2.807753000e-01 6.908394000e+00 
2.807755000e-01 6.728038000e+00 

9.923715000e-01 6.655169000e+00 
2.807754000e-01 7.499557000e+00 
2.807755000e-01 6.973353000e+00 
2.807759000e-01 6.737171000e+00 
2.807753000e-01 7.653675000e+00 
2.813231000e-01 6.679878000e+00 
2.864523000e-01 6.671219000e+00 

2.807799000e-01 6.977634000e+00 
2.807838000e-01 6.891650000e+00 
2.807753000e-01 7.777964000e+00 
2.807755000e-01 7.226737000e+00 
2.807960000e-01 6.723371000e+00 
2.807797000e-01 6.991355000e+00 

2.807753000e-01 6.900435000e+00 
2.807756000e-01 6.762419000e+00 
2.816614000e-01 6.679263000e+00 
2.808047000e-01 6.693776000e+00 
2.826080000e-01 6.651967000e+00 
2.807781000e-01 6.721791000e+00 
2.808006000e-01 6.707441000e+00 

2.817154000e-01 6.677253000e+00 
2.807760000e-01 7.038805000e+00 
2.807753000e-01 7.289160000e+00 
2.807802000e-01 6.857574000e+00 
2.809482000e-01 6.696485000e+00 
2.808202000e-01 6.771226000e+00 
2.811701000e-01 6.688801000e+00 
4.146288000e-01 6.579241000e+00 
2.808080000e-01 6.791692000e+00 
2.807823000e-01 6.802578000e+00 
2.809435000e-01 6.761308000e+00 

2.807823000e-01 7.073902000e+00 
2.808432000e-01 6.880733000e+00 
2.807754000e-01 7.337176000e+00 
2.808220000e-01 6.921482000e+00 
2.811526000e-01 6.777861000e+00 
2.981678000e-01 6.706477000e+00 
2.807753000e-01 7.443334000e+00 
2.807851000e-01 6.973103000e+00 
2.810545000e-01 6.864685000e+00 
2.807777000e-01 7.087196000e+00 
2.807756000e-01 7.092052000e+00 
2.813896000e-01 6.762398000e+00 
8.129120000e-01 6.648982000e+00 
2.807878000e-01 6.952741000e+00 
2.810304000e-01 6.878604000e+00 

2.807755000e-01 6.979061000e+00 
2.808269000e-01 6.712779000e+00 
9.999603000e-01 6.532302000e+00 
2.807753000e-01 7.058496000e+00 
2.807768000e-01 6.819315000e+00 
9.997949000e-01 6.627518000e+00 
2.807756000e-01 6.942110000e+00 
2.807973000e-01 6.723795000e+00 
2.809847000e-01 6.658904000e+00 
2.807766000e-01 6.852383000e+00 
2.807801000e-01 6.799517000e+00 
2.808521000e-01 6.673479000e+00 
2.811516000e-01 6.652861000e+00 

