2.848710000e-01 3.647002000e+00 
6.361490000e-01 3.577575000e+00 
5.214964000e-01 3.581094000e+00 
6.845017000e-01 3.568655000e+00 
2.807753000e-01 3.915988000e+00 
7.943151000e-01 3.547624000e+00 
9.590728000e-01 3.480521000e+00 
9.702876000e-01 3.451600000e+00 
2.807754000e-01 3.833860000e+00 
9.801933000e-01 3.416971000e+00 
2.807756000e-01 3.774648000e+00 
2.807790000e-01 3.651908000e+00 
7.369604000e-01 3.561177000e+00 
2.807766000e-01 3.770271000e+00 
2.852082000e-01 3.621831000e+00 
8.117830000e-01 3.545405000e+00 

2.810373000e-01 4.000662000e+00 
2.807766000e-01 4.378708000e+00 
2.807753000e-01 5.191956000e+00 
2.807754000e-01 4.626302000e+00 
2.807758000e-01 4.619230000e+00 
2.810201000e-01 4.041108000e+00 
9.994075000e-01 3.689031000e+00 
2.807800000e-01 4.133649000e+00 
7.628099000e-01 3.830387000e+00 
2.814748000e-01 3.943604000e+00 
8.144492000e-01 3.807036000e+00 
2.808072000e-01 4.082652000e+00 
2.807771000e-01 4.142413000e+00 
2.808244000e-01 4.059101000e+00 
2.817689000e-01 3.917573000e+00 
2.810949000e-01 3.964719000e+00 
6.918675000e-01 3.858587000e+00 
6.612778000e-01 3.860458000e+00 
8.579285000e-01 3.716007000e+00 
2.812061000e-01 3.963792000e+00 
5.018792000e-01 3.864894000e+00 
7.633530000e-01 3.829962000e+00 
8.357383000e-01 3.794890000e+00 
6.999716000e-01 3.836821000e+00 

2.807753000e-01 5.729769000e+00 
2.807754000e-01 4.847595000e+00 
9.186596000e-01 3.992699000e+00 
6.641930000e-01 4.090852000e+00 
2.807761000e-01 4.369858000e+00 
7.176503000e-01 4.060482000e+00 
2.807789000e-01 4.235586000e+00 
6.371274000e-01 4.096362000e+00 
2.808087000e-01 4.205011000e+00 
2.807758000e-01 4.407436000e+00 
2.835825000e-01 4.180556000e+00 
2.807755000e-01 4.494725000e+00 
6.661541000e-01 4.086306000e+00 
2.813658000e-01 4.187458000e+00 
2.807783000e-01 4.248999000e+00 
7.059486000e-01 4.076494000e+00 
9.562416000e-01 3.976303000e+00 
2.900884000e-01 4.158494000e+00 
2.837081000e-01 4.180350000e+00 
9.870571000e-01 3.903487000e+00 
8.126186000e-01 3.993777000e+00 
2.923487000e-01 4.152077000e+00 
5.976175000e-01 4.145813000e+00 
2.809775000e-01 4.199492000e+00 
6.109042000e-01 4.120021000e+00 

2.808102000e-01 3.913339000e+00 
2.807759000e-01 4.232630000e+00 
2.810550000e-01 3.857769000e+00 
9.529044000e-01 3.669571000e+00 
8.030202000e-01 3.717944000e+00 
2.807753000e-01 4.476776000e+00 
2.807754000e-01 4.296974000e+00 
2.807849000e-01 3.930469000e+00 
2.809556000e-01 3.876794000e+00 
2.808286000e-01 3.901258000e+00 
2.807761000e-01 3.976061000e+00 
9.867872000e-01 3.620546000e+00 
5.747560000e-01 3.825910000e+00 
6.394617000e-01 3.781081000e+00 
9.776648000e-01 3.662264000e+00 
5.735747000e-01 3.838023000e+00 
9.277607000e-01 3.685034000e+00 

5.632654000e-01 3.806928000e+00 
2.807826000e-01 4.026744000e+00 
2.856252000e-01 3.864085000e+00 
2.807753000e-01 4.790643000e+00 
2.807796000e-01 4.082337000e+00 
7.018765000e-01 3.779040000e+00 
2.807754000e-01 4.257289000e+00 
5.733398000e-01 3.785772000e+00 
6.151909000e-01 3.781604000e+00 
8.051668000e-01 3.710915000e+00 
8.480409000e-01 3.684824000e+00 
2.807852000e-01 3.864736000e+00 
8.133711000e-01 3.696893000e+00 
7.185398000e-01 3.761691000e+00 
7.901698000e-01 3.721199000e+00 
7.443693000e-01 3.732903000e+00 
7.144239000e-01 3.763742000e+00 
9.951007000e-01 3.574975000e+00 
9.885860000e-01 3.627057000e+00 
2.861515000e-01 3.858103000e+00 
3.333150000e-01 3.813935000e+00 
6.515641000e-01 3.779995000e+00 

5.895862000e-01 3.838119000e+00 
2.807753000e-01 4.609812000e+00 
2.807755000e-01 4.373674000e+00 
2.807830000e-01 3.983751000e+00 
2.807785000e-01 4.173338000e+00 
2.808254000e-01 3.905589000e+00 
9.998695000e-01 3.669973000e+00 
2.807756000e-01 4.361512000e+00 
8.339920000e-01 3.738476000e+00 
2.807761000e-01 4.174599000e+00 
2.807865000e-01 3.916279000e+00 
9.887385000e-01 3.693369000e+00 
9.512146000e-01 3.719678000e+00 
2.903382000e-01 3.892355000e+00 
9.799665000e-01 3.703215000e+00 
8.320114000e-01 3.795259000e+00 
9.724098000e-01 3.707805000e+00 
8.111555000e-01 3.805544000e+00 
6.465990000e-01 3.820133000e+00 

7.853998000e-01 3.911724000e+00 
9.998075000e-01 3.794837000e+00 
2.807763000e-01 4.489961000e+00 
6.144367000e-01 4.023869000e+00 
2.807782000e-01 4.178015000e+00 
2.807753000e-01 4.533419000e+00 
6.704998000e-01 3.965454000e+00 
2.862843000e-01 4.036487000e+00 
2.807757000e-01 4.523002000e+00 
6.254642000e-01 3.981091000e+00 
2.815174000e-01 4.070882000e+00 
2.986686000e-01 4.030270000e+00 
2.807765000e-01 4.436438000e+00 
2.808326000e-01 4.125713000e+00 
9.306219000e-01 3.842963000e+00 
5.228688000e-01 4.029155000e+00 
2.808325000e-01 4.173024000e+00 
9.998711000e-01 3.789728000e+00 
9.980836000e-01 3.838918000e+00 
8.356244000e-01 3.889182000e+00 
7.004014000e-01 3.935466000e+00 
7.773866000e-01 3.927888000e+00 
2.820670000e-01 4.069906000e+00 
6.730142000e-01 3.938978000e+00 
6.151007000e-01 3.997305000e+00 
2.858118000e-01 4.046928000e+00 
5.903636000e-01 4.024335000e+00 
2.808343000e-01 4.107756000e+00 
8.774835000e-01 3.861845000e+00 

