2.807753000e-01 4.761742000e+00 
6.571663000e-01 4.331200000e+00 
2.807755000e-01 4.583590000e+00 
2.807768000e-01 4.551660000e+00 
6.218512000e-01 4.352388000e+00 
2.807780000e-01 4.507168000e+00 
8.932061000e-01 4.247185000e+00 
2.807762000e-01 4.554207000e+00 
6.197466000e-01 4.374555000e+00 
8.849368000e-01 4.258369000e+00 
2.847197000e-01 4.418882000e+00 
6.212497000e-01 4.373674000e+00 
2.807888000e-01 4.506955000e+00 
8.948158000e-01 4.197501000e+00 
2.808319000e-01 4.490181000e+00 
7.514675000e-01 4.289086000e+00 
2.808570000e-01 4.432389000e+00 
7.282669000e-01 4.299647000e+00 
2.808548000e-01 4.483959000e+00 
5.089003000e-01 4.398379000e+00 
2.878424000e-01 4.411001000e+00 

7.353835000e-01 4.404259000e+00 
7.290869000e-01 4.412636000e+00 
2.807753000e-01 5.191956000e+00 
2.807754000e-01 4.626302000e+00 
2.807758000e-01 4.619230000e+00 
7.404089000e-01 4.402495000e+00 
2.807805000e-01 4.557285000e+00 
6.044501000e-01 4.452709000e+00 
9.999962000e-01 4.272241000e+00 
2.807968000e-01 4.527246000e+00 
9.276939000e-01 4.309407000e+00 
2.808373000e-01 4.454834000e+00 
7.455052000e-01 4.351112000e+00 
9.225859000e-01 4.327695000e+00 
7.425194000e-01 4.389030000e+00 
2.807904000e-01 4.545885000e+00 
9.918898000e-01 4.275681000e+00 
6.818465000e-01 4.444890000e+00 
6.973551000e-01 4.418235000e+00 

2.807753000e-01 5.729769000e+00 
7.851870000e-01 4.556209000e+00 
7.728606000e-01 4.602521000e+00 
5.012766000e-01 4.668447000e+00 
4.683415000e-01 4.680400000e+00 
2.807758000e-01 4.805894000e+00 
5.287150000e-01 4.646256000e+00 
2.807755000e-01 4.838466000e+00 
2.807788000e-01 4.744616000e+00 
7.788457000e-01 4.601646000e+00 
2.807822000e-01 4.727201000e+00 
4.845594000e-01 4.672950000e+00 
2.807754000e-01 4.847595000e+00 
5.140583000e-01 4.650857000e+00 
2.807758000e-01 4.805894000e+00 
2.807827000e-01 4.699111000e+00 
9.180310000e-01 4.474179000e+00 
8.930337000e-01 4.535712000e+00 
7.684455000e-01 4.603184000e+00 
3.270931000e-01 4.680709000e+00 
2.868996000e-01 4.689200000e+00 
7.828191000e-01 4.593711000e+00 
6.525304000e-01 4.617306000e+00 

9.552445000e-01 4.399050000e+00 
2.807753000e-01 5.528856000e+00 
7.102149000e-01 4.461822000e+00 
7.369563000e-01 4.403495000e+00 
9.596741000e-01 4.304066000e+00 
2.807777000e-01 4.602901000e+00 
2.808650000e-01 4.562861000e+00 
2.807846000e-01 4.595623000e+00 
2.807754000e-01 4.640284000e+00 
9.586046000e-01 4.388189000e+00 
2.807755000e-01 4.605507000e+00 
2.812305000e-01 4.471434000e+00 
9.589917000e-01 4.368290000e+00 
7.194481000e-01 4.414132000e+00 

2.808010000e-01 4.489939000e+00 
2.807755000e-01 4.521275000e+00 
2.822469000e-01 4.451912000e+00 
2.807753000e-01 4.790643000e+00 
2.852043000e-01 4.449902000e+00 
9.245162000e-01 4.307381000e+00 
2.875070000e-01 4.435537000e+00 
2.890993000e-01 4.372892000e+00 
7.359724000e-01 4.367965000e+00 
2.807754000e-01 4.556915000e+00 
8.034548000e-01 4.312726000e+00 
2.811159000e-01 4.467913000e+00 
2.807791000e-01 4.505432000e+00 
2.808392000e-01 4.484185000e+00 
9.828940000e-01 4.259075000e+00 
9.943424000e-01 4.235913000e+00 
7.828070000e-01 4.363891000e+00 

9.252390000e-01 4.349409000e+00 
2.807753000e-01 4.609812000e+00 
6.346675000e-01 4.453510000e+00 
6.413226000e-01 4.435155000e+00 
8.056557000e-01 4.391260000e+00 
2.807900000e-01 4.540430000e+00 
9.799544000e-01 4.309914000e+00 
6.117085000e-01 4.492712000e+00 
6.129432000e-01 4.481698000e+00 
2.807834000e-01 4.585275000e+00 
9.822798000e-01 4.287859000e+00 
2.900925000e-01 4.501530000e+00 
9.681989000e-01 4.314834000e+00 
2.808092000e-01 4.520205000e+00 
6.311048000e-01 4.461725000e+00 

2.807756000e-01 4.841886000e+00 
2.909201000e-01 4.633063000e+00 
2.807768000e-01 4.754098000e+00 
2.807758000e-01 4.815685000e+00 
2.807754000e-01 4.926395000e+00 
6.428801000e-01 4.577787000e+00 
2.807753000e-01 4.945725000e+00 
2.808130000e-01 4.644172000e+00 
5.991763000e-01 4.610122000e+00 
7.660804000e-01 4.478512000e+00 
6.287953000e-01 4.578314000e+00 

