2.807782000e-01 5.330791000e+00 
7.272553000e-01 5.220839000e+00 
2.807754000e-01 5.374968000e+00 
9.812011000e-01 5.072259000e+00 
2.808556000e-01 5.225407000e+00 
2.807753000e-01 5.685961000e+00 
7.871648000e-01 5.137779000e+00 
8.738457000e-01 5.113594000e+00 
6.649492000e-01 5.222324000e+00 
2.808089000e-01 5.278494000e+00 
9.754347000e-01 5.111878000e+00 
7.751046000e-01 5.168060000e+00 
8.680547000e-01 5.113824000e+00 
9.826680000e-01 5.023866000e+00 

2.807847000e-01 5.369604000e+00 
2.807753000e-01 5.576593000e+00 
2.828656000e-01 5.300675000e+00 
2.807755000e-01 5.414718000e+00 
2.807771000e-01 5.408658000e+00 
7.822410000e-01 5.167566000e+00 
9.014185000e-01 5.107240000e+00 
7.529693000e-01 5.241406000e+00 
6.536931000e-01 5.253245000e+00 
2.807880000e-01 5.304956000e+00 
2.807864000e-01 5.369427000e+00 
7.648580000e-01 5.215547000e+00 
8.478180000e-01 5.162452000e+00 
7.374069000e-01 5.248884000e+00 

2.828432000e-01 5.462422000e+00 
2.807754000e-01 5.626074000e+00 
2.807760000e-01 5.621567000e+00 
8.272276000e-01 5.412744000e+00 
8.047697000e-01 5.423353000e+00 
9.810595000e-01 5.336913000e+00 
2.807753000e-01 5.729769000e+00 
9.109729000e-01 5.338329000e+00 
2.809196000e-01 5.488301000e+00 
2.807865000e-01 5.548577000e+00 
2.807761000e-01 5.578622000e+00 
2.809056000e-01 5.516794000e+00 
8.901235000e-01 5.379002000e+00 
6.646794000e-01 5.431743000e+00 
2.807921000e-01 5.523039000e+00 
2.807877000e-01 5.541467000e+00 
6.261197000e-01 5.461187000e+00 
2.814302000e-01 5.478547000e+00 
8.284657000e-01 5.390508000e+00 

9.404219000e-01 5.232675000e+00 
2.807753000e-01 5.528856000e+00 
2.807763000e-01 5.405400000e+00 
9.551589000e-01 5.207665000e+00 
2.821239000e-01 5.317294000e+00 
3.376386000e-01 5.301150000e+00 
9.817464000e-01 5.200383000e+00 
8.316346000e-01 5.287800000e+00 
9.359426000e-01 5.258928000e+00 
8.996519000e-01 5.263959000e+00 
2.808131000e-01 5.374614000e+00 

2.807753000e-01 5.540987000e+00 
2.816843000e-01 5.313691000e+00 
2.828333000e-01 5.307780000e+00 
8.544059000e-01 5.166310000e+00 
2.807758000e-01 5.378813000e+00 
2.822457000e-01 5.308852000e+00 
7.611530000e-01 5.211571000e+00 
6.198223000e-01 5.302994000e+00 
2.860086000e-01 5.306324000e+00 
8.253178000e-01 5.196691000e+00 
2.816051000e-01 5.320951000e+00 
8.521960000e-01 5.194339000e+00 
8.734125000e-01 5.132602000e+00 
2.808112000e-01 5.325586000e+00 

2.847127000e-01 5.343017000e+00 
2.807754000e-01 5.493891000e+00 
2.808523000e-01 5.422101000e+00 
9.635644000e-01 5.208364000e+00 
2.807753000e-01 5.709258000e+00 
2.808319000e-01 5.448292000e+00 
2.811163000e-01 5.415826000e+00 
2.807842000e-01 5.484001000e+00 
9.097726000e-01 5.265624000e+00 
9.376551000e-01 5.239443000e+00 
2.872740000e-01 5.298669000e+00 
9.742211000e-01 5.183946000e+00 
9.627842000e-01 5.234421000e+00 
9.372948000e-01 5.239911000e+00 
2.828542000e-01 5.390730000e+00 
8.773430000e-01 5.291398000e+00 
2.807868000e-01 5.473824000e+00 

2.807753000e-01 5.939019000e+00 
2.812418000e-01 5.536948000e+00 
6.559837000e-01 5.469971000e+00 
2.807755000e-01 5.556147000e+00 
6.344019000e-01 5.513054000e+00 
2.820151000e-01 5.521724000e+00 
7.159656000e-01 5.466769000e+00 
9.202189000e-01 5.386587000e+00 
8.328345000e-01 5.422477000e+00 
2.807754000e-01 5.598405000e+00 
2.810296000e-01 5.554491000e+00 
7.885478000e-01 5.453814000e+00 

9.814873000e-01 5.028804000e+00 
2.882107000e-01 5.129989000e+00 
2.807753000e-01 5.364275000e+00 
8.100796000e-01 5.069646000e+00 
2.807754000e-01 5.279609000e+00 
2.807781000e-01 5.270040000e+00 
2.949031000e-01 5.126875000e+00 
7.381367000e-01 5.081790000e+00 
7.937577000e-01 5.075122000e+00 
2.807790000e-01 5.232511000e+00 
7.808843000e-01 5.078924000e+00 
2.810359000e-01 5.157803000e+00 
7.008955000e-01 5.090169000e+00 
9.930864000e-01 5.008833000e+00 
2.808870000e-01 5.168075000e+00 

