9.878807000e-01 5.330334000e+00 
2.807762000e-01 5.674936000e+00 
9.433290000e-01 5.409758000e+00 
2.807778000e-01 5.608010000e+00 
2.807829000e-01 5.552785000e+00 
2.807753000e-01 5.685961000e+00 
9.806714000e-01 5.360662000e+00 
2.807756000e-01 5.681406000e+00 
9.725868000e-01 5.386361000e+00 
2.808712000e-01 5.525039000e+00 
2.900732000e-01 5.421929000e+00 
2.810827000e-01 5.513043000e+00 

9.059972000e-01 5.486378000e+00 
2.807753000e-01 5.576593000e+00 
2.822661000e-01 5.499184000e+00 
9.553065000e-01 5.443229000e+00 
9.308746000e-01 5.476366000e+00 
2.808963000e-01 5.567321000e+00 
2.819200000e-01 5.518529000e+00 
8.312147000e-01 5.486556000e+00 
9.960895000e-01 5.295285000e+00 

2.807757000e-01 5.906197000e+00 
9.604566000e-01 5.515468000e+00 
2.808913000e-01 5.733187000e+00 
2.807766000e-01 5.797763000e+00 
2.866126000e-01 5.663664000e+00 
2.807753000e-01 6.024110000e+00 
8.875491000e-01 5.607679000e+00 
9.050086000e-01 5.599420000e+00 
2.807755000e-01 5.920063000e+00 
8.721621000e-01 5.628165000e+00 
8.743439000e-01 5.611599000e+00 
7.826964000e-01 5.629282000e+00 
2.826760000e-01 5.711195000e+00 
9.305941000e-01 5.542028000e+00 
2.807767000e-01 5.740839000e+00 

2.808115000e-01 5.715409000e+00 
2.807753000e-01 6.891155000e+00 
2.808124000e-01 5.658850000e+00 
9.110704000e-01 5.568127000e+00 
2.809474000e-01 5.632990000e+00 
9.954319000e-01 5.491598000e+00 
2.807824000e-01 5.752117000e+00 
2.808045000e-01 5.719043000e+00 
9.980246000e-01 5.420635000e+00 
9.851989000e-01 5.525430000e+00 
2.807767000e-01 5.761912000e+00 
9.943861000e-01 5.512641000e+00 
2.813541000e-01 5.591306000e+00 
9.938218000e-01 5.525051000e+00 

2.807753000e-01 6.288128000e+00 
2.807770000e-01 5.653517000e+00 
2.811278000e-01 5.602050000e+00 
8.958324000e-01 5.463455000e+00 
2.813742000e-01 5.574345000e+00 
2.807754000e-01 5.755761000e+00 
2.819044000e-01 5.569715000e+00 
2.807761000e-01 5.665921000e+00 
2.820029000e-01 5.503867000e+00 
9.276963000e-01 5.405055000e+00 
2.813161000e-01 5.596124000e+00 
9.016675000e-01 5.438041000e+00 
2.940347000e-01 5.481806000e+00 
2.807905000e-01 5.632951000e+00 
9.321922000e-01 5.343582000e+00 

9.768387000e-01 5.481671000e+00 
2.888501000e-01 5.638207000e+00 
2.807757000e-01 5.708691000e+00 
9.999896000e-01 5.455186000e+00 
2.807920000e-01 5.667996000e+00 
2.808369000e-01 5.647069000e+00 
9.729321000e-01 5.487003000e+00 
2.807817000e-01 5.682438000e+00 
2.807762000e-01 5.695154000e+00 
2.807753000e-01 5.709258000e+00 
9.576270000e-01 5.510474000e+00 
2.869730000e-01 5.644996000e+00 
4.947982000e-01 5.581104000e+00 
9.489860000e-01 5.573958000e+00 

2.807753000e-01 5.939019000e+00 
8.052449000e-01 5.668388000e+00 
8.901121000e-01 5.567011000e+00 
8.297840000e-01 5.661063000e+00 
2.807848000e-01 5.750442000e+00 
2.807794000e-01 5.772574000e+00 
2.807758000e-01 5.838188000e+00 
2.807761000e-01 5.827009000e+00 
2.853763000e-01 5.705256000e+00 
8.737323000e-01 5.658187000e+00 
2.809257000e-01 5.748454000e+00 
3.159240000e-01 5.702482000e+00 
2.814948000e-01 5.735144000e+00 

2.844793000e-01 5.403890000e+00 
2.807768000e-01 5.492534000e+00 
2.807753000e-01 5.871222000e+00 
2.807766000e-01 5.533289000e+00 
2.812193000e-01 5.428026000e+00 
2.809673000e-01 5.449976000e+00 
7.159524000e-01 5.343050000e+00 
2.807787000e-01 5.486354000e+00 
2.807911000e-01 5.484551000e+00 
2.807827000e-01 5.486118000e+00 
7.861790000e-01 5.293825000e+00 
2.808868000e-01 5.466637000e+00 
9.608868000e-01 5.287836000e+00 
2.807754000e-01 5.582270000e+00 

