9.046280000e-01 3.273520000e+00 
2.807973000e-01 3.539641000e+00 
6.927765000e-01 3.403131000e+00 
5.480697000e-01 3.430582000e+00 
9.814182000e-01 3.253038000e+00 
2.851405000e-01 3.474256000e+00 
2.807756000e-01 3.618572000e+00 
2.872531000e-01 3.435803000e+00 
5.495774000e-01 3.405042000e+00 
7.803696000e-01 3.364295000e+00 
2.818189000e-01 3.525562000e+00 
7.725518000e-01 3.388228000e+00 
2.807753000e-01 3.631489000e+00 
8.307287000e-01 3.338650000e+00 
2.807851000e-01 3.585840000e+00 
7.161431000e-01 3.394739000e+00 
9.706010000e-01 3.253681000e+00 
9.814470000e-01 3.239414000e+00 
5.352643000e-01 3.433029000e+00 

2.904742000e-01 3.763724000e+00 
2.807864000e-01 3.806194000e+00 
9.007164000e-01 3.577830000e+00 
5.609615000e-01 3.733565000e+00 
9.098433000e-01 3.536124000e+00 
9.919256000e-01 3.471972000e+00 
6.676243000e-01 3.618443000e+00 
2.807753000e-01 3.881897000e+00 
5.682814000e-01 3.720883000e+00 
2.807755000e-01 3.817478000e+00 
5.856809000e-01 3.675446000e+00 
2.810591000e-01 3.769192000e+00 
6.551276000e-01 3.674048000e+00 
3.797122000e-01 3.740159000e+00 
7.550981000e-01 3.592524000e+00 

2.807753000e-01 5.729769000e+00 
2.807754000e-01 4.847595000e+00 
2.807829000e-01 3.983363000e+00 
9.748087000e-01 3.781533000e+00 
9.730466000e-01 3.783268000e+00 
9.668434000e-01 3.788709000e+00 
9.831347000e-01 3.734896000e+00 
8.348707000e-01 3.840608000e+00 
9.915023000e-01 3.727176000e+00 
6.384058000e-01 3.903890000e+00 
2.807757000e-01 4.112906000e+00 
2.807755000e-01 4.494725000e+00 
9.747220000e-01 3.781787000e+00 
9.177185000e-01 3.811524000e+00 
9.729554000e-01 3.783525000e+00 
2.820519000e-01 3.923577000e+00 
8.319044000e-01 3.901703000e+00 
9.667740000e-01 3.794754000e+00 
8.917617000e-01 3.812447000e+00 
8.350994000e-01 3.817482000e+00 

2.896282000e-01 3.703967000e+00 
9.967930000e-01 3.403270000e+00 
5.747617000e-01 3.656217000e+00 
9.783245000e-01 3.501559000e+00 
2.807954000e-01 3.779033000e+00 
2.807753000e-01 4.476776000e+00 
2.807754000e-01 4.296974000e+00 
2.807769000e-01 3.786723000e+00 
5.980500000e-01 3.653616000e+00 
9.849045000e-01 3.451714000e+00 
2.807757000e-01 3.793589000e+00 
2.859761000e-01 3.706075000e+00 
2.807755000e-01 3.795233000e+00 
9.455855000e-01 3.514224000e+00 
6.215635000e-01 3.610481000e+00 
2.808014000e-01 3.717913000e+00 
5.290681000e-01 3.674271000e+00 
6.605861000e-01 3.587785000e+00 
3.069816000e-01 3.692897000e+00 
6.890127000e-01 3.545341000e+00 
7.920741000e-01 3.528235000e+00 
2.814525000e-01 3.716968000e+00 

6.187060000e-01 3.620278000e+00 
4.573223000e-01 3.644902000e+00 
9.884228000e-01 3.473316000e+00 
2.807753000e-01 4.790643000e+00 
5.882704000e-01 3.626965000e+00 
7.526788000e-01 3.527862000e+00 
2.807754000e-01 4.257289000e+00 
5.758348000e-01 3.628688000e+00 
2.809213000e-01 3.708222000e+00 
2.833064000e-01 3.653948000e+00 
2.809355000e-01 3.696721000e+00 
7.154860000e-01 3.571999000e+00 
2.807775000e-01 3.779389000e+00 
9.891149000e-01 3.462764000e+00 
2.808296000e-01 3.776932000e+00 
9.876700000e-01 3.497595000e+00 
9.904495000e-01 3.431807000e+00 
9.998179000e-01 3.415621000e+00 
2.808922000e-01 3.716215000e+00 
6.896921000e-01 3.586249000e+00 

7.933063000e-01 3.617322000e+00 
2.807753000e-01 4.609812000e+00 
9.999402000e-01 3.509232000e+00 
2.807861000e-01 3.808427000e+00 
6.388846000e-01 3.663078000e+00 
2.807826000e-01 3.837427000e+00 
2.836235000e-01 3.753140000e+00 
9.712108000e-01 3.535140000e+00 
6.991016000e-01 3.626486000e+00 
9.953375000e-01 3.513353000e+00 
2.809035000e-01 3.774712000e+00 
2.807754000e-01 3.882359000e+00 
2.809554000e-01 3.766547000e+00 
5.958870000e-01 3.671069000e+00 
4.992023000e-01 3.677131000e+00 
5.312665000e-01 3.671576000e+00 
7.943143000e-01 3.548796000e+00 
9.740344000e-01 3.516122000e+00 
5.281079000e-01 3.676831000e+00 
4.393156000e-01 3.721628000e+00 
3.153539000e-01 3.747316000e+00 
9.999813000e-01 3.505483000e+00 
7.942034000e-01 3.600303000e+00 

9.197149000e-01 3.701544000e+00 
4.862458000e-01 3.811302000e+00 
9.955808000e-01 3.633748000e+00 
9.561931000e-01 3.673323000e+00 
6.887573000e-01 3.795902000e+00 
2.829974000e-01 3.845344000e+00 
9.936631000e-01 3.652423000e+00 
2.807753000e-01 3.944171000e+00 
8.501316000e-01 3.757679000e+00 
7.556463000e-01 3.769774000e+00 
6.474129000e-01 3.807498000e+00 
8.923244000e-01 3.727812000e+00 
2.808699000e-01 3.880550000e+00 
9.682792000e-01 3.665377000e+00 
5.813294000e-01 3.807566000e+00 
2.807755000e-01 3.921254000e+00 
8.593829000e-01 3.741368000e+00 
4.717881000e-01 3.844580000e+00 
9.552306000e-01 3.684287000e+00 
8.578653000e-01 3.755201000e+00 
9.030916000e-01 3.717196000e+00 

