6.429257000e-01 3.142429000e+00 
2.807756000e-01 3.387693000e+00 
2.807933000e-01 3.280228000e+00 
5.020152000e-01 3.212408000e+00 
2.807805000e-01 3.362358000e+00 
6.861065000e-01 3.109250000e+00 
5.052552000e-01 3.197609000e+00 
5.666216000e-01 3.166443000e+00 
2.807893000e-01 3.310648000e+00 
8.405480000e-01 3.097922000e+00 
8.903595000e-01 2.995542000e+00 
5.081036000e-01 3.181634000e+00 
2.807753000e-01 3.631489000e+00 
2.821979000e-01 3.236879000e+00 
2.807930000e-01 3.294401000e+00 
2.808228000e-01 3.269193000e+00 
9.319071000e-01 2.965307000e+00 
8.366042000e-01 3.098727000e+00 
2.807784000e-01 3.367370000e+00 
2.813228000e-01 3.257454000e+00 
7.925430000e-01 3.103504000e+00 
4.796043000e-01 3.215096000e+00 
8.669688000e-01 3.055949000e+00 
5.915660000e-01 3.162184000e+00 
7.979917000e-01 3.102520000e+00 
8.620551000e-01 3.058710000e+00 
8.837157000e-01 3.035022000e+00 
8.495141000e-01 3.067960000e+00 
2.905045000e-01 3.221345000e+00 

2.807755000e-01 3.817478000e+00 
9.439863000e-01 3.173446000e+00 
7.868622000e-01 3.281836000e+00 
8.389296000e-01 3.278162000e+00 
2.807773000e-01 3.448181000e+00 
9.254032000e-01 3.225995000e+00 
2.808250000e-01 3.442118000e+00 
2.807753000e-01 3.881897000e+00 
2.812325000e-01 3.373870000e+00 
6.139981000e-01 3.352115000e+00 
6.239714000e-01 3.310675000e+00 
8.459106000e-01 3.227321000e+00 
7.868622000e-01 3.281836000e+00 
7.868622000e-01 3.281836000e+00 

2.807753000e-01 5.729769000e+00 
2.807754000e-01 3.828404000e+00 
9.983647000e-01 3.351271000e+00 
2.807776000e-01 3.751177000e+00 
6.895411000e-01 3.490661000e+00 
6.523213000e-01 3.523790000e+00 
2.807870000e-01 3.643268000e+00 
6.714375000e-01 3.522697000e+00 
6.165109000e-01 3.525919000e+00 
2.807788000e-01 3.727109000e+00 
6.146045000e-01 3.556437000e+00 
8.501598000e-01 3.445525000e+00 
4.455683000e-01 3.588533000e+00 
2.807764000e-01 3.761126000e+00 
8.564872000e-01 3.415480000e+00 
8.615193000e-01 3.361514000e+00 
4.665950000e-01 3.579749000e+00 
2.808579000e-01 3.591209000e+00 
2.807886000e-01 3.598372000e+00 
8.472757000e-01 3.449072000e+00 
7.182850000e-01 3.457600000e+00 
6.157299000e-01 3.537226000e+00 

5.365095000e-01 3.285365000e+00 
2.808342000e-01 3.457130000e+00 
7.664499000e-01 3.268330000e+00 
7.890574000e-01 3.228017000e+00 
9.573676000e-01 3.168663000e+00 
8.132091000e-01 3.181175000e+00 
7.543313000e-01 3.279775000e+00 
9.649692000e-01 3.114395000e+00 
8.073673000e-01 3.202493000e+00 
2.831500000e-01 3.371205000e+00 
5.300938000e-01 3.312008000e+00 
5.307017000e-01 3.303769000e+00 
2.807753000e-01 3.489766000e+00 
2.808377000e-01 3.377843000e+00 
2.807916000e-01 3.466563000e+00 
4.638923000e-01 3.324980000e+00 
2.860928000e-01 3.367621000e+00 
2.885767000e-01 3.363183000e+00 
9.902746000e-01 3.099581000e+00 
8.675252000e-01 3.177570000e+00 

8.069962000e-01 3.217503000e+00 
2.923341000e-01 3.335359000e+00 
2.807757000e-01 3.701767000e+00 
2.807753000e-01 4.790643000e+00 
9.657705000e-01 3.141884000e+00 
6.288654000e-01 3.278967000e+00 
2.807754000e-01 4.257289000e+00 
9.895470000e-01 3.132589000e+00 
6.232644000e-01 3.282933000e+00 
9.984517000e-01 3.084873000e+00 
6.071430000e-01 3.327595000e+00 
2.807769000e-01 3.400769000e+00 
6.169424000e-01 3.308338000e+00 
8.171899000e-01 3.205559000e+00 
9.334164000e-01 3.169383000e+00 
9.601053000e-01 3.148159000e+00 
2.838021000e-01 3.392953000e+00 
5.601568000e-01 3.334741000e+00 
7.568053000e-01 3.259865000e+00 
8.866092000e-01 3.195252000e+00 
2.840369000e-01 3.342512000e+00 
7.658843000e-01 3.225579000e+00 

2.807754000e-01 3.854617000e+00 
2.807753000e-01 4.609812000e+00 
2.808091000e-01 3.456715000e+00 
8.617120000e-01 3.239613000e+00 
5.703928000e-01 3.352234000e+00 
9.001730000e-01 3.216298000e+00 
2.807755000e-01 3.594850000e+00 
2.807761000e-01 3.568737000e+00 
5.544909000e-01 3.357792000e+00 
9.988648000e-01 3.190421000e+00 
8.080078000e-01 3.290171000e+00 
7.074347000e-01 3.305958000e+00 
9.793726000e-01 3.194478000e+00 
8.899225000e-01 3.229965000e+00 
5.333690000e-01 3.389142000e+00 
5.118478000e-01 3.405330000e+00 
8.425739000e-01 3.262559000e+00 
3.025406000e-01 3.413745000e+00 
2.807774000e-01 3.474123000e+00 
7.683345000e-01 3.303183000e+00 
6.567692000e-01 3.332045000e+00 
5.516618000e-01 3.372554000e+00 
9.045326000e-01 3.200604000e+00 
9.672385000e-01 3.197239000e+00 
2.808387000e-01 3.416531000e+00 

6.989921000e-01 3.524592000e+00 
2.807765000e-01 3.612598000e+00 
7.219780000e-01 3.490111000e+00 
5.346526000e-01 3.573787000e+00 
2.918923000e-01 3.574865000e+00 
6.989030000e-01 3.527938000e+00 
8.992592000e-01 3.395718000e+00 
6.394336000e-01 3.535198000e+00 
7.187520000e-01 3.501608000e+00 
2.807761000e-01 3.628395000e+00 
9.976722000e-01 3.344405000e+00 
7.879204000e-01 3.445344000e+00 
1.000000000e+00 3.326152000e+00 
2.807753000e-01 3.774284000e+00 
8.303638000e-01 3.434505000e+00 
7.149763000e-01 3.504246000e+00 
5.446397000e-01 3.536723000e+00 
2.890199000e-01 3.594251000e+00 
9.993132000e-01 3.331524000e+00 
2.823719000e-01 3.610013000e+00 
9.902802000e-01 3.363681000e+00 
7.480181000e-01 3.467184000e+00 
8.840167000e-01 3.430973000e+00 
2.859852000e-01 3.599653000e+00 

