2.808038000e-01 5.951973000e+00 
2.807781000e-01 6.052406000e+00 
2.807783000e-01 5.987456000e+00 
2.824875000e-01 5.910511000e+00 
9.940088000e-01 5.817409000e+00 
2.807753000e-01 6.087286000e+00 
2.829057000e-01 5.883048000e+00 

2.823559000e-01 5.920490000e+00 
2.807805000e-01 6.018069000e+00 
2.813505000e-01 5.982890000e+00 
2.807771000e-01 6.018201000e+00 
2.807753000e-01 6.051480000e+00 

2.807753000e-01 6.273145000e+00 
9.833626000e-01 5.917512000e+00 
2.807867000e-01 6.051847000e+00 
2.807764000e-01 6.192551000e+00 
2.807761000e-01 6.211141000e+00 
2.807858000e-01 6.104871000e+00 
9.674125000e-01 5.929315000e+00 
2.827112000e-01 6.017004000e+00 

2.807785000e-01 6.817518000e+00 
2.807753000e-01 6.891155000e+00 
2.807801000e-01 6.382481000e+00 
2.807804000e-01 6.209669000e+00 
2.807794000e-01 6.649575000e+00 
2.808169000e-01 6.103937000e+00 
2.807837000e-01 6.197251000e+00 
2.808054000e-01 6.142496000e+00 
2.807800000e-01 6.516073000e+00 
2.808055000e-01 6.131123000e+00 
2.807842000e-01 6.149890000e+00 

2.807753000e-01 6.288128000e+00 
2.807755000e-01 6.267182000e+00 
2.807756000e-01 6.258314000e+00 
2.807758000e-01 6.224392000e+00 
2.812856000e-01 5.977215000e+00 
2.807766000e-01 6.086792000e+00 
9.980615000e-01 5.920978000e+00 
2.807857000e-01 6.032564000e+00 
2.827140000e-01 5.976163000e+00 
2.807774000e-01 6.033209000e+00 
2.808406000e-01 6.010632000e+00 
2.808434000e-01 5.992414000e+00 
9.507927000e-01 5.975938000e+00 

2.809575000e-01 6.028747000e+00 
2.807755000e-01 6.261414000e+00 
2.807754000e-01 6.318808000e+00 
2.807756000e-01 6.128894000e+00 
2.807753000e-01 6.329043000e+00 
2.807776000e-01 6.110105000e+00 
2.807790000e-01 6.093748000e+00 
2.807802000e-01 6.086064000e+00 
2.809097000e-01 6.038352000e+00 
2.808842000e-01 6.054943000e+00 

2.808116000e-01 6.167510000e+00 
2.807762000e-01 6.268963000e+00 
2.807753000e-01 6.536482000e+00 
2.807820000e-01 6.268620000e+00 
2.808368000e-01 6.094135000e+00 
9.272509000e-01 6.079634000e+00 

2.807756000e-01 6.328845000e+00 
2.807753000e-01 6.764630000e+00 
2.807769000e-01 6.119006000e+00 
2.809526000e-01 5.946041000e+00 
2.808273000e-01 6.011950000e+00 
9.896627000e-01 5.798394000e+00 
2.808429000e-01 5.986168000e+00 
2.808788000e-01 5.966586000e+00 
2.809547000e-01 5.933787000e+00 
9.999991000e-01 5.731165000e+00 
2.807774000e-01 6.034205000e+00 
9.911008000e-01 5.776694000e+00 
7.529512000e-01 5.857115000e+00 
2.820797000e-01 5.900755000e+00 
9.996688000e-01 5.760990000e+00 
9.999252000e-01 5.737275000e+00 

