2.807756000e-01 7.591657000e+00 
2.812373000e-01 7.098403000e+00 
2.807897000e-01 7.220870000e+00 
2.807753000e-01 7.635763000e+00 
2.807777000e-01 7.257342000e+00 
2.822245000e-01 7.068804000e+00 
2.824795000e-01 7.059801000e+00 
2.808003000e-01 7.109885000e+00 
2.818983000e-01 7.071859000e+00 
2.825484000e-01 6.978223000e+00 

9.989877000e-01 7.000218000e+00 
2.807836000e-01 7.048838000e+00 
2.807753000e-01 7.255415000e+00 
2.807802000e-01 7.198965000e+00 
2.807828000e-01 7.160857000e+00 
2.850666000e-01 7.031699000e+00 
2.807755000e-01 7.233845000e+00 

2.808134000e-01 7.179490000e+00 
2.807754000e-01 7.499557000e+00 
3.081988000e-01 7.014714000e+00 
9.949698000e-01 6.962159000e+00 
2.807753000e-01 7.653675000e+00 
2.807758000e-01 7.332437000e+00 
9.792046000e-01 6.976846000e+00 
2.807755000e-01 7.447610000e+00 
2.807892000e-01 7.201771000e+00 
2.810581000e-01 7.054115000e+00 
2.807788000e-01 7.223637000e+00 
2.820785000e-01 7.037227000e+00 
2.807760000e-01 7.240003000e+00 
2.808326000e-01 7.089343000e+00 

2.807804000e-01 7.497906000e+00 
2.808967000e-01 7.166529000e+00 
2.807753000e-01 7.777964000e+00 
2.807762000e-01 7.690269000e+00 
2.807783000e-01 7.517356000e+00 
2.808032000e-01 7.267538000e+00 
2.807904000e-01 7.290799000e+00 
2.807809000e-01 7.393322000e+00 
2.807816000e-01 7.389943000e+00 
2.811421000e-01 7.084104000e+00 

2.807800000e-01 7.124299000e+00 
2.807754000e-01 7.228994000e+00 
9.359928000e-01 6.874166000e+00 
2.807753000e-01 7.375942000e+00 
2.807790000e-01 7.143351000e+00 
2.821611000e-01 7.008365000e+00 
2.824034000e-01 7.007957000e+00 
2.807863000e-01 7.055680000e+00 
2.807760000e-01 7.188257000e+00 
2.851590000e-01 7.006047000e+00 
2.807792000e-01 7.127810000e+00 

2.808601000e-01 7.135958000e+00 
2.807806000e-01 7.188423000e+00 
2.807753000e-01 7.289160000e+00 
2.810034000e-01 7.073884000e+00 
2.809121000e-01 7.107181000e+00 
2.807765000e-01 7.279525000e+00 
2.810660000e-01 7.049769000e+00 
2.875669000e-01 6.951851000e+00 
2.817222000e-01 6.963980000e+00 
2.811263000e-01 7.034999000e+00 

2.807794000e-01 7.302040000e+00 
2.980540000e-01 7.108960000e+00 
2.844624000e-01 7.142332000e+00 
3.649854000e-01 7.045086000e+00 
2.807756000e-01 7.365329000e+00 
2.807802000e-01 7.260144000e+00 
2.807753000e-01 7.443334000e+00 
2.807763000e-01 7.335856000e+00 
9.161861000e-01 6.948441000e+00 
2.808749000e-01 7.165516000e+00 

2.809258000e-01 7.024821000e+00 
2.807777000e-01 7.032961000e+00 
2.810455000e-01 6.973445000e+00 
2.807753000e-01 7.058496000e+00 
9.957854000e-01 6.933470000e+00 
2.812742000e-01 6.934438000e+00 

