7.289275000e-01 4.555182000e+00 
2.807753000e-01 5.029823000e+00 
2.812707000e-01 4.722094000e+00 
2.807756000e-01 4.746035000e+00 
2.838223000e-01 4.648391000e+00 
2.808264000e-01 4.731508000e+00 
8.717834000e-01 4.551406000e+00 
8.794827000e-01 4.540993000e+00 
2.818907000e-01 4.700724000e+00 
9.038920000e-01 4.473953000e+00 
7.037287000e-01 4.565520000e+00 
6.693963000e-01 4.612096000e+00 
2.807930000e-01 4.743335000e+00 
8.564341000e-01 4.554799000e+00 

8.173292000e-01 4.588860000e+00 
2.807756000e-01 4.878212000e+00 
2.807753000e-01 5.191956000e+00 
2.807894000e-01 4.817883000e+00 
2.812902000e-01 4.777758000e+00 
2.845992000e-01 4.710682000e+00 
2.813322000e-01 4.746640000e+00 
2.807755000e-01 4.974520000e+00 
9.994945000e-01 4.529622000e+00 
2.807808000e-01 4.822222000e+00 
7.234024000e-01 4.649229000e+00 
4.053527000e-01 4.677958000e+00 
9.983329000e-01 4.566085000e+00 
2.810274000e-01 4.783931000e+00 
8.251251000e-01 4.580729000e+00 
5.775702000e-01 4.652503000e+00 
7.915698000e-01 4.611093000e+00 

2.807753000e-01 5.729769000e+00 
9.230533000e-01 4.718056000e+00 
7.106912000e-01 4.834824000e+00 
6.554357000e-01 4.844993000e+00 
2.807869000e-01 4.997325000e+00 
8.247569000e-01 4.832538000e+00 
2.807754000e-01 5.121825000e+00 
2.807759000e-01 5.030704000e+00 
2.820563000e-01 4.891061000e+00 
2.808330000e-01 4.918324000e+00 
5.257980000e-01 4.862136000e+00 
2.808317000e-01 4.950794000e+00 
2.808249000e-01 4.987115000e+00 
2.818745000e-01 4.917125000e+00 
8.294997000e-01 4.749119000e+00 
6.955560000e-01 4.839888000e+00 
9.999860000e-01 4.697970000e+00 
6.220606000e-01 4.850911000e+00 

9.840413000e-01 4.608230000e+00 
2.807753000e-01 5.528856000e+00 
7.637141000e-01 4.678609000e+00 
2.857059000e-01 4.809377000e+00 
9.751807000e-01 4.643361000e+00 
2.808428000e-01 4.820840000e+00 
5.939386000e-01 4.747160000e+00 
2.807755000e-01 5.096958000e+00 
3.117657000e-01 4.800813000e+00 
2.807770000e-01 4.892987000e+00 
3.274281000e-01 4.761039000e+00 
7.416162000e-01 4.711354000e+00 
2.825761000e-01 4.820724000e+00 
5.745049000e-01 4.757023000e+00 
9.746571000e-01 4.652927000e+00 
2.807756000e-01 4.896111000e+00 
2.808392000e-01 4.866606000e+00 
9.052445000e-01 4.670214000e+00 
6.030404000e-01 4.714796000e+00 

8.542850000e-01 4.602559000e+00 
9.290322000e-01 4.569642000e+00 
6.881638000e-01 4.669742000e+00 
2.807753000e-01 4.790643000e+00 
9.050879000e-01 4.586706000e+00 
9.145269000e-01 4.584995000e+00 
7.043517000e-01 4.654654000e+00 
6.618277000e-01 4.681951000e+00 
2.807895000e-01 4.705065000e+00 
7.322856000e-01 4.607592000e+00 
2.811837000e-01 4.692345000e+00 
7.143968000e-01 4.613374000e+00 
9.421670000e-01 4.493838000e+00 

9.888682000e-01 4.565951000e+00 
9.802367000e-01 4.585375000e+00 
9.747772000e-01 4.603148000e+00 
2.807754000e-01 4.914572000e+00 
2.807753000e-01 5.004999000e+00 
8.805403000e-01 4.642906000e+00 
2.807760000e-01 4.844685000e+00 
9.907603000e-01 4.560919000e+00 
8.328177000e-01 4.676890000e+00 
2.827816000e-01 4.727114000e+00 
2.807759000e-01 4.855102000e+00 
7.040579000e-01 4.694982000e+00 
7.123219000e-01 4.694509000e+00 
2.809911000e-01 4.792009000e+00 
2.807772000e-01 4.806590000e+00 
2.829791000e-01 4.712419000e+00 

7.993972000e-01 4.821213000e+00 
6.405293000e-01 4.848344000e+00 
2.807852000e-01 4.999388000e+00 
2.807753000e-01 5.065391000e+00 
2.855321000e-01 4.943350000e+00 
2.842040000e-01 4.946581000e+00 
2.924962000e-01 4.922364000e+00 
7.832536000e-01 4.831490000e+00 
2.807890000e-01 4.979242000e+00 
2.807783000e-01 5.029734000e+00 
2.808027000e-01 4.957990000e+00 
9.049467000e-01 4.777440000e+00 
8.986721000e-01 4.794420000e+00 
7.789320000e-01 4.841002000e+00 

