2.807773000e-01 6.566675000e+00 
2.807763000e-01 6.657848000e+00 
2.807754000e-01 6.658763000e+00 
2.807769000e-01 6.582381000e+00 
2.819611000e-01 6.479964000e+00 
2.816280000e-01 6.481629000e+00 
2.815438000e-01 6.538443000e+00 
2.807753000e-01 6.819514000e+00 

2.812373000e-01 6.520257000e+00 
2.812308000e-01 6.577488000e+00 
2.807753000e-01 6.717705000e+00 
2.811082000e-01 6.616443000e+00 
2.807754000e-01 6.623204000e+00 

9.982061000e-01 6.453977000e+00 
9.970757000e-01 6.478168000e+00 
2.852353000e-01 6.492686000e+00 
2.807759000e-01 6.583243000e+00 
2.807760000e-01 6.523575000e+00 
2.807753000e-01 6.639907000e+00 

2.807785000e-01 6.817518000e+00 
2.814505000e-01 6.632296000e+00 
2.807839000e-01 6.768753000e+00 
2.807840000e-01 6.652269000e+00 
2.807753000e-01 6.891155000e+00 

2.807754000e-01 6.668433000e+00 
2.807753000e-01 6.696357000e+00 
2.826142000e-01 6.473578000e+00 
2.807755000e-01 6.530326000e+00 
2.824969000e-01 6.520691000e+00 

2.807759000e-01 6.800897000e+00 
2.809980000e-01 6.506363000e+00 
2.807753000e-01 7.289160000e+00 
2.807772000e-01 6.785192000e+00 
2.808309000e-01 6.530091000e+00 
2.807841000e-01 6.621028000e+00 
2.809981000e-01 6.487748000e+00 
2.807882000e-01 6.616784000e+00 
2.808259000e-01 6.603168000e+00 

6.609910000e-01 6.547411000e+00 
2.807753000e-01 7.443334000e+00 
2.807754000e-01 7.337176000e+00 
2.807775000e-01 6.753902000e+00 
2.807756000e-01 7.092052000e+00 
2.815703000e-01 6.549844000e+00 
2.809190000e-01 6.663612000e+00 
2.807757000e-01 6.872984000e+00 
2.809590000e-01 6.649249000e+00 

1.000000000e+00 6.346332000e+00 
2.807753000e-01 6.764630000e+00 
2.808034000e-01 6.540757000e+00 
2.809516000e-01 6.492091000e+00 
2.807978000e-01 6.597789000e+00 
2.807766000e-01 6.639825000e+00 
8.186824000e-01 6.427750000e+00 
2.807757000e-01 6.699884000e+00 
2.807897000e-01 6.623789000e+00 
2.808283000e-01 6.537015000e+00 
9.999325000e-01 6.424714000e+00 

