7.272247000e-01 4.655371000e+00 
2.807753000e-01 5.029823000e+00 
7.348360000e-01 4.594959000e+00 
2.807756000e-01 4.746035000e+00 
7.059855000e-01 4.661586000e+00 
9.004333000e-01 4.564246000e+00 
9.817775000e-01 4.550030000e+00 
2.812707000e-01 4.722094000e+00 
2.839635000e-01 4.664836000e+00 

1.000000000e+00 4.611159000e+00 
2.807756000e-01 4.878212000e+00 
2.807753000e-01 5.191956000e+00 
2.807894000e-01 4.817883000e+00 
6.666281000e-01 4.734171000e+00 
2.881519000e-01 4.800147000e+00 
2.896684000e-01 4.796615000e+00 
2.807755000e-01 4.974520000e+00 
4.881639000e-01 4.741053000e+00 
6.806804000e-01 4.721025000e+00 
5.853058000e-01 4.735115000e+00 
9.999142000e-01 4.636119000e+00 
7.171850000e-01 4.653349000e+00 
3.551774000e-01 4.791610000e+00 
8.370368000e-01 4.649312000e+00 

2.807753000e-01 5.729769000e+00 
6.552120000e-01 4.933293000e+00 
9.489029000e-01 4.784911000e+00 
2.808394000e-01 4.941456000e+00 
2.807869000e-01 4.997325000e+00 
9.586652000e-01 4.760607000e+00 
2.807754000e-01 5.121825000e+00 
8.853741000e-01 4.793558000e+00 
2.825831000e-01 4.936290000e+00 
6.554357000e-01 4.844993000e+00 
2.807759000e-01 5.030704000e+00 

2.807813000e-01 4.943791000e+00 
2.807753000e-01 5.528856000e+00 
2.807767000e-01 4.959099000e+00 
5.934378000e-01 4.758947000e+00 
2.807826000e-01 4.923218000e+00 
5.123613000e-01 4.790637000e+00 
9.486008000e-01 4.729647000e+00 
2.807755000e-01 5.096958000e+00 
9.712016000e-01 4.722792000e+00 
2.839676000e-01 4.848999000e+00 
3.011692000e-01 4.837627000e+00 
9.583404000e-01 4.728728000e+00 
5.851663000e-01 4.785506000e+00 
5.113190000e-01 4.802964000e+00 
2.808926000e-01 4.896676000e+00 
9.965310000e-01 4.647871000e+00 
9.874707000e-01 4.696709000e+00 
9.404390000e-01 4.737823000e+00 
9.872604000e-01 4.713373000e+00 
9.450810000e-01 4.736585000e+00 
8.172716000e-01 4.737932000e+00 
2.826479000e-01 4.871155000e+00 
9.887668000e-01 4.657436000e+00 
2.807817000e-01 4.923968000e+00 
3.569026000e-01 4.829242000e+00 

2.807790000e-01 4.867181000e+00 
7.915608000e-01 4.663584000e+00 
2.807793000e-01 4.865252000e+00 
2.807753000e-01 5.058036000e+00 
2.807764000e-01 4.896657000e+00 
2.807757000e-01 4.941595000e+00 
9.248205000e-01 4.601232000e+00 
2.841935000e-01 4.783397000e+00 
2.807754000e-01 5.009811000e+00 
6.861198000e-01 4.747544000e+00 
6.991750000e-01 4.683392000e+00 
2.807765000e-01 4.872220000e+00 
8.621118000e-01 4.621011000e+00 
6.026443000e-01 4.751619000e+00 
2.807796000e-01 4.803639000e+00 
7.631688000e-01 4.668844000e+00 

2.807760000e-01 4.931980000e+00 
6.778410000e-01 4.821587000e+00 
9.797384000e-01 4.642574000e+00 
2.838326000e-01 4.830649000e+00 
2.807753000e-01 5.004999000e+00 
6.890610000e-01 4.782322000e+00 
9.691317000e-01 4.701369000e+00 
9.978819000e-01 4.609326000e+00 
7.158554000e-01 4.730973000e+00 
9.805725000e-01 4.641112000e+00 
6.784397000e-01 4.808702000e+00 
2.808323000e-01 4.863575000e+00 
2.808020000e-01 4.928582000e+00 

6.396870000e-01 4.932565000e+00 
2.807979000e-01 5.000551000e+00 
8.159779000e-01 4.869758000e+00 
2.807753000e-01 5.065391000e+00 
6.498371000e-01 4.891761000e+00 

