2.807782000e-01 5.330791000e+00 
7.267958000e-01 5.068725000e+00 
2.812831000e-01 5.200086000e+00 
8.471390000e-01 5.051541000e+00 
7.847567000e-01 5.066891000e+00 
2.807961000e-01 5.248768000e+00 
9.994323000e-01 4.964362000e+00 
2.807753000e-01 5.371555000e+00 
9.906986000e-01 5.014242000e+00 
2.884380000e-01 5.128419000e+00 
9.826680000e-01 5.023866000e+00 
2.842324000e-01 5.162914000e+00 
2.808109000e-01 5.216459000e+00 
9.966798000e-01 4.984399000e+00 
6.871276000e-01 5.077650000e+00 

2.808871000e-01 5.282605000e+00 
2.807753000e-01 5.576593000e+00 
7.286835000e-01 5.166196000e+00 
2.807755000e-01 5.414718000e+00 
7.477485000e-01 5.162252000e+00 
2.807834000e-01 5.331944000e+00 
2.812927000e-01 5.202740000e+00 
2.808569000e-01 5.287028000e+00 
9.984033000e-01 5.091510000e+00 
2.807880000e-01 5.304956000e+00 
2.807764000e-01 5.335438000e+00 
7.603380000e-01 5.105615000e+00 
2.809255000e-01 5.276105000e+00 
6.462685000e-01 5.166359000e+00 
2.811282000e-01 5.257623000e+00 
8.988234000e-01 5.091739000e+00 
8.109005000e-01 5.098861000e+00 
2.812791000e-01 5.238364000e+00 

2.807842000e-01 5.538978000e+00 
2.807754000e-01 5.626074000e+00 
2.807760000e-01 5.621567000e+00 
9.136632000e-01 5.250036000e+00 
2.807921000e-01 5.523039000e+00 
6.773171000e-01 5.381994000e+00 
2.807753000e-01 5.729769000e+00 
7.605039000e-01 5.379617000e+00 
8.890993000e-01 5.318248000e+00 
8.792317000e-01 5.322565000e+00 
2.807761000e-01 5.578622000e+00 
7.672271000e-01 5.364769000e+00 
8.736299000e-01 5.326664000e+00 
2.807879000e-01 5.529093000e+00 
2.808258000e-01 5.473341000e+00 
8.117901000e-01 5.357636000e+00 
2.960268000e-01 5.396006000e+00 
2.811405000e-01 5.465141000e+00 
6.323416000e-01 5.388165000e+00 
7.639759000e-01 5.368968000e+00 
2.813443000e-01 5.412305000e+00 
8.144546000e-01 5.352173000e+00 

9.600899000e-01 5.180425000e+00 
2.807753000e-01 5.528856000e+00 
2.807763000e-01 5.405400000e+00 
2.807755000e-01 5.453659000e+00 
9.770067000e-01 5.162873000e+00 
2.807765000e-01 5.379355000e+00 
8.577117000e-01 5.213984000e+00 
2.808666000e-01 5.253105000e+00 
9.939271000e-01 5.090465000e+00 
8.858735000e-01 5.190421000e+00 
2.808067000e-01 5.316015000e+00 
3.001287000e-01 5.223824000e+00 
9.969238000e-01 5.069728000e+00 

2.807753000e-01 5.540987000e+00 
8.036691000e-01 5.104102000e+00 
2.812961000e-01 5.279799000e+00 
2.807842000e-01 5.341887000e+00 
2.807758000e-01 5.378813000e+00 
8.895030000e-01 5.068797000e+00 
8.731367000e-01 5.085320000e+00 
2.861054000e-01 5.210710000e+00 
2.808025000e-01 5.282451000e+00 
7.518688000e-01 5.185170000e+00 
2.807945000e-01 5.330175000e+00 
2.815208000e-01 5.246267000e+00 

2.810510000e-01 5.317780000e+00 
2.807754000e-01 5.493891000e+00 
2.832449000e-01 5.308740000e+00 
9.211484000e-01 5.140988000e+00 
2.807753000e-01 5.709258000e+00 
2.865961000e-01 5.291549000e+00 
9.373172000e-01 5.135559000e+00 
8.811575000e-01 5.201889000e+00 
2.847253000e-01 5.293915000e+00 
2.808422000e-01 5.336562000e+00 
2.807756000e-01 5.460721000e+00 
2.807771000e-01 5.415402000e+00 
2.808175000e-01 5.368679000e+00 
2.871669000e-01 5.280142000e+00 
8.891999000e-01 5.178328000e+00 
9.128334000e-01 5.176418000e+00 
8.822806000e-01 5.181848000e+00 

2.807753000e-01 5.939019000e+00 
9.923235000e-01 5.325086000e+00 
2.807755000e-01 5.478974000e+00 
2.812613000e-01 5.452438000e+00 
7.908801000e-01 5.409918000e+00 
2.807754000e-01 5.598405000e+00 
8.378680000e-01 5.357339000e+00 
9.999968000e-01 5.304929000e+00 
6.878923000e-01 5.441895000e+00 
7.306721000e-01 5.436891000e+00 
8.826101000e-01 5.336794000e+00 
8.006153000e-01 5.386954000e+00 
8.172823000e-01 5.376602000e+00 
2.808698000e-01 5.460134000e+00 

6.827724000e-01 5.030464000e+00 
6.814289000e-01 5.035620000e+00 
2.807753000e-01 5.364275000e+00 
8.022690000e-01 4.984237000e+00 
2.807754000e-01 5.279609000e+00 
2.807781000e-01 5.270040000e+00 
9.628586000e-01 4.971330000e+00 
9.673917000e-01 4.958209000e+00 
9.938578000e-01 4.948035000e+00 
2.807783000e-01 5.231916000e+00 
2.822928000e-01 5.104100000e+00 
2.808278000e-01 5.115496000e+00 
2.863124000e-01 5.090580000e+00 
6.603891000e-01 5.037254000e+00 
6.908389000e-01 4.994798000e+00 
6.486543000e-01 5.083185000e+00 

