9.628006000e-01 2.905150000e+00 
2.807756000e-01 3.387693000e+00 
9.974615000e-01 2.847715000e+00 
9.940415000e-01 2.880053000e+00 
7.215418000e-01 3.029933000e+00 
9.913264000e-01 2.899433000e+00 
4.773294000e-01 3.116762000e+00 
8.893760000e-01 2.952967000e+00 
2.808991000e-01 3.174908000e+00 
9.118349000e-01 2.945374000e+00 
7.127821000e-01 3.041224000e+00 
9.931058000e-01 2.893963000e+00 
2.807753000e-01 3.631489000e+00 
2.807761000e-01 3.224223000e+00 
5.251685000e-01 3.094031000e+00 
9.330215000e-01 2.938326000e+00 
6.304703000e-01 3.050004000e+00 
6.088786000e-01 3.092528000e+00 
8.672083000e-01 2.957360000e+00 
9.939480000e-01 2.883199000e+00 
2.809903000e-01 3.168795000e+00 
8.881326000e-01 2.953752000e+00 
9.339110000e-01 2.928077000e+00 
9.965629000e-01 2.873226000e+00 
6.184710000e-01 3.059167000e+00 
4.707586000e-01 3.119626000e+00 
6.129052000e-01 3.066849000e+00 
2.814024000e-01 3.156136000e+00 
7.946578000e-01 2.981042000e+00 
8.303259000e-01 2.977088000e+00 
2.807772000e-01 3.183432000e+00 

2.807755000e-01 3.817478000e+00 
7.732887000e-01 3.174695000e+00 
8.886120000e-01 3.109405000e+00 
8.595106000e-01 3.147761000e+00 
2.807773000e-01 3.448181000e+00 
7.983207000e-01 3.174660000e+00 
8.550557000e-01 3.152877000e+00 
2.807753000e-01 3.881897000e+00 
6.107664000e-01 3.240404000e+00 
9.464534000e-01 3.020649000e+00 
7.661553000e-01 3.176912000e+00 
8.406548000e-01 3.160005000e+00 
6.266465000e-01 3.229666000e+00 
7.622879000e-01 3.187005000e+00 
6.803369000e-01 3.211289000e+00 
2.807778000e-01 3.444732000e+00 
9.126099000e-01 3.083932000e+00 
8.847329000e-01 3.133659000e+00 
2.807895000e-01 3.286967000e+00 
2.880926000e-01 3.276377000e+00 

2.807753000e-01 5.729769000e+00 
2.807754000e-01 3.828404000e+00 
8.402623000e-01 3.338536000e+00 
9.473420000e-01 3.284405000e+00 
2.811906000e-01 3.526398000e+00 
2.908046000e-01 3.490793000e+00 
2.809579000e-01 3.543267000e+00 
5.172494000e-01 3.395630000e+00 
2.837309000e-01 3.515726000e+00 
2.807774000e-01 3.571396000e+00 
2.836038000e-01 3.520855000e+00 
9.867996000e-01 3.230348000e+00 
2.810851000e-01 3.526956000e+00 
2.807764000e-01 3.761126000e+00 
6.667828000e-01 3.351144000e+00 
4.357245000e-01 3.460798000e+00 
2.810672000e-01 3.534907000e+00 
2.864171000e-01 3.497267000e+00 
8.972201000e-01 3.308784000e+00 
9.505687000e-01 3.249306000e+00 
8.590317000e-01 3.333551000e+00 
2.807817000e-01 3.569501000e+00 
6.505078000e-01 3.390031000e+00 
8.658767000e-01 3.330384000e+00 
2.931418000e-01 3.483997000e+00 
9.504345000e-01 3.277390000e+00 
9.410779000e-01 3.308566000e+00 

7.707363000e-01 3.159573000e+00 
2.807859000e-01 3.268740000e+00 
9.999988000e-01 2.969420000e+00 
5.108441000e-01 3.233634000e+00 
8.759434000e-01 3.078924000e+00 
2.807809000e-01 3.304034000e+00 
9.597204000e-01 3.022096000e+00 
2.807754000e-01 3.377962000e+00 
7.905933000e-01 3.083412000e+00 
7.727939000e-01 3.131327000e+00 
7.335099000e-01 3.174572000e+00 
9.908618000e-01 3.007219000e+00 
2.807753000e-01 3.489766000e+00 
5.036100000e-01 3.260299000e+00 
9.933796000e-01 3.004550000e+00 
5.106989000e-01 3.242254000e+00 
2.807757000e-01 3.364530000e+00 
7.810491000e-01 3.083541000e+00 
9.056116000e-01 3.077231000e+00 
5.273950000e-01 3.213661000e+00 
6.595136000e-01 3.209666000e+00 
6.671454000e-01 3.194950000e+00 

4.828938000e-01 3.182911000e+00 
9.110685000e-01 3.083173000e+00 
2.809327000e-01 3.271100000e+00 
9.679854000e-01 3.018178000e+00 
2.830586000e-01 3.259627000e+00 
9.778066000e-01 3.012065000e+00 
2.807846000e-01 3.279440000e+00 
2.807778000e-01 3.341144000e+00 
2.807753000e-01 3.341673000e+00 
4.828910000e-01 3.228087000e+00 
2.807781000e-01 3.287474000e+00 
5.370762000e-01 3.176935000e+00 
9.292681000e-01 3.077286000e+00 
7.635178000e-01 3.086551000e+00 
9.779907000e-01 2.973042000e+00 
9.390288000e-01 3.061743000e+00 
9.623743000e-01 3.039504000e+00 
9.633394000e-01 3.027907000e+00 

6.727225000e-01 3.220853000e+00 
2.807753000e-01 4.609812000e+00 
2.807904000e-01 3.380996000e+00 
9.553026000e-01 3.132070000e+00 
7.150368000e-01 3.181713000e+00 
4.704275000e-01 3.323336000e+00 
2.807754000e-01 3.403495000e+00 
4.997826000e-01 3.308956000e+00 
5.446666000e-01 3.290508000e+00 
9.726160000e-01 3.123340000e+00 
9.954332000e-01 3.088244000e+00 
6.481202000e-01 3.248411000e+00 
4.529178000e-01 3.323981000e+00 
8.948527000e-01 3.144631000e+00 
9.943882000e-01 3.119531000e+00 
9.998122000e-01 3.069199000e+00 
6.313282000e-01 3.249663000e+00 
9.796982000e-01 3.121809000e+00 
2.807918000e-01 3.346546000e+00 
2.834084000e-01 3.332493000e+00 
8.717787000e-01 3.151721000e+00 
9.001758000e-01 3.135560000e+00 
5.242776000e-01 3.294199000e+00 
5.600026000e-01 3.252569000e+00 

9.126571000e-01 3.327077000e+00 
9.209910000e-01 3.293883000e+00 
8.285817000e-01 3.333629000e+00 
5.253987000e-01 3.476418000e+00 
5.167052000e-01 3.488736000e+00 
7.082797000e-01 3.372999000e+00 
9.172947000e-01 3.299205000e+00 
2.812635000e-01 3.517424000e+00 
6.990881000e-01 3.406235000e+00 
5.363847000e-01 3.462458000e+00 
4.234564000e-01 3.507898000e+00 
2.807754000e-01 3.591007000e+00 
6.448854000e-01 3.433530000e+00 
2.807753000e-01 3.774284000e+00 
9.999980000e-01 3.267011000e+00 
9.711398000e-01 3.274505000e+00 
2.808288000e-01 3.528791000e+00 
3.077495000e-01 3.513461000e+00 
5.277613000e-01 3.465798000e+00 
1.000000000e+00 3.232865000e+00 
2.807941000e-01 3.550819000e+00 
9.964277000e-01 3.270414000e+00 
6.442651000e-01 3.433939000e+00 
8.099549000e-01 3.348136000e+00 
7.673340000e-01 3.351663000e+00 
6.548927000e-01 3.417047000e+00 

