2.807753000e-01 4.761742000e+00 
6.197503000e-01 4.237947000e+00 
2.807755000e-01 4.583590000e+00 
2.807768000e-01 4.551660000e+00 
2.807803000e-01 4.424421000e+00 
2.807780000e-01 4.507168000e+00 
2.807899000e-01 4.393234000e+00 
2.807762000e-01 4.554207000e+00 
7.339611000e-01 4.174827000e+00 
6.048811000e-01 4.270092000e+00 
9.997305000e-01 4.088079000e+00 
9.365446000e-01 4.090665000e+00 
2.886494000e-01 4.274563000e+00 
8.725399000e-01 4.119603000e+00 
2.861120000e-01 4.279862000e+00 
2.808796000e-01 4.300158000e+00 
9.999886000e-01 4.078843000e+00 
2.807948000e-01 4.314697000e+00 
2.807996000e-01 4.306332000e+00 
7.164562000e-01 4.184534000e+00 
2.807810000e-01 4.401361000e+00 
6.417015000e-01 4.207135000e+00 
9.999977000e-01 4.038573000e+00 

2.808395000e-01 4.417356000e+00 
6.711547000e-01 4.317755000e+00 
2.807753000e-01 5.191956000e+00 
2.807754000e-01 4.626302000e+00 
2.807758000e-01 4.619230000e+00 
6.798662000e-01 4.282674000e+00 
6.732118000e-01 4.311506000e+00 
2.808328000e-01 4.450601000e+00 
6.427731000e-01 4.338334000e+00 
2.807927000e-01 4.456773000e+00 
9.818423000e-01 4.128517000e+00 
2.810023000e-01 4.357761000e+00 
3.198475000e-01 4.347854000e+00 
2.872443000e-01 4.357707000e+00 
2.807769000e-01 4.458925000e+00 
7.742388000e-01 4.217457000e+00 
6.500393000e-01 4.322480000e+00 
6.707019000e-01 4.321557000e+00 
7.452409000e-01 4.256918000e+00 
7.732533000e-01 4.244034000e+00 

2.807753000e-01 5.729769000e+00 
2.864319000e-01 4.600881000e+00 
2.807774000e-01 4.613695000e+00 
5.312269000e-01 4.543862000e+00 
2.807755000e-01 4.636262000e+00 
9.236049000e-01 4.429813000e+00 
5.128423000e-01 4.577288000e+00 
2.811278000e-01 4.608102000e+00 
9.726066000e-01 4.413926000e+00 
6.892678000e-01 4.474474000e+00 
2.807995000e-01 4.611413000e+00 
2.811293000e-01 4.607421000e+00 
2.807754000e-01 4.847595000e+00 
8.203291000e-01 4.464663000e+00 
9.152046000e-01 4.443995000e+00 
2.821824000e-01 4.605189000e+00 
9.359659000e-01 4.418741000e+00 
8.528559000e-01 4.446376000e+00 
6.062021000e-01 4.516678000e+00 
9.702468000e-01 4.417975000e+00 
3.178136000e-01 4.586202000e+00 

9.437610000e-01 4.254346000e+00 
2.807769000e-01 4.493038000e+00 
2.807753000e-01 4.540865000e+00 
8.194948000e-01 4.313173000e+00 
2.809794000e-01 4.415161000e+00 
2.808814000e-01 4.447717000e+00 
8.347292000e-01 4.264100000e+00 
4.715329000e-01 4.408950000e+00 
2.808025000e-01 4.490539000e+00 
7.193330000e-01 4.318514000e+00 
6.934717000e-01 4.334081000e+00 
2.808065000e-01 4.479129000e+00 
7.129325000e-01 4.329100000e+00 
8.310650000e-01 4.269744000e+00 
8.542060000e-01 4.256459000e+00 
9.507278000e-01 4.241532000e+00 
4.819814000e-01 4.340139000e+00 

2.807777000e-01 4.457333000e+00 
2.807755000e-01 4.521275000e+00 
3.211027000e-01 4.308835000e+00 
2.807753000e-01 4.790643000e+00 
2.808011000e-01 4.446406000e+00 
2.826929000e-01 4.338686000e+00 
9.982297000e-01 4.138857000e+00 
3.006720000e-01 4.338048000e+00 
2.807784000e-01 4.446732000e+00 
2.807754000e-01 4.556915000e+00 
6.467319000e-01 4.291238000e+00 
2.808042000e-01 4.372091000e+00 
2.807820000e-01 4.446611000e+00 
6.854125000e-01 4.258708000e+00 
7.712833000e-01 4.229547000e+00 
2.808946000e-01 4.341380000e+00 
9.012081000e-01 4.152651000e+00 
8.393282000e-01 4.199239000e+00 
2.807764000e-01 4.457528000e+00 
9.103646000e-01 4.148456000e+00 
9.991692000e-01 4.096947000e+00 
6.771766000e-01 4.276751000e+00 
7.404602000e-01 4.249549000e+00 

9.328223000e-01 4.222974000e+00 
2.807753000e-01 4.609812000e+00 
8.069675000e-01 4.315364000e+00 
8.199943000e-01 4.287124000e+00 
2.807962000e-01 4.499260000e+00 
2.807900000e-01 4.540430000e+00 
2.807895000e-01 4.545661000e+00 
9.438714000e-01 4.199175000e+00 
8.721231000e-01 4.236629000e+00 
2.808363000e-01 4.454738000e+00 
2.809983000e-01 4.420386000e+00 
2.807759000e-01 4.569008000e+00 
8.472127000e-01 4.270321000e+00 
9.279936000e-01 4.223698000e+00 
5.764493000e-01 4.361722000e+00 
2.868839000e-01 4.373848000e+00 
6.906859000e-01 4.352384000e+00 
8.034886000e-01 4.316945000e+00 
9.837538000e-01 4.167889000e+00 

9.117279000e-01 4.373882000e+00 
2.807757000e-01 4.595990000e+00 
2.810005000e-01 4.534133000e+00 
2.808213000e-01 4.539879000e+00 
2.807754000e-01 4.707591000e+00 
2.807855000e-01 4.549746000e+00 
2.807753000e-01 4.945725000e+00 
6.188534000e-01 4.409943000e+00 
2.815990000e-01 4.507635000e+00 
8.902549000e-01 4.408122000e+00 
9.999154000e-01 4.342052000e+00 
9.998878000e-01 4.347628000e+00 
2.833420000e-01 4.470180000e+00 

