2.807756000e-01 7.591657000e+00 
2.817224000e-01 7.175817000e+00 
2.808228000e-01 7.252564000e+00 
2.807753000e-01 7.635763000e+00 
2.807777000e-01 7.257342000e+00 
2.828365000e-01 7.065384000e+00 
2.819114000e-01 7.147616000e+00 
2.824995000e-01 7.127588000e+00 
2.812418000e-01 7.178790000e+00 

9.989877000e-01 7.000218000e+00 
2.807836000e-01 7.048838000e+00 
2.807753000e-01 7.255415000e+00 
2.807802000e-01 7.198965000e+00 
2.807828000e-01 7.160857000e+00 

2.808134000e-01 7.179490000e+00 
2.807754000e-01 7.499557000e+00 
3.081988000e-01 7.014714000e+00 
2.807878000e-01 7.323616000e+00 
2.807753000e-01 7.653675000e+00 
2.807758000e-01 7.332437000e+00 
2.812089000e-01 7.154475000e+00 
2.807755000e-01 7.447610000e+00 
2.817014000e-01 7.059388000e+00 
9.792046000e-01 6.976846000e+00 
2.807892000e-01 7.201771000e+00 

2.807804000e-01 7.497906000e+00 
2.808967000e-01 7.166529000e+00 
2.807753000e-01 7.777964000e+00 
2.807762000e-01 7.690269000e+00 
2.807783000e-01 7.517356000e+00 
2.808032000e-01 7.267538000e+00 
2.807809000e-01 7.472093000e+00 
2.807998000e-01 7.322758000e+00 
2.807816000e-01 7.389943000e+00 

2.807800000e-01 7.124299000e+00 
2.807754000e-01 7.228994000e+00 
9.359928000e-01 6.874166000e+00 
2.807753000e-01 7.375942000e+00 
2.808371000e-01 7.070930000e+00 
2.821611000e-01 7.008365000e+00 
2.808355000e-01 7.118475000e+00 
2.807790000e-01 7.143351000e+00 
2.824034000e-01 7.007957000e+00 

2.811599000e-01 7.082447000e+00 
2.814263000e-01 7.054056000e+00 
2.807753000e-01 7.289160000e+00 
2.807937000e-01 7.256628000e+00 
2.809121000e-01 7.107181000e+00 
2.807765000e-01 7.279525000e+00 
2.808601000e-01 7.135958000e+00 
2.835037000e-01 6.967047000e+00 

2.807794000e-01 7.302040000e+00 
2.808967000e-01 7.196189000e+00 
2.844624000e-01 7.142332000e+00 
3.649854000e-01 7.045086000e+00 
2.807756000e-01 7.365329000e+00 
2.807802000e-01 7.260144000e+00 
2.807753000e-01 7.443334000e+00 

2.807784000e-01 7.163954000e+00 
9.939043000e-01 6.997124000e+00 
2.807753000e-01 7.305695000e+00 
2.807791000e-01 7.144084000e+00 
2.807771000e-01 7.305677000e+00 
2.809258000e-01 7.024821000e+00 
2.809018000e-01 7.097246000e+00 
9.834027000e-01 7.006924000e+00 
2.808255000e-01 7.139560000e+00 

