3.156229000e-01 5.514389000e+00 
2.807762000e-01 5.674936000e+00 
9.556328000e-01 5.500062000e+00 
2.807778000e-01 5.608010000e+00 
9.999999000e-01 5.338209000e+00 
2.807753000e-01 5.685961000e+00 
9.920380000e-01 5.355151000e+00 
2.807756000e-01 5.681406000e+00 
9.768124000e-01 5.390525000e+00 
2.808712000e-01 5.525039000e+00 
2.807903000e-01 5.566918000e+00 
9.811077000e-01 5.390303000e+00 
9.675257000e-01 5.433417000e+00 

8.412909000e-01 5.494918000e+00 
2.807753000e-01 5.819485000e+00 
2.807772000e-01 5.666661000e+00 
2.807774000e-01 5.622345000e+00 
2.807769000e-01 5.705032000e+00 
2.807759000e-01 5.710600000e+00 
2.807771000e-01 5.670819000e+00 
2.807755000e-01 5.800509000e+00 
9.960969000e-01 5.406785000e+00 
2.821676000e-01 5.558328000e+00 
2.822661000e-01 5.499184000e+00 
9.553065000e-01 5.443229000e+00 
9.156708000e-01 5.492566000e+00 
9.325404000e-01 5.486515000e+00 

2.807757000e-01 5.906197000e+00 
9.397151000e-01 5.602015000e+00 
2.807787000e-01 5.766686000e+00 
2.807766000e-01 5.797763000e+00 
9.127354000e-01 5.609911000e+00 
2.807753000e-01 6.024110000e+00 
9.487242000e-01 5.590752000e+00 
2.844309000e-01 5.717373000e+00 
2.807755000e-01 5.920063000e+00 
9.085188000e-01 5.623748000e+00 
2.815383000e-01 5.759203000e+00 
7.826964000e-01 5.629282000e+00 
9.940160000e-01 5.569063000e+00 
2.808261000e-01 5.759687000e+00 
2.866126000e-01 5.663664000e+00 
8.721621000e-01 5.628165000e+00 
9.057124000e-01 5.625566000e+00 

2.808115000e-01 5.715409000e+00 
2.807753000e-01 6.891155000e+00 
2.808124000e-01 5.658850000e+00 
2.807793000e-01 5.786520000e+00 
2.809474000e-01 5.632990000e+00 
2.807783000e-01 5.858203000e+00 
2.807824000e-01 5.752117000e+00 
2.808045000e-01 5.719043000e+00 
2.807787000e-01 5.805406000e+00 
9.851989000e-01 5.525430000e+00 
9.773650000e-01 5.602411000e+00 
9.943861000e-01 5.512641000e+00 

2.807753000e-01 6.288128000e+00 
2.807922000e-01 5.638943000e+00 
3.704679000e-01 5.529834000e+00 
9.843545000e-01 5.386558000e+00 
8.862616000e-01 5.504288000e+00 
2.807754000e-01 5.755761000e+00 
2.819023000e-01 5.577172000e+00 
2.814176000e-01 5.628714000e+00 
9.086533000e-01 5.466766000e+00 
2.815693000e-01 5.626817000e+00 
9.322227000e-01 5.420298000e+00 
2.807761000e-01 5.665921000e+00 

9.768387000e-01 5.481671000e+00 
2.888501000e-01 5.638207000e+00 
9.454667000e-01 5.633225000e+00 
9.999896000e-01 5.455186000e+00 
2.807920000e-01 5.667996000e+00 
9.735632000e-01 5.561787000e+00 
2.807753000e-01 5.862515000e+00 
2.807817000e-01 5.682438000e+00 
2.823097000e-01 5.650860000e+00 
9.477477000e-01 5.595545000e+00 
9.766339000e-01 5.517260000e+00 
2.807754000e-01 5.718023000e+00 
2.807757000e-01 5.708691000e+00 
9.665793000e-01 5.565835000e+00 
5.188265000e-01 5.637160000e+00 

2.807753000e-01 5.939019000e+00 
8.052449000e-01 5.668388000e+00 
2.807759000e-01 5.867587000e+00 
8.297840000e-01 5.661063000e+00 
2.807848000e-01 5.750442000e+00 
2.807794000e-01 5.772574000e+00 
3.118747000e-01 5.729171000e+00 
2.807761000e-01 5.827009000e+00 
7.817994000e-01 5.712231000e+00 
9.033098000e-01 5.615410000e+00 

2.807754000e-01 5.631831000e+00 
7.513441000e-01 5.380068000e+00 
2.807753000e-01 5.871222000e+00 
2.807760000e-01 5.598215000e+00 
2.807773000e-01 5.594919000e+00 
7.503555000e-01 5.422397000e+00 
7.487031000e-01 5.426335000e+00 
8.204309000e-01 5.376888000e+00 
7.443091000e-01 5.432724000e+00 
2.807827000e-01 5.486118000e+00 
2.872561000e-01 5.449751000e+00 
7.207588000e-01 5.438007000e+00 
2.809673000e-01 5.449976000e+00 
9.660855000e-01 5.376147000e+00 
2.807787000e-01 5.486354000e+00 
7.503879000e-01 5.401168000e+00 
2.809292000e-01 5.474317000e+00 
7.444161000e-01 5.430086000e+00 
2.807911000e-01 5.484551000e+00 

