9.628006000e-01 2.905150000e+00 
2.807756000e-01 3.387693000e+00 
9.974615000e-01 2.847715000e+00 
7.005871000e-01 3.040783000e+00 
7.215418000e-01 3.029933000e+00 
9.913264000e-01 2.899433000e+00 
6.303416000e-01 3.055768000e+00 
5.553932000e-01 3.077218000e+00 
2.808991000e-01 3.174908000e+00 
8.304186000e-01 2.964827000e+00 
7.369345000e-01 3.026862000e+00 
2.819150000e-01 3.144551000e+00 
2.807753000e-01 3.631489000e+00 
2.807761000e-01 3.224223000e+00 
5.251685000e-01 3.094031000e+00 
6.355163000e-01 3.048656000e+00 
6.304703000e-01 3.050004000e+00 
4.325167000e-01 3.118298000e+00 
8.822655000e-01 2.931194000e+00 
2.807795000e-01 3.176765000e+00 
2.809903000e-01 3.168795000e+00 
7.932511000e-01 3.006502000e+00 
9.339110000e-01 2.928077000e+00 
6.264799000e-01 3.059124000e+00 
6.184710000e-01 3.059167000e+00 
9.561331000e-01 2.907216000e+00 
6.129052000e-01 3.066849000e+00 
2.814024000e-01 3.156136000e+00 
7.946578000e-01 2.981042000e+00 
8.303259000e-01 2.977088000e+00 
2.807772000e-01 3.183432000e+00 
8.714725000e-01 2.934713000e+00 
4.546034000e-01 3.096320000e+00 
9.560077000e-01 2.922867000e+00 
9.913994000e-01 2.858197000e+00 
8.633481000e-01 2.948591000e+00 

2.807755000e-01 3.817478000e+00 
2.807778000e-01 3.444732000e+00 
6.082037000e-01 3.227714000e+00 
9.126099000e-01 3.083932000e+00 
2.807773000e-01 3.448181000e+00 
8.352286000e-01 3.124329000e+00 
2.880926000e-01 3.276377000e+00 
2.807753000e-01 3.881897000e+00 
9.327644000e-01 3.041002000e+00 
9.464534000e-01 3.020649000e+00 
8.611565000e-01 3.088788000e+00 
2.807895000e-01 3.286967000e+00 
8.305126000e-01 3.126206000e+00 
8.895430000e-01 3.086704000e+00 
6.706748000e-01 3.172338000e+00 
2.827350000e-01 3.282009000e+00 
7.398758000e-01 3.144910000e+00 
5.481712000e-01 3.276181000e+00 
8.192862000e-01 3.129521000e+00 

2.807753000e-01 5.729769000e+00 
2.807754000e-01 3.828404000e+00 
8.402623000e-01 3.338536000e+00 
4.544273000e-01 3.441691000e+00 
2.811906000e-01 3.526398000e+00 
4.313896000e-01 3.450143000e+00 
2.809579000e-01 3.543267000e+00 
5.172494000e-01 3.395630000e+00 
8.567204000e-01 3.293631000e+00 
2.807774000e-01 3.571396000e+00 
4.857085000e-01 3.427079000e+00 
9.867996000e-01 3.230348000e+00 
2.810851000e-01 3.526956000e+00 
2.807764000e-01 3.761126000e+00 
6.667828000e-01 3.351144000e+00 
8.109577000e-01 3.350020000e+00 
2.810672000e-01 3.534907000e+00 
2.813945000e-01 3.512112000e+00 
2.825040000e-01 3.496015000e+00 
9.505687000e-01 3.249306000e+00 
9.504345000e-01 3.277390000e+00 
2.807817000e-01 3.569501000e+00 
8.190810000e-01 3.345429000e+00 
8.403944000e-01 3.316164000e+00 
8.783008000e-01 3.287464000e+00 
9.384106000e-01 3.277582000e+00 
6.485007000e-01 3.368049000e+00 
2.834618000e-01 3.463701000e+00 
6.595772000e-01 3.360470000e+00 

6.744943000e-01 3.153207000e+00 
2.807859000e-01 3.268740000e+00 
9.999988000e-01 2.969420000e+00 
7.692112000e-01 3.121646000e+00 
8.759434000e-01 3.078924000e+00 
2.807809000e-01 3.304034000e+00 
2.807772000e-01 3.359776000e+00 
2.807754000e-01 3.377962000e+00 
9.523880000e-01 3.011337000e+00 
9.898714000e-01 2.977051000e+00 
2.895054000e-01 3.234130000e+00 
9.010265000e-01 3.018850000e+00 
2.807753000e-01 3.489766000e+00 
7.893584000e-01 3.079559000e+00 
4.985165000e-01 3.222967000e+00 
5.756761000e-01 3.183204000e+00 
2.807757000e-01 3.364530000e+00 
7.810491000e-01 3.083541000e+00 
5.191515000e-01 3.186718000e+00 

4.828938000e-01 3.182911000e+00 
9.779907000e-01 2.973042000e+00 
2.809327000e-01 3.271100000e+00 
2.816085000e-01 3.263179000e+00 
2.830586000e-01 3.259627000e+00 
9.109851000e-01 3.031996000e+00 
2.807846000e-01 3.279440000e+00 
2.807778000e-01 3.341144000e+00 
2.807753000e-01 3.341673000e+00 
9.629494000e-01 2.985012000e+00 
2.807781000e-01 3.287474000e+00 
5.370762000e-01 3.176935000e+00 
9.391807000e-01 3.027580000e+00 
7.635178000e-01 3.086551000e+00 
4.574540000e-01 3.191524000e+00 
2.836338000e-01 3.216201000e+00 
8.526671000e-01 3.077718000e+00 
6.545345000e-01 3.143425000e+00 
9.572979000e-01 3.018398000e+00 
7.492516000e-01 3.089711000e+00 

9.941486000e-01 3.085286000e+00 
2.807753000e-01 4.609812000e+00 
8.543234000e-01 3.170408000e+00 
5.242776000e-01 3.294199000e+00 
7.150368000e-01 3.181713000e+00 
5.600026000e-01 3.252569000e+00 
2.807754000e-01 3.403495000e+00 
4.997826000e-01 3.308956000e+00 
2.807815000e-01 3.371809000e+00 
2.834084000e-01 3.332493000e+00 
4.608004000e-01 3.318229000e+00 
5.276851000e-01 3.269312000e+00 
5.642875000e-01 3.220678000e+00 
8.948527000e-01 3.144631000e+00 
8.717787000e-01 3.151721000e+00 
9.998122000e-01 3.069199000e+00 
9.996536000e-01 3.081114000e+00 
5.360708000e-01 3.266684000e+00 
2.807918000e-01 3.346546000e+00 
6.100608000e-01 3.201171000e+00 
8.963376000e-01 3.124689000e+00 
9.996953000e-01 3.074533000e+00 
2.920504000e-01 3.318522000e+00 
9.023165000e-01 3.103367000e+00 

6.537794000e-01 3.413482000e+00 
2.834853000e-01 3.509158000e+00 
8.285817000e-01 3.333629000e+00 
7.519408000e-01 3.336674000e+00 
9.114888000e-01 3.278735000e+00 
5.165987000e-01 3.474375000e+00 
9.934460000e-01 3.273050000e+00 
6.588124000e-01 3.364572000e+00 
6.431408000e-01 3.444028000e+00 
5.363847000e-01 3.462458000e+00 
9.981766000e-01 3.246442000e+00 
2.807754000e-01 3.591007000e+00 
6.448854000e-01 3.433530000e+00 
2.807753000e-01 3.774284000e+00 
8.614217000e-01 3.310716000e+00 
9.711398000e-01 3.274505000e+00 
2.896085000e-01 3.494420000e+00 
5.565920000e-01 3.447654000e+00 
5.277613000e-01 3.465798000e+00 
1.000000000e+00 3.232865000e+00 
2.807941000e-01 3.550819000e+00 
9.964277000e-01 3.270414000e+00 
6.442651000e-01 3.433939000e+00 
6.485127000e-01 3.425878000e+00 
2.807975000e-01 3.511464000e+00 

