8.185640000e-01 3.819473000e+00 
5.483270000e-01 3.893666000e+00 
5.816745000e-01 3.840077000e+00 
9.877342000e-01 3.711525000e+00 
2.811445000e-01 3.961310000e+00 
2.807841000e-01 4.003643000e+00 
2.807753000e-01 4.028083000e+00 
8.384278000e-01 3.810748000e+00 
2.819791000e-01 3.943144000e+00 
9.282229000e-01 3.787212000e+00 

7.195811000e-01 4.047905000e+00 
2.807766000e-01 4.378708000e+00 
2.807753000e-01 5.191956000e+00 
2.807754000e-01 4.626302000e+00 
2.807758000e-01 4.619230000e+00 
4.912451000e-01 4.094753000e+00 
9.414551000e-01 3.954201000e+00 
7.343058000e-01 4.041378000e+00 
8.419496000e-01 3.983780000e+00 
7.182776000e-01 4.059592000e+00 
9.451514000e-01 3.949022000e+00 
8.331999000e-01 3.991103000e+00 
2.807771000e-01 4.142413000e+00 
4.736272000e-01 4.105435000e+00 
9.941158000e-01 3.905689000e+00 
6.333404000e-01 4.071860000e+00 
8.110080000e-01 4.001794000e+00 
3.454992000e-01 4.119302000e+00 
9.409585000e-01 3.962142000e+00 
9.166591000e-01 3.964868000e+00 
8.451773000e-01 3.969598000e+00 
5.783901000e-01 4.087829000e+00 
3.431826000e-01 4.130755000e+00 
5.884563000e-01 4.075638000e+00 
7.353999000e-01 4.040653000e+00 

2.807753000e-01 5.729769000e+00 
2.807754000e-01 4.847595000e+00 
4.332618000e-01 4.354819000e+00 
5.428532000e-01 4.325474000e+00 
2.807762000e-01 4.438094000e+00 
6.906872000e-01 4.235730000e+00 
2.808195000e-01 4.384182000e+00 
9.496410000e-01 4.211019000e+00 
6.603106000e-01 4.310525000e+00 
6.632271000e-01 4.310192000e+00 
2.961944000e-01 4.379282000e+00 
2.807755000e-01 4.494725000e+00 
4.335295000e-01 4.331317000e+00 
2.971389000e-01 4.362634000e+00 

2.808403000e-01 4.166707000e+00 
9.748119000e-01 3.837122000e+00 
7.638552000e-01 3.975758000e+00 
2.807789000e-01 4.266502000e+00 
2.807811000e-01 4.192639000e+00 
2.807753000e-01 4.476776000e+00 
2.807754000e-01 4.296974000e+00 
6.514392000e-01 4.033414000e+00 
2.808000000e-01 4.176815000e+00 
7.330573000e-01 3.998957000e+00 
2.807805000e-01 4.210156000e+00 
9.389603000e-01 3.919583000e+00 
6.319530000e-01 4.044481000e+00 
9.002098000e-01 3.955213000e+00 
8.698843000e-01 3.971830000e+00 
2.810835000e-01 4.068690000e+00 
2.808894000e-01 4.139925000e+00 

2.828121000e-01 4.070888000e+00 
8.991075000e-01 3.909483000e+00 
6.655807000e-01 4.015002000e+00 
2.807753000e-01 4.790643000e+00 
3.914365000e-01 4.045593000e+00 
8.426300000e-01 3.909779000e+00 
2.807754000e-01 4.257289000e+00 
5.832775000e-01 4.034860000e+00 
6.042152000e-01 4.029711000e+00 
8.418766000e-01 3.925923000e+00 
6.089167000e-01 4.016303000e+00 
2.807796000e-01 4.082337000e+00 
7.432094000e-01 3.933314000e+00 
9.997974000e-01 3.865874000e+00 
6.756981000e-01 3.983413000e+00 
8.378765000e-01 3.931500000e+00 

6.606609000e-01 4.100384000e+00 
2.807753000e-01 4.609812000e+00 
5.823701000e-01 4.107606000e+00 
8.319166000e-01 4.005119000e+00 
2.815839000e-01 4.138824000e+00 
2.807831000e-01 4.215149000e+00 
9.481183000e-01 3.966395000e+00 
5.296396000e-01 4.114278000e+00 
9.954606000e-01 3.949041000e+00 
2.807761000e-01 4.331057000e+00 
8.091782000e-01 4.030851000e+00 
8.250638000e-01 4.026024000e+00 
2.807755000e-01 4.373674000e+00 
9.343152000e-01 3.989171000e+00 
2.807756000e-01 4.361512000e+00 
2.812271000e-01 4.139927000e+00 
6.587894000e-01 4.104023000e+00 
2.808058000e-01 4.162335000e+00 
6.814068000e-01 4.062626000e+00 
6.347677000e-01 4.106085000e+00 
9.938722000e-01 3.958330000e+00 
7.866600000e-01 4.043111000e+00 
9.958265000e-01 3.943547000e+00 
7.218823000e-01 4.055718000e+00 
4.861788000e-01 4.125235000e+00 

2.807810000e-01 4.428918000e+00 
8.910406000e-01 4.106845000e+00 
2.807763000e-01 4.489961000e+00 
9.999885000e-01 4.061695000e+00 
8.956894000e-01 4.106733000e+00 
2.807753000e-01 4.533419000e+00 
2.807977000e-01 4.310481000e+00 
2.807856000e-01 4.341765000e+00 
2.807757000e-01 4.523002000e+00 
2.807826000e-01 4.419071000e+00 
4.472049000e-01 4.216573000e+00 
8.378214000e-01 4.114601000e+00 
2.807765000e-01 4.436438000e+00 
7.231337000e-01 4.174543000e+00 
7.461675000e-01 4.124539000e+00 
2.808728000e-01 4.288821000e+00 
9.955923000e-01 4.102059000e+00 
9.992390000e-01 4.070879000e+00 
2.913763000e-01 4.248590000e+00 
2.809747000e-01 4.259846000e+00 
2.840242000e-01 4.258262000e+00 
6.001813000e-01 4.177509000e+00 
2.810769000e-01 4.258999000e+00 
9.999922000e-01 3.981024000e+00 
5.771694000e-01 4.198554000e+00 
9.929336000e-01 4.106666000e+00 
7.257496000e-01 4.150867000e+00 
2.808700000e-01 4.301162000e+00 

