2.807753000e-01 4.761742000e+00 
7.383827000e-01 4.492344000e+00 
2.807806000e-01 4.587591000e+00 
2.807756000e-01 4.746035000e+00 
8.958949000e-01 4.442806000e+00 
2.807759000e-01 4.719674000e+00 
9.612605000e-01 4.437951000e+00 
2.807802000e-01 4.611180000e+00 
9.885766000e-01 4.414672000e+00 
2.807776000e-01 4.615458000e+00 
2.820743000e-01 4.580861000e+00 
7.387287000e-01 4.467507000e+00 
6.004105000e-01 4.510457000e+00 

4.985208000e-01 4.608605000e+00 
2.807756000e-01 4.878212000e+00 
2.807753000e-01 5.191956000e+00 
2.807799000e-01 4.761686000e+00 
6.135009000e-01 4.603658000e+00 
2.830110000e-01 4.665116000e+00 
7.514203000e-01 4.576524000e+00 
2.807755000e-01 4.974520000e+00 
2.807771000e-01 4.764351000e+00 
8.133784000e-01 4.557320000e+00 
9.214047000e-01 4.454512000e+00 
2.814474000e-01 4.676896000e+00 
2.807919000e-01 4.709566000e+00 
8.331403000e-01 4.493081000e+00 
7.861254000e-01 4.569141000e+00 
9.999788000e-01 4.433501000e+00 
6.161511000e-01 4.594652000e+00 
8.203365000e-01 4.557091000e+00 
2.832804000e-01 4.661024000e+00 

2.807753000e-01 5.729769000e+00 
5.840075000e-01 4.786627000e+00 
8.048399000e-01 4.739148000e+00 
2.807843000e-01 4.861911000e+00 
9.999983000e-01 4.644909000e+00 
8.621378000e-01 4.700015000e+00 
2.807754000e-01 5.121825000e+00 
2.807759000e-01 5.030704000e+00 
9.024737000e-01 4.658161000e+00 
7.434669000e-01 4.752423000e+00 
2.807830000e-01 4.907285000e+00 
2.807773000e-01 4.912031000e+00 
2.808358000e-01 4.829748000e+00 
5.102570000e-01 4.824222000e+00 
6.648232000e-01 4.786262000e+00 
7.415637000e-01 4.763818000e+00 

9.936728000e-01 4.496530000e+00 
2.807753000e-01 5.528856000e+00 
5.291835000e-01 4.694620000e+00 
5.153198000e-01 4.718224000e+00 
7.856231000e-01 4.632540000e+00 
8.292796000e-01 4.619830000e+00 
7.700001000e-01 4.653998000e+00 
2.807755000e-01 5.096958000e+00 
9.873853000e-01 4.547701000e+00 
5.742334000e-01 4.692904000e+00 
2.807756000e-01 4.896111000e+00 
9.517146000e-01 4.567850000e+00 
6.838661000e-01 4.664402000e+00 
2.807758000e-01 4.726670000e+00 
9.894636000e-01 4.516921000e+00 
9.760893000e-01 4.565204000e+00 
7.405020000e-01 4.655503000e+00 
5.064913000e-01 4.726450000e+00 

6.623032000e-01 4.612608000e+00 
6.985068000e-01 4.526609000e+00 
9.166906000e-01 4.495403000e+00 
2.807753000e-01 4.790643000e+00 
2.807800000e-01 4.711981000e+00 
2.808503000e-01 4.690481000e+00 
6.837010000e-01 4.589484000e+00 
7.050952000e-01 4.519719000e+00 
2.807895000e-01 4.705065000e+00 
9.248551000e-01 4.432977000e+00 
2.808830000e-01 4.641008000e+00 
9.170609000e-01 4.487107000e+00 
7.263152000e-01 4.511678000e+00 
6.434372000e-01 4.614827000e+00 
6.368086000e-01 4.634544000e+00 
6.795645000e-01 4.612440000e+00 
2.807760000e-01 4.715031000e+00 

8.705691000e-01 4.578948000e+00 
5.466182000e-01 4.639353000e+00 
2.807757000e-01 4.698056000e+00 
2.807754000e-01 4.914572000e+00 
2.807753000e-01 5.004999000e+00 
7.653681000e-01 4.603960000e+00 
8.271324000e-01 4.592388000e+00 
8.322148000e-01 4.579264000e+00 
6.836313000e-01 4.606746000e+00 
2.807888000e-01 4.660000000e+00 
9.717312000e-01 4.498045000e+00 
2.807755000e-01 4.739152000e+00 
8.718364000e-01 4.561358000e+00 
8.759022000e-01 4.523193000e+00 
9.847373000e-01 4.469294000e+00 

6.379234000e-01 4.793725000e+00 
7.689085000e-01 4.745924000e+00 
8.976164000e-01 4.741827000e+00 
2.849035000e-01 4.856392000e+00 
2.821206000e-01 4.861124000e+00 
6.570439000e-01 4.777189000e+00 
2.807753000e-01 4.945725000e+00 
2.807767000e-01 4.917802000e+00 
2.807760000e-01 4.926981000e+00 
2.819441000e-01 4.867863000e+00 
7.684552000e-01 4.758517000e+00 
2.945778000e-01 4.812920000e+00 
7.068994000e-01 4.767328000e+00 
2.807775000e-01 4.895776000e+00 
2.874628000e-01 4.843305000e+00 
2.807983000e-01 4.878136000e+00 
6.502063000e-01 4.787671000e+00 
8.988334000e-01 4.711435000e+00 

