9.380075000e-01 4.656738000e+00 
2.807753000e-01 5.029823000e+00 
2.807783000e-01 4.919009000e+00 
7.182536000e-01 4.708367000e+00 
8.197906000e-01 4.681127000e+00 
2.807782000e-01 4.960891000e+00 
9.997434000e-01 4.616310000e+00 
2.811526000e-01 4.838262000e+00 
2.807760000e-01 5.013985000e+00 
2.861881000e-01 4.776280000e+00 
2.807786000e-01 4.864991000e+00 
9.980527000e-01 4.642967000e+00 
8.814588000e-01 4.675550000e+00 
9.595414000e-01 4.650385000e+00 
8.832693000e-01 4.659933000e+00 
2.879886000e-01 4.770374000e+00 
6.339429000e-01 4.739798000e+00 

8.320378000e-01 4.725278000e+00 
7.873489000e-01 4.758766000e+00 
2.807753000e-01 5.191956000e+00 
2.808725000e-01 4.886066000e+00 
2.807761000e-01 4.970557000e+00 
9.999911000e-01 4.674834000e+00 
6.181926000e-01 4.798424000e+00 
5.783568000e-01 4.830551000e+00 
7.897578000e-01 4.739408000e+00 
5.581617000e-01 4.839090000e+00 
2.815189000e-01 4.883478000e+00 
8.881638000e-01 4.701600000e+00 
7.521867000e-01 4.759638000e+00 
2.807755000e-01 4.974520000e+00 
5.160924000e-01 4.849278000e+00 
6.254338000e-01 4.784937000e+00 
2.807948000e-01 4.909060000e+00 
2.829997000e-01 4.873881000e+00 
9.999980000e-01 4.656075000e+00 

2.807753000e-01 5.729769000e+00 
9.712293000e-01 4.870239000e+00 
6.589201000e-01 4.953380000e+00 
2.809198000e-01 5.084750000e+00 
8.844542000e-01 4.905701000e+00 
2.818901000e-01 4.993859000e+00 
2.807754000e-01 5.121825000e+00 
9.999775000e-01 4.853948000e+00 
9.069857000e-01 4.894672000e+00 
2.807844000e-01 5.088455000e+00 
9.190156000e-01 4.880949000e+00 
6.563538000e-01 4.991883000e+00 
9.999993000e-01 4.852315000e+00 
8.708895000e-01 4.942164000e+00 
2.812093000e-01 5.031635000e+00 
8.803102000e-01 4.941914000e+00 

5.913911000e-01 4.897172000e+00 
2.807753000e-01 5.528856000e+00 
4.902083000e-01 4.911388000e+00 
2.807904000e-01 4.948288000e+00 
5.941832000e-01 4.846126000e+00 
7.643167000e-01 4.793899000e+00 
9.882314000e-01 4.756416000e+00 
2.807755000e-01 5.096958000e+00 
2.808540000e-01 4.946345000e+00 
3.214035000e-01 4.914777000e+00 
6.963215000e-01 4.845870000e+00 
9.803755000e-01 4.777773000e+00 
2.807767000e-01 4.959099000e+00 
2.991250000e-01 4.923940000e+00 
2.808056000e-01 4.946978000e+00 

7.516828000e-01 4.752622000e+00 
2.808092000e-01 4.869616000e+00 
2.821046000e-01 4.830009000e+00 
2.807753000e-01 5.058036000e+00 
7.193152000e-01 4.818532000e+00 
7.163650000e-01 4.823489000e+00 
7.456087000e-01 4.810600000e+00 
8.157849000e-01 4.729071000e+00 
2.807754000e-01 5.009811000e+00 
2.807880000e-01 4.890232000e+00 
2.808995000e-01 4.865373000e+00 
2.807759000e-01 4.947447000e+00 
2.813841000e-01 4.849513000e+00 

7.811275000e-01 4.827684000e+00 
2.807754000e-01 5.493891000e+00 
2.807757000e-01 5.032237000e+00 
2.834631000e-01 4.937836000e+00 
2.807753000e-01 5.709258000e+00 
2.807756000e-01 5.460721000e+00 
7.454646000e-01 4.853698000e+00 
6.840124000e-01 4.897824000e+00 
8.605175000e-01 4.809501000e+00 
9.782954000e-01 4.797027000e+00 
2.807809000e-01 4.989056000e+00 
7.607775000e-01 4.842474000e+00 
6.925017000e-01 4.890265000e+00 
6.676371000e-01 4.898277000e+00 
2.807853000e-01 4.948260000e+00 
2.807771000e-01 4.992843000e+00 

2.807754000e-01 5.265968000e+00 
2.807753000e-01 5.350052000e+00 
8.667071000e-01 4.953835000e+00 
8.677251000e-01 4.941819000e+00 
2.807983000e-01 5.126802000e+00 
2.808601000e-01 5.103982000e+00 
7.677430000e-01 4.990915000e+00 
2.807779000e-01 5.262299000e+00 
2.836492000e-01 5.066527000e+00 
7.229400000e-01 5.025453000e+00 
2.812110000e-01 5.086859000e+00 
2.807780000e-01 5.129665000e+00 

