8.029473000e-01 4.743675000e+00 
2.807753000e-01 5.029823000e+00 
9.337613000e-01 4.670563000e+00 
7.217232000e-01 4.775581000e+00 
7.414709000e-01 4.751479000e+00 
2.807782000e-01 4.960891000e+00 
9.965921000e-01 4.664729000e+00 
2.826662000e-01 4.853224000e+00 
2.807760000e-01 5.013985000e+00 
2.861881000e-01 4.776280000e+00 
2.807786000e-01 4.864991000e+00 
8.401106000e-01 4.737335000e+00 

2.807757000e-01 5.008376000e+00 
2.812006000e-01 4.910600000e+00 
2.807753000e-01 5.191956000e+00 
2.807755000e-01 5.035523000e+00 
2.807761000e-01 4.970557000e+00 
8.304831000e-01 4.777576000e+00 
8.351733000e-01 4.765868000e+00 
2.808819000e-01 4.920818000e+00 
5.595716000e-01 4.860257000e+00 
9.999600000e-01 4.742316000e+00 
2.847491000e-01 4.895705000e+00 
6.252796000e-01 4.826452000e+00 
7.929530000e-01 4.781329000e+00 
6.605828000e-01 4.820251000e+00 
7.853509000e-01 4.793591000e+00 
7.645694000e-01 4.817261000e+00 
2.885952000e-01 4.894342000e+00 
7.846328000e-01 4.810167000e+00 
7.972244000e-01 4.778690000e+00 
6.171558000e-01 4.848942000e+00 
2.807995000e-01 4.950705000e+00 
1.000000000e+00 4.721406000e+00 

2.807930000e-01 5.225415000e+00 
2.807754000e-01 5.626074000e+00 
2.808055000e-01 5.160640000e+00 
2.809198000e-01 5.084750000e+00 
8.844542000e-01 4.905701000e+00 
2.807849000e-01 5.227172000e+00 
2.807753000e-01 5.729769000e+00 
8.562709000e-01 4.964212000e+00 
2.807757000e-01 5.268622000e+00 
2.808048000e-01 5.171457000e+00 
2.808465000e-01 5.147574000e+00 
2.818901000e-01 4.993859000e+00 
9.712293000e-01 4.870239000e+00 

9.956006000e-01 4.776833000e+00 
2.807753000e-01 5.528856000e+00 
2.808176000e-01 4.983046000e+00 
8.476787000e-01 4.847270000e+00 
2.807772000e-01 5.057363000e+00 
2.807786000e-01 5.014299000e+00 
9.571964000e-01 4.822831000e+00 
2.807755000e-01 5.096958000e+00 
2.808540000e-01 4.946345000e+00 
6.358086000e-01 4.886805000e+00 
3.008106000e-01 4.927733000e+00 
9.814068000e-01 4.809809000e+00 
7.474042000e-01 4.852392000e+00 

7.157927000e-01 4.848991000e+00 
7.158669000e-01 4.848848000e+00 
2.816562000e-01 4.877115000e+00 
2.807753000e-01 5.058036000e+00 
2.808082000e-01 4.932012000e+00 
2.808934000e-01 4.886427000e+00 
8.114230000e-01 4.797564000e+00 
8.177827000e-01 4.775354000e+00 
2.807754000e-01 5.009811000e+00 
2.809009000e-01 4.882855000e+00 
6.908465000e-01 4.849264000e+00 
2.808143000e-01 4.904594000e+00 
7.191364000e-01 4.830636000e+00 
7.193152000e-01 4.818532000e+00 
2.807759000e-01 4.947447000e+00 

6.919045000e-01 4.974001000e+00 
2.807754000e-01 5.493891000e+00 
2.807757000e-01 5.032237000e+00 
2.808910000e-01 5.003063000e+00 
2.807753000e-01 5.709258000e+00 
2.807756000e-01 5.460721000e+00 
7.330505000e-01 4.929222000e+00 
2.807798000e-01 5.006337000e+00 
8.605175000e-01 4.809501000e+00 
2.841112000e-01 4.998601000e+00 
8.327064000e-01 4.903906000e+00 
7.452508000e-01 4.911522000e+00 
6.914683000e-01 4.982839000e+00 
7.427000000e-01 4.921936000e+00 
6.934491000e-01 4.941050000e+00 
8.556293000e-01 4.863011000e+00 
7.641267000e-01 4.904719000e+00 

2.807754000e-01 5.265968000e+00 
2.807753000e-01 5.350052000e+00 
2.808175000e-01 5.160812000e+00 
2.811913000e-01 5.147487000e+00 
8.665505000e-01 5.016694000e+00 
2.808071000e-01 5.185777000e+00 
7.463074000e-01 5.086870000e+00 
8.370399000e-01 5.024808000e+00 
7.472932000e-01 5.026754000e+00 
2.807829000e-01 5.211677000e+00 
2.848017000e-01 5.090583000e+00 
2.814582000e-01 5.096307000e+00 

