8.272937000e-01 5.274166000e+00 
9.566209000e-01 5.243177000e+00 
2.815060000e-01 5.370855000e+00 
7.143926000e-01 5.313899000e+00 
2.814418000e-01 5.378131000e+00 
2.807753000e-01 5.685961000e+00 
2.807754000e-01 5.444403000e+00 
2.814030000e-01 5.387627000e+00 
8.802426000e-01 5.253024000e+00 
9.657452000e-01 5.172129000e+00 
9.999956000e-01 5.136457000e+00 
9.540833000e-01 5.247031000e+00 
2.808495000e-01 5.400586000e+00 
2.836273000e-01 5.335298000e+00 
2.828043000e-01 5.367155000e+00 

9.071787000e-01 5.227375000e+00 
2.807753000e-01 5.576593000e+00 
9.071220000e-01 5.292354000e+00 
9.928911000e-01 5.210698000e+00 
2.808102000e-01 5.465509000e+00 
2.807757000e-01 5.480561000e+00 
3.132723000e-01 5.330434000e+00 
8.613618000e-01 5.303831000e+00 
2.807875000e-01 5.477323000e+00 
8.413762000e-01 5.305608000e+00 
2.817392000e-01 5.447662000e+00 
2.829902000e-01 5.432643000e+00 
2.813011000e-01 5.448864000e+00 

8.741480000e-01 5.489252000e+00 
9.754333000e-01 5.392486000e+00 
9.326865000e-01 5.429442000e+00 
2.807761000e-01 5.627870000e+00 
2.807757000e-01 5.645258000e+00 
6.840926000e-01 5.525207000e+00 
2.807753000e-01 5.729769000e+00 
6.312346000e-01 5.546726000e+00 
8.814998000e-01 5.440752000e+00 
2.807865000e-01 5.548577000e+00 
7.728747000e-01 5.493931000e+00 
7.700111000e-01 5.515982000e+00 

9.790009000e-01 5.336736000e+00 
2.807753000e-01 5.528856000e+00 
9.138740000e-01 5.372154000e+00 
2.808243000e-01 5.507629000e+00 
2.812067000e-01 5.496371000e+00 
2.813495000e-01 5.455309000e+00 
9.792449000e-01 5.322321000e+00 
9.991790000e-01 5.287520000e+00 
8.633025000e-01 5.436423000e+00 

2.807753000e-01 5.540987000e+00 
2.807811000e-01 5.454963000e+00 
2.807771000e-01 5.496263000e+00 
8.502449000e-01 5.344880000e+00 
8.593306000e-01 5.314164000e+00 
8.450549000e-01 5.351743000e+00 
2.836856000e-01 5.367472000e+00 
2.812175000e-01 5.389684000e+00 
2.808978000e-01 5.404990000e+00 
8.733497000e-01 5.304692000e+00 
8.126722000e-01 5.359891000e+00 
2.807868000e-01 5.453612000e+00 
8.960599000e-01 5.226052000e+00 

2.807781000e-01 5.633653000e+00 
2.959748000e-01 5.466853000e+00 
9.259331000e-01 5.413819000e+00 
2.807754000e-01 5.635390000e+00 
2.807753000e-01 5.709258000e+00 
9.434354000e-01 5.368307000e+00 
9.862425000e-01 5.311221000e+00 
3.018068000e-01 5.458228000e+00 
2.807755000e-01 5.634751000e+00 
9.622503000e-01 5.316494000e+00 
2.807866000e-01 5.484566000e+00 
9.045822000e-01 5.452987000e+00 
9.898167000e-01 5.298156000e+00 
2.903644000e-01 5.471840000e+00 
9.862481000e-01 5.302005000e+00 
9.253498000e-01 5.452761000e+00 

2.807753000e-01 5.939019000e+00 
2.817754000e-01 5.589802000e+00 
8.376887000e-01 5.480400000e+00 
9.321972000e-01 5.469838000e+00 
2.807754000e-01 5.717659000e+00 
7.399778000e-01 5.562024000e+00 
9.269163000e-01 5.479952000e+00 
2.807757000e-01 5.707276000e+00 
2.807760000e-01 5.605095000e+00 
8.057302000e-01 5.513424000e+00 
6.694547000e-01 5.580218000e+00 

7.218428000e-01 5.225962000e+00 
8.099567000e-01 5.108403000e+00 
2.807753000e-01 5.364275000e+00 
2.807848000e-01 5.316968000e+00 
6.783895000e-01 5.226303000e+00 
2.810886000e-01 5.283591000e+00 
6.582911000e-01 5.248578000e+00 
7.976664000e-01 5.175317000e+00 
2.810858000e-01 5.316017000e+00 
7.827964000e-01 5.182326000e+00 
7.399584000e-01 5.205381000e+00 

