2.807753000e-01 4.761742000e+00 
2.807761000e-01 4.607326000e+00 
6.489884000e-01 4.448677000e+00 
2.807756000e-01 4.746035000e+00 
6.626173000e-01 4.410096000e+00 
2.807759000e-01 4.719674000e+00 
2.809303000e-01 4.522608000e+00 
2.807762000e-01 4.554207000e+00 
9.992644000e-01 4.311193000e+00 
6.018669000e-01 4.456587000e+00 
6.591007000e-01 4.446344000e+00 
2.812536000e-01 4.510507000e+00 
7.704714000e-01 4.357174000e+00 
5.979960000e-01 4.472803000e+00 
5.419173000e-01 4.502198000e+00 

8.251828000e-01 4.444076000e+00 
9.247350000e-01 4.424839000e+00 
2.807753000e-01 5.191956000e+00 
6.227958000e-01 4.536492000e+00 
9.109890000e-01 4.426783000e+00 
8.722443000e-01 4.431916000e+00 
9.256248000e-01 4.416507000e+00 
2.808939000e-01 4.620712000e+00 
2.809141000e-01 4.559782000e+00 
2.992094000e-01 4.542917000e+00 
9.259362000e-01 4.356879000e+00 
4.380721000e-01 4.539069000e+00 
2.807754000e-01 4.626302000e+00 
9.999876000e-01 4.350454000e+00 
7.025841000e-01 4.467167000e+00 

2.807753000e-01 5.729769000e+00 
9.510629000e-01 4.609088000e+00 
2.858242000e-01 4.775133000e+00 
8.829027000e-01 4.632464000e+00 
2.808749000e-01 4.783250000e+00 
9.653357000e-01 4.581559000e+00 
2.807754000e-01 5.121825000e+00 
2.807755000e-01 4.838466000e+00 
2.808454000e-01 4.793104000e+00 
9.603570000e-01 4.606878000e+00 
5.750313000e-01 4.724967000e+00 
9.823632000e-01 4.575172000e+00 
2.808358000e-01 4.829748000e+00 
5.768849000e-01 4.680491000e+00 
9.189087000e-01 4.624480000e+00 
7.800654000e-01 4.632647000e+00 

7.932855000e-01 4.532293000e+00 
2.807753000e-01 5.528856000e+00 
7.874744000e-01 4.555083000e+00 
2.840004000e-01 4.628641000e+00 
9.794560000e-01 4.459428000e+00 
2.807754000e-01 4.678015000e+00 
7.330117000e-01 4.585239000e+00 
7.339054000e-01 4.582590000e+00 
5.061004000e-01 4.619440000e+00 
5.495795000e-01 4.586015000e+00 
8.249184000e-01 4.464724000e+00 
5.183971000e-01 4.604229000e+00 
2.807832000e-01 4.630539000e+00 

2.808042000e-01 4.513723000e+00 
2.807760000e-01 4.627706000e+00 
9.263063000e-01 4.415576000e+00 
2.807753000e-01 4.790643000e+00 
6.899528000e-01 4.433534000e+00 
9.274358000e-01 4.356490000e+00 
9.248551000e-01 4.432977000e+00 
5.697176000e-01 4.459471000e+00 

2.828064000e-01 4.630254000e+00 
7.592499000e-01 4.497159000e+00 
8.229245000e-01 4.492040000e+00 
2.835889000e-01 4.580431000e+00 
9.541634000e-01 4.445981000e+00 
2.807753000e-01 4.643371000e+00 
9.861496000e-01 4.437733000e+00 
8.756603000e-01 4.460170000e+00 
8.529008000e-01 4.472595000e+00 
9.999694000e-01 4.390876000e+00 
2.820695000e-01 4.633279000e+00 
2.835954000e-01 4.568645000e+00 
9.919641000e-01 4.419842000e+00 
6.247998000e-01 4.505860000e+00 
5.659122000e-01 4.566993000e+00 
9.964013000e-01 4.415824000e+00 

8.917396000e-01 4.647243000e+00 
2.945771000e-01 4.772342000e+00 
2.811137000e-01 4.823769000e+00 
2.807773000e-01 4.893013000e+00 
2.807754000e-01 4.926395000e+00 
6.477631000e-01 4.707751000e+00 
2.807753000e-01 4.945725000e+00 
6.310716000e-01 4.713052000e+00 
9.178665000e-01 4.580468000e+00 
2.810464000e-01 4.837763000e+00 
2.807757000e-01 4.902005000e+00 
6.536834000e-01 4.659438000e+00 
2.812348000e-01 4.793210000e+00 
2.807875000e-01 4.852714000e+00 
5.730706000e-01 4.746944000e+00 
2.820502000e-01 4.777796000e+00 
5.935653000e-01 4.745327000e+00 
2.819197000e-01 4.791146000e+00 

