2.807753000e-01 4.761742000e+00 
7.383827000e-01 4.492344000e+00 
7.088916000e-01 4.543305000e+00 
2.807756000e-01 4.746035000e+00 
2.844441000e-01 4.603617000e+00 
2.807759000e-01 4.719674000e+00 
9.612605000e-01 4.437951000e+00 
6.736293000e-01 4.592550000e+00 
7.079676000e-01 4.565507000e+00 
7.158742000e-01 4.523872000e+00 
7.037287000e-01 4.565520000e+00 
7.387287000e-01 4.467507000e+00 
6.724953000e-01 4.598570000e+00 
9.999983000e-01 4.427344000e+00 
8.958949000e-01 4.442806000e+00 
2.807802000e-01 4.611180000e+00 

8.411970000e-01 4.551666000e+00 
2.807756000e-01 4.878212000e+00 
2.807753000e-01 5.191956000e+00 
2.807799000e-01 4.761686000e+00 
2.808037000e-01 4.738278000e+00 
9.993994000e-01 4.521030000e+00 
7.514203000e-01 4.576524000e+00 
2.807755000e-01 4.974520000e+00 
2.807771000e-01 4.764351000e+00 
5.775702000e-01 4.652503000e+00 
9.985949000e-01 4.530260000e+00 
2.814474000e-01 4.676896000e+00 
2.809410000e-01 4.717637000e+00 
9.994874000e-01 4.503626000e+00 
2.812421000e-01 4.711988000e+00 
6.135009000e-01 4.603658000e+00 
8.210635000e-01 4.561905000e+00 
7.905941000e-01 4.574113000e+00 
9.077287000e-01 4.538048000e+00 
9.997528000e-01 4.500881000e+00 
9.877338000e-01 4.534131000e+00 
2.830110000e-01 4.665116000e+00 
9.999946000e-01 4.450637000e+00 
5.900949000e-01 4.638037000e+00 

2.807753000e-01 5.729769000e+00 
9.184423000e-01 4.697932000e+00 
2.869176000e-01 4.858479000e+00 
2.807843000e-01 4.861911000e+00 
9.999309000e-01 4.689289000e+00 
5.880046000e-01 4.817076000e+00 
2.807754000e-01 5.121825000e+00 
2.807759000e-01 5.030704000e+00 
6.791053000e-01 4.792962000e+00 
7.434669000e-01 4.752423000e+00 
9.057570000e-01 4.718862000e+00 
9.999963000e-01 4.678609000e+00 
5.323537000e-01 4.834642000e+00 
5.056516000e-01 4.858061000e+00 
2.807773000e-01 4.912031000e+00 
2.843076000e-01 4.859802000e+00 
5.204373000e-01 4.856417000e+00 
8.048399000e-01 4.739148000e+00 
9.999983000e-01 4.644909000e+00 
6.627385000e-01 4.798671000e+00 
8.670134000e-01 4.721607000e+00 

9.629433000e-01 4.614517000e+00 
2.807753000e-01 5.528856000e+00 
7.637141000e-01 4.678609000e+00 
2.807777000e-01 4.801194000e+00 
2.810602000e-01 4.792816000e+00 
2.807939000e-01 4.792864000e+00 
7.700001000e-01 4.653998000e+00 
2.807755000e-01 5.096958000e+00 
2.818693000e-01 4.776330000e+00 
2.807770000e-01 4.892987000e+00 
3.038574000e-01 4.729714000e+00 
4.472495000e-01 4.726830000e+00 
9.748621000e-01 4.590602000e+00 
5.153198000e-01 4.718224000e+00 
5.742334000e-01 4.692904000e+00 
2.807756000e-01 4.896111000e+00 
2.824967000e-01 4.765953000e+00 
3.499449000e-01 4.728643000e+00 
5.696199000e-01 4.706743000e+00 
7.856231000e-01 4.632540000e+00 
8.292796000e-01 4.619830000e+00 
9.873853000e-01 4.547701000e+00 

7.260811000e-01 4.539229000e+00 
2.807765000e-01 4.758338000e+00 
9.166906000e-01 4.495403000e+00 
2.807753000e-01 4.790643000e+00 
2.807800000e-01 4.711981000e+00 
2.808503000e-01 4.690481000e+00 
6.837010000e-01 4.589484000e+00 
2.833923000e-01 4.646340000e+00 
2.807895000e-01 4.705065000e+00 
9.117565000e-01 4.524765000e+00 
6.692686000e-01 4.623130000e+00 
2.816864000e-01 4.656681000e+00 
6.463882000e-01 4.627240000e+00 
9.401849000e-01 4.488002000e+00 
2.808987000e-01 4.673364000e+00 
6.990401000e-01 4.564412000e+00 

2.807755000e-01 4.801256000e+00 
9.892222000e-01 4.498770000e+00 
2.812618000e-01 4.665452000e+00 
2.807754000e-01 4.914572000e+00 
2.807753000e-01 5.004999000e+00 
2.808272000e-01 4.750287000e+00 
2.807773000e-01 4.799220000e+00 
2.808423000e-01 4.732686000e+00 
2.808098000e-01 4.756117000e+00 
9.554257000e-01 4.538622000e+00 
2.807826000e-01 4.760227000e+00 
9.792973000e-01 4.516355000e+00 
9.490687000e-01 4.545483000e+00 
2.809047000e-01 4.712318000e+00 
5.466182000e-01 4.639353000e+00 
7.970333000e-01 4.621471000e+00 
8.271324000e-01 4.592388000e+00 

9.281449000e-01 4.733305000e+00 
7.689085000e-01 4.745924000e+00 
8.976164000e-01 4.741827000e+00 
2.849035000e-01 4.856392000e+00 
9.916641000e-01 4.722218000e+00 
2.809805000e-01 4.908318000e+00 
2.807753000e-01 4.945725000e+00 
2.807767000e-01 4.917802000e+00 
2.807760000e-01 4.926981000e+00 
2.819441000e-01 4.867863000e+00 
7.684552000e-01 4.758517000e+00 
2.808160000e-01 4.910477000e+00 
7.068994000e-01 4.767328000e+00 
6.570439000e-01 4.777189000e+00 
2.945778000e-01 4.812920000e+00 

