2.807753000e-01 4.761742000e+00 
6.290698000e-01 4.102462000e+00 
2.807755000e-01 4.583590000e+00 
6.174707000e-01 4.123525000e+00 
1.000000000e+00 3.949991000e+00 
2.807963000e-01 4.256204000e+00 
2.807911000e-01 4.272388000e+00 
2.867039000e-01 4.190896000e+00 
2.810109000e-01 4.214451000e+00 
7.787217000e-01 4.048002000e+00 
2.807760000e-01 4.287523000e+00 
9.993385000e-01 4.016479000e+00 
2.810770000e-01 4.208094000e+00 
9.999661000e-01 3.965424000e+00 
2.808034000e-01 4.235012000e+00 
2.819409000e-01 4.198633000e+00 
9.543769000e-01 4.019384000e+00 
4.546227000e-01 4.185647000e+00 
9.998889000e-01 4.014963000e+00 
7.163668000e-01 4.084187000e+00 
5.902192000e-01 4.157977000e+00 
2.807933000e-01 4.265634000e+00 
8.282622000e-01 4.022251000e+00 

6.464972000e-01 4.242968000e+00 
2.807766000e-01 4.378708000e+00 
2.807753000e-01 5.191956000e+00 
2.807754000e-01 4.626302000e+00 
2.807758000e-01 4.619230000e+00 
9.787164000e-01 4.090319000e+00 
2.857040000e-01 4.318347000e+00 
5.003420000e-01 4.284219000e+00 
2.809381000e-01 4.369776000e+00 
6.583505000e-01 4.222875000e+00 
2.812749000e-01 4.333520000e+00 
2.810023000e-01 4.357761000e+00 
9.599037000e-01 4.092608000e+00 
2.884427000e-01 4.308565000e+00 
5.844402000e-01 4.247558000e+00 
2.810271000e-01 4.338114000e+00 
6.699210000e-01 4.212209000e+00 
5.044001000e-01 4.247785000e+00 
6.784458000e-01 4.202397000e+00 
2.813233000e-01 4.318413000e+00 
7.381739000e-01 4.150129000e+00 
7.308321000e-01 4.191796000e+00 
9.928117000e-01 4.058208000e+00 

2.807753000e-01 5.729769000e+00 
9.450570000e-01 4.330666000e+00 
2.807763000e-01 4.593994000e+00 
2.888061000e-01 4.493223000e+00 
2.807755000e-01 4.636262000e+00 
7.098627000e-01 4.411275000e+00 
9.806376000e-01 4.297943000e+00 
8.618784000e-01 4.367377000e+00 
6.357980000e-01 4.437009000e+00 
8.640494000e-01 4.361146000e+00 
6.284754000e-01 4.449885000e+00 
2.807828000e-01 4.519238000e+00 
2.807754000e-01 4.847595000e+00 
9.575803000e-01 4.323227000e+00 
8.201279000e-01 4.376435000e+00 
6.071069000e-01 4.486321000e+00 
2.807767000e-01 4.534634000e+00 
9.362171000e-01 4.349751000e+00 
5.957648000e-01 4.487085000e+00 
6.699390000e-01 4.430776000e+00 
8.138805000e-01 4.396152000e+00 
6.232780000e-01 4.465423000e+00 

9.770501000e-01 4.109462000e+00 
2.807755000e-01 4.360836000e+00 
8.719151000e-01 4.126672000e+00 
7.730842000e-01 4.153571000e+00 
9.733925000e-01 4.122726000e+00 
2.807753000e-01 4.476776000e+00 
2.808267000e-01 4.330840000e+00 
2.840721000e-01 4.296219000e+00 
2.813807000e-01 4.328400000e+00 
7.078517000e-01 4.224795000e+00 
9.710710000e-01 4.123415000e+00 
9.774963000e-01 4.080418000e+00 
2.816892000e-01 4.302722000e+00 
6.924247000e-01 4.243854000e+00 
6.662816000e-01 4.276587000e+00 

8.974613000e-01 4.059065000e+00 
2.834729000e-01 4.270834000e+00 
2.824845000e-01 4.284236000e+00 
2.807753000e-01 4.790643000e+00 
5.721982000e-01 4.224296000e+00 
7.628775000e-01 4.142185000e+00 
5.976736000e-01 4.199859000e+00 
8.771774000e-01 4.083616000e+00 
8.101144000e-01 4.122577000e+00 
9.981732000e-01 4.015631000e+00 
6.794948000e-01 4.197790000e+00 
2.809016000e-01 4.285864000e+00 
2.838574000e-01 4.227592000e+00 
7.623127000e-01 4.192896000e+00 
2.807754000e-01 4.311343000e+00 
2.885346000e-01 4.227468000e+00 

7.761096000e-01 4.231899000e+00 
2.807753000e-01 4.609812000e+00 
7.744566000e-01 4.233652000e+00 
2.936147000e-01 4.297824000e+00 
2.809298000e-01 4.326806000e+00 
8.328723000e-01 4.172878000e+00 
2.807772000e-01 4.339170000e+00 
2.812694000e-01 4.299001000e+00 
6.182519000e-01 4.276549000e+00 
7.932575000e-01 4.231152000e+00 
6.194442000e-01 4.266200000e+00 
9.577191000e-01 4.103448000e+00 
2.807755000e-01 4.373674000e+00 
3.037317000e-01 4.291477000e+00 
9.815800000e-01 4.053360000e+00 
2.809109000e-01 4.331481000e+00 
8.419037000e-01 4.147480000e+00 
9.316612000e-01 4.113969000e+00 
7.937026000e-01 4.200716000e+00 
6.955150000e-01 4.240338000e+00 
8.184852000e-01 4.179602000e+00 

9.999997000e-01 4.185283000e+00 
7.207044000e-01 4.336011000e+00 
2.807763000e-01 4.489961000e+00 
8.598832000e-01 4.251667000e+00 
2.811262000e-01 4.452815000e+00 
2.807753000e-01 4.533419000e+00 
2.809486000e-01 4.473122000e+00 
8.406581000e-01 4.292000000e+00 
2.807757000e-01 4.523002000e+00 
9.999824000e-01 4.221604000e+00 
7.067290000e-01 4.336403000e+00 
2.819472000e-01 4.411887000e+00 
5.896152000e-01 4.338298000e+00 
7.538034000e-01 4.335799000e+00 

