2.808038000e-01 5.951973000e+00 
2.807763000e-01 6.118909000e+00 
2.807809000e-01 6.060931000e+00 
2.807754000e-01 6.250671000e+00 
2.807759000e-01 6.130352000e+00 
2.807758000e-01 6.177698000e+00 
2.807753000e-01 6.310599000e+00 
2.807755000e-01 6.199082000e+00 
2.807992000e-01 6.053399000e+00 
2.807782000e-01 6.079025000e+00 
2.807774000e-01 6.102596000e+00 
2.824875000e-01 5.910511000e+00 

2.807755000e-01 6.076628000e+00 
9.999991000e-01 5.974734000e+00 
2.813159000e-01 6.032814000e+00 
2.807753000e-01 6.100527000e+00 
2.807793000e-01 6.048719000e+00 

2.807753000e-01 6.273145000e+00 
2.810591000e-01 6.147313000e+00 
2.823151000e-01 6.104652000e+00 
2.807764000e-01 6.192551000e+00 
2.807761000e-01 6.211141000e+00 
9.657745000e-01 6.038590000e+00 
2.807890000e-01 6.182929000e+00 
9.920690000e-01 5.938852000e+00 
9.770622000e-01 5.955232000e+00 
9.699162000e-01 5.979622000e+00 
2.811117000e-01 6.135181000e+00 
9.984748000e-01 5.931326000e+00 
2.813403000e-01 6.122382000e+00 
9.742116000e-01 5.967842000e+00 
2.828884000e-01 6.063235000e+00 

2.807785000e-01 6.817518000e+00 
2.807753000e-01 6.891155000e+00 
2.807801000e-01 6.382481000e+00 
2.807804000e-01 6.308767000e+00 
2.807794000e-01 6.649575000e+00 
2.808169000e-01 6.103937000e+00 
2.807837000e-01 6.197251000e+00 
2.808103000e-01 6.182613000e+00 
2.808159000e-01 6.172167000e+00 

2.807753000e-01 6.288128000e+00 
2.807755000e-01 6.267182000e+00 
2.807756000e-01 6.258314000e+00 
2.807758000e-01 6.224392000e+00 
2.812856000e-01 5.977215000e+00 
2.807766000e-01 6.086792000e+00 
9.980615000e-01 5.920978000e+00 
2.807857000e-01 6.032564000e+00 

2.809575000e-01 6.028747000e+00 
2.807755000e-01 6.261414000e+00 
2.807754000e-01 6.318808000e+00 
2.807756000e-01 6.128894000e+00 
2.807753000e-01 6.329043000e+00 
2.807786000e-01 6.124202000e+00 
2.807790000e-01 6.093748000e+00 

2.808073000e-01 6.271465000e+00 
2.815613000e-01 6.137615000e+00 
2.807753000e-01 6.536482000e+00 
2.807776000e-01 6.448078000e+00 
2.808116000e-01 6.167510000e+00 
2.807957000e-01 6.323928000e+00 
2.809283000e-01 6.166370000e+00 

2.807756000e-01 6.328845000e+00 
2.807753000e-01 6.764630000e+00 
2.807769000e-01 6.119006000e+00 
2.808193000e-01 6.051702000e+00 
2.808273000e-01 6.011950000e+00 
9.896627000e-01 5.798394000e+00 
2.808429000e-01 5.986168000e+00 
2.808788000e-01 5.966586000e+00 
2.809547000e-01 5.933787000e+00 
2.807774000e-01 6.057066000e+00 
2.854004000e-01 5.916136000e+00 

