2.807753000e-01 4.761742000e+00 
4.905422000e-01 4.473281000e+00 
2.807755000e-01 4.583590000e+00 
6.472876000e-01 4.392255000e+00 
7.704714000e-01 4.357174000e+00 
2.809335000e-01 4.478427000e+00 
2.809303000e-01 4.522608000e+00 
2.807762000e-01 4.554207000e+00 
9.992644000e-01 4.311193000e+00 
8.876917000e-01 4.343499000e+00 
5.550245000e-01 4.409102000e+00 
2.807846000e-01 4.552573000e+00 

2.808936000e-01 4.532321000e+00 
7.025841000e-01 4.467167000e+00 
2.807753000e-01 5.191956000e+00 
2.807754000e-01 4.626302000e+00 
9.109890000e-01 4.426783000e+00 
9.147696000e-01 4.405867000e+00 
6.391172000e-01 4.504930000e+00 
4.456620000e-01 4.524099000e+00 
2.825361000e-01 4.531174000e+00 
9.999876000e-01 4.350454000e+00 
9.259362000e-01 4.356879000e+00 
9.240613000e-01 4.404371000e+00 
7.052437000e-01 4.459453000e+00 
7.366814000e-01 4.427801000e+00 
2.807806000e-01 4.611363000e+00 

2.807753000e-01 5.729769000e+00 
5.763902000e-01 4.715149000e+00 
6.015189000e-01 4.674948000e+00 
7.800654000e-01 4.632647000e+00 
2.808749000e-01 4.783250000e+00 
8.484754000e-01 4.614162000e+00 
8.742560000e-01 4.561663000e+00 
2.807755000e-01 4.838466000e+00 
2.808454000e-01 4.793104000e+00 
2.826592000e-01 4.769307000e+00 
5.750313000e-01 4.724967000e+00 
2.917404000e-01 4.756526000e+00 
2.807754000e-01 4.847595000e+00 
5.768849000e-01 4.680491000e+00 
5.505050000e-01 4.735519000e+00 
2.807870000e-01 4.795141000e+00 
2.807758000e-01 4.805894000e+00 

7.885270000e-01 4.511973000e+00 
2.807753000e-01 5.528856000e+00 
8.249184000e-01 4.464724000e+00 
2.840004000e-01 4.628641000e+00 
9.794560000e-01 4.459428000e+00 
2.807754000e-01 4.678015000e+00 
7.249355000e-01 4.522174000e+00 
2.807832000e-01 4.630539000e+00 
8.202000000e-01 4.509463000e+00 
3.584625000e-01 4.621474000e+00 
9.820191000e-01 4.453599000e+00 
5.369226000e-01 4.570262000e+00 
3.585841000e-01 4.597988000e+00 

2.808042000e-01 4.513723000e+00 
2.807760000e-01 4.627706000e+00 
5.697176000e-01 4.459471000e+00 
2.807753000e-01 4.790643000e+00 
6.899528000e-01 4.433534000e+00 
9.274358000e-01 4.356490000e+00 
2.807893000e-01 4.539058000e+00 
9.244870000e-01 4.409443000e+00 
7.705171000e-01 4.413478000e+00 
2.811344000e-01 4.513184000e+00 
7.906350000e-01 4.410242000e+00 
5.192175000e-01 4.483242000e+00 
9.584368000e-01 4.330986000e+00 

2.817591000e-01 4.598932000e+00 
7.592499000e-01 4.497159000e+00 
8.229245000e-01 4.492040000e+00 
2.835889000e-01 4.580431000e+00 
2.807986000e-01 4.625812000e+00 
2.807753000e-01 4.643371000e+00 
6.247998000e-01 4.505860000e+00 
9.805369000e-01 4.376908000e+00 
7.844665000e-01 4.496476000e+00 
2.835954000e-01 4.568645000e+00 
8.460107000e-01 4.442202000e+00 
2.810693000e-01 4.614892000e+00 
9.997384000e-01 4.372070000e+00 
5.557706000e-01 4.548714000e+00 
9.714143000e-01 4.419616000e+00 

5.600963000e-01 4.757400000e+00 
2.945771000e-01 4.772342000e+00 
5.730706000e-01 4.746944000e+00 
2.807773000e-01 4.893013000e+00 
2.807754000e-01 4.926395000e+00 
2.807801000e-01 4.803051000e+00 
2.807753000e-01 4.945725000e+00 
8.829652000e-01 4.643761000e+00 
2.820502000e-01 4.777796000e+00 
2.819197000e-01 4.791146000e+00 
2.807757000e-01 4.902005000e+00 
6.536834000e-01 4.659438000e+00 
2.812348000e-01 4.793210000e+00 
8.863338000e-01 4.554956000e+00 
5.944506000e-01 4.693933000e+00 
5.751470000e-01 4.723049000e+00 
3.174195000e-01 4.764764000e+00 
8.137602000e-01 4.647627000e+00 
2.876825000e-01 4.774195000e+00 

