6.630796000e-01 3.297452000e+00 
2.807973000e-01 3.539641000e+00 
6.565871000e-01 3.302458000e+00 
9.711761000e-01 3.152369000e+00 
5.494973000e-01 3.357810000e+00 
4.907816000e-01 3.399961000e+00 
2.807756000e-01 3.618572000e+00 
2.808184000e-01 3.512979000e+00 
2.818396000e-01 3.407750000e+00 
2.872090000e-01 3.400410000e+00 
2.807781000e-01 3.608387000e+00 
6.672148000e-01 3.268591000e+00 
2.807753000e-01 3.631489000e+00 
2.808698000e-01 3.479901000e+00 
2.807851000e-01 3.585840000e+00 
8.023725000e-01 3.217242000e+00 
9.705236000e-01 3.208507000e+00 
5.236913000e-01 3.362877000e+00 

2.808055000e-01 3.763066000e+00 
2.807864000e-01 3.806194000e+00 
8.258215000e-01 3.564708000e+00 
2.981136000e-01 3.678183000e+00 
9.025581000e-01 3.498127000e+00 
2.978226000e-01 3.683499000e+00 
6.061476000e-01 3.571012000e+00 
2.807753000e-01 3.881897000e+00 
9.657684000e-01 3.469349000e+00 
2.807755000e-01 3.817478000e+00 
2.813372000e-01 3.700926000e+00 
3.835714000e-01 3.617582000e+00 
9.765543000e-01 3.458236000e+00 
2.807970000e-01 3.780364000e+00 
9.790344000e-01 3.446016000e+00 
9.944765000e-01 3.392738000e+00 
2.809961000e-01 3.717075000e+00 
2.812154000e-01 3.716027000e+00 
9.942344000e-01 3.401261000e+00 
9.842752000e-01 3.443982000e+00 
8.289228000e-01 3.509410000e+00 

2.807753000e-01 5.729769000e+00 
2.807754000e-01 4.847595000e+00 
2.807829000e-01 3.983363000e+00 
2.807797000e-01 4.003752000e+00 
2.807761000e-01 4.060154000e+00 
2.816772000e-01 3.895551000e+00 
7.711487000e-01 3.800098000e+00 
5.584893000e-01 3.845524000e+00 
6.276129000e-01 3.815914000e+00 
9.229096000e-01 3.710009000e+00 
2.807757000e-01 4.112906000e+00 
2.807755000e-01 4.494725000e+00 
8.367588000e-01 3.790868000e+00 
2.808000000e-01 3.971658000e+00 
2.807775000e-01 4.020929000e+00 
2.810732000e-01 3.957089000e+00 
8.994518000e-01 3.727700000e+00 
8.780253000e-01 3.771110000e+00 
2.828299000e-01 3.846969000e+00 
8.476818000e-01 3.787905000e+00 
9.999745000e-01 3.686143000e+00 
6.606641000e-01 3.804900000e+00 
2.813439000e-01 3.937917000e+00 
9.265680000e-01 3.692505000e+00 
8.506207000e-01 3.787208000e+00 

5.210168000e-01 3.579404000e+00 
5.211131000e-01 3.578826000e+00 
2.808398000e-01 3.706044000e+00 
9.965480000e-01 3.388348000e+00 
2.807954000e-01 3.779033000e+00 
2.807753000e-01 4.476776000e+00 
2.807754000e-01 4.296974000e+00 
2.807769000e-01 3.786723000e+00 
2.812474000e-01 3.682721000e+00 
9.948851000e-01 3.409516000e+00 
2.807757000e-01 3.793589000e+00 
2.813693000e-01 3.645018000e+00 
2.807755000e-01 3.795233000e+00 
8.172461000e-01 3.454589000e+00 
2.808018000e-01 3.706373000e+00 
2.808014000e-01 3.717913000e+00 
6.008443000e-01 3.524296000e+00 
2.811017000e-01 3.687549000e+00 
2.809255000e-01 3.701051000e+00 
9.685536000e-01 3.427832000e+00 
9.984996000e-01 3.349734000e+00 
2.818029000e-01 3.622695000e+00 
6.419332000e-01 3.502119000e+00 
2.808493000e-01 3.701412000e+00 
2.899927000e-01 3.590303000e+00 
2.883281000e-01 3.617347000e+00 
9.922798000e-01 3.412009000e+00 
7.543062000e-01 3.499599000e+00 

7.655947000e-01 3.473770000e+00 
6.358047000e-01 3.509485000e+00 
2.807757000e-01 3.701767000e+00 
2.807753000e-01 4.790643000e+00 
9.968220000e-01 3.359781000e+00 
9.237079000e-01 3.402019000e+00 
2.807754000e-01 4.257289000e+00 
2.816165000e-01 3.593623000e+00 
2.808115000e-01 3.633901000e+00 
2.808044000e-01 3.683427000e+00 
2.807950000e-01 3.693222000e+00 
8.174495000e-01 3.464609000e+00 
8.278051000e-01 3.443646000e+00 
2.881055000e-01 3.527918000e+00 
6.945805000e-01 3.481252000e+00 
8.413843000e-01 3.443181000e+00 
9.961160000e-01 3.388732000e+00 
7.897719000e-01 3.465698000e+00 
2.811025000e-01 3.629549000e+00 

2.807754000e-01 3.854617000e+00 
2.807753000e-01 4.609812000e+00 
6.961698000e-01 3.528426000e+00 
2.807861000e-01 3.808427000e+00 
5.490569000e-01 3.611903000e+00 
5.443726000e-01 3.655454000e+00 
2.807782000e-01 3.828265000e+00 
4.778029000e-01 3.658146000e+00 
9.723899000e-01 3.440239000e+00 
6.606356000e-01 3.539557000e+00 
9.999639000e-01 3.417994000e+00 
5.989664000e-01 3.580668000e+00 
2.808122000e-01 3.670734000e+00 
9.983657000e-01 3.438666000e+00 
7.539921000e-01 3.507498000e+00 
8.181266000e-01 3.448592000e+00 
9.999877000e-01 3.400513000e+00 

7.901455000e-01 3.724529000e+00 
5.321277000e-01 3.745177000e+00 
2.809461000e-01 3.836145000e+00 
8.832455000e-01 3.646768000e+00 
9.180623000e-01 3.608060000e+00 
8.869861000e-01 3.643514000e+00 
2.807766000e-01 3.863655000e+00 
2.807753000e-01 3.944171000e+00 
2.884154000e-01 3.813358000e+00 
9.937340000e-01 3.582267000e+00 
8.367785000e-01 3.663303000e+00 
2.851959000e-01 3.834922000e+00 
3.869299000e-01 3.810499000e+00 
8.010504000e-01 3.715301000e+00 
6.360209000e-01 3.724832000e+00 
2.807755000e-01 3.921254000e+00 
3.960489000e-01 3.776062000e+00 
9.875513000e-01 3.606661000e+00 

