2.819014000e-01 5.685428000e+00 
9.916425000e-01 5.606203000e+00 
2.807753000e-01 5.744433000e+00 
9.863209000e-01 5.682837000e+00 
9.996185000e-01 5.568464000e+00 
2.815681000e-01 5.713506000e+00 
2.807759000e-01 5.731040000e+00 

2.807761000e-01 5.842795000e+00 
2.807754000e-01 5.913342000e+00 
2.807923000e-01 5.774737000e+00 
2.807753000e-01 5.949007000e+00 
2.807834000e-01 5.794593000e+00 
2.809700000e-01 5.690572000e+00 
9.942840000e-01 5.610714000e+00 
2.807755000e-01 5.854646000e+00 
2.807976000e-01 5.771825000e+00 

9.241202000e-01 5.753715000e+00 
2.815986000e-01 5.918367000e+00 
2.807832000e-01 5.938132000e+00 
2.807760000e-01 5.954796000e+00 
2.807758000e-01 5.961972000e+00 
2.807753000e-01 6.024110000e+00 
2.829949000e-01 5.901205000e+00 
2.889506000e-01 5.894342000e+00 
3.817244000e-01 5.836962000e+00 
8.806910000e-01 5.802628000e+00 
9.909521000e-01 5.735390000e+00 
2.809514000e-01 5.926280000e+00 
2.891295000e-01 5.891715000e+00 
9.146965000e-01 5.764945000e+00 
2.810074000e-01 5.925506000e+00 

2.807785000e-01 6.817518000e+00 
2.807753000e-01 6.891155000e+00 
2.807877000e-01 6.128037000e+00 
2.807804000e-01 6.209669000e+00 
2.807793000e-01 6.228886000e+00 
2.807842000e-01 6.149890000e+00 
2.807837000e-01 6.197251000e+00 
9.986475000e-01 5.832829000e+00 
2.807832000e-01 6.202690000e+00 
2.808143000e-01 5.846768000e+00 
2.807951000e-01 5.914542000e+00 
2.807942000e-01 5.944479000e+00 
2.808121000e-01 5.878699000e+00 
2.807921000e-01 6.014897000e+00 
9.998221000e-01 5.793244000e+00 
9.968927000e-01 5.842322000e+00 
2.807950000e-01 5.921846000e+00 

2.807753000e-01 6.288128000e+00 
2.807786000e-01 5.975809000e+00 
2.807804000e-01 5.786427000e+00 
2.807754000e-01 6.038394000e+00 
2.807766000e-01 6.020961000e+00 
9.620375000e-01 5.678486000e+00 
9.635996000e-01 5.678354000e+00 
2.819867000e-01 5.754761000e+00 
9.640636000e-01 5.658309000e+00 
2.857064000e-01 5.733162000e+00 
9.700041000e-01 5.627889000e+00 
2.807824000e-01 5.765322000e+00 
2.862461000e-01 5.717189000e+00 
9.702635000e-01 5.507435000e+00 
2.833023000e-01 5.745640000e+00 

2.807753000e-01 5.945317000e+00 
2.807754000e-01 5.885917000e+00 
2.807769000e-01 5.847501000e+00 
9.946850000e-01 5.730746000e+00 
2.810098000e-01 5.746337000e+00 
2.807765000e-01 5.858189000e+00 
2.807755000e-01 5.872818000e+00 
9.828982000e-01 5.736957000e+00 

2.807796000e-01 5.994286000e+00 
9.285827000e-01 5.793648000e+00 
2.807753000e-01 6.536482000e+00 
2.807790000e-01 6.044451000e+00 
8.676309000e-01 5.860730000e+00 
8.856919000e-01 5.849737000e+00 
2.807836000e-01 5.872824000e+00 
2.807755000e-01 6.153946000e+00 
9.306391000e-01 5.761679000e+00 

6.585382000e-01 5.652517000e+00 
2.808644000e-01 5.679104000e+00 
2.807753000e-01 5.871222000e+00 
2.809167000e-01 5.672545000e+00 
7.065552000e-01 5.536793000e+00 
7.397353000e-01 5.461316000e+00 
6.835665000e-01 5.626612000e+00 
2.808496000e-01 5.717732000e+00 
2.807779000e-01 5.732851000e+00 
2.808561000e-01 5.712328000e+00 

