2.819014000e-01 5.685428000e+00 
9.916425000e-01 5.606203000e+00 
2.807753000e-01 5.744433000e+00 
9.875807000e-01 5.678760000e+00 
9.996185000e-01 5.568464000e+00 
2.819831000e-01 5.683219000e+00 
2.807759000e-01 5.731040000e+00 
2.829640000e-01 5.680868000e+00 
9.882459000e-01 5.632104000e+00 
9.958154000e-01 5.602371000e+00 
2.812407000e-01 5.703743000e+00 
2.807810000e-01 5.709599000e+00 

2.807761000e-01 5.842795000e+00 
2.807754000e-01 5.913342000e+00 
2.807755000e-01 5.854646000e+00 
2.807753000e-01 5.949007000e+00 
2.807770000e-01 5.816301000e+00 
2.809700000e-01 5.690572000e+00 
9.942840000e-01 5.610714000e+00 
2.807783000e-01 5.736361000e+00 
9.927497000e-01 5.655903000e+00 
2.807772000e-01 5.802816000e+00 

9.241202000e-01 5.753715000e+00 
9.146965000e-01 5.764945000e+00 
2.807832000e-01 5.938132000e+00 
2.807760000e-01 5.954796000e+00 
2.807758000e-01 5.961972000e+00 
2.807753000e-01 6.024110000e+00 
2.807845000e-01 5.932291000e+00 
2.807898000e-01 5.904777000e+00 
9.319216000e-01 5.750065000e+00 
9.696685000e-01 5.705491000e+00 
2.807901000e-01 5.879124000e+00 
9.495340000e-01 5.719047000e+00 
8.629869000e-01 5.785731000e+00 
8.734372000e-01 5.772979000e+00 
8.807164000e-01 5.770943000e+00 
2.811276000e-01 5.806635000e+00 

2.807785000e-01 6.817518000e+00 
2.807753000e-01 6.891155000e+00 
2.807877000e-01 6.128037000e+00 
2.807804000e-01 6.209669000e+00 
2.807793000e-01 6.228886000e+00 
2.807842000e-01 6.149890000e+00 
2.807837000e-01 6.197251000e+00 
2.814117000e-01 5.821109000e+00 
2.807832000e-01 6.202690000e+00 
2.808143000e-01 5.846768000e+00 
2.807951000e-01 5.914542000e+00 
9.961350000e-01 5.737341000e+00 
2.811050000e-01 5.824432000e+00 
2.808100000e-01 5.847963000e+00 
2.807900000e-01 5.918245000e+00 

2.807753000e-01 6.288128000e+00 
2.807755000e-01 5.859082000e+00 
2.875186000e-01 5.702366000e+00 
2.807754000e-01 6.038394000e+00 
2.818947000e-01 5.703992000e+00 
2.807824000e-01 5.765322000e+00 
2.807777000e-01 5.774142000e+00 
9.702635000e-01 5.507435000e+00 
2.814236000e-01 5.726757000e+00 
2.810745000e-01 5.746826000e+00 
9.154584000e-01 5.622773000e+00 

2.807753000e-01 5.945317000e+00 
2.808951000e-01 5.796522000e+00 
2.807801000e-01 5.816409000e+00 
9.727809000e-01 5.664373000e+00 
2.810098000e-01 5.746337000e+00 
9.657102000e-01 5.704402000e+00 
2.807754000e-01 5.818328000e+00 

2.807796000e-01 5.994286000e+00 
2.821535000e-01 5.872638000e+00 
2.807753000e-01 6.536482000e+00 
2.807790000e-01 6.044451000e+00 
2.807755000e-01 6.153946000e+00 
9.306391000e-01 5.761679000e+00 
2.807836000e-01 5.872824000e+00 
8.624885000e-01 5.846734000e+00 
2.807806000e-01 5.945663000e+00 
9.086192000e-01 5.822512000e+00 
8.887534000e-01 5.833308000e+00 
9.121925000e-01 5.784127000e+00 
2.807808000e-01 5.906496000e+00 
9.102586000e-01 5.810500000e+00 

2.807779000e-01 5.732851000e+00 
2.808644000e-01 5.679104000e+00 
2.807753000e-01 5.871222000e+00 
2.926229000e-01 5.526648000e+00 
2.853144000e-01 5.635483000e+00 
7.397353000e-01 5.461316000e+00 
2.807816000e-01 5.700013000e+00 
7.384042000e-01 5.508639000e+00 
2.809021000e-01 5.640981000e+00 
2.808642000e-01 5.692411000e+00 
2.807755000e-01 5.801795000e+00 
2.807767000e-01 5.774356000e+00 

