2.807753000e-01 4.761742000e+00 
7.391150000e-01 4.147284000e+00 
2.807755000e-01 4.583590000e+00 
9.531714000e-01 4.045295000e+00 
4.940652000e-01 4.223073000e+00 
2.807963000e-01 4.256204000e+00 
2.807911000e-01 4.272388000e+00 
6.452937000e-01 4.179468000e+00 
7.339611000e-01 4.174827000e+00 
8.345699000e-01 4.101764000e+00 
2.807760000e-01 4.287523000e+00 
9.999999000e-01 4.006531000e+00 
9.999977000e-01 4.038573000e+00 
2.808077000e-01 4.253731000e+00 
6.280192000e-01 4.195574000e+00 
9.229679000e-01 4.073025000e+00 
5.660086000e-01 4.209621000e+00 

2.808395000e-01 4.417356000e+00 
7.996028000e-01 4.204900000e+00 
2.807753000e-01 5.191956000e+00 
2.807754000e-01 4.626302000e+00 
2.807758000e-01 4.619230000e+00 
2.811032000e-01 4.344825000e+00 
9.746919000e-01 4.146709000e+00 
2.808328000e-01 4.450601000e+00 
2.808659000e-01 4.414283000e+00 
2.807927000e-01 4.456773000e+00 
9.818423000e-01 4.128517000e+00 
2.810023000e-01 4.357761000e+00 
6.704751000e-01 4.250133000e+00 
2.884427000e-01 4.308565000e+00 
2.807769000e-01 4.458925000e+00 
7.742388000e-01 4.217457000e+00 
5.586453000e-01 4.267870000e+00 
7.213762000e-01 4.239390000e+00 
2.808850000e-01 4.404786000e+00 
2.809304000e-01 4.388503000e+00 
7.600741000e-01 4.236010000e+00 
6.834804000e-01 4.246114000e+00 
9.668505000e-01 4.182116000e+00 
9.905233000e-01 4.099313000e+00 
9.787641000e-01 4.137398000e+00 
6.564235000e-01 4.266369000e+00 

2.807753000e-01 5.729769000e+00 
9.965814000e-01 4.335421000e+00 
2.807774000e-01 4.613695000e+00 
5.049822000e-01 4.541823000e+00 
2.807755000e-01 4.636262000e+00 
6.909832000e-01 4.442182000e+00 
2.808546000e-01 4.546699000e+00 
9.406392000e-01 4.368145000e+00 
8.588872000e-01 4.381656000e+00 
6.892678000e-01 4.474474000e+00 
6.062021000e-01 4.516678000e+00 
2.807920000e-01 4.602090000e+00 
2.807754000e-01 4.847595000e+00 
7.127007000e-01 4.435559000e+00 
9.493744000e-01 4.354523000e+00 
8.530640000e-01 4.388644000e+00 
5.021108000e-01 4.546102000e+00 
5.868019000e-01 4.528969000e+00 
9.563726000e-01 4.335782000e+00 
6.374322000e-01 4.488338000e+00 

6.893400000e-01 4.299707000e+00 
8.709817000e-01 4.204595000e+00 
2.807796000e-01 4.421989000e+00 
4.899709000e-01 4.300266000e+00 
9.657133000e-01 4.149959000e+00 
2.809790000e-01 4.392326000e+00 
2.807777000e-01 4.446355000e+00 
7.101382000e-01 4.245064000e+00 
2.813807000e-01 4.328400000e+00 
2.807753000e-01 4.476776000e+00 

2.807777000e-01 4.457333000e+00 
2.807755000e-01 4.521275000e+00 
2.813746000e-01 4.336017000e+00 
2.807753000e-01 4.790643000e+00 
2.900775000e-01 4.319091000e+00 
7.718895000e-01 4.185706000e+00 
5.776426000e-01 4.284449000e+00 
8.351095000e-01 4.131004000e+00 
2.807784000e-01 4.446732000e+00 
2.807754000e-01 4.556915000e+00 
6.794948000e-01 4.197790000e+00 
5.866456000e-01 4.244683000e+00 
2.807979000e-01 4.350993000e+00 
2.975987000e-01 4.304518000e+00 
9.991989000e-01 4.090566000e+00 
2.808946000e-01 4.341380000e+00 
3.154043000e-01 4.285133000e+00 
2.810481000e-01 4.339968000e+00 
2.807764000e-01 4.457528000e+00 
2.837843000e-01 4.330493000e+00 
9.991692000e-01 4.096947000e+00 
8.859637000e-01 4.111050000e+00 
2.807797000e-01 4.439225000e+00 
8.125086000e-01 4.159858000e+00 

2.901327000e-01 4.324183000e+00 
2.807753000e-01 4.609812000e+00 
7.744566000e-01 4.233652000e+00 
9.837538000e-01 4.167889000e+00 
2.807787000e-01 4.487836000e+00 
8.328723000e-01 4.172878000e+00 
8.287537000e-01 4.219978000e+00 
2.807759000e-01 4.569008000e+00 
2.807919000e-01 4.445918000e+00 
2.809402000e-01 4.372636000e+00 
6.194442000e-01 4.266200000e+00 
7.729849000e-01 4.247361000e+00 

6.099246000e-01 4.463665000e+00 
2.833420000e-01 4.470180000e+00 
9.998878000e-01 4.347628000e+00 
9.999154000e-01 4.342052000e+00 
9.999404000e-01 4.270960000e+00 
2.807753000e-01 4.533419000e+00 
5.862422000e-01 4.465026000e+00 
6.188534000e-01 4.409943000e+00 
2.807757000e-01 4.523002000e+00 
8.740823000e-01 4.347652000e+00 
2.807975000e-01 4.504512000e+00 
6.091461000e-01 4.463919000e+00 
7.165320000e-01 4.383929000e+00 
2.810741000e-01 4.496448000e+00 
8.601203000e-01 4.368073000e+00 
2.815955000e-01 4.475102000e+00 

