2.809610000e-01 3.664602000e+00 
6.361490000e-01 3.577575000e+00 
5.214964000e-01 3.581094000e+00 
6.845017000e-01 3.568655000e+00 
2.807753000e-01 3.915988000e+00 
2.807787000e-01 3.788352000e+00 
8.134522000e-01 3.554626000e+00 
9.618893000e-01 3.515289000e+00 
2.807754000e-01 3.833860000e+00 
9.801933000e-01 3.416971000e+00 
2.807816000e-01 3.710955000e+00 
9.773846000e-01 3.493672000e+00 
2.808343000e-01 3.707994000e+00 

9.992725000e-01 3.717050000e+00 
2.807766000e-01 4.378708000e+00 
2.807753000e-01 5.191956000e+00 
2.807754000e-01 4.626302000e+00 
2.807758000e-01 4.619230000e+00 
2.810201000e-01 4.041108000e+00 
2.820888000e-01 3.923306000e+00 
2.807800000e-01 4.133649000e+00 
5.457338000e-01 3.866249000e+00 
2.814748000e-01 3.943604000e+00 
9.092442000e-01 3.766489000e+00 
2.808072000e-01 4.082652000e+00 
2.807771000e-01 4.142413000e+00 
2.808244000e-01 4.059101000e+00 
9.793790000e-01 3.741713000e+00 
2.810949000e-01 3.964719000e+00 
9.178072000e-01 3.751013000e+00 
6.612778000e-01 3.860458000e+00 
2.810373000e-01 4.000662000e+00 
8.144492000e-01 3.807036000e+00 
5.267396000e-01 3.908366000e+00 
9.009359000e-01 3.783801000e+00 

2.807753000e-01 5.729769000e+00 
2.807754000e-01 4.847595000e+00 
6.182203000e-01 4.139800000e+00 
6.258829000e-01 4.123316000e+00 
2.807761000e-01 4.369858000e+00 
7.176503000e-01 4.060482000e+00 
2.807789000e-01 4.235586000e+00 
6.371274000e-01 4.096362000e+00 
2.808087000e-01 4.205011000e+00 
2.807758000e-01 4.407436000e+00 
5.985678000e-01 4.156297000e+00 
2.807755000e-01 4.494725000e+00 
9.185513000e-01 4.015663000e+00 
2.813658000e-01 4.187458000e+00 
2.807783000e-01 4.248999000e+00 
7.059486000e-01 4.076494000e+00 
9.562416000e-01 3.976303000e+00 
2.900884000e-01 4.158494000e+00 
2.837081000e-01 4.180350000e+00 
9.870571000e-01 3.903487000e+00 

2.808102000e-01 3.913339000e+00 
2.807759000e-01 4.232630000e+00 
7.308253000e-01 3.811169000e+00 
9.529044000e-01 3.669571000e+00 
7.426169000e-01 3.799952000e+00 
2.807753000e-01 4.476776000e+00 
2.807754000e-01 4.296974000e+00 
7.654620000e-01 3.790663000e+00 
9.446199000e-01 3.694927000e+00 
2.808286000e-01 3.901258000e+00 
2.807761000e-01 3.976061000e+00 
9.867872000e-01 3.620546000e+00 
7.315864000e-01 3.800114000e+00 
8.030202000e-01 3.717944000e+00 
6.916820000e-01 3.822520000e+00 
5.747560000e-01 3.825910000e+00 
2.807977000e-01 3.951764000e+00 
2.810550000e-01 3.857769000e+00 

9.988650000e-01 3.647878000e+00 
2.807826000e-01 4.026744000e+00 
2.808563000e-01 3.927626000e+00 
2.807753000e-01 4.790643000e+00 
2.807796000e-01 4.082337000e+00 
7.018765000e-01 3.779040000e+00 
2.807754000e-01 4.257289000e+00 
5.657373000e-01 3.832079000e+00 
9.978385000e-01 3.659620000e+00 
4.296850000e-01 3.849174000e+00 
5.743456000e-01 3.806372000e+00 
9.686085000e-01 3.685697000e+00 
2.807863000e-01 4.014611000e+00 
2.814200000e-01 3.875323000e+00 
2.840514000e-01 3.869459000e+00 
2.808480000e-01 4.010859000e+00 
7.144239000e-01 3.763742000e+00 
6.445439000e-01 3.781795000e+00 
9.987609000e-01 3.648722000e+00 
2.856252000e-01 3.864085000e+00 
8.133711000e-01 3.696893000e+00 
9.999904000e-01 3.635457000e+00 
7.901698000e-01 3.721199000e+00 

8.229419000e-01 3.817310000e+00 
2.807753000e-01 4.609812000e+00 
2.807755000e-01 4.373674000e+00 
2.807830000e-01 3.983751000e+00 
2.807785000e-01 4.173338000e+00 
2.808254000e-01 3.905589000e+00 
8.597222000e-01 3.791984000e+00 
2.807756000e-01 4.361512000e+00 
8.733564000e-01 3.753993000e+00 
2.807761000e-01 4.174599000e+00 
8.476941000e-01 3.800674000e+00 
8.072932000e-01 3.821982000e+00 
9.512146000e-01 3.719678000e+00 
8.591435000e-01 3.796513000e+00 
5.790922000e-01 3.896571000e+00 
2.938666000e-01 3.899984000e+00 
9.724098000e-01 3.707805000e+00 
5.895862000e-01 3.838119000e+00 
9.799665000e-01 3.703215000e+00 
8.593904000e-01 3.796255000e+00 
6.523494000e-01 3.826750000e+00 

7.853998000e-01 3.911724000e+00 
6.075882000e-01 4.028726000e+00 
2.807763000e-01 4.489961000e+00 
6.144367000e-01 4.023869000e+00 
2.807782000e-01 4.178015000e+00 
2.807753000e-01 4.533419000e+00 
2.816839000e-01 4.089009000e+00 
6.779276000e-01 3.957231000e+00 
2.807757000e-01 4.523002000e+00 
3.074287000e-01 4.043497000e+00 
4.071772000e-01 4.032978000e+00 
8.777092000e-01 3.887522000e+00 
2.807765000e-01 4.436438000e+00 
2.808326000e-01 4.125713000e+00 
6.277338000e-01 3.991599000e+00 
5.228688000e-01 4.029155000e+00 
2.808325000e-01 4.173024000e+00 
9.998711000e-01 3.789728000e+00 
9.980836000e-01 3.838918000e+00 
8.356244000e-01 3.889182000e+00 
9.958336000e-01 3.882403000e+00 
6.155364000e-01 4.009233000e+00 
2.820670000e-01 4.069906000e+00 
2.897435000e-01 4.058857000e+00 
7.004014000e-01 3.935466000e+00 

