2.807773000e-01 6.566675000e+00 
2.807753000e-01 6.819514000e+00 
2.807754000e-01 6.658763000e+00 
2.807769000e-01 6.582381000e+00 
2.807755000e-01 6.603356000e+00 
2.819299000e-01 6.436571000e+00 
5.776623000e-01 6.273754000e+00 
2.816370000e-01 6.460363000e+00 
2.807792000e-01 6.477518000e+00 
2.826383000e-01 6.369724000e+00 

2.807753000e-01 6.710269000e+00 
2.807770000e-01 6.532316000e+00 
2.807754000e-01 6.616871000e+00 
2.809355000e-01 6.444905000e+00 
2.807760000e-01 6.601167000e+00 
2.807766000e-01 6.540451000e+00 

2.807792000e-01 6.495780000e+00 
2.807760000e-01 6.523575000e+00 
2.807753000e-01 6.639907000e+00 
9.959160000e-01 6.444953000e+00 
2.807754000e-01 6.546599000e+00 
2.808558000e-01 6.448333000e+00 
9.959411000e-01 6.352207000e+00 

2.807785000e-01 6.817518000e+00 
2.807753000e-01 6.891155000e+00 
2.808120000e-01 6.602236000e+00 
2.807840000e-01 6.652269000e+00 
2.807825000e-01 6.753253000e+00 
2.807930000e-01 6.640921000e+00 
2.814258000e-01 6.564404000e+00 
2.808089000e-01 6.624640000e+00 
2.808119000e-01 6.612942000e+00 
2.810087000e-01 6.571817000e+00 

2.817836000e-01 6.368642000e+00 
2.807753000e-01 6.432836000e+00 

2.807759000e-01 6.800897000e+00 
2.837108000e-01 6.426246000e+00 
2.807753000e-01 7.289160000e+00 
2.807772000e-01 6.785192000e+00 
2.807907000e-01 6.549962000e+00 
2.807841000e-01 6.621028000e+00 
2.807912000e-01 6.476060000e+00 
2.809892000e-01 6.462481000e+00 
2.807852000e-01 6.604502000e+00 
2.811755000e-01 6.434302000e+00 

2.809135000e-01 6.615123000e+00 
2.807753000e-01 7.443334000e+00 
2.807754000e-01 7.337176000e+00 
2.817747000e-01 6.508885000e+00 
8.556449000e-01 6.482227000e+00 
2.815703000e-01 6.549844000e+00 
2.811202000e-01 6.582673000e+00 
2.807832000e-01 6.659270000e+00 
2.807756000e-01 6.666254000e+00 
2.822123000e-01 6.490353000e+00 
2.807855000e-01 6.631979000e+00 

2.807757000e-01 6.699884000e+00 
2.807753000e-01 6.764630000e+00 
2.807762000e-01 6.561352000e+00 
9.996179000e-01 6.304209000e+00 
2.810839000e-01 6.385387000e+00 
2.808409000e-01 6.452480000e+00 
2.807985000e-01 6.482117000e+00 
2.807758000e-01 6.621620000e+00 
2.808347000e-01 6.466879000e+00 
2.810956000e-01 6.342065000e+00 
2.810477000e-01 6.431501000e+00 

