2.933902000e-01 3.038823000e+00 
6.217558000e-01 2.977853000e+00 
2.807970000e-01 3.159611000e+00 
2.808975000e-01 3.074945000e+00 
8.034591000e-01 2.898221000e+00 
8.029033000e-01 2.899295000e+00 
2.807753000e-01 3.164314000e+00 
6.412500000e-01 2.950035000e+00 
2.808018000e-01 3.111478000e+00 
4.944110000e-01 2.993777000e+00 
6.447815000e-01 2.940440000e+00 
4.525010000e-01 3.037180000e+00 
9.663169000e-01 2.801160000e+00 
2.807759000e-01 3.160843000e+00 
9.645430000e-01 2.831166000e+00 
2.932258000e-01 3.048409000e+00 
2.816580000e-01 3.065965000e+00 
9.721957000e-01 2.785640000e+00 
6.366497000e-01 2.957425000e+00 
2.808047000e-01 3.091015000e+00 
7.496411000e-01 2.900736000e+00 
9.362611000e-01 2.831285000e+00 
8.481978000e-01 2.833852000e+00 

9.476077000e-01 2.958122000e+00 
5.626572000e-01 3.119028000e+00 
9.769957000e-01 2.957507000e+00 
8.822439000e-01 2.961020000e+00 
8.779861000e-01 2.982176000e+00 
9.889520000e-01 2.906627000e+00 
2.807771000e-01 3.137092000e+00 
7.439236000e-01 3.003857000e+00 
6.609142000e-01 3.062354000e+00 
2.807753000e-01 3.244870000e+00 

2.807753000e-01 5.729769000e+00 
2.807754000e-01 3.828404000e+00 
2.922619000e-01 3.329910000e+00 
8.135938000e-01 3.208934000e+00 
7.893092000e-01 3.215987000e+00 
2.807817000e-01 3.569501000e+00 
2.808572000e-01 3.402450000e+00 
2.807900000e-01 3.480749000e+00 
7.236074000e-01 3.231335000e+00 
2.807774000e-01 3.571396000e+00 
6.612713000e-01 3.266615000e+00 
9.978709000e-01 3.063638000e+00 
9.746351000e-01 3.128793000e+00 
2.807764000e-01 3.761126000e+00 
7.221061000e-01 3.244553000e+00 
5.278556000e-01 3.303792000e+00 
7.743213000e-01 3.219505000e+00 
8.181514000e-01 3.205120000e+00 
9.627891000e-01 3.130964000e+00 
9.578918000e-01 3.146612000e+00 
9.891319000e-01 3.092211000e+00 
6.677046000e-01 3.264403000e+00 
9.894611000e-01 3.082029000e+00 
9.413612000e-01 3.156363000e+00 
9.285030000e-01 3.187134000e+00 

9.955505000e-01 2.842149000e+00 
2.807859000e-01 3.268740000e+00 
2.807936000e-01 3.235346000e+00 
6.511742000e-01 3.012320000e+00 
9.211860000e-01 2.919659000e+00 
2.807809000e-01 3.304034000e+00 
2.807772000e-01 3.359776000e+00 
2.807754000e-01 3.377962000e+00 
9.650783000e-01 2.892628000e+00 
9.091013000e-01 2.929719000e+00 
4.813958000e-01 3.126310000e+00 
2.808095000e-01 3.178481000e+00 
2.807753000e-01 3.489766000e+00 
9.942050000e-01 2.868898000e+00 
7.821009000e-01 2.969175000e+00 
7.206316000e-01 3.003498000e+00 
2.807757000e-01 3.364530000e+00 
9.087166000e-01 2.945895000e+00 
2.807814000e-01 3.286155000e+00 
9.673743000e-01 2.880039000e+00 
2.807863000e-01 3.262871000e+00 
2.808563000e-01 3.140843000e+00 
8.606809000e-01 2.964185000e+00 
4.860626000e-01 3.071257000e+00 
2.808718000e-01 3.126884000e+00 

2.807890000e-01 3.218821000e+00 
9.685567000e-01 2.916953000e+00 
8.756390000e-01 2.961436000e+00 
5.090809000e-01 3.099398000e+00 
7.802261000e-01 3.040064000e+00 
5.590155000e-01 3.077109000e+00 
9.522064000e-01 2.931233000e+00 
9.676749000e-01 2.918562000e+00 
2.807753000e-01 3.341673000e+00 
4.548969000e-01 3.154924000e+00 
8.355224000e-01 2.982822000e+00 
2.809619000e-01 3.181927000e+00 
9.786813000e-01 2.894209000e+00 
9.419307000e-01 2.931779000e+00 
9.647564000e-01 2.921825000e+00 
6.934885000e-01 3.041106000e+00 
2.807754000e-01 3.255876000e+00 
7.865171000e-01 2.983427000e+00 
9.213993000e-01 2.935193000e+00 

9.252836000e-01 3.001831000e+00 
2.807753000e-01 4.609812000e+00 
8.998271000e-01 3.044129000e+00 
5.219741000e-01 3.189099000e+00 
5.788778000e-01 3.127336000e+00 
6.731694000e-01 3.101876000e+00 
2.807754000e-01 3.403495000e+00 
2.810316000e-01 3.251020000e+00 
9.454174000e-01 2.956759000e+00 
6.418081000e-01 3.106214000e+00 
2.856799000e-01 3.200752000e+00 
8.009922000e-01 3.055286000e+00 
9.995609000e-01 2.951748000e+00 
2.808221000e-01 3.290210000e+00 
2.809040000e-01 3.274614000e+00 
7.548267000e-01 3.065993000e+00 
8.663102000e-01 3.046698000e+00 
5.342340000e-01 3.173535000e+00 
2.807912000e-01 3.307162000e+00 
7.555096000e-01 3.060823000e+00 
2.807771000e-01 3.321518000e+00 
9.264691000e-01 2.996925000e+00 

3.126026000e-01 3.376336000e+00 
2.930172000e-01 3.426409000e+00 
3.033958000e-01 3.386503000e+00 
8.159819000e-01 3.246652000e+00 
2.807756000e-01 3.513900000e+00 
5.904988000e-01 3.343469000e+00 
6.563655000e-01 3.304963000e+00 
9.996486000e-01 3.150863000e+00 
6.568854000e-01 3.299874000e+00 
7.713981000e-01 3.272204000e+00 
8.458315000e-01 3.242874000e+00 
2.807754000e-01 3.591007000e+00 
9.572076000e-01 3.161831000e+00 
2.807753000e-01 3.774284000e+00 
9.200790000e-01 3.182159000e+00 
6.982457000e-01 3.298876000e+00 
7.630285000e-01 3.286557000e+00 
8.608840000e-01 3.206785000e+00 
2.870968000e-01 3.426422000e+00 
2.807808000e-01 3.443845000e+00 
6.189342000e-01 3.332779000e+00 
9.999834000e-01 3.149993000e+00 
9.208527000e-01 3.171631000e+00 
2.939235000e-01 3.410709000e+00 
9.370077000e-01 3.169275000e+00 
8.581329000e-01 3.209372000e+00 
6.115008000e-01 3.342950000e+00 
9.996249000e-01 3.153470000e+00 
5.857668000e-01 3.363654000e+00 
2.966237000e-01 3.390392000e+00 
6.192638000e-01 3.329307000e+00 

