5.867754000e-01 3.313709000e+00 
2.817343000e-01 3.359418000e+00 
7.994720000e-01 3.178225000e+00 
6.810405000e-01 3.213719000e+00 
2.807805000e-01 3.362358000e+00 
9.693831000e-01 3.139537000e+00 
2.807756000e-01 3.618572000e+00 
6.312575000e-01 3.292053000e+00 
4.838175000e-01 3.356540000e+00 
9.146758000e-01 3.169045000e+00 
5.598407000e-01 3.342266000e+00 
9.773092000e-01 3.119556000e+00 
2.807753000e-01 3.631489000e+00 
2.807772000e-01 3.460250000e+00 
6.003455000e-01 3.309822000e+00 
5.544345000e-01 3.344201000e+00 
9.828319000e-01 3.116275000e+00 
8.952878000e-01 3.174111000e+00 
9.206153000e-01 3.159004000e+00 
4.893537000e-01 3.354500000e+00 
5.475515000e-01 3.350537000e+00 
9.663839000e-01 3.146207000e+00 
6.666374000e-01 3.241956000e+00 

2.807755000e-01 3.817478000e+00 
9.987918000e-01 3.313645000e+00 
9.885486000e-01 3.371730000e+00 
8.536996000e-01 3.398509000e+00 
6.442424000e-01 3.502830000e+00 
2.807788000e-01 3.688187000e+00 
8.199565000e-01 3.483075000e+00 
2.807753000e-01 3.881897000e+00 
9.064529000e-01 3.390349000e+00 
2.812122000e-01 3.533363000e+00 
6.655176000e-01 3.498096000e+00 
2.808549000e-01 3.553059000e+00 
9.115020000e-01 3.385475000e+00 
9.887480000e-01 3.334886000e+00 

2.807753000e-01 5.729769000e+00 
2.807754000e-01 4.847595000e+00 
9.559194000e-01 3.625725000e+00 
2.808522000e-01 3.848245000e+00 
6.013008000e-01 3.721939000e+00 
2.809276000e-01 3.836677000e+00 
9.940647000e-01 3.536882000e+00 
9.229221000e-01 3.648158000e+00 
9.702070000e-01 3.619548000e+00 
2.809861000e-01 3.822982000e+00 
2.807756000e-01 4.003666000e+00 
2.807755000e-01 4.494725000e+00 
3.723433000e-01 3.756471000e+00 
9.658531000e-01 3.621410000e+00 
8.824927000e-01 3.673806000e+00 
8.912616000e-01 3.661497000e+00 
9.880729000e-01 3.572802000e+00 
8.667554000e-01 3.680008000e+00 
9.709746000e-01 3.577397000e+00 
8.629914000e-01 3.708185000e+00 
5.650200000e-01 3.728483000e+00 
2.807793000e-01 3.880747000e+00 

4.490611000e-01 3.523871000e+00 
9.978971000e-01 3.297971000e+00 
5.268021000e-01 3.445744000e+00 
5.665229000e-01 3.421041000e+00 
9.953171000e-01 3.309017000e+00 
2.807753000e-01 4.476776000e+00 
2.807754000e-01 4.296974000e+00 
2.807769000e-01 3.786723000e+00 
2.807852000e-01 3.544438000e+00 
9.906122000e-01 3.338637000e+00 
2.807757000e-01 3.793589000e+00 
7.558115000e-01 3.358794000e+00 
2.807755000e-01 3.795233000e+00 
4.709599000e-01 3.502247000e+00 

6.244665000e-01 3.494724000e+00 
2.808040000e-01 3.582079000e+00 
2.807757000e-01 3.701767000e+00 
2.807753000e-01 4.790643000e+00 
2.807826000e-01 3.609991000e+00 
7.297254000e-01 3.443405000e+00 
2.807754000e-01 4.257289000e+00 
9.999671000e-01 3.301847000e+00 
4.065856000e-01 3.522560000e+00 
8.019037000e-01 3.403945000e+00 
2.821175000e-01 3.573274000e+00 
4.875123000e-01 3.496625000e+00 
9.208771000e-01 3.364949000e+00 
2.881055000e-01 3.527918000e+00 
8.819359000e-01 3.385020000e+00 
9.958332000e-01 3.309620000e+00 
9.436033000e-01 3.349439000e+00 
9.956619000e-01 3.329484000e+00 
4.152875000e-01 3.518984000e+00 
6.914440000e-01 3.472021000e+00 
7.094450000e-01 3.471428000e+00 
9.667965000e-01 3.331486000e+00 

2.807754000e-01 3.854617000e+00 
2.807753000e-01 4.609812000e+00 
2.809593000e-01 3.603910000e+00 
2.807861000e-01 3.808427000e+00 
5.478279000e-01 3.543415000e+00 
7.998573000e-01 3.407975000e+00 
2.807782000e-01 3.828265000e+00 
2.875344000e-01 3.561908000e+00 
7.152133000e-01 3.480441000e+00 
9.991866000e-01 3.334241000e+00 
7.479758000e-01 3.466395000e+00 
2.808130000e-01 3.615022000e+00 
9.999422000e-01 3.300689000e+00 
7.148647000e-01 3.498682000e+00 
8.772968000e-01 3.400867000e+00 
9.975674000e-01 3.364709000e+00 
2.808026000e-01 3.748764000e+00 
9.030267000e-01 3.384306000e+00 
6.381781000e-01 3.519674000e+00 
2.808041000e-01 3.660375000e+00 
7.803965000e-01 3.426566000e+00 

2.807753000e-01 3.848019000e+00 
3.620620000e-01 3.767595000e+00 
1.000000000e+00 3.535659000e+00 
8.807633000e-01 3.604782000e+00 
6.536812000e-01 3.714284000e+00 
2.808133000e-01 3.773209000e+00 
8.247992000e-01 3.610974000e+00 
3.775196000e-01 3.730146000e+00 
2.807765000e-01 3.798715000e+00 
4.235283000e-01 3.716342000e+00 
9.994646000e-01 3.546202000e+00 
6.619867000e-01 3.703734000e+00 
5.409729000e-01 3.715825000e+00 
8.846781000e-01 3.549915000e+00 
7.322769000e-01 3.619791000e+00 

