6.313725000e-01 2.986619000e+00 
8.620610000e-01 2.889020000e+00 
2.807970000e-01 3.159611000e+00 
2.808975000e-01 3.074945000e+00 
7.125953000e-01 2.954824000e+00 
8.049708000e-01 2.915487000e+00 
2.807753000e-01 3.164314000e+00 
9.967285000e-01 2.795687000e+00 
2.808018000e-01 3.111478000e+00 
9.662551000e-01 2.852184000e+00 
8.602027000e-01 2.896702000e+00 
4.525010000e-01 3.037180000e+00 
2.895135000e-01 3.074498000e+00 
2.807759000e-01 3.160843000e+00 
8.375007000e-01 2.900082000e+00 
9.712697000e-01 2.834161000e+00 
9.898425000e-01 2.800629000e+00 
8.030293000e-01 2.938323000e+00 
8.818448000e-01 2.860962000e+00 
8.621698000e-01 2.881016000e+00 
8.125907000e-01 2.902376000e+00 
6.215745000e-01 3.026066000e+00 

2.807755000e-01 3.817478000e+00 
2.807778000e-01 3.444732000e+00 
7.521668000e-01 3.048156000e+00 
2.807784000e-01 3.271783000e+00 
2.807773000e-01 3.448181000e+00 
6.741882000e-01 3.114492000e+00 
8.476932000e-01 3.016226000e+00 
2.807753000e-01 3.881897000e+00 
6.520859000e-01 3.141846000e+00 
2.810818000e-01 3.194568000e+00 
6.657473000e-01 3.137815000e+00 
2.808581000e-01 3.211543000e+00 
8.130106000e-01 3.041627000e+00 
7.188105000e-01 3.103138000e+00 
5.698160000e-01 3.161069000e+00 
7.376053000e-01 3.074838000e+00 
9.476077000e-01 2.958122000e+00 
7.343613000e-01 3.100248000e+00 
2.859028000e-01 3.189773000e+00 
8.746654000e-01 3.004803000e+00 
9.328014000e-01 2.984271000e+00 
6.855494000e-01 3.112064000e+00 
2.807790000e-01 3.231070000e+00 
6.317765000e-01 3.157091000e+00 
9.008232000e-01 2.989420000e+00 

2.807753000e-01 5.729769000e+00 
2.807754000e-01 3.828404000e+00 
2.922619000e-01 3.329910000e+00 
9.758558000e-01 3.175983000e+00 
7.893092000e-01 3.215987000e+00 
2.807817000e-01 3.569501000e+00 
9.654191000e-01 3.182639000e+00 
2.807900000e-01 3.480749000e+00 
6.669469000e-01 3.285198000e+00 
2.807774000e-01 3.571396000e+00 
9.937426000e-01 3.160121000e+00 
7.124793000e-01 3.280589000e+00 
2.815954000e-01 3.478816000e+00 
2.807764000e-01 3.761126000e+00 
9.584217000e-01 3.192850000e+00 
9.335498000e-01 3.201624000e+00 
2.816629000e-01 3.408558000e+00 

7.635481000e-01 3.065462000e+00 
2.807859000e-01 3.268740000e+00 
7.368157000e-01 3.074304000e+00 
7.624439000e-01 3.070790000e+00 
5.225647000e-01 3.123137000e+00 
2.807809000e-01 3.304034000e+00 
2.807772000e-01 3.359776000e+00 
2.807754000e-01 3.377962000e+00 
8.590940000e-01 2.988621000e+00 
7.272851000e-01 3.088722000e+00 
9.711348000e-01 2.915727000e+00 
2.808364000e-01 3.212280000e+00 
2.807753000e-01 3.489766000e+00 
9.208650000e-01 2.978960000e+00 
5.866390000e-01 3.096328000e+00 
8.483126000e-01 3.018837000e+00 
2.807757000e-01 3.364530000e+00 
9.292947000e-01 2.932157000e+00 
2.807814000e-01 3.286155000e+00 
9.275450000e-01 2.977472000e+00 
2.807863000e-01 3.262871000e+00 
5.708893000e-01 3.118640000e+00 
8.463562000e-01 3.033668000e+00 
7.649816000e-01 3.035464000e+00 
9.942050000e-01 2.868898000e+00 
2.817822000e-01 3.173408000e+00 
2.807936000e-01 3.235346000e+00 
7.639748000e-01 3.064991000e+00 
5.107366000e-01 3.157485000e+00 

8.415131000e-01 3.042399000e+00 
7.658942000e-01 3.048923000e+00 
9.645770000e-01 2.943203000e+00 
7.201605000e-01 3.082034000e+00 
7.480775000e-01 3.066776000e+00 
9.575229000e-01 2.945042000e+00 
2.822465000e-01 3.193713000e+00 
5.271389000e-01 3.161727000e+00 
2.807753000e-01 3.341673000e+00 
9.406778000e-01 2.950041000e+00 
7.814980000e-01 3.044987000e+00 
2.999949000e-01 3.191781000e+00 
5.600208000e-01 3.133325000e+00 
8.572232000e-01 2.986734000e+00 
4.574540000e-01 3.191524000e+00 
4.659592000e-01 3.164847000e+00 
2.807754000e-01 3.255876000e+00 
6.620288000e-01 3.107244000e+00 
2.816679000e-01 3.212371000e+00 
6.637805000e-01 3.094782000e+00 
8.756390000e-01 2.961436000e+00 
5.849515000e-01 3.110715000e+00 
2.807945000e-01 3.223777000e+00 

9.977732000e-01 2.996610000e+00 
2.807753000e-01 4.609812000e+00 
8.998271000e-01 3.044129000e+00 
2.899026000e-01 3.303654000e+00 
5.788778000e-01 3.127336000e+00 
9.559808000e-01 3.014713000e+00 
2.807754000e-01 3.403495000e+00 
9.550565000e-01 3.035746000e+00 
2.807815000e-01 3.371809000e+00 
9.487946000e-01 3.041785000e+00 
4.522130000e-01 3.249664000e+00 
2.905018000e-01 3.261328000e+00 
9.995609000e-01 2.951748000e+00 
2.900281000e-01 3.284882000e+00 
4.964515000e-01 3.227561000e+00 
4.546313000e-01 3.245977000e+00 
4.289693000e-01 3.254662000e+00 
7.037777000e-01 3.125784000e+00 
2.807912000e-01 3.307162000e+00 
7.555096000e-01 3.060823000e+00 
5.456487000e-01 3.208264000e+00 

2.811025000e-01 3.486662000e+00 
2.846302000e-01 3.463894000e+00 
2.829692000e-01 3.479703000e+00 
8.412742000e-01 3.294139000e+00 
2.807756000e-01 3.513900000e+00 
9.997790000e-01 3.186253000e+00 
9.872170000e-01 3.201334000e+00 
7.059504000e-01 3.325922000e+00 
2.807857000e-01 3.495566000e+00 
6.953794000e-01 3.327220000e+00 
6.568592000e-01 3.343531000e+00 
2.807754000e-01 3.591007000e+00 
7.678346000e-01 3.308201000e+00 
2.807753000e-01 3.774284000e+00 
3.079371000e-01 3.397377000e+00 
8.450092000e-01 3.261072000e+00 
2.811422000e-01 3.484476000e+00 
9.999999000e-01 3.182990000e+00 
8.166193000e-01 3.295625000e+00 
6.206871000e-01 3.367421000e+00 
2.823826000e-01 3.484077000e+00 
7.416811000e-01 3.312059000e+00 
6.848895000e-01 3.342715000e+00 
2.870968000e-01 3.426422000e+00 
9.240674000e-01 3.213517000e+00 
6.867340000e-01 3.334850000e+00 
4.119334000e-01 3.389733000e+00 
8.840949000e-01 3.218366000e+00 
2.846152000e-01 3.465794000e+00 

