9.998869000e-01 3.778289000e+00 
4.782288000e-01 4.002558000e+00 
5.816745000e-01 3.840077000e+00 
4.682478000e-01 4.003418000e+00 
5.562926000e-01 3.926431000e+00 
2.807841000e-01 4.003643000e+00 
2.807753000e-01 4.028083000e+00 
8.384278000e-01 3.810748000e+00 
9.801309000e-01 3.805094000e+00 
8.185640000e-01 3.819473000e+00 
9.999918000e-01 3.722448000e+00 

7.195811000e-01 4.047905000e+00 
2.807766000e-01 4.378708000e+00 
2.807753000e-01 5.191956000e+00 
2.807754000e-01 4.626302000e+00 
2.807758000e-01 4.619230000e+00 
4.912451000e-01 4.094753000e+00 
8.123918000e-01 4.042311000e+00 
4.869463000e-01 4.120619000e+00 
8.419496000e-01 3.983780000e+00 
7.182776000e-01 4.059592000e+00 
9.451514000e-01 3.949022000e+00 
8.331999000e-01 3.991103000e+00 
2.807771000e-01 4.142413000e+00 
3.468584000e-01 4.135754000e+00 
9.941158000e-01 3.905689000e+00 
6.333404000e-01 4.071860000e+00 

2.807753000e-01 5.729769000e+00 
2.807785000e-01 4.490698000e+00 
9.583460000e-01 4.222882000e+00 
8.097887000e-01 4.281378000e+00 
8.846442000e-01 4.246350000e+00 
2.807799000e-01 4.460558000e+00 
2.808195000e-01 4.384182000e+00 
2.808083000e-01 4.445545000e+00 
9.780556000e-01 4.216665000e+00 
9.721998000e-01 4.219145000e+00 
2.961944000e-01 4.379282000e+00 
2.807755000e-01 4.494725000e+00 
2.807754000e-01 4.847595000e+00 
4.332618000e-01 4.354819000e+00 
8.017702000e-01 4.282494000e+00 
5.428532000e-01 4.325474000e+00 
8.002033000e-01 4.302452000e+00 
6.632271000e-01 4.310192000e+00 
2.807817000e-01 4.456116000e+00 
6.603106000e-01 4.310525000e+00 
9.341295000e-01 4.242257000e+00 

8.468626000e-01 3.978603000e+00 
2.808951000e-01 4.154402000e+00 
8.032781000e-01 3.990071000e+00 
2.807789000e-01 4.266502000e+00 
2.807811000e-01 4.192639000e+00 
2.807753000e-01 4.476776000e+00 
2.807754000e-01 4.296974000e+00 
8.430666000e-01 3.982688000e+00 
2.808000000e-01 4.176815000e+00 
7.330573000e-01 3.998957000e+00 
2.807805000e-01 4.210156000e+00 
2.853920000e-01 4.149405000e+00 
6.319530000e-01 4.044481000e+00 
9.002098000e-01 3.955213000e+00 
2.922258000e-01 4.093386000e+00 
2.808403000e-01 4.166707000e+00 

2.808516000e-01 4.138652000e+00 
2.808062000e-01 4.177635000e+00 
2.808290000e-01 4.158011000e+00 
2.807753000e-01 4.790643000e+00 
3.914365000e-01 4.045593000e+00 
8.118718000e-01 3.969536000e+00 
2.807754000e-01 4.257289000e+00 
8.099534000e-01 3.976108000e+00 
6.042152000e-01 4.029711000e+00 
8.264541000e-01 3.948163000e+00 
2.979008000e-01 4.112610000e+00 
8.611404000e-01 3.914302000e+00 
3.022781000e-01 4.084656000e+00 
8.991075000e-01 3.909483000e+00 
7.741738000e-01 3.992877000e+00 
5.832775000e-01 4.034860000e+00 
8.311163000e-01 3.936792000e+00 
3.132155000e-01 4.078725000e+00 
7.990366000e-01 3.992294000e+00 
8.086462000e-01 3.985906000e+00 
6.655807000e-01 4.015002000e+00 
2.832623000e-01 4.117247000e+00 
2.812171000e-01 4.137124000e+00 
2.831063000e-01 4.128033000e+00 

6.606609000e-01 4.100384000e+00 
2.807753000e-01 4.609812000e+00 
5.823701000e-01 4.107606000e+00 
2.911949000e-01 4.148412000e+00 
7.921106000e-01 4.064110000e+00 
2.813030000e-01 4.212498000e+00 
9.753065000e-01 3.973975000e+00 
8.135252000e-01 4.055342000e+00 
9.954606000e-01 3.949041000e+00 
2.807761000e-01 4.331057000e+00 
7.548574000e-01 4.068375000e+00 
8.454743000e-01 4.022239000e+00 
2.807755000e-01 4.373674000e+00 
9.343152000e-01 3.989171000e+00 
2.807756000e-01 4.361512000e+00 
2.816615000e-01 4.161751000e+00 
6.587894000e-01 4.104023000e+00 
5.320922000e-01 4.135282000e+00 
8.216825000e-01 4.055133000e+00 
6.347677000e-01 4.106085000e+00 
9.938722000e-01 3.958330000e+00 
7.075430000e-01 4.079158000e+00 
6.939203000e-01 4.080275000e+00 
8.397245000e-01 4.027160000e+00 
9.900054000e-01 3.973044000e+00 
2.807831000e-01 4.215149000e+00 
9.483294000e-01 3.979669000e+00 
2.814842000e-01 4.165637000e+00 

2.807810000e-01 4.428918000e+00 
8.910406000e-01 4.106845000e+00 
2.807763000e-01 4.489961000e+00 
9.999885000e-01 4.061695000e+00 
2.831870000e-01 4.262169000e+00 
2.807753000e-01 4.533419000e+00 
2.807977000e-01 4.310481000e+00 
2.807856000e-01 4.341765000e+00 
2.807757000e-01 4.523002000e+00 
2.807826000e-01 4.419071000e+00 
4.472049000e-01 4.216573000e+00 
8.378214000e-01 4.114601000e+00 
2.807765000e-01 4.436438000e+00 
6.101661000e-01 4.184908000e+00 
7.461675000e-01 4.124539000e+00 
2.808728000e-01 4.288821000e+00 
5.989692000e-01 4.199937000e+00 
9.992390000e-01 4.070879000e+00 
2.810715000e-01 4.270678000e+00 
8.956894000e-01 4.106733000e+00 
6.015058000e-01 4.189209000e+00 

