5.190842000e-01 3.780053000e+00 
9.932321000e-01 3.558095000e+00 
2.808999000e-01 3.843316000e+00 
2.808245000e-01 3.865395000e+00 
2.807753000e-01 3.915988000e+00 
8.011130000e-01 3.652984000e+00 
2.807757000e-01 3.867768000e+00 
9.800791000e-01 3.605031000e+00 
6.408183000e-01 3.704342000e+00 
9.848377000e-01 3.567304000e+00 
2.815313000e-01 3.826779000e+00 
5.194250000e-01 3.755144000e+00 
8.030581000e-01 3.646132000e+00 

7.534310000e-01 3.941353000e+00 
2.807766000e-01 4.378708000e+00 
2.807753000e-01 5.191956000e+00 
2.807754000e-01 4.626302000e+00 
2.807758000e-01 4.619230000e+00 
8.060706000e-01 3.936011000e+00 
5.780137000e-01 3.962096000e+00 
2.807800000e-01 4.133649000e+00 
8.158697000e-01 3.926630000e+00 
3.009082000e-01 4.062388000e+00 
9.919833000e-01 3.841865000e+00 
2.808072000e-01 4.082652000e+00 
2.807771000e-01 4.142413000e+00 
8.394424000e-01 3.913873000e+00 
3.371678000e-01 4.051800000e+00 
9.190579000e-01 3.901436000e+00 
4.686525000e-01 4.010386000e+00 
9.822080000e-01 3.882105000e+00 
8.546812000e-01 3.909009000e+00 

2.807753000e-01 5.729769000e+00 
2.807754000e-01 4.847595000e+00 
2.814787000e-01 4.340269000e+00 
9.334473000e-01 4.147935000e+00 
2.829241000e-01 4.310121000e+00 
3.726030000e-01 4.284533000e+00 
2.809429000e-01 4.372056000e+00 
6.261986000e-01 4.266095000e+00 
2.812541000e-01 4.353734000e+00 
2.807758000e-01 4.407436000e+00 
8.259542000e-01 4.175653000e+00 
2.807755000e-01 4.494725000e+00 
2.807777000e-01 4.378212000e+00 
4.888891000e-01 4.283279000e+00 
2.810561000e-01 4.356098000e+00 
6.492311000e-01 4.231155000e+00 
6.779393000e-01 4.186836000e+00 
6.454547000e-01 4.261093000e+00 
3.147116000e-01 4.306694000e+00 
8.581306000e-01 4.172482000e+00 
9.779690000e-01 4.109216000e+00 
2.810557000e-01 4.370646000e+00 
9.975984000e-01 4.083916000e+00 
2.828351000e-01 4.332855000e+00 
9.456694000e-01 4.122308000e+00 
6.744815000e-01 4.226678000e+00 

2.808638000e-01 4.070291000e+00 
2.807759000e-01 4.232630000e+00 
7.227586000e-01 3.902951000e+00 
8.377259000e-01 3.857983000e+00 
2.807764000e-01 4.085160000e+00 
2.807753000e-01 4.476776000e+00 
2.807754000e-01 4.296974000e+00 
8.245084000e-01 3.889961000e+00 
7.885940000e-01 3.900419000e+00 
9.348587000e-01 3.799299000e+00 
2.903342000e-01 3.984055000e+00 
2.813493000e-01 4.016315000e+00 
2.809214000e-01 4.056206000e+00 
2.831235000e-01 4.013035000e+00 
6.356978000e-01 3.952783000e+00 
2.809031000e-01 4.062813000e+00 
9.292111000e-01 3.817658000e+00 
2.808455000e-01 4.077059000e+00 
9.903150000e-01 3.789881000e+00 

2.832262000e-01 3.990903000e+00 
9.999930000e-01 3.727686000e+00 
8.615273000e-01 3.788318000e+00 
2.807753000e-01 4.790643000e+00 
2.807796000e-01 4.082337000e+00 
7.122338000e-01 3.894306000e+00 
2.807754000e-01 4.257289000e+00 
5.705496000e-01 3.968352000e+00 
6.660861000e-01 3.921088000e+00 
3.481804000e-01 3.971006000e+00 
8.290409000e-01 3.834303000e+00 
8.311301000e-01 3.830467000e+00 
5.715306000e-01 3.925153000e+00 
9.709865000e-01 3.775103000e+00 
8.348353000e-01 3.799747000e+00 
2.808480000e-01 4.010859000e+00 
2.807826000e-01 4.026744000e+00 
2.809731000e-01 4.001158000e+00 
2.847566000e-01 3.984447000e+00 
7.532719000e-01 3.839462000e+00 

5.831432000e-01 3.989998000e+00 
2.807753000e-01 4.609812000e+00 
2.807755000e-01 4.373674000e+00 
2.808058000e-01 4.162335000e+00 
2.855285000e-01 4.032519000e+00 
8.127370000e-01 3.901680000e+00 
6.964198000e-01 3.976238000e+00 
2.807756000e-01 4.361512000e+00 
6.986994000e-01 3.974383000e+00 
2.807761000e-01 4.174599000e+00 
2.808517000e-01 4.062993000e+00 
6.062616000e-01 3.984439000e+00 
9.578680000e-01 3.836127000e+00 
9.301395000e-01 3.867428000e+00 
5.610690000e-01 4.023412000e+00 
2.807785000e-01 4.173338000e+00 
7.796571000e-01 3.969484000e+00 
2.808073000e-01 4.080087000e+00 

6.004249000e-01 4.084630000e+00 
8.530936000e-01 4.001792000e+00 
2.807763000e-01 4.489961000e+00 
9.973932000e-01 3.955380000e+00 
2.807795000e-01 4.274662000e+00 
2.807753000e-01 4.533419000e+00 
8.680439000e-01 3.971274000e+00 
2.807876000e-01 4.270344000e+00 
2.807757000e-01 4.523002000e+00 
2.865476000e-01 4.118191000e+00 
6.988078000e-01 4.082866000e+00 
2.808163000e-01 4.186928000e+00 
2.807765000e-01 4.436438000e+00 
2.835933000e-01 4.161127000e+00 
8.448124000e-01 4.039124000e+00 
9.999751000e-01 3.937669000e+00 
5.856747000e-01 4.108391000e+00 
9.987410000e-01 3.938264000e+00 
2.825497000e-01 4.177402000e+00 
7.598244000e-01 4.062326000e+00 
2.808048000e-01 4.255796000e+00 

