2.933902000e-01 3.038823000e+00 
4.391242000e-01 3.023501000e+00 
5.919159000e-01 2.939956000e+00 
2.808024000e-01 3.075428000e+00 
9.649062000e-01 2.757902000e+00 
5.799874000e-01 2.958895000e+00 
2.807753000e-01 3.164314000e+00 
9.190057000e-01 2.790322000e+00 
9.850115000e-01 2.709284000e+00 
7.035954000e-01 2.865796000e+00 
2.808069000e-01 3.063438000e+00 
8.429022000e-01 2.815997000e+00 
7.325350000e-01 2.851740000e+00 
2.807759000e-01 3.160843000e+00 
4.874019000e-01 2.960520000e+00 
9.675295000e-01 2.747154000e+00 
4.419805000e-01 2.994469000e+00 
8.224483000e-01 2.825093000e+00 
5.991051000e-01 2.915833000e+00 
2.807916000e-01 3.108813000e+00 
2.809095000e-01 3.040026000e+00 
9.579266000e-01 2.782125000e+00 
8.215095000e-01 2.846264000e+00 

6.231925000e-01 3.020759000e+00 
9.316249000e-01 2.872071000e+00 
5.384490000e-01 3.075600000e+00 
2.807760000e-01 3.229595000e+00 
8.219929000e-01 2.937406000e+00 
7.541317000e-01 2.957894000e+00 
2.807771000e-01 3.137092000e+00 
8.751822000e-01 2.918025000e+00 
2.836370000e-01 3.108452000e+00 
2.807753000e-01 3.244870000e+00 
8.772490000e-01 2.912536000e+00 
9.739329000e-01 2.851489000e+00 
5.827087000e-01 3.059374000e+00 
6.922081000e-01 3.008593000e+00 
6.983618000e-01 2.965736000e+00 

2.807753000e-01 5.729769000e+00 
2.807754000e-01 3.828404000e+00 
2.922619000e-01 3.329910000e+00 
8.516919000e-01 3.169888000e+00 
2.810488000e-01 3.382178000e+00 
2.807817000e-01 3.569501000e+00 
2.808572000e-01 3.402450000e+00 
2.807900000e-01 3.480749000e+00 
9.620392000e-01 3.091167000e+00 
2.807774000e-01 3.571396000e+00 
6.263382000e-01 3.230742000e+00 
9.627205000e-01 3.077744000e+00 
7.213149000e-01 3.223386000e+00 
2.807764000e-01 3.761126000e+00 
8.680047000e-01 3.147689000e+00 
7.247367000e-01 3.204270000e+00 
3.060876000e-01 3.309807000e+00 
9.178787000e-01 3.099639000e+00 
2.812602000e-01 3.334025000e+00 
4.940973000e-01 3.242273000e+00 
4.802205000e-01 3.304590000e+00 
2.810574000e-01 3.368251000e+00 
7.251285000e-01 3.172247000e+00 
9.871710000e-01 3.001768000e+00 

7.298554000e-01 2.984949000e+00 
2.823464000e-01 3.077945000e+00 
9.058385000e-01 2.878198000e+00 
6.511742000e-01 3.012320000e+00 
6.205025000e-01 3.019565000e+00 
9.171920000e-01 2.876055000e+00 
9.433418000e-01 2.834952000e+00 
2.807754000e-01 3.377962000e+00 
7.999032000e-01 2.950119000e+00 
6.630711000e-01 2.985129000e+00 
6.199043000e-01 3.036024000e+00 
8.786247000e-01 2.898689000e+00 
2.807753000e-01 3.489766000e+00 
2.807863000e-01 3.126543000e+00 
2.807761000e-01 3.168836000e+00 
7.304337000e-01 2.960767000e+00 
2.807757000e-01 3.364530000e+00 
9.185908000e-01 2.868897000e+00 
2.822068000e-01 3.092075000e+00 
9.667680000e-01 2.807071000e+00 
8.494799000e-01 2.935877000e+00 
8.620039000e-01 2.914743000e+00 
2.807817000e-01 3.127576000e+00 
7.800883000e-01 2.953424000e+00 
5.365129000e-01 3.049173000e+00 
4.797976000e-01 3.063413000e+00 

2.807890000e-01 3.218821000e+00 
2.808661000e-01 3.149181000e+00 
7.374993000e-01 3.003652000e+00 
5.265151000e-01 3.071713000e+00 
7.801863000e-01 2.950750000e+00 
9.964039000e-01 2.847463000e+00 
5.991562000e-01 3.045753000e+00 
3.649547000e-01 3.122640000e+00 
2.807753000e-01 3.341673000e+00 
4.146599000e-01 3.097941000e+00 
5.256192000e-01 3.097449000e+00 
9.359071000e-01 2.917322000e+00 
7.606743000e-01 2.983501000e+00 
2.807939000e-01 3.198672000e+00 
8.784395000e-01 2.922206000e+00 
8.373484000e-01 2.935335000e+00 
2.807754000e-01 3.255876000e+00 
9.525840000e-01 2.875440000e+00 
7.280867000e-01 3.015279000e+00 
9.419370000e-01 2.884033000e+00 
2.996783000e-01 3.127549000e+00 
6.356098000e-01 3.017507000e+00 

2.840884000e-01 3.229019000e+00 
2.807753000e-01 4.609812000e+00 
2.807771000e-01 3.321518000e+00 
9.966590000e-01 2.915755000e+00 
9.988163000e-01 2.897809000e+00 
2.830779000e-01 3.229274000e+00 
2.807754000e-01 3.403495000e+00 
5.293309000e-01 3.136076000e+00 
5.263465000e-01 3.173747000e+00 
2.807782000e-01 3.245848000e+00 
2.856799000e-01 3.200752000e+00 
7.526493000e-01 3.020866000e+00 
8.649881000e-01 3.004879000e+00 
2.809250000e-01 3.234674000e+00 
4.311386000e-01 3.179471000e+00 
5.506454000e-01 3.104324000e+00 
9.994034000e-01 2.896594000e+00 
9.996223000e-01 2.890249000e+00 
2.842815000e-01 3.220567000e+00 
9.398480000e-01 2.915965000e+00 
8.660365000e-01 2.982337000e+00 
5.161696000e-01 3.175961000e+00 
8.766500000e-01 2.949162000e+00 
6.545737000e-01 3.066070000e+00 
7.509354000e-01 3.062524000e+00 
2.810763000e-01 3.232033000e+00 
6.651216000e-01 3.064465000e+00 

2.965872000e-01 3.347867000e+00 
8.155404000e-01 3.165688000e+00 
7.260718000e-01 3.243149000e+00 
9.315097000e-01 3.140839000e+00 
2.807756000e-01 3.513900000e+00 
9.420304000e-01 3.106939000e+00 
2.807808000e-01 3.443845000e+00 
6.070171000e-01 3.305885000e+00 
8.503540000e-01 3.148058000e+00 
6.383099000e-01 3.261254000e+00 
2.808709000e-01 3.430434000e+00 
2.807754000e-01 3.591007000e+00 
7.616389000e-01 3.229228000e+00 
2.807753000e-01 3.774284000e+00 
7.680157000e-01 3.219912000e+00 
4.724069000e-01 3.308548000e+00 
7.352591000e-01 3.229493000e+00 
2.809828000e-01 3.392560000e+00 
9.586549000e-01 3.095046000e+00 
2.807820000e-01 3.436112000e+00 
8.448839000e-01 3.160395000e+00 
6.106091000e-01 3.286400000e+00 
9.619793000e-01 3.061084000e+00 
2.813256000e-01 3.353002000e+00 
4.126780000e-01 3.324362000e+00 

