2.807753000e-01 4.761742000e+00 
6.075572000e-01 4.104656000e+00 
2.807755000e-01 4.583590000e+00 
7.041144000e-01 4.032238000e+00 
8.331089000e-01 4.019328000e+00 
2.807963000e-01 4.256204000e+00 
4.430581000e-01 4.146927000e+00 
6.380814000e-01 4.093706000e+00 
8.282622000e-01 4.022251000e+00 
9.143361000e-01 4.002631000e+00 
2.807760000e-01 4.287523000e+00 
2.808037000e-01 4.202642000e+00 
2.811883000e-01 4.195209000e+00 
2.856195000e-01 4.190045000e+00 
2.808034000e-01 4.235012000e+00 
9.999999000e-01 3.932381000e+00 
9.503174000e-01 3.963127000e+00 
6.222013000e-01 4.095078000e+00 
2.807843000e-01 4.258219000e+00 
6.429769000e-01 4.072248000e+00 

9.928117000e-01 4.058208000e+00 
2.807766000e-01 4.378708000e+00 
2.807753000e-01 5.191956000e+00 
2.807754000e-01 4.626302000e+00 
2.807758000e-01 4.619230000e+00 
2.808029000e-01 4.332207000e+00 
9.756197000e-01 4.060503000e+00 
9.995033000e-01 4.016915000e+00 
2.813233000e-01 4.318413000e+00 
8.129529000e-01 4.141783000e+00 
7.381739000e-01 4.150129000e+00 
7.482500000e-01 4.142825000e+00 
9.599037000e-01 4.092608000e+00 
5.634769000e-01 4.233233000e+00 
2.819938000e-01 4.282536000e+00 
2.876476000e-01 4.272052000e+00 
6.353245000e-01 4.213260000e+00 
5.044001000e-01 4.247785000e+00 
5.877676000e-01 4.229060000e+00 
6.442078000e-01 4.167108000e+00 
2.808430000e-01 4.329461000e+00 

2.807753000e-01 5.729769000e+00 
2.812708000e-01 4.512073000e+00 
2.807763000e-01 4.593994000e+00 
2.888061000e-01 4.493223000e+00 
2.807755000e-01 4.636262000e+00 
7.098627000e-01 4.411275000e+00 
2.821434000e-01 4.499959000e+00 
6.699390000e-01 4.430776000e+00 
6.357980000e-01 4.437009000e+00 
4.910678000e-01 4.451690000e+00 
7.065265000e-01 4.420105000e+00 
2.807828000e-01 4.519238000e+00 
2.807754000e-01 4.847595000e+00 
8.583530000e-01 4.354415000e+00 
8.869691000e-01 4.330174000e+00 
4.908636000e-01 4.456080000e+00 
2.807767000e-01 4.534634000e+00 
5.941390000e-01 4.449155000e+00 
9.561715000e-01 4.276004000e+00 
4.784556000e-01 4.477394000e+00 
7.161837000e-01 4.361033000e+00 

4.743276000e-01 4.268581000e+00 
2.807755000e-01 4.360836000e+00 
5.342830000e-01 4.200863000e+00 
7.730842000e-01 4.153571000e+00 
2.809443000e-01 4.299070000e+00 
2.807753000e-01 4.476776000e+00 
2.853807000e-01 4.276785000e+00 
2.840721000e-01 4.296219000e+00 
8.414469000e-01 4.076244000e+00 
9.987050000e-01 4.070017000e+00 
2.808088000e-01 4.322866000e+00 

8.310089000e-01 4.078721000e+00 
2.834729000e-01 4.270834000e+00 
3.170061000e-01 4.185667000e+00 
2.807753000e-01 4.790643000e+00 
2.838574000e-01 4.227592000e+00 
9.963071000e-01 4.007618000e+00 
2.885346000e-01 4.227468000e+00 
2.809028000e-01 4.275375000e+00 
8.778988000e-01 4.058583000e+00 
2.808103000e-01 4.291692000e+00 
2.807754000e-01 4.311343000e+00 
2.809016000e-01 4.285864000e+00 
6.630580000e-01 4.116509000e+00 
6.045215000e-01 4.158966000e+00 
2.827864000e-01 4.273336000e+00 
5.523497000e-01 4.179000000e+00 

6.955150000e-01 4.240338000e+00 
2.807753000e-01 4.609812000e+00 
2.808432000e-01 4.299114000e+00 
8.037462000e-01 4.131484000e+00 
7.109940000e-01 4.228894000e+00 
2.820938000e-01 4.297714000e+00 
2.807772000e-01 4.339170000e+00 
2.812694000e-01 4.299001000e+00 
7.302059000e-01 4.200526000e+00 
8.014044000e-01 4.170173000e+00 
8.908870000e-01 4.110390000e+00 
9.577191000e-01 4.103448000e+00 
2.807755000e-01 4.373674000e+00 
7.791145000e-01 4.181601000e+00 
5.850839000e-01 4.259262000e+00 
2.875427000e-01 4.283837000e+00 
9.733380000e-01 4.022071000e+00 
2.807756000e-01 4.361512000e+00 

9.999997000e-01 4.185283000e+00 
2.807934000e-01 4.410328000e+00 
2.807763000e-01 4.489961000e+00 
8.598832000e-01 4.251667000e+00 
7.976356000e-01 4.256203000e+00 
2.807753000e-01 4.533419000e+00 
7.563608000e-01 4.319767000e+00 
5.864139000e-01 4.403405000e+00 
2.807757000e-01 4.523002000e+00 
9.999824000e-01 4.221604000e+00 
7.067290000e-01 4.336403000e+00 
9.999923000e-01 4.203526000e+00 
5.896152000e-01 4.338298000e+00 
6.889394000e-01 4.337652000e+00 
7.134525000e-01 4.323784000e+00 
9.947675000e-01 4.251214000e+00 

