6.313725000e-01 2.986619000e+00 
7.872897000e-01 2.948121000e+00 
2.807970000e-01 3.159611000e+00 
2.808975000e-01 3.074945000e+00 
7.125953000e-01 2.954824000e+00 
7.123655000e-01 2.976942000e+00 
2.807753000e-01 3.164314000e+00 
2.860498000e-01 3.067868000e+00 
2.808018000e-01 3.111478000e+00 
6.301031000e-01 3.008532000e+00 
6.155707000e-01 3.010023000e+00 
4.525010000e-01 3.037180000e+00 
9.663169000e-01 2.801160000e+00 
2.807759000e-01 3.160843000e+00 
6.425095000e-01 2.978055000e+00 
9.617640000e-01 2.833688000e+00 
8.486725000e-01 2.882992000e+00 
9.721957000e-01 2.785640000e+00 
8.818448000e-01 2.860962000e+00 
8.621698000e-01 2.881016000e+00 
5.653572000e-01 3.021528000e+00 
2.933902000e-01 3.038823000e+00 
8.034591000e-01 2.898221000e+00 
8.029033000e-01 2.899295000e+00 

9.476077000e-01 2.958122000e+00 
5.626572000e-01 3.119028000e+00 
7.521668000e-01 3.048156000e+00 
2.807784000e-01 3.271783000e+00 
8.779861000e-01 2.982176000e+00 
8.746654000e-01 3.004803000e+00 
8.476932000e-01 3.016226000e+00 
4.746050000e-01 3.168388000e+00 
6.609142000e-01 3.062354000e+00 
2.810818000e-01 3.194568000e+00 
8.822439000e-01 2.961020000e+00 
2.808581000e-01 3.211543000e+00 
8.130106000e-01 3.041627000e+00 
2.807790000e-01 3.231070000e+00 
2.859028000e-01 3.189773000e+00 
9.919700000e-01 2.955480000e+00 
2.807753000e-01 3.273682000e+00 

2.807753000e-01 5.729769000e+00 
2.807754000e-01 3.828404000e+00 
2.922619000e-01 3.329910000e+00 
7.812665000e-01 3.236374000e+00 
7.893092000e-01 3.215987000e+00 
2.807817000e-01 3.569501000e+00 
9.690303000e-01 3.141061000e+00 
2.807900000e-01 3.480749000e+00 
2.813109000e-01 3.426045000e+00 
2.807774000e-01 3.571396000e+00 
6.612713000e-01 3.266615000e+00 
9.978709000e-01 3.063638000e+00 
9.746351000e-01 3.128793000e+00 
2.807764000e-01 3.761126000e+00 
7.221061000e-01 3.244553000e+00 
9.335498000e-01 3.201624000e+00 
2.816629000e-01 3.408558000e+00 
9.639719000e-01 3.164460000e+00 
6.065828000e-01 3.327557000e+00 
9.478540000e-01 3.199764000e+00 
2.814768000e-01 3.419507000e+00 
6.494837000e-01 3.311401000e+00 
9.894611000e-01 3.082029000e+00 
8.181514000e-01 3.205120000e+00 
9.526153000e-01 3.185604000e+00 

9.955505000e-01 2.842149000e+00 
2.807859000e-01 3.268740000e+00 
2.807936000e-01 3.235346000e+00 
6.511742000e-01 3.012320000e+00 
5.225647000e-01 3.123137000e+00 
2.807809000e-01 3.304034000e+00 
2.807772000e-01 3.359776000e+00 
2.807754000e-01 3.377962000e+00 
8.590940000e-01 2.988621000e+00 
9.091013000e-01 2.929719000e+00 
9.711348000e-01 2.915727000e+00 
9.497593000e-01 2.927354000e+00 
2.807753000e-01 3.489766000e+00 
9.942050000e-01 2.868898000e+00 
5.866390000e-01 3.096328000e+00 
2.808188000e-01 3.204069000e+00 
2.807757000e-01 3.364530000e+00 
2.808840000e-01 3.163336000e+00 
2.807814000e-01 3.286155000e+00 
4.867831000e-01 3.125299000e+00 
2.807863000e-01 3.262871000e+00 
4.849827000e-01 3.162812000e+00 
8.606809000e-01 2.964185000e+00 
5.348221000e-01 3.099713000e+00 
9.700356000e-01 2.923016000e+00 

2.807890000e-01 3.218821000e+00 
7.658942000e-01 3.048923000e+00 
9.645770000e-01 2.943203000e+00 
7.201605000e-01 3.082034000e+00 
7.802261000e-01 3.040064000e+00 
9.575229000e-01 2.945042000e+00 
2.822465000e-01 3.193713000e+00 
9.676749000e-01 2.918562000e+00 
2.807753000e-01 3.341673000e+00 
9.406778000e-01 2.950041000e+00 
7.281046000e-01 3.067881000e+00 
5.849515000e-01 3.110715000e+00 
5.600208000e-01 3.133325000e+00 
7.345011000e-01 3.057581000e+00 
4.547893000e-01 3.182894000e+00 
4.659592000e-01 3.164847000e+00 
2.807754000e-01 3.255876000e+00 
6.620288000e-01 3.107244000e+00 
2.816679000e-01 3.212371000e+00 
6.637805000e-01 3.094782000e+00 
8.756390000e-01 2.961436000e+00 
2.834862000e-01 3.185708000e+00 
5.220724000e-01 3.141939000e+00 
9.685567000e-01 2.916953000e+00 
7.865171000e-01 2.983427000e+00 
5.190987000e-01 3.145535000e+00 

9.977732000e-01 2.996610000e+00 
2.807753000e-01 4.609812000e+00 
8.998271000e-01 3.044129000e+00 
8.956561000e-01 3.056813000e+00 
5.788778000e-01 3.127336000e+00 
6.731694000e-01 3.101876000e+00 
2.807754000e-01 3.403495000e+00 
2.863783000e-01 3.279506000e+00 
2.807815000e-01 3.371809000e+00 
6.418081000e-01 3.106214000e+00 
9.877577000e-01 3.012056000e+00 
2.905018000e-01 3.261328000e+00 
9.995609000e-01 2.951748000e+00 
4.294037000e-01 3.229663000e+00 
4.964515000e-01 3.227561000e+00 
7.548267000e-01 3.065993000e+00 
2.830085000e-01 3.289377000e+00 
5.342340000e-01 3.173535000e+00 
2.807912000e-01 3.307162000e+00 
7.555096000e-01 3.060823000e+00 
9.320177000e-01 3.038570000e+00 
2.883227000e-01 3.263056000e+00 
9.500827000e-01 3.012599000e+00 
4.269410000e-01 3.232379000e+00 
2.807858000e-01 3.337875000e+00 
2.828536000e-01 3.290243000e+00 
2.917717000e-01 3.243528000e+00 

2.833647000e-01 3.456479000e+00 
2.930172000e-01 3.426409000e+00 
2.829692000e-01 3.479703000e+00 
2.807856000e-01 3.486259000e+00 
2.807756000e-01 3.513900000e+00 
2.807843000e-01 3.490255000e+00 
4.119334000e-01 3.389733000e+00 
2.987263000e-01 3.405700000e+00 
9.312589000e-01 3.197418000e+00 
6.298970000e-01 3.357380000e+00 
6.017032000e-01 3.382033000e+00 
2.807754000e-01 3.591007000e+00 
9.572076000e-01 3.161831000e+00 
2.807753000e-01 3.774284000e+00 
3.079371000e-01 3.397377000e+00 
6.093323000e-01 3.374568000e+00 
7.630285000e-01 3.286557000e+00 
8.608840000e-01 3.206785000e+00 
2.870968000e-01 3.426422000e+00 
6.206871000e-01 3.367421000e+00 
8.159819000e-01 3.246652000e+00 
2.809116000e-01 3.483710000e+00 
6.563655000e-01 3.304963000e+00 

