9.940088000e-01 5.817409000e+00 
2.807753000e-01 6.087286000e+00 
2.807781000e-01 5.876587000e+00 
2.807765000e-01 6.019722000e+00 
2.830863000e-01 5.861336000e+00 
2.807770000e-01 5.936589000e+00 
9.956126000e-01 5.761602000e+00 
2.807754000e-01 6.055642000e+00 

2.807753000e-01 6.011972000e+00 
9.999956000e-01 5.846121000e+00 
2.807754000e-01 5.913342000e+00 
9.992014000e-01 5.885443000e+00 

2.807753000e-01 6.273145000e+00 
9.845933000e-01 5.897015000e+00 
2.807867000e-01 6.051847000e+00 
2.807764000e-01 6.192551000e+00 
2.807761000e-01 6.211141000e+00 
2.807858000e-01 6.104871000e+00 
9.682733000e-01 5.909224000e+00 
9.631224000e-01 5.925510000e+00 
9.574260000e-01 5.960610000e+00 
2.808245000e-01 6.044833000e+00 
2.809126000e-01 6.016132000e+00 
9.759093000e-01 5.897280000e+00 
9.677481000e-01 5.919981000e+00 
9.922604000e-01 5.811337000e+00 
9.283089000e-01 5.960844000e+00 
2.807765000e-01 6.110411000e+00 

2.807785000e-01 6.817518000e+00 
2.807753000e-01 6.891155000e+00 
2.808066000e-01 6.066315000e+00 
2.807804000e-01 6.209669000e+00 
2.807793000e-01 6.228886000e+00 
2.807842000e-01 6.149890000e+00 
2.807837000e-01 6.197251000e+00 
2.808054000e-01 6.142496000e+00 
2.807832000e-01 6.202690000e+00 
2.808055000e-01 6.131123000e+00 
2.808137000e-01 6.063479000e+00 

2.807753000e-01 6.288128000e+00 
2.807786000e-01 5.975809000e+00 
2.817497000e-01 5.916498000e+00 
2.808231000e-01 5.966625000e+00 
2.813825000e-01 5.931569000e+00 
9.992372000e-01 5.723714000e+00 
9.659561000e-01 5.909723000e+00 
2.808398000e-01 5.933004000e+00 
2.817426000e-01 5.917892000e+00 
2.807754000e-01 6.038394000e+00 
2.807766000e-01 6.020961000e+00 
9.981241000e-01 5.797845000e+00 
9.875974000e-01 5.901460000e+00 

2.807753000e-01 6.329043000e+00 
2.807754000e-01 6.064973000e+00 
2.808659000e-01 5.960955000e+00 
2.807784000e-01 6.039821000e+00 
9.877778000e-01 5.919646000e+00 
2.807755000e-01 6.041467000e+00 
2.807787000e-01 6.008738000e+00 

2.808312000e-01 6.083453000e+00 
2.808045000e-01 6.092660000e+00 
2.807753000e-01 6.536482000e+00 
2.807761000e-01 6.255374000e+00 
2.807864000e-01 6.137877000e+00 
2.807812000e-01 6.251496000e+00 
2.808512000e-01 6.051561000e+00 
2.826657000e-01 6.037986000e+00 
8.835742000e-01 5.949616000e+00 

2.808195000e-01 5.865761000e+00 
9.896557000e-01 5.776158000e+00 
8.715087000e-01 5.803843000e+00 
9.999252000e-01 5.737275000e+00 
2.812213000e-01 5.815971000e+00 
2.807754000e-01 6.052213000e+00 
2.809466000e-01 5.865601000e+00 
1.000000000e+00 5.716877000e+00 
9.995088000e-01 5.744653000e+00 
9.999991000e-01 5.731165000e+00 
2.807774000e-01 6.034205000e+00 
9.925583000e-01 5.745459000e+00 
2.807753000e-01 6.059302000e+00 

