2.807888000e-01 5.647490000e+00 
9.887217000e-01 5.537001000e+00 
2.830686000e-01 5.613519000e+00 
9.698100000e-01 5.540090000e+00 
2.812453000e-01 5.632996000e+00 
2.807753000e-01 5.685961000e+00 
2.830946000e-01 5.563095000e+00 
2.807756000e-01 5.681406000e+00 
9.936597000e-01 5.536461000e+00 

2.807783000e-01 5.736361000e+00 
2.807753000e-01 5.819485000e+00 
2.807829000e-01 5.732198000e+00 
9.204166000e-01 5.551981000e+00 
2.807769000e-01 5.780284000e+00 
2.809700000e-01 5.690572000e+00 
2.809286000e-01 5.731399000e+00 
2.807755000e-01 5.800509000e+00 
2.807785000e-01 5.732496000e+00 
2.853612000e-01 5.658539000e+00 
9.928218000e-01 5.535180000e+00 
2.807762000e-01 5.799424000e+00 
2.807773000e-01 5.742950000e+00 

8.809012000e-01 5.645330000e+00 
8.629869000e-01 5.785731000e+00 
2.811276000e-01 5.806635000e+00 
2.807760000e-01 5.954796000e+00 
2.807758000e-01 5.961972000e+00 
2.807753000e-01 6.024110000e+00 
2.810733000e-01 5.822463000e+00 
2.808939000e-01 5.848524000e+00 
2.807768000e-01 5.896182000e+00 
8.734372000e-01 5.772979000e+00 
2.807901000e-01 5.879124000e+00 
8.793978000e-01 5.669171000e+00 
2.810382000e-01 5.831529000e+00 
2.809955000e-01 5.832340000e+00 

2.807785000e-01 6.817518000e+00 
2.807753000e-01 6.891155000e+00 
9.966148000e-01 5.651260000e+00 
2.808191000e-01 5.744726000e+00 
2.807793000e-01 6.228886000e+00 
2.807900000e-01 5.918245000e+00 
2.808051000e-01 5.788532000e+00 
2.807796000e-01 5.985130000e+00 
9.950789000e-01 5.668519000e+00 
2.807944000e-01 5.879739000e+00 
2.807959000e-01 5.830633000e+00 
2.808136000e-01 5.782703000e+00 
9.996489000e-01 5.629643000e+00 

2.807753000e-01 6.288128000e+00 
9.807908000e-01 5.487255000e+00 
2.807782000e-01 5.727479000e+00 
9.702635000e-01 5.507435000e+00 
2.818947000e-01 5.703992000e+00 
2.807754000e-01 5.755761000e+00 
9.321397000e-01 5.520927000e+00 
2.819817000e-01 5.611403000e+00 
2.808064000e-01 5.704774000e+00 

2.807754000e-01 5.818328000e+00 
9.764319000e-01 5.589375000e+00 
2.807754000e-01 5.818328000e+00 
2.807759000e-01 5.769218000e+00 
9.720256000e-01 5.616367000e+00 
2.807797000e-01 5.724822000e+00 
2.807753000e-01 5.862515000e+00 
2.807817000e-01 5.682438000e+00 

2.807818000e-01 5.902289000e+00 
8.905710000e-01 5.732898000e+00 
2.807753000e-01 6.536482000e+00 
2.807790000e-01 6.044451000e+00 
2.807755000e-01 6.153946000e+00 
6.697381000e-01 5.778083000e+00 
2.807836000e-01 5.872824000e+00 
2.807808000e-01 5.906496000e+00 
2.807806000e-01 5.945663000e+00 
2.807791000e-01 5.974825000e+00 
8.577334000e-01 5.736168000e+00 
2.809058000e-01 5.844490000e+00 
2.808413000e-01 5.862084000e+00 
2.808041000e-01 5.862370000e+00 
9.249275000e-01 5.696048000e+00 
2.810557000e-01 5.835386000e+00 

2.807754000e-01 5.631831000e+00 
6.988705000e-01 5.511153000e+00 
2.807753000e-01 5.871222000e+00 
2.926229000e-01 5.526648000e+00 
9.935461000e-01 5.440067000e+00 
7.397353000e-01 5.461316000e+00 
2.808144000e-01 5.596226000e+00 
2.807760000e-01 5.598215000e+00 
7.124140000e-01 5.463213000e+00 
2.808230000e-01 5.571158000e+00 

