2.807753000e-01 4.761742000e+00 
9.999294000e-01 4.121443000e+00 
2.807755000e-01 4.583590000e+00 
2.807768000e-01 4.551660000e+00 
6.231510000e-01 4.275307000e+00 
2.807780000e-01 4.507168000e+00 
2.807899000e-01 4.393234000e+00 
2.807762000e-01 4.554207000e+00 
5.685647000e-01 4.315629000e+00 
6.380647000e-01 4.271000000e+00 
2.833266000e-01 4.324464000e+00 
1.000000000e+00 4.093403000e+00 
9.123150000e-01 4.127608000e+00 
7.339611000e-01 4.180649000e+00 
6.221372000e-01 4.283395000e+00 
5.900933000e-01 4.287154000e+00 
6.898023000e-01 4.214192000e+00 
8.778530000e-01 4.143903000e+00 
6.875635000e-01 4.243831000e+00 
2.807803000e-01 4.424421000e+00 
2.808025000e-01 4.328672000e+00 

8.303376000e-01 4.256147000e+00 
6.711547000e-01 4.317755000e+00 
2.807753000e-01 5.191956000e+00 
2.807754000e-01 4.626302000e+00 
2.807758000e-01 4.619230000e+00 
9.999910000e-01 4.226073000e+00 
9.999969000e-01 4.210628000e+00 
2.808328000e-01 4.450601000e+00 
2.808744000e-01 4.430938000e+00 
2.807927000e-01 4.456773000e+00 
7.949334000e-01 4.266766000e+00 
7.704098000e-01 4.270948000e+00 
9.999982000e-01 4.201316000e+00 
6.478728000e-01 4.347782000e+00 
2.807769000e-01 4.458925000e+00 
6.425151000e-01 4.351026000e+00 
2.810023000e-01 4.357761000e+00 

2.807753000e-01 5.729769000e+00 
2.807977000e-01 4.646280000e+00 
2.807758000e-01 4.805894000e+00 
2.811050000e-01 4.640383000e+00 
7.346665000e-01 4.525919000e+00 
2.807758000e-01 4.805894000e+00 
2.807793000e-01 4.700673000e+00 
2.807755000e-01 4.838466000e+00 
2.807788000e-01 4.744616000e+00 
5.399823000e-01 4.577698000e+00 
2.807958000e-01 4.653144000e+00 
2.811293000e-01 4.607421000e+00 
2.807754000e-01 4.847595000e+00 
8.230772000e-01 4.489443000e+00 
9.152046000e-01 4.443995000e+00 
2.821824000e-01 4.605189000e+00 
2.810066000e-01 4.642583000e+00 
2.807798000e-01 4.667367000e+00 
7.662970000e-01 4.521021000e+00 
9.040025000e-01 4.455071000e+00 
7.722675000e-01 4.516710000e+00 
7.839095000e-01 4.497842000e+00 
6.157299000e-01 4.527277000e+00 
2.807796000e-01 4.689543000e+00 

2.810049000e-01 4.462293000e+00 
2.807769000e-01 4.493038000e+00 
2.807753000e-01 4.540865000e+00 
8.194948000e-01 4.313173000e+00 
6.991278000e-01 4.383538000e+00 
4.821751000e-01 4.397312000e+00 
9.639741000e-01 4.278197000e+00 
2.809141000e-01 4.463119000e+00 
8.372989000e-01 4.308226000e+00 
9.578291000e-01 4.298124000e+00 
6.767572000e-01 4.387877000e+00 
7.193330000e-01 4.318514000e+00 
9.429712000e-01 4.302700000e+00 
2.810049000e-01 4.462293000e+00 
4.712362000e-01 4.433077000e+00 

2.807777000e-01 4.457333000e+00 
2.807755000e-01 4.521275000e+00 
3.211027000e-01 4.308835000e+00 
2.807753000e-01 4.790643000e+00 
2.808011000e-01 4.446406000e+00 
2.882381000e-01 4.367220000e+00 
9.970024000e-01 4.166360000e+00 
9.981164000e-01 4.158260000e+00 
2.807784000e-01 4.446732000e+00 
2.807754000e-01 4.556915000e+00 
7.475610000e-01 4.263126000e+00 
2.808100000e-01 4.428489000e+00 
2.807820000e-01 4.446611000e+00 
9.995087000e-01 4.157427000e+00 
7.712833000e-01 4.229547000e+00 
2.808181000e-01 4.410906000e+00 
2.808519000e-01 4.409846000e+00 
2.808951000e-01 4.387764000e+00 
9.721789000e-01 4.180687000e+00 
9.121953000e-01 4.194907000e+00 
7.246600000e-01 4.268344000e+00 

2.809840000e-01 4.454901000e+00 
2.807753000e-01 4.609812000e+00 
7.821513000e-01 4.355551000e+00 
8.199943000e-01 4.287124000e+00 
2.809350000e-01 4.517853000e+00 
2.807900000e-01 4.540430000e+00 
2.807895000e-01 4.545661000e+00 
9.438714000e-01 4.199175000e+00 
8.069208000e-01 4.342426000e+00 
3.004402000e-01 4.448511000e+00 
2.875061000e-01 4.452586000e+00 
2.807759000e-01 4.569008000e+00 
9.379735000e-01 4.275424000e+00 
2.808092000e-01 4.520205000e+00 
6.942027000e-01 4.384935000e+00 
6.307918000e-01 4.386400000e+00 
4.622201000e-01 4.407149000e+00 
5.672865000e-01 4.394015000e+00 

2.807756000e-01 4.841886000e+00 
2.807774000e-01 4.682447000e+00 
6.100104000e-01 4.513810000e+00 
2.807758000e-01 4.815685000e+00 
2.807754000e-01 4.926395000e+00 
2.892418000e-01 4.569790000e+00 
2.807753000e-01 4.945725000e+00 
3.077145000e-01 4.547822000e+00 
1.000000000e+00 4.406630000e+00 
7.890295000e-01 4.455162000e+00 
2.807765000e-01 4.726422000e+00 
9.879293000e-01 4.439967000e+00 
2.807766000e-01 4.687653000e+00 
3.257291000e-01 4.528542000e+00 
7.207297000e-01 4.470501000e+00 
2.808080000e-01 4.581487000e+00 
9.129934000e-01 4.440816000e+00 
2.808025000e-01 4.609616000e+00 
8.362188000e-01 4.445091000e+00 
2.807799000e-01 4.632308000e+00 

