300
297 1.332000E+004 1.383500E+004 
296 1.318300E+004 1.321500E+004 
289 1.290000E+004 1.306200E+004 
286 1.320100E+004 1.282100E+004 
281 1.304100E+004 1.313100E+004 
277 1.278300E+004 1.276500E+004 
267 1.314600E+004 1.241500E+004 
266 1.332600E+004 1.323800E+004 
265 1.365300E+004 1.326000E+004 
261 1.323100E+004 1.266300E+004 
255 1.263900E+004 1.299800E+004 
253 1.340600E+004 1.302100E+004 
251 1.389600E+004 1.283500E+004 
245 1.338200E+004 1.304200E+004 
241 1.381200E+004 1.288100E+004 
240 1.331200E+004 1.348000E+004 
239 1.317200E+004 1.297700E+004 
237 1.304000E+004 1.299400E+004 
231 1.315500E+004 1.318900E+004 
230 1.356900E+004 1.305000E+004 
228 1.381300E+004 1.338900E+004 
224 1.245500E+004 1.241500E+004 
222 1.282800E+004 1.280000E+004 
217 1.294000E+004 1.266100E+004 
215 1.313000E+004 1.307800E+004 
211 1.399000E+004 1.279000E+004 
210 1.389800E+004 1.278800E+004 
208 1.264500E+004 1.302000E+004 
205 1.314000E+004 1.324700E+004 
204 1.368300E+004 1.297300E+004 
202 1.279900E+004 1.272200E+004 
198 1.330800E+004 1.283500E+004 
197 1.285100E+004 1.263700E+004 
195 1.304900E+004 1.258400E+004 
193 1.346100E+004 1.280700E+004 
189 1.396400E+004 1.364500E+004 
184 1.285800E+004 1.258100E+004 
176 1.393200E+004 1.325000E+004 
175 1.287100E+004 1.278300E+004 
172 1.309200E+004 1.302000E+004 
167 1.403700E+004 1.287600E+004 
165 1.395000E+004 1.301400E+004 
163 1.402400E+004 1.335200E+004 
155 1.302800E+004 1.269300E+004 
152 1.317700E+004 1.357200E+004 
150 1.365400E+004 1.263200E+004 
149 1.334400E+004 1.330300E+004 
141 1.382400E+004 1.280300E+004 
139 1.359600E+004 1.333700E+004 
137 1.326200E+004 1.287600E+004 
136 1.296900E+004 1.336400E+004 
135 1.348400E+004 1.241200E+004 
134 1.308500E+004 1.361200E+004 
133 1.314800E+004 1.259300E+004 
129 1.344800E+004 1.355800E+004 
128 1.214500E+004 1.199300E+004 
123 1.329300E+004 1.240200E+004 
121 1.330100E+004 1.314600E+004 
116 1.339800E+004 1.209000E+004 
113 1.472600E+004 1.373800E+004 
107 1.287900E+004 1.291600E+004 
105 1.352300E+004 1.365800E+004 
102 1.387600E+004 1.332400E+004 
95 1.272700E+004 1.269000E+004 
94 1.420900E+004 1.299700E+004 
92 1.390000E+004 1.324600E+004 
91 1.361700E+004 1.331400E+004 
89 1.340300E+004 1.324100E+004 
87 1.260900E+004 1.294600E+004 
83 1.335600E+004 1.309600E+004 
79 1.338900E+004 1.300000E+004 
71 1.293100E+004 1.279400E+004 
70 1.339200E+004 1.320600E+004 
69 1.311300E+004 1.335100E+004 
66 1.361000E+004 1.347500E+004 
64 1.324400E+004 1.302500E+004 
63 1.282300E+004 1.314600E+004 
60 1.293000E+004 1.281200E+004 
59 1.321400E+004 1.299200E+004 
57 1.376900E+004 1.377000E+004 
55 1.274700E+004 1.291500E+004 
50 1.316700E+004 1.280500E+004 
49 1.323500E+004 1.365900E+004 
48 1.262400E+004 1.266200E+004 
45 1.312100E+004 1.330000E+004 
44 1.331600E+004 1.348900E+004 
40 1.319000E+004 1.299400E+004 
36 1.320800E+004 1.293900E+004 
35 1.349600E+004 1.281000E+004 
34 1.326800E+004 1.320700E+004 
32 1.341900E+004 1.274000E+004 
29 1.373900E+004 1.326200E+004 
27 1.327400E+004 1.302600E+004 
26 1.333900E+004 1.323600E+004 
22 1.315100E+004 1.283600E+004 
21 1.316700E+004 1.320700E+004 
16 1.359000E+004 1.342600E+004 
11 1.301900E+004 1.274600E+004 
8 1.280800E+004 1.263600E+004 
4 1.395300E+004 1.351500E+004 
END