300
293 1.489000E+04 1.318000E+04 
290 1.377200E+04 1.287000E+04 
286 1.366100E+04 1.280600E+04 
285 1.393100E+04 1.326100E+04 
277 1.362200E+04 1.307100E+04 
276 1.344400E+04 1.286300E+04 
274 1.419800E+04 1.356900E+04 
269 1.348600E+04 1.329200E+04 
268 1.357300E+04 1.308800E+04 
264 1.375700E+04 1.301700E+04 
262 1.388000E+04 1.305400E+04 
255 1.419400E+04 1.271900E+04 
254 1.397300E+04 1.267500E+04 
253 1.374400E+04 1.311900E+04 
251 1.420500E+04 1.275000E+04 
244 1.369700E+04 1.277600E+04 
238 1.409800E+04 1.328700E+04 
236 1.358400E+04 1.275300E+04 
235 1.382600E+04 1.300600E+04 
232 1.407300E+04 1.225300E+04 
225 1.379300E+04 1.371200E+04 
224 1.408100E+04 1.270500E+04 
215 1.380900E+04 1.261900E+04 
214 1.378100E+04 1.293000E+04 
213 1.366200E+04 1.355200E+04 
212 1.387100E+04 1.302900E+04 
211 1.335200E+04 1.336900E+04 
210 1.372600E+04 1.293500E+04 
201 1.400800E+04 1.266500E+04 
197 1.402700E+04 1.345600E+04 
196 1.394800E+04 1.292000E+04 
191 1.400200E+04 1.267400E+04 
188 1.349100E+04 1.299500E+04 
185 1.405900E+04 1.298200E+04 
182 1.409600E+04 1.314800E+04 
180 1.325400E+04 1.226300E+04 
179 1.352500E+04 1.272600E+04 
177 1.360400E+04 1.316000E+04 
171 1.486500E+04 1.432000E+04 
170 1.334300E+04 1.274200E+04 
169 1.391100E+04 1.263900E+04 
168 1.434000E+04 1.251400E+04 
165 1.391300E+04 1.305000E+04 
164 1.321300E+04 1.306900E+04 
159 1.362300E+04 1.283900E+04 
154 1.414300E+04 1.293100E+04 
149 1.404100E+04 1.297400E+04 
147 1.356300E+04 1.305600E+04 
140 1.388700E+04 1.327800E+04 
136 1.299900E+04 1.269300E+04 
135 1.393400E+04 1.345900E+04 
134 1.379500E+04 1.232600E+04 
128 1.386900E+04 1.257400E+04 
125 1.409800E+04 1.293200E+04 
123 1.416200E+04 1.304100E+04 
121 1.404000E+04 1.340800E+04 
120 1.456200E+04 1.310800E+04 
118 1.404300E+04 1.246600E+04 
117 1.352400E+04 1.331500E+04 
116 1.357600E+04 1.273500E+04 
115 1.450300E+04 1.299100E+04 
107 1.393700E+04 1.264200E+04 
105 1.365500E+04 1.315700E+04 
101 1.365500E+04 1.288000E+04 
97 1.369600E+04 1.295000E+04 
94 1.401200E+04 1.290900E+04 
87 1.404100E+04 1.258800E+04 
86 1.276100E+04 1.289700E+04 
85 1.424600E+04 1.243800E+04 
83 1.421100E+04 1.281000E+04 
80 1.387700E+04 1.297800E+04 
78 1.357400E+04 1.303600E+04 
74 1.410100E+04 1.347000E+04 
72 1.362800E+04 1.324900E+04 
69 1.354700E+04 1.303500E+04 
68 1.382300E+04 1.317400E+04 
67 1.399100E+04 1.295100E+04 
65 1.418600E+04 1.396300E+04 
62 1.419900E+04 1.371000E+04 
61 1.394300E+04 1.241500E+04 
59 1.355100E+04 1.300700E+04 
56 1.421000E+04 1.285000E+04 
50 1.401400E+04 1.315700E+04 
49 1.338800E+04 1.273300E+04 
45 1.368900E+04 1.291000E+04 
43 1.391300E+04 1.255900E+04 
35 1.422500E+04 1.270500E+04 
32 1.393600E+04 1.272600E+04 
29 1.385400E+04 1.272200E+04 
27 1.334100E+04 1.285400E+04 
23 1.400100E+04 1.346900E+04 
20 1.357100E+04 1.291900E+04 
19 1.392400E+04 1.302100E+04 
17 1.399600E+04 1.281600E+04 
15 1.363000E+04 1.251000E+04 
8 1.513000E+04 1.334200E+04 
7 1.358000E+04 1.319900E+04 
4 1.407200E+04 1.380700E+04 
3 1.355700E+04 1.276600E+04 
1 1.371700E+04 1.346700E+04 
END