400
298 1.564134E-001 3.505220E+000 6.776259E+000 
293 5.572074E+000 2.052573E+000 8.104634E+000 
292 7.221660E+000 1.853145E-001 3.426882E+000 
279 1.137708E-001 2.963154E-001 7.419047E+000 
276 3.044290E+000 3.835000E+000 7.148879E+000 
275 1.511069E+000 1.939898E+000 7.433487E+000 
274 4.272570E+000 7.492434E+000 1.579403E+000 
271 2.365801E+000 7.205655E+000 1.960012E+000 
266 1.170241E+000 7.300039E+000 1.699602E+000 
262 2.116547E+000 6.407756E+000 5.179913E+000 
247 1.570115E+000 1.803258E+000 6.989669E+000 
246 1.409788E+000 6.378192E+000 5.340866E+000 
242 7.141196E+000 1.277332E-001 5.317120E+000 
236 1.809059E+000 5.332203E+000 4.576293E+000 
235 1.561894E+000 6.781844E+000 4.557567E+000 
231 4.001498E-001 8.762252E+000 3.402808E+000 
230 1.155312E+000 7.334272E+000 1.573439E+000 
227 1.006963E+000 6.966221E+000 2.314212E+000 
223 6.874701E+000 5.533855E+000 3.111932E+000 
222 1.453782E-002 3.800727E-001 7.874041E+000 
217 1.573018E-001 5.950664E+000 5.871912E+000 
214 1.281004E+000 2.043581E-001 7.252742E+000 
209 6.555251E+000 2.022962E-001 4.285600E+000 
202 1.369473E+000 1.816272E+000 7.173565E+000 
201 2.225891E-001 8.802067E+000 6.648438E-001 
197 7.621144E+000 2.711854E+000 1.039129E+000 
196 2.774068E-002 1.596535E-001 8.350355E+000 
195 4.779286E+000 4.005014E+000 7.122493E+000 
191 7.000697E+000 3.077878E+000 2.468952E+000 
189 5.309609E-001 6.317443E+000 3.052391E+000 
188 7.596258E-001 7.243136E-002 9.167960E+000 
187 5.929220E+000 6.367815E+000 1.098961E+000 
185 8.003499E-003 1.376315E+000 9.150919E+000 
184 5.714356E-001 2.692075E-001 7.165927E+000 
180 1.488095E+000 7.976157E+000 3.917054E-001 
177 1.022871E+000 6.902717E+000 5.035481E+000 
176 5.963605E-001 6.824321E+000 6.267171E+000 
175 3.166742E-002 1.099109E+000 7.312156E+000 
174 7.003245E+000 2.355659E+000 7.110611E-001 
171 4.130692E+000 5.799643E+000 3.196982E-001 
165 6.564660E+000 1.221213E+000 2.200331E+000 
164 6.902202E-001 5.750331E+000 7.491098E+000 
162 7.347576E+000 1.162274E+000 1.383749E+000 
160 1.879860E+000 5.290975E+000 6.814768E+000 
159 1.697741E+000 7.345507E+000 7.872735E-001 
156 6.438346E+000 2.214005E-001 4.199350E+000 
147 1.329825E+000 6.016740E+000 6.223983E+000 
141 2.978294E+000 8.204705E+000 7.280555E-001 
137 6.477861E+000 3.026034E+000 3.490998E+000 
136 1.650306E+000 6.077605E+000 3.190936E+000 
133 1.669825E-001 8.171618E-003 9.333578E+000 
132 1.953206E+000 5.374700E+000 3.826820E+000 
130 1.867686E+000 7.199970E+000 4.913675E+000 
129 1.144147E+000 3.952041E+000 5.841490E+000 
128 3.024420E-002 7.958581E-001 7.462049E+000 
126 7.020266E+000 4.581617E-001 3.913811E-001 
124 6.078832E+000 3.162917E-001 4.486936E+000 
123 2.259676E+000 6.559567E+000 4.731802E+000 
122 5.986511E+000 6.160428E+000 1.375111E+000 
115 5.078404E+000 6.749258E+000 1.373217E+000 
114 1.579027E+000 8.443294E+000 2.812130E-001 
109 6.383745E+000 2.584755E-001 4.745962E+000 
106 3.566390E-002 5.535212E-001 8.245458E+000 
105 2.335166E-001 8.369194E+000 1.208795E+000 
103 2.141954E+000 2.698019E+000 7.513875E+000 
101 1.264436E-001 8.127844E+000 5.313647E-001 
99 5.985614E-001 8.531323E+000 9.375238E-001 
98 1.136586E+000 7.415462E+000 1.576612E+000 
94 7.526792E+000 1.044140E+000 8.266587E-001 
91 2.220831E+000 6.489081E+000 1.396553E+000 
90 6.953433E+000 3.591648E-001 7.951821E-001 
88 5.724762E+000 5.895349E+000 2.009971E-001 
83 3.220739E+000 3.997073E+000 6.770164E+000 
82 6.651820E+000 2.390745E+000 8.840544E-001 
77 5.898688E+000 5.385780E+000 3.698746E+000 
76 4.272577E+000 1.486922E-001 5.997673E+000 
73 1.572297E+000 7.147992E+000 1.598663E+000 
69 5.391271E+000 4.657131E+000 3.094356E+000 
67 7.994115E-001 8.129179E+000 1.663219E+000 
65 2.630572E+000 5.756976E+000 6.086294E+000 
59 5.150561E+000 2.292246E-001 6.243369E+000 
58 5.686062E-001 7.822124E+000 1.126598E+000 
53 5.148917E+000 8.819572E-001 4.622500E+000 
52 1.181758E+000 4.397978E+000 5.597952E+000 
51 1.844129E+000 8.400491E+000 3.118250E-001 
50 1.686662E-002 4.955631E-001 8.592401E+000 
49 4.669386E-001 7.156770E+000 2.495322E+000 
42 5.156670E+000 2.620115E+000 5.703282E+000 
41 1.426931E-001 6.978949E+000 6.518425E+000 
36 1.003896E+000 5.110481E+000 7.073241E+000 
33 1.235929E+000 8.411894E+000 3.206258E-001 
27 3.167211E+000 3.817758E+000 7.154625E+000 
24 1.057785E+000 2.008035E-001 7.575176E+000 
20 2.758023E+000 8.127683E+000 7.265907E-001 
19 6.381570E+000 2.477440E+000 4.195965E+000 
13 6.219125E+000 1.989433E-001 4.562295E+000 
5 6.955996E+000 2.461227E+000 9.569842E-001 
3 6.355356E+000 5.370039E-001 5.409717E+000 
2 6.329970E+000 2.450915E-002 3.102724E+000 
0 5.633600E+000 4.977369E+000 3.198260E+000 
END