300
294 9.999999E-001 8.329589E+000 
287 3.150642E-001 8.685279E+000 
283 9.997887E-001 8.231599E+000 
278 3.745356E-001 8.395309E+000 
275 4.642729E-001 8.362816E+000 
270 3.059022E-001 8.548990E+000 
266 9.034667E-001 8.414518E+000 
262 7.821558E-001 8.307108E+000 
260 6.368815E-001 8.555079E+000 
259 8.533509E-001 8.323644E+000 
258 2.992327E-001 8.748522E+000 
257 9.035939E-001 8.283612E+000 
255 9.999913E-001 8.388991E+000 
254 7.532769E-001 8.253531E+000 
252 9.999572E-001 8.295419E+000 
250 9.780523E-001 8.328398E+000 
249 8.109244E-001 8.515196E+000 
247 8.282276E-001 8.356196E+000 
244 9.917210E-001 8.411854E+000 
241 9.842515E-001 8.151629E+000 
239 8.512631E-001 8.336817E+000 
234 3.276637E-001 8.624878E+000 
233 9.999999E-001 8.137822E+000 
232 9.997353E-001 8.307285E+000 
226 9.815068E-001 8.318196E+000 
225 9.936327E-001 8.301034E+000 
224 7.554148E-001 8.267521E+000 
222 9.501189E-001 8.429503E+000 
220 5.443530E-001 8.609337E+000 
218 5.940324E-001 8.518409E+000 
216 9.994535E-001 8.382951E+000 
211 9.829446E-001 8.243049E+000 
206 9.990365E-001 8.277055E+000 
200 9.704448E-001 8.341166E+000 
199 3.369235E-001 8.488326E+000 
198 7.204803E-001 8.277543E+000 
195 9.116432E-001 8.255431E+000 
193 9.759329E-001 8.296702E+000 
189 9.486298E-001 7.999967E+000 
188 3.845423E-001 8.611457E+000 
187 3.602678E-001 8.447803E+000 
185 5.206641E-001 8.424762E+000 
184 9.964077E-001 8.348917E+000 
182 9.984836E-001 8.268181E+000 
178 4.051815E-001 8.350715E+000 
177 9.999791E-001 8.404955E+000 
176 3.017010E-001 8.350309E+000 
171 9.180195E-001 8.323960E+000 
169 5.872650E-001 8.374829E+000 
163 3.172372E-001 8.521491E+000 
158 4.864520E-001 8.442484E+000 
153 9.928840E-001 8.008828E+000 
151 8.445341E-001 8.297483E+000 
149 9.890524E-001 8.394889E+000 
145 9.826288E-001 8.283390E+000 
135 9.454075E-001 8.385507E+000 
130 8.310555E-001 8.361417E+000 
128 8.438794E-001 8.268961E+000 
124 9.970810E-001 8.322861E+000 
122 4.438261E-001 8.326113E+000 
119 3.967429E-001 8.490811E+000 
114 3.344770E-001 8.410045E+000 
113 9.131010E-001 8.328478E+000 
112 3.617720E-001 8.350040E+000 
108 9.878907E-001 8.113241E+000 
103 5.525758E-001 8.394261E+000 
100 2.813049E-001 8.621146E+000 
99 8.784219E-001 8.355060E+000 
92 9.932958E-001 8.274794E+000 
90 7.218979E-001 8.308719E+000 
88 1.000000E+000 8.214278E+000 
86 6.590843E-001 8.428176E+000 
81 7.602391E-001 8.438929E+000 
80 9.910070E-001 8.201259E+000 
79 9.824896E-001 8.430558E+000 
77 4.509712E-001 8.270535E+000 
76 5.828131E-001 8.477182E+000 
73 7.408835E-001 8.315034E+000 
65 8.967300E-001 8.160584E+000 
61 8.280785E-001 8.417874E+000 
57 4.056569E-001 8.401328E+000 
56 9.987092E-001 8.277885E+000 
55 6.571862E-001 8.343832E+000 
54 9.912220E-001 8.171691E+000 
51 9.389649E-001 8.306008E+000 
45 9.996128E-001 8.168659E+000 
42 9.999990E-001 8.414325E+000 
39 8.188786E-001 8.353948E+000 
35 8.840549E-001 8.306979E+000 
31 8.145478E-001 8.285934E+000 
29 3.959227E-001 8.489762E+000 
24 7.233370E-001 8.365114E+000 
21 9.877676E-001 8.180801E+000 
19 9.999995E-001 8.278612E+000 
11 1.000000E+000 8.288419E+000 
9 2.830055E-001 8.401649E+000 
7 1.000000E+000 8.282952E+000 
5 9.508541E-001 8.198281E+000 
4 9.884491E-001 8.476587E+000 
0 9.871743E-001 8.218670E+000 
END