400
297 9.034865E-02 4.123486E+00 6.124045E+00 
296 6.782505E-02 2.287882E+00 7.896017E+00 
293 5.075246E+00 3.736134E-01 5.705346E+00 
289 3.390951E+00 3.564266E-01 7.750032E+00 
284 7.121364E+00 5.277922E+00 3.864792E-01 
283 4.390304E+00 5.020265E+00 4.038934E+00 
278 6.809171E+00 2.239516E+00 4.464716E+00 
277 4.128042E-01 1.352688E+00 6.924516E+00 
275 4.243409E-02 8.454697E+00 4.468277E+00 
274 2.476165E-01 6.353398E+00 5.436033E+00 
264 4.589693E+00 5.529535E+00 4.910260E+00 
257 6.041931E-02 4.176553E-01 8.735455E+00 
256 6.717001E+00 4.921499E+00 1.272379E-01 
250 7.840653E+00 1.514049E+00 4.998083E+00 
249 4.833771E-01 4.812917E+00 8.352553E+00 
248 6.943215E+00 6.822659E-02 3.157789E+00 
246 5.874403E+00 2.102228E+00 4.983544E+00 
245 1.951197E+00 4.705750E-01 8.086152E+00 
244 6.554879E+00 2.773766E+00 4.382926E+00 
242 2.403356E+00 1.248754E+00 7.406973E+00 
241 7.848298E+00 2.716374E+00 5.566175E-01 
237 2.142790E-01 2.377998E+00 7.705039E+00 
236 5.665876E+00 3.041416E+00 4.625312E+00 
232 2.445139E+00 3.108731E+00 8.118392E+00 
230 5.796784E+00 5.645783E+00 1.013422E+00 
229 3.131177E+00 3.413954E+00 6.981151E+00 
225 9.738301E-02 6.386836E+00 3.974507E+00 
222 4.487092E+00 9.216265E-01 6.073751E+00 
216 6.217389E+00 3.556057E+00 5.157674E+00 
214 2.226764E+00 2.679552E+00 7.141571E+00 
212 5.217904E-02 1.761390E+00 7.866370E+00 
205 8.346277E+00 2.054777E+00 7.264075E-01 
203 8.802685E+00 5.345250E-01 6.221038E-02 
202 9.599095E-01 6.167241E+00 5.283452E+00 
196 7.215629E+00 2.080295E+00 3.192591E+00 
187 5.981564E-01 5.750847E+00 5.633867E+00 
183 6.429449E+00 1.449599E+00 4.091996E+00 
176 5.697169E+00 4.361121E+00 4.490773E+00 
175 6.328972E+00 2.427432E-01 5.398740E+00 
170 8.742974E+00 3.004018E-01 2.290331E+00 
167 4.337478E+00 1.103210E+00 7.392868E+00 
166 1.208633E+00 1.114024E-01 8.020965E+00 
161 7.200940E+00 1.037074E+00 6.270258E-01 
160 2.610264E-01 2.120207E+00 8.475524E+00 
159 7.342259E+00 2.036875E-01 1.094195E+00 
157 6.730711E-02 5.159972E-01 9.357989E+00 
152 6.834388E+00 2.306326E+00 3.063738E+00 
145 3.594152E+00 8.831855E+00 8.344347E-03 
144 4.507754E-01 6.807156E+00 6.345736E+00 
143 5.541420E+00 1.021961E+00 6.394444E+00 
142 1.083973E+00 6.256277E+00 4.513722E+00 
136 6.083196E+00 1.563650E+00 6.199915E+00 
134 2.274921E+00 4.324352E+00 6.974149E+00 
131 4.865383E-01 7.884510E+00 3.469820E+00 
126 4.934542E+00 6.114656E+00 5.661908E-01 
124 6.310594E+00 6.141874E+00 1.418376E+00 
122 7.351071E+00 1.651546E+00 8.121641E-02 
121 6.817747E+00 5.492892E+00 2.169765E+00 
119 5.387866E+00 4.027907E+00 4.221705E+00 
113 6.290440E+00 2.894820E+00 4.600124E+00 
110 6.895222E+00 2.074607E+00 5.128699E+00 
109 6.297469E+00 5.263979E+00 4.915131E-01 
107 4.018326E-01 3.344322E+00 7.192415E+00 
99 6.145326E+00 1.796911E+00 4.959450E+00 
93 4.025419E-01 5.292017E+00 6.194387E+00 
80 2.888270E+00 1.613455E+00 7.048826E+00 
79 1.679633E+00 7.119976E+00 5.192339E+00 
78 6.882514E-01 5.877755E-01 8.357232E+00 
77 4.407956E+00 4.240991E-02 7.362430E+00 
75 5.020619E+00 2.394066E+00 5.344405E+00 
66 3.975405E+00 6.588793E+00 4.698489E+00 
65 3.975405E+00 6.588793E+00 4.698489E+00 
63 4.067554E-01 5.286830E+00 5.908989E+00 
61 6.702035E+00 1.658921E+00 2.581304E+00 
58 1.878835E+00 4.767901E+00 5.551723E+00 
56 5.608329E-01 6.588363E+00 4.264195E+00 
51 2.141614E+00 7.215270E+00 5.328922E+00 
49 6.127575E+00 9.877285E-01 5.105598E+00 
48 4.006685E+00 1.418677E+00 6.928764E+00 
46 4.807240E+00 5.242779E+00 8.883013E-01 
45 2.227211E+00 1.704177E+00 8.152697E+00 
43 3.870708E+00 7.683588E+00 7.209349E-02 
42 7.630938E+00 2.668402E+00 1.447428E+00 
37 3.435789E+00 5.064730E+00 5.028279E+00 
35 1.174520E-01 3.510315E+00 8.195433E+00 
31 8.209047E+00 8.961059E-01 1.018381E+00 
30 2.701267E+00 7.386857E+00 3.036742E+00 
29 5.819970E-01 1.321051E+00 8.241153E+00 
24 1.778020E+00 1.464816E+00 7.521020E+00 
23 4.045772E+00 6.858846E+00 1.129442E+00 
22 6.511718E+00 2.494106E+00 4.497027E+00 
21 1.096170E-01 8.746873E-02 8.214279E+00 
20 6.385744E+00 2.425931E-01 5.881463E+00 
19 5.370895E+00 7.102995E+00 8.117195E-01 
18 4.660134E+00 3.423574E+00 5.229121E+00 
10 5.392317E+00 6.835731E+00 7.288263E-02 
8 5.150121E-01 1.411804E+00 7.352029E+00 
4 5.629527E-01 5.300914E+00 5.843235E+00 
3 8.108436E-01 2.783571E-01 7.863502E+00 
1 6.530173E+00 3.077937E+00 6.944809E-01 
END