300
294 9.295000E+03 8.389000E+03 
293 8.929000E+03 8.606000E+03 
292 9.400000E+03 8.708000E+03 
290 9.202000E+03 8.615000E+03 
287 9.279000E+03 8.377000E+03 
285 9.125000E+03 8.453000E+03 
282 9.028000E+03 8.683000E+03 
281 8.885000E+03 8.921000E+03 
280 9.334000E+03 8.325000E+03 
277 8.866000E+03 8.878000E+03 
276 8.753000E+03 9.056000E+03 
275 9.102000E+03 8.584000E+03 
274 9.481000E+03 8.268000E+03 
266 9.065000E+03 8.608000E+03 
265 8.976000E+03 8.783000E+03 
264 8.836000E+03 9.056000E+03 
262 8.882000E+03 8.944000E+03 
250 8.759000E+03 8.952000E+03 
248 8.915000E+03 8.810000E+03 
247 8.945000E+03 8.687000E+03 
242 9.199000E+03 8.685000E+03 
238 8.899000E+03 8.823000E+03 
235 8.981000E+03 8.633000E+03 
234 8.904000E+03 8.687000E+03 
233 9.048000E+03 8.487000E+03 
231 9.070000E+03 8.632000E+03 
226 9.048000E+03 8.487000E+03 
218 8.813000E+03 8.949000E+03 
207 9.560000E+03 8.264000E+03 
199 9.320000E+03 8.377000E+03 
198 9.102000E+03 8.430000E+03 
197 9.145000E+03 8.480000E+03 
191 9.282000E+03 8.535000E+03 
188 8.938000E+03 8.746000E+03 
186 8.953000E+03 8.784000E+03 
181 8.759000E+03 8.930000E+03 
175 8.815000E+03 8.786000E+03 
169 9.184000E+03 8.369000E+03 
168 9.268000E+03 8.314000E+03 
167 9.099000E+03 8.564000E+03 
164 9.094000E+03 8.661000E+03 
162 8.890000E+03 8.766000E+03 
160 9.442000E+03 8.431000E+03 
158 9.113000E+03 8.740000E+03 
154 9.500000E+03 8.238000E+03 
150 8.706000E+03 9.120000E+03 
147 9.103000E+03 8.555000E+03 
144 8.693000E+03 9.091000E+03 
143 8.729000E+03 9.111000E+03 
142 9.295000E+03 8.269000E+03 
141 9.172000E+03 8.593000E+03 
140 9.306000E+03 8.461000E+03 
139 8.875000E+03 9.026000E+03 
135 8.784000E+03 8.984000E+03 
134 8.878000E+03 9.037000E+03 
126 9.326000E+03 8.509000E+03 
125 8.905000E+03 8.731000E+03 
123 9.112000E+03 8.448000E+03 
119 8.750000E+03 8.964000E+03 
115 8.790000E+03 9.137000E+03 
114 9.206000E+03 8.369000E+03 
113 8.793000E+03 8.899000E+03 
111 8.988000E+03 8.753000E+03 
106 8.854000E+03 8.738000E+03 
101 9.021000E+03 8.666000E+03 
97 8.858000E+03 8.799000E+03 
93 8.881000E+03 8.936000E+03 
92 9.003000E+03 8.596000E+03 
89 9.593000E+03 8.255000E+03 
87 9.046000E+03 8.680000E+03 
80 9.029000E+03 8.537000E+03 
76 8.803000E+03 8.963000E+03 
74 8.969000E+03 8.927000E+03 
73 9.025000E+03 8.627000E+03 
72 8.799000E+03 9.013000E+03 
61 9.504000E+03 8.376000E+03 
59 9.475000E+03 8.270000E+03 
56 9.288000E+03 8.529000E+03 
52 9.062000E+03 8.721000E+03 
50 8.965000E+03 9.003000E+03 
47 9.459000E+03 8.461000E+03 
46 9.063000E+03 8.818000E+03 
43 9.173000E+03 8.463000E+03 
42 9.207000E+03 8.430000E+03 
39 9.113000E+03 8.501000E+03 
30 8.874000E+03 8.974000E+03 
28 9.296000E+03 8.384000E+03 
26 9.309000E+03 8.336000E+03 
24 9.197000E+03 8.365000E+03 
23 9.075000E+03 8.675000E+03 
21 9.117000E+03 8.455000E+03 
20 8.844000E+03 8.880000E+03 
14 8.685000E+03 9.130000E+03 
12 8.731000E+03 9.065000E+03 
11 8.798000E+03 9.069000E+03 
9 9.142000E+03 8.508000E+03 
8 9.031000E+03 8.593000E+03 
4 9.358000E+03 8.399000E+03 
0 9.066000E+03 8.658000E+03 
299 8.832000E+03 8.731000E+03 
END